time,AdrActCnt,AdrBal1in100KCnt,AdrBal1in100MCnt,AdrBal1in10BCnt,AdrBal1in10KCnt,AdrBal1in10MCnt,AdrBal1in1BCnt,AdrBal1in1KCnt,AdrBal1in1MCnt,AdrBalCnt,AdrBalNtv0.001Cnt,AdrBalNtv0.01Cnt,AdrBalNtv0.1Cnt,AdrBalNtv100Cnt,AdrBalNtv100KCnt,AdrBalNtv10Cnt,AdrBalNtv10KCnt,AdrBalNtv1Cnt,AdrBalNtv1KCnt,AdrBalNtv1MCnt,AdrBalUSD100Cnt,AdrBalUSD100KCnt,AdrBalUSD10Cnt,AdrBalUSD10KCnt,AdrBalUSD10MCnt,AdrBalUSD1Cnt,AdrBalUSD1KCnt,AdrBalUSD1MCnt,AssetEODCompletionTime,BlkCnt,BlkSizeMeanByte,CapAct1yrUSD,CapMVRVCur,CapMVRVFF,CapMrktCurUSD,CapMrktEstUSD,CapMrktFFUSD,CapRealUSD,FeeMeanNtv,FeeMeanUSD,FeeMedNtv,FeeMedUSD,FeeTotNtv,FeeTotUSD,IssContNtv,IssContPctAnn,IssContPctDay,IssContUSD,IssTotNtv,IssTotUSD,NDF,NVTAdj,NVTAdj90,NVTAdjFF,NVTAdjFF90,PriceBTC,PriceUSD,ROI1yr,ROI30d,ReferenceRate,ReferenceRateBTC,ReferenceRateETH,ReferenceRateEUR,ReferenceRateUSD,SER,SplyAct10yr,SplyAct180d,SplyAct1d,SplyAct1yr,SplyAct2yr,SplyAct30d,SplyAct3yr,SplyAct4yr,SplyAct5yr,SplyAct7d,SplyAct90d,SplyActEver,SplyActPct1yr,SplyAdrBal1in100K,SplyAdrBal1in100M,SplyAdrBal1in10B,SplyAdrBal1in10K,SplyAdrBal1in10M,SplyAdrBal1in1B,SplyAdrBal1in1K,SplyAdrBal1in1M,SplyAdrBalNtv0.001,SplyAdrBalNtv0.01,SplyAdrBalNtv0.1,SplyAdrBalNtv1,SplyAdrBalNtv10,SplyAdrBalNtv100,SplyAdrBalNtv100K,SplyAdrBalNtv10K,SplyAdrBalNtv1K,SplyAdrBalNtv1M,SplyAdrBalUSD1,SplyAdrBalUSD10,SplyAdrBalUSD100,SplyAdrBalUSD100K,SplyAdrBalUSD10K,SplyAdrBalUSD10M,SplyAdrBalUSD1K,SplyAdrBalUSD1M,SplyAdrTop100,SplyAdrTop10Pct,SplyAdrTop1Pct,SplyCur,SplyFF,TxCnt,TxCntSec,TxTfrCnt,TxTfrValAdjNtv,TxTfrValAdjUSD,TxTfrValMeanNtv,TxTfrValMeanUSD,TxTfrValMedNtv,TxTfrValMedUSD,VelCur1yr,VtyDayRet180d,VtyDayRet30d,principal_market_price_usd,principal_market_usd
2017-09-23,0,14404,14405,14405,1811,14405,14405,68,14405,14505,14505,14505,14505,14405,14405,14405,14405,14505,14405,4756,,,,,,,,,1613887838,406,667.625615763547,,,,,,,,,,,,0,,0,0,0,,0,,0.682028762791,,,,,,,,,,,,,,0.000000008839,0,0,0,0,0,0,0,0,0,0,0,0,0,31112186171,31112484645,31112484645,21219609478,31112484645,31112484645,9587904351,31112484645,31112484745,31112484745,31112484745,31112484745,31112484645,31112484645,31112484645,31112484645,31112484645,26222170632,,,,,,,,,10403117167,19944445046,11313066533,31112484745,25145689143,0,0,0,0,,,,,,0,,,,
2017-09-24,8,14404,14405,14405,1811,14405,14405,68,14405,14507,14507,14506,14505,14405,14405,14405,14405,14504,14405,4756,,,,,,,,,1613887853,4320,665.894212962963,,,,,,,,0.1398796,,0.170894,,0.699398,,0,0,0,,0,,0.682028762807,39948543226.368044231357,,32287156037.642623270768,,,,,,,,,,,0.000000008778,0.300602,0.300602,0.300602,0.300602,0.300602,0.300602,0.300602,0.300602,0.300602,0.300602,0.300602,0.300602,0.000000001,31112186171,31112484645,31112484645,21219609478,31112484645,31112484645,9587904351,31112484645,31112484744.300602,31112484744.299363,31112484744.23,31112484744,31112484645,31112484645,31112484645,31112484645,31112484645,26222170632,,,,,,,,,10403117167,19944445046,11313066533,31112484744.300602,25145689142.300602,5,0.00005787037,9,0.778814,,0.31199111,,0.558212,,0.00000000009,,,,
2017-09-25,16,14404,14405,14405,1811,14405,14405,68,14405,14509,14509,14508,14507,14405,14405,14405,14405,14502,14405,4756,,,,,,,,,1613887868,4320,634.853009259259,,,,,,,,0.06507962,,0,,0.520637,,0,0,0,,0,,0.682028762818,5356400239.681052786888,,4329142350.898311586065,,,,,,,,,,,0.000000008731,4.779965,4.779965,4.779965,4.779965,4.779965,4.779965,4.779965,4.779965,4.779965,4.779965,4.779965,4.779965,0.0000000154,31112186171,31112484645,31112484645,21219609478,31112484645,31112484645,9587904351,31112484645,31112484743.779965,31112484743.778726,31112484743.709363,31112484742,31112484645,31112484645,31112484645,31112484645,31112484645,26222170632,,,,,,,,,10403117167,19944445046,11313066533,31112484743.779965,25145689141.779965,8,0.000092592593,11,5.808469,,0.64887045,,1,,0.00000000032,,,,
2017-09-26,4,14404,14405,14405,1811,14405,14405,68,14405,14509,14508,14507,14506,14405,14405,14405,14405,14502,14405,4756,,,,,,,,,1613887883,4320,662.833796296296,,,,,,,,0.178761,,0.178761,,0.178761,,0,0,0,,0,,0.682028762822,28268606402.315463718947,,22847213744.479115974712,,,,,,,,,,,0.000000008716,4.601204,4.601204,4.300602,4.601204,4.601204,4.601204,4.601204,4.601204,4.601204,4.601204,4.601204,4.601204,0.0000000148,31112186171,31112484645,31112484645,21219609478,31112484645,31112484645,9587904351,31112484645,31112484743.600602,31112484743.599363,31112484743.53,31112484742.1,31112484645,31112484645,31112484645,31112484645,31112484645,26222170632,,,,,,,,,10403117167,19944445046,11313066533,31112484743.601204,25145689141.601204,1,0.000011574074,2,1.100602,,0.550301,,1.100602,,0.000000000355,,,,
2017-09-27,12,14404,14406,14406,1811,14405,14406,68,14405,14511,14510,14509,14507,14406,14405,14406,14405,14502,14406,4756,,,,,,,,,1613887900,4320,634.709259259259,,,,,,,,0.1139295,,0.1708065,,0.683577,,0,0,0,,0,,0.68202873069,12.631578975517,,10.209077594915,,,,,,,,,,,0.000000097064,2463071705.917627,2463071705.917627,2463071702.647025,2463071705.917627,2463071705.917627,2463071705.917627,2463071705.917627,2463071705.917627,2463071705.917627,2463071705.917627,2463071705.917627,2463071705.917627,7.9166666574,31112185170.82893,31112484644.82893,31112484644.82893,21219608477.82893,31112483644.82893,31112484644.82893,9587903350.82893,31112483644.82893,31112484742.917025,31112484742.915786,31112484742.787142,31112484740.82893,31112484644.82893,31112484644.82893,31112483644.82893,31112483644.82893,31112484644.82893,26222169631.82893,,,,,,,,,10403116166.82893,19948288125.82893,11313065532.82893,31112484742.917627,25145690141.088697,6,0.000069444444,9,2463071703.325529,,547349267.147281,,0.964553,,0.158333333261,,,,
2017-09-28,65,14404,14406,14411,1811,14405,14407,68,14405,14517,14515,14514,14512,14406,14405,14409,14405,14506,14405,4756,,,,,,,,,1613887916,4306,670.777287505806,,,,,,,,0.06238814,,0,,2.245973,,0,0,0,,0,,0.682028730717,6.453481188739,,5.215823796971,,,,,,,,,,,0.000000096926,5987753239.671654,5987753239.671654,5987753237.40045,5987753239.671654,5987753239.671654,5987753239.671654,5987753239.671654,5987753239.671654,5987753239.671654,5987753239.671654,5987753239.671654,5987753239.671654,19.2454999643,31112185170.144734,31112484578.253203,31112484643.053804,21219608477.144734,31112483644.144734,31112484612.432653,9587903350.144734,31112483644.144734,31112484740.671005,31112484740.669766,31112484740.541122,31112484738.053804,31112484633.453804,31112484578.253203,31112483644.144734,31112483644.144734,31112483644.144734,26222169631.144734,,,,,,,,,10403116166.144734,19948288125.144734,11313065532.144734,31112484740.671654,25145690139.52692,36,0.000416666667,48,4821039037.807937,,113938314.34929292,,749991.5,,0.334116114183,,,,
2017-09-29,4747,14384,14533,14600,1810,14507,14562,68,14482,14810,14798,14788,14780,14551,14451,14588,14496,14732,14522,4765,,,,,,,,,1613887932,4320,823.352314814815,,,,,,,,0.03926251,,0,,97.645858,,0,0,0,,0,,0.681009094221,5.760642975315,,4.655859034122,,,,,,,,,,,0.000002877618,9990992137.025796,9990992137.025796,7527921433.108169,9990992137.025796,9990992137.025796,9990992137.025796,9990992137.025796,9990992137.025796,9990992137.025796,9990992137.025796,9990992137.025796,9990992137.025796,32.1124855557,31097018518.158826,31112481572.713869,31112484464.60126,21187884985.696536,31112452154.525314,31112484124.380109,9496017093.419904,31112180358.867594,31112484643.024213,31112484642.968106,31112484642.61385,31112484614.330001,31112484399.40126,31112483572.713869,31110167140.23813,31112388626.696348,31112473826.154244,26218574500.957793,,,,,,,,,10323575526.767092,20034175292.921502,11290066332.253706,31112484643.025796,25145690041.881062,2487,0.028784722222,3035,5400870141.813676,,2345286.61214637,,825277,,0.562897099764,,,,
2017-09-30,4976,14298,14657,14800,1810,14604,14716,69,14529,15113,15088,15073,15060,14702,14455,14766,14577,14976,14636,4774,,,,,,,,,1613887947,4319,807.874739523038,,,,,,,,0.05781594,,0,,146.158702,,0,0,0,,0,,0.6809935876,5.32121637382,,4.300706258852,,,,,,,,,,,0.000005478512,14004021378.867094,14004021378.867094,8020115199.503909,14004021378.867094,14004021378.867094,14004021378.867094,14004021378.867094,14004021378.867094,14004021378.867094,14004021378.867094,14004021378.867094,14004021378.867094,45.0109388734,31075634039.292858,31112477463.602837,31112484238.621479,21187402436.656507,31112422434.786739,31112483438.234526,9513849090.512339,31111415727.548102,31112484496.863794,31112484496.766724,31112484496.181658,31112484445.223961,31112484034.855677,31112482691.089275,31106968315.55892,31112248575.728788,31112464698.660998,26244467361.272687,,,,,,,,,10307342017.959005,20148056872.367916,11328273936.445619,31112484496.867094,25145689895.72236,2528,0.029259259259,3351,5846874532.285358,,2720713.2797026,,791085,,0.855934137146,,,,
2017-10-01,5973,14236,15023,15219,1783,14936,15109,70,14789,15681,15634,15608,15579,15076,14614,15168,14891,15396,14987,4773,,,,,,,,,1613887962,4316,896.463392029657,,,,,,,,0.09404741,,0.17107,,291.170785,,0,0,0,,0,,0.679336954621,4.548631577015,,3.676288817212,,,,,,,,,,,0.000009462876,16950977122.696309,16950977122.696309,7978207303.035146,16950977122.696309,16950977122.696309,16950977122.696309,16950977122.696309,16950977122.696309,16950977122.696309,16950977122.696309,16950977122.696309,16950977122.696309,54.4828789968,31025233201.893514,31112474185.820091,31112483881.29988,21135860270.991489,31112375057.661566,31112482803.733804,9645516199.918,31110248576.088878,31112484205.690993,31112484205.525343,31112484204.306228,31112484088.1326,31112483564.185138,31112480553.968749,31099408157.490548,31112101275.511881,31112451234.350558,26215416438.969933,,,,,,,,,10419102684.110881,20407543345.812743,11534340898.913215,31112484205.696309,25145689604.551575,3096,0.035833333333,4757,6839965752.098607,,4228024.03408753,,833347,,1.502385588801,,,,
2017-10-02,5858,14233,15579,15876,1769,15399,15719,70,15114,16528,16438,16396,16346,15677,14849,15797,15306,16078,15504,4781,,,,,,,,,1613887978,4314,859.159944367177,,,,,,,,0.10739878,,0.17107,,316.074603,,0,0,0,,0,,0.676946808349,3.563601925636,,2.880169487199,,,,,,,,,,,0.00001955486,19348712430.621706,19348712430.621706,7211827652.34619,19348712430.621706,19348712430.621706,19348712430.621706,19348712430.621706,19348712430.621706,19348712430.621706,19348712430.551104,19348712430.621706,19348712430.621706,62.1895458404,30970776516.676741,31112466355.913611,31112483462.913219,21061496668.880478,31112253803.99409,31112481923.349545,9719137879.267168,31108323501.456453,31112483889.610945,31112483889.315025,31112483887.044591,31112483714.814879,31112482944.637028,31112478962.050205,31092380846.173592,31111676716.659332,31112419116.729168,26167703266.456389,,,,,,,,,10490486208.460049,20680990475.884112,11766160756.595283,31112483889.621706,25145689288.476972,2943,0.0340625,4735,8730628319.007109,,8798568.94591527,,983735,,2.841437288485,,,,
2017-10-03,3701,14204,15861,16195,1774,15636,16006,70,15286,16983,16869,16816,16749,15954,14940,16098,15501,16420,15767,4813,,,,,,,,,1613887995,4320,803.070138888889,,,,,,,,0.10081913,,0.17107,,182.280983,,0,0,0,,0,,0.67518475062,4.448565108246,,3.595413218464,,,,,,,,,,,0.000024852801,20981546209.340723,20981546209.340723,5895201280.126635,20981546209.340723,20981546209.340723,20981546209.340723,20981546209.340723,20981546209.340723,20981546209.340723,20981546208.070121,20981546209.340723,20981546209.340723,67.4377089489,30941395680.554815,31112465394.471535,31112483203.662599,21006674553.118127,31112191253.129884,31112481313.708971,9628373062.915306,31107562459.907825,31112483707.325386,31112483706.931928,31112483703.976733,31112483491.562205,31112482550.515412,31112477443.339565,31087288912.684759,31111353652.233707,31112400430.131191,26162982578.650662,,,,,,,,,10411860909.388777,20762904233.884655,11767454768.268045,31112483707.340723,25145689106.195989,1808,0.020925925926,2826,6993824514.261467,,8306338.37602407,,817787.1536625,,3.595916197639,,,,
2017-10-04,1769,14178,15978,16333,1769,15729,16135,71,15325,17138,17023,16969,16898,16072,14958,16226,15571,16562,15878,4811,,,,,,,,,1613888013,4319,724.896040750174,,,,,,,,0.06978899,,0,,59.948744,,0,0,0,,0,,0.674974795701,9.929309416306,,8.025052896969,,,,,,,,,,,0.00002833193,21803336238.391979,21803336238.391979,3784853812.625126,21803336238.391979,21803336238.391979,21803336238.391979,21803336238.391979,21803336238.391979,21803336238.391979,21803336237.620775,21803336238.391979,21803336238.391979,70.0790605003,30931178699.815175,31112464307.076155,31112483135.726985,21000142293.645145,31112149124.875726,31112481199.291042,9649739267.889343,31106868376.413723,31112483647.376319,31112483646.97429,31112483643.786979,31112483427.026591,31112482409.61382,31112476482.434407,31085335313.798485,31111186651.766513,31112394135.241831,26163206510.233717,,,,,,,,,10409135647.324571,20821621766.898463,11807261672.052244,31112483647.391979,25145689046.247245,859,0.00994212963,1194,3133398541.926714,,8344874.6490089,,770521.657508,,3.916166443791,,,,
2017-10-05,2454,14173,16254,16657,1774,15963,16434,72,15478,17531,17402,17337,17260,16358,15054,16540,15764,16890,16131,4805,,,,,,,,,1613888029,4320,730.959027777778,,,,,,,,0.13143775,,0.17107,,156.805239,,0,0,0,,0,,0.674848094937,5.021386950102,,4.058377586737,,,,,,,,,,,0.000033481335,22299418294.58674,22299418294.58674,2831736244.359413,22299418294.58674,22299418294.58674,22299418294.58674,22299418294.58674,22299418294.58674,22299418294.58674,19836347591.169113,22299418294.58674,22299418294.58674,71.6735399838,30906577509.015542,31112461132.124179,31112482951.994772,20996200212.39419,31112087644.061711,31112480692.90873,9593579418.213374,31105825900.747676,31112483490.568979,31112483490.087644,31112483486.713036,31112483245.733571,31112482136.521641,31112475116.620127,31080631828.205361,31110876750.387714,31112373898.162948,26135756367.950473,,,,,,,,,10341674357.309547,20930190041.973674,11822901559.787314,31112483490.58674,25145683238.642006,1193,0.01380787037,2075,6195994015.150815,,9030554.91667272,,1800401.657684,,4.51844565663,,,,
2017-10-06,1844,14192,16483,16889,1770,16151,16664,71,15589,17808,17668,17600,17516,16589,15130,16771,15920,17128,16349,4832,,,,,,,,,1613888043,4320,735.623148148148,,,,,,,,0.1287957,,0.17107,,114.499377,,0,0,0,,0,,0.671778125626,5.776573707292,,4.668733454381,,,,,,,,,,,0.000038864933,22681292470.087363,22681292470.087363,2899920992.979873,22681292470.087363,22681292470.087363,22681292470.087363,22681292470.087363,22681292470.087363,22681292470.087363,16708736341.224178,22681292470.087363,22681292470.087363,72.9009388158,30893627662.261174,31112460671.574344,31112482817.710123,20900685765.966445,31112025676.525436,31112480556.466038,9473731686.858072,31104772368.183655,31112483376.068656,31112483375.560092,31112483371.925625,31112483119.277122,31112481996.878949,31112474953.541365,31077407522.955849,31110630276.010517,31112363637.238964,26124907428.50438,,,,,,,,,10239900151.948367,20931701532.912549,11776671831.206188,31112483376.087363,25145683124.142629,889,0.010289351852,1537,5385975312.114793,,9513442.68397571,,3146000.486262,,4.988422988425,,,,
2017-10-07,1371,14205,16643,17071,1777,16293,16836,68,15689,18037,17892,17812,17722,16756,15190,16946,16043,17315,16499,4849,,,,,,,,,1613888060,4320,686.730324074074,,,,,,,,0.12204346,,0.17107,,81.891164,,0,0,0,,0,,0.670747347029,7.888890773758,,6.375947078093,,,,,,,,,,,0.000041483911,23152667057.196199,23152667057.196199,2632048139.064597,23152667057.196199,23152667057.196199,23152667057.196199,23152667057.196199,23152667057.196199,23152667057.196199,14923294069.37023,23152667057.196199,23152667057.196199,74.4160047858,30881502238.733009,31112459239.246538,31112482714.890071,20868615629.052357,31111996524.615761,31112480370.318001,9314539232.06083,31104187097.111656,31112483294.177068,31112483293.576634,31112483289.674818,31112483024.80172,31112481843.523045,31112474395.743422,31074443044.720722,31110468652.299312,31112353474.858072,26112211349.262379,,,,,,,,,10167946470.804229,20948956822.784879,11733936489.891068,31112483294.196199,25145683042.251465,671,0.007766203704,1131,3943834968.243019,,8895815.32211905,,1964761,,5.311803396305,,,,
2017-10-08,1406,14217,16851,17301,1783,16460,17058,64,15794,18306,18151,18066,17976,16971,15257,17170,16183,17554,16696,4856,,,,,,,,,1613888075,4319,721.978467237787,,,,,,,,0.13399351,,0.17107,,90.981593,,0,0,0,,0,,0.670351949581,7.787399698713,,6.293920114304,,,,,,,,,,,0.00004784597,23345126574.214606,23345126574.214606,1624495069.133539,23345126574.214606,23345126574.214606,23345126574.214606,23345126574.214606,23345126574.214606,23345126574.214606,12210840513.74708,23345126574.214606,23345126574.214606,75.0345975978,30867495545.312769,31112457405.920518,31112482602.632073,20856313771.591806,31111921764.370895,31112480132.222944,9160240427.718909,31103305619.647249,31112483203.194146,31112483202.560463,31112483198.695532,31112482924.343722,31112481673.749328,31112473490.875944,31071336445.986438,31110242195.394915,31112341593.235687,26096060724.234793,,,,,,,,,10123003647.88384,21000780423.637054,11734297336.943379,31112483203.214606,25145682951.269872,679,0.007858796296,1200,3995233891.533191,,8526550.06596314,,2604037.829062,,5.640670124673,,,,
2017-10-09,1460,14186,16985,17474,1791,16572,17209,53,15830,18519,18365,18276,18181,17114,15256,17336,16259,17733,16819,4878,,,,,,,,,1613888090,4319,723.546885853207,,,,,,,,0.12917068,,0.17107,,87.836065,,0,0,0,,0,,0.669979649231,8.885610336444,,7.181514208932,,,,,,,,,,,0.000050239646,23606471353.378541,23606471353.378541,1570315812.854889,23606471353.378541,23606471353.378541,23606471353.378541,23606471353.378541,23606471353.378541,23606471353.378541,9782666944.240888,23606471353.378541,23606471353.378541,75.8745975557,30858247130.761913,31112454953.258235,31112482489.632369,20844730524.332472,31111895759.651503,31112479799.364052,8777376253.566825,31102407712.166228,31112483115.358467,31112483114.693877,31112483110.583044,31112482818.172948,31112481511.091412,31112472563.526945,31068160218.248873,31110010716.095229,31112331541.757512,26106696391.186494,,,,,,,,,10038465992.219972,21028214138.194225,11691080127.676156,31112483115.378541,25145682863.433807,680,0.00787037037,1172,3501445813.775208,,6875748.46366447,,1497190.2354405,,5.89967798544,,,,
2017-10-10,1376,14220,17180,17677,1801,16740,17410,51,15948,18741,18578,18487,18391,17311,15345,17536,16406,17932,17003,4909,,,,,,,,,1613888107,4319,688.518638573744,,,,,,,,0.12202512,,0.17107,,80.536581,,0,0,0,,0,,0.668531266115,8.308371083165,,6.714978790535,,,,,,,,,,,0.000053088464,23944240616.84196,23944240616.84196,2165336156.796823,23944240616.84196,23944240616.84196,23944240616.84196,23944240616.84196,23944240616.84196,23944240616.84196,7705744434.429859,23944240616.84196,23944240616.84196,76.9602367964,30845881803.682636,31112454098.459274,31112482405.389848,20799667675.249465,31111866346.736785,31112479698.601951,8631339850.209557,31101700786.040694,31112483034.820677,31112483034.138322,31112483030.011857,31112482730.101497,31112481398.787171,31112472236.556914,31065720810.764022,31109833550.135108,31112323905.170704,26093320792.532662,,,,,,,,,9922987237.067433,21021995939.115168,11616235494.580428,31112483034.84196,25145682782.897226,660,0.007638888889,1120,3744715146.135698,,8559530.39180188,,2095835.6065215,,6.20780750706,,,,
2017-10-11,1172,14243,17346,17851,1802,16892,17582,47,16044,18936,18768,18674,18577,17483,15411,17709,16532,18111,17159,4911,,,,,,,,,1613888123,4319,708.813382727483,,,,,,,,0.1266539,,0.17107,,70.54622,,0,0,0,,0,,0.667636356083,8.971443695045,,7.250886304581,,,,,,,,,,,0.000054883366,24198602477.29574,24198602477.29574,1939149147.50018,24198602477.29574,24198602477.29574,24198602477.29574,24198602477.29574,24198602477.29574,24198602477.29574,6167336446.669748,24198602477.29574,24198602477.29574,77.7777926148,30835382183.728803,31112453349.836861,31112482321.278846,20771824754.984291,31111846263.789403,31112479604.385319,8492443941.379525,31100984781.763512,31112482964.273822,31112482963.575368,31112482959.318829,31112482654.327191,31112481309.570539,31112472027.2276,31063297443.674451,31109667602.783518,31112317549.487953,26068486414.61371,,,,,,,,,9873261818.705123,21047667739.603376,11600974036.700817,31112482964.29574,25145682712.351006,557,0.006446759259,956,3467946076.66978,,7179457.53483871,,1990037,,6.428412267186,,,,
2017-10-12,1411,14265,17533,18057,1808,17056,17778,41,16152,19180,19008,18912,18810,17678,15487,17902,16678,18328,17339,4928,,,,,,,,,1613888140,4320,689.991898148148,,,,,,,,0.12834358,,0.17107,,86.246889,,0,0,0,,0,,0.66605163248,8.415207689975,,6.801326099055,,,,,,,,,,,0.000058710815,24454434021.048851,24454434021.048851,1944117468.103863,24454434021.048851,24454434021.048851,24454434021.048851,24454434021.048851,24454434021.048851,24454434021.048851,6118627094.897227,24454434021.048851,24454434021.048851,78.6000722504,30822284336.917172,31112452028.498894,31112482210.854211,20722520011.438187,31111805089.00339,31112479408.059814,8299073160.094543,31100157046.494665,31112482878.026492,31112482877.317068,31112482872.800296,31112482559.297551,31112481097.098034,31112471799.880923,31060753014.400516,31109495692.737691,31112309602.010284,26050990121.904935,,,,,,,,,9791115452.06924,21053683585.805533,11544534823.472301,31112482878.048851,25145682626.104117,672,0.007777777778,1164,3697173501.149873,,7317206.77937862,,2047767,,6.702168279492,,,,
2017-10-13,1642,14287,17762,18308,1811,17250,18021,42,16265,19481,19307,19205,19098,17912,15566,18155,16830,18585,17549,4939,,,,,,,,,1613888155,4320,733.724305555556,,,,,,,,0.14112688,,0.17107,,110.361223,,0,0,0,,0,,0.66507545888,7.256285320138,,5.86466365498,,,,,,,,,,,0.000062989484,24674003296.687628,24674003296.687628,2095479486.214388,24674003296.687628,24674003296.687628,24674003296.687628,24674003296.687628,24674003296.687628,24674003296.687628,5739702390.779887,24674003296.687628,24674003296.687628,79.3057998004,30808007674.45,31112449882.574907,31112482070.104076,20692148753.602609,31111757100.386916,31112479082.975165,8382394796.363194,31099247770.836202,31112482767.665085,31112482766.917284,31112482762.163684,31112482429.06396,31112480967.139491,31112470848.542512,31057705844.019211,31109227757.920343,31112293982.457315,26029312563.627916,,,,,,,,,9750843347.302512,21099728739.983712,11520451593.663698,31112482767.687628,25145682515.742894,782,0.009050925926,1407,4287659786.66004,,6634265.37255068,,4102862.729481,,7.002189727106,,,,
2017-10-14,1944,14287,18056,18648,1815,17493,18341,41,16392,19874,19690,19584,19471,18222,15651,18485,17004,18930,17825,4942,,,,,,,,,1613888170,4320,746.10625,,,,,,,,0.15292509,,0.171246,,142.220331,,0,0,0,,0,,0.664114286124,8.069889144415,,6.522233267521,,,,,,,,,,,0.000070222914,24879236549.467297,24879236549.467297,1900008067.025448,24879236549.467297,24879236549.467297,24879236549.467297,24879236549.467297,24879236549.467297,24879236549.467297,5137582059.231662,24879236549.467297,24879236549.467297,79.9654493952,30787683379.799917,31112445783.357655,31112481903.604153,20662244188.362281,31111674370.725301,31112478707.903403,8342344176.409685,31097948190.067663,31112482625.44233,31112482624.683534,31112482619.796195,31112482270.225966,31112480736.854377,31112469806.390392,31053838438.780033,31108725912.839366,31112278201.733654,26007051561.271091,,,,,,,,,9682766368.597164,21165235847.666307,11509843356.823153,31112482625.467297,25145682373.522563,930,0.010763888889,1742,3855379184.111926,,6423788.43412443,,20641898.743285,,7.361860171371,,,,
2017-10-15,1450,14306,18315,18939,1818,17708,18625,41,16525,20187,20000,19895,19773,18487,15727,18773,17177,19220,18071,4960,,,,,,,,,1613888187,4320,696.58287037037,,,,,,,,0.14396813,,0.171246,,104.520862,,0,0,0,,0,,0.662703877757,9.462128741866,,7.647466985997,,,,,,,,,,,0.000075968741,25026837661.946435,25026837661.946435,1518252714.455546,25026837661.946435,25026837661.946435,25026837661.946435,25026837661.946435,25026837661.946435,25026837661.946435,4902139863.088986,25026837661.946435,25026837661.946435,80.4398608986,30771437885.5339,31112443100.394442,31112481789.769729,20618362813.285704,31111607820.308447,31112478542.924754,8343344176.209685,31096811624.128308,31112482520.921194,31112482520.177501,31112482514.880457,31112482156.194765,31112480597.817868,31112468193.556402,31049113228.708364,31108404603.756046,31112266682.472138,25988654176.21789,,,,,,,,,9672639460.558965,21196955204.85528,11513954699.913804,31112482520.946435,25145682269.001701,726,0.008402777778,1319,3288106024.523578,,6459507.85687065,,20168760.759777002,,7.635708188062,,,,
2017-10-16,1311,14348,18533,19174,1821,17883,18852,42,16632,20459,20269,20160,20028,18709,15808,19000,17333,19459,18283,4979,,,,,,,,,1613888201,4320,717.15162037037,,,,,,,,0.14874264,,0.171246,,93.112895,,0,0,0,,0,,0.66112401279,8.737798890245,,7.062050234036,,,,,,,,,,,0.000082118209,25116444557.83354,25116444557.83354,1728137938.088741,25116444557.83354,25116444557.83354,25116444557.83354,25116444557.83354,25116444557.83354,25116444557.83354,4992490385.560616,25116444557.83354,25116444557.83354,80.7278706098,30761568362.348614,31112441720.776891,31112481684.014383,20569209230.533793,31111537322.637574,31112478382.427688,8392157985.724804,31095680613.040756,31112482427.807983,31112482427.03333,31112482421.219877,31112482055.029594,31112480434.67223,31112467603.336243,31046198165.915427,31108198041.887339,31112262373.659434,25967279222.083217,,,,,,,,,9690074291.819682,21211562768.412528,11509081899.628562,31112482427.83354,25145682175.888806,626,0.00724537037,1166,3560677330.59962,,6583640.44907023,,19023905.251643002,,7.882442774169,,,,
2017-10-17,1343,14406,18792,19457,1829,18106,19131,42,16768,20766,20572,20458,20322,18975,15909,19280,17517,19744,18523,4992,,,,,,,,,1613888217,4320,691.861111111111,,,,,,,,0.1559581,,0.171246,,104.33597,,0,0,0,,0,,0.659972134646,7.751403652703,,6.264827403757,,,,,,,,,,,0.000086956749,25247247087.49757,25247247087.49757,1549151834.079734,25247247087.49757,25247247087.49757,25247247087.49757,25247247087.49757,25247247087.49757,25247247087.49757,4625437945.028291,25247247087.49757,25247247087.49757,81.1482890532,30750390224.848807,31112439199.300371,31112481574.468739,20533371373.186146,31111484963.797627,31112478247.55405,8394758425.769029,31094459997.765739,31112482323.471607,31112482322.66861,31112482316.742291,31112481947.313056,31112480319.496952,31112466387.652025,31043241995.02971,31107917207.912945,31112246219.45832,25930146766.962684,,,,,,,,,9674857769.161367,21233198334.133834,11469606570.221061,31112482323.49757,25145682071.552836,669,0.007743055556,1272,4013786885.249716,,8295634.09229178,,17754527.906924,,8.221600777638,,,,
2017-10-18,1042,14425,18976,19661,1831,18263,19324,41,16852,20999,20796,20681,20541,19161,15964,19478,17638,19953,18696,5007,,,,,,,,,1613888234,4320,713.122916666667,,,,,,,,0.15674783,,0.171246,,78.68741,,0,0,0,,0,,0.659188327743,3.819369533533,,3.089340102828,,,,,,,,,,,0.000090727563,25283378250.81016,25283378250.81016,7060345100.615818,25283378250.81016,25283378250.81016,25283378250.81016,25283378250.81016,25283378250.81016,25283378250.81016,9851063752.263911,25283378250.81016,25283378250.81016,81.2644200224,30740968482.883944,31112438089.047457,31112481482.284971,20508985142.893665,31111444080.259455,31112478027.074422,8384083368.155474,31093602556.764481,31112482244.783432,31112482243.978365,31112482237.865336,31112481862.174288,31112480179.455324,31112465524.841541,31040548202.152285,31107685133.241137,31112236448.020717,25919301974.838851,,,,,,,,,9678325574.935798,21261648041.339683,11442658825.266929,31112482244.81016,25165681993.729258,502,0.005810185185,951,8145973300.476036,,17942748.29462995,,16393856.88263,,8.770047993803,,,,
2017-10-19,1124,14459,19148,19856,1831,18404,19508,41,16945,21217,21013,20897,20751,19336,16023,19669,17757,20147,18861,5017,,,,,,,,,1613888249,4318,712.839509031959,,,,,,,,0.15448482,,0.171246,,82.803862,,0,0,0,,0,,0.657960206818,5.828138347742,,4.714947927898,,,,,,,,,,,0.000095118128,25345175609.006298,25345175609.006298,6997527919.458847,25345175609.006298,25345175609.006298,25345175609.006298,25345175609.006298,25345175609.006298,25345175609.006298,9648082034.404251,25345175609.006298,25345175609.006298,81.463045851,30734252660.812259,31112436536.720007,31112481389.742815,20470775197.936296,31111394695.392855,31112477777.432631,8379704931.582982,31092976473.395504,31112482161.979439,31112482161.164379,31112482154.807085,31112481770.510408,31112480051.413533,31112464531.075131,31038141650.807109,31107516828.147973,31112230004.301126,25899961588.991787,,,,,,,,,9664470779.49126,21278664239.186195,11432800833.651983,31112482162.006298,25169912680.326642,536,0.006203703704,1006,5338322514.951993,,7698664.40725631,,15519071.457404,,9.018978859542,,,,
2017-10-20,1477,14492,19341,20087,1835,18572,19726,41,17045,21487,21279,21159,21005,19538,16092,19889,17896,20383,19050,5048,,,,,,,,,1613888266,4320,697.883796296296,,,,,,,,0.1588578,,0.171246,,111.994747,,0,0,0,,0,,0.656643273443,8.766864529479,,7.092369337512,,,,,,,,,,,0.000099389621,25420189801.011551,25420189801.011551,4032764744.117317,25420189801.011551,25420189801.011551,25420189801.011551,25420189801.011551,25420189801.011551,25420189801.011551,9510806536.307613,25420189801.011551,25420189801.011551,81.7041525654,30725030929.10376,31112433476.010135,31112481258.367305,20429802058.259961,31111347624.378827,31112477519.393364,8397560033.169241,31091989237.950305,31112482049.983745,31112482049.14976,31112482042.490481,31112481647.872817,31112479837.979372,31112463135.482693,31035339565.118252,31107302471.84957,31112227219.009299,25895599923.52839,,,,,,,,,9676699924.686283,21295720356.877123,11413924509.257733,31112482050.011551,25169912568.331895,705,0.008159722222,1332,3548872227.395905,,5269140.05107458,,14636408.275236,,9.244563419039,,,,
2017-10-21,1204,14515,19534,20314,1831,18736,19937,41,17149,21735,21526,21403,21248,19739,16155,20104,18025,20612,19234,5055,,,,,,,,,1613888282,4320,712.781944444444,,,,,,,,0.14620581,,0.17107,,84.506958,,0,0,0,,0,,0.65518621097,14.028511748859,,11.349027486414,,,,,,,,,,,0.000103321322,25526519958.504593,25526519958.504593,1646278569.605241,25526519958.504593,25526519958.504593,25526519958.504593,25526519958.504593,25526519958.504593,25526519958.504593,9224988997.907244,25526519958.504593,25526519958.504593,82.0459132345,30714293445.999224,31112431158.38258,31112481161.172325,20384469172.853711,31111299813.968105,31112477248.334336,8411583115.998171,31091237099.934406,31112481965.476706,31112481964.623269,31112481957.883066,31112481553.389816,31112479658.495668,31112462038.696868,31032334732.96481,31107034415.64033,31112216662.236072,25875370247.077481,,,,,,,,,9690723012.328234,21321881269.156057,11441506151.577989,31112481965.504593,25169912483.824937,578,0.006689814815,1064,2217803465.006596,,4718279.84317586,,14060008.9260855,,9.405921504837,,,,
2017-10-22,1118,14533,19712,20498,1837,18882,20119,40,17223,21953,21740,21614,21456,19921,16203,20286,18142,20803,19403,5066,,,,,,,,,1613888297,4320,680.7375,,,,,,,,0.14667675,,0.171246,,75.831882,,0,0,0,,0,,0.65426090861,13.715086157921,,11.095467037541,,,,,,,,,,,0.000107767126,25644071039.672711,25644071039.672711,1342990002.354686,25644071039.672711,25644071039.672711,25644071039.672711,25644071039.672711,25644071039.672711,25644071039.672711,8958375364.421471,25644071039.672711,25644071039.672711,82.423739548,30706033703.599252,31112430374.612384,31112481065.795414,20355680670.248629,31111250961.648147,31112477111.791505,8373032214.998171,31090295859.369303,31112481889.644314,31112481888.787099,31112481881.928566,31112481467.328449,31112479535.676367,31112461874.877512,31030081228.983461,31106808398.4573,31112209657.235898,25859831323.511805,,,,,,,,,9671392911.814672,21333380770.325843,11422110526.003072,31112481889.672711,25169912407.993055,517,0.005983796296,952,2268486069.385966,,4741018.24479923,,13588036.576438,,9.550990294216,,,,
2017-10-23,657,14549,19799,20590,1840,18956,20207,40,17258,22066,21851,21724,21561,20008,16227,20374,18202,20896,19480,5067,,,,,,,,,1613888313,4320,696.055324074074,,,,,,,,0.14273274,,0.171246,,42.534358,,0,0,0,,0,,0.65414810474,22.405415289476,,18.125919433833,,,,,,,,,,,0.00010921576,25715324154.138353,25715324154.138353,1321525807.970723,25715324154.138353,25715324154.138353,25715324154.138353,25715324154.138353,25715324154.138353,25715324154.138353,8782630864.883322,25715324154.138353,25715324154.138353,82.6527574383,30702498477.147683,31112430018.831218,31112481015.32087,20352171034.04785,31111235502.750771,31112477035.472425,8362731214.484609,31089691551.17454,31112481847.109637,31112481846.243404,31112481839.128039,31112481417.949507,31112479459.357287,31112461755.227016,31028582980.225898,31106705511.228159,31112203050.850632,25848282184.366547,,,,,,,,,9661091911.30111,21348200365.015413,11411763208.736847,31112481847.138353,25169912365.458697,298,0.003449074074,536,1388614379.388528,,4413523.40856757,,7026162.538965,,9.6270256605,,,,
2017-10-24,1556,14555,20056,20868,1848,19197,20479,40,17421,22364,22147,22018,21851,20269,16314,20652,18409,21179,19729,5069,,,,,,,,,1613888328,4320,730.492361111111,,,,,,,,0.15918441,,0.171246,,113.657667,,0,0,0,,0,,0.653913918753,10.996194486045,,8.89589113104,,,,,,,,,,,0.000110888511,25803954295.480686,25803954295.480686,1267820475.609783,25803954295.480686,25803954295.480686,25803954295.480686,25803954295.480686,25803954295.480686,25803954295.480686,8782331297.650986,25803954295.480686,25803954295.480686,82.9376277872,30683354859.642549,31112428230.039654,31112480889.984207,20344884852.460144,31111216064.807515,31112476798.494733,8349542083.186141,31088705588.487651,31112481733.451537,31112481732.57287,31112481725.350502,31112481300.521183,31112479341.179595,31112460704.327812,31023691612.18169,31106492616.200595,31112195772.87682,25826274840.126784,,,,,,,,,9650565504.612642,21390556139.692535,11413884633.835509,31112481733.480686,25169912251.80103,714,0.008263888889,1360,2829386272.947736,,3826327.77062947,,7921343.964825,,9.794283512407,,,,
2017-10-25,941,14582,20219,21040,1850,19334,20646,40,17487,22561,22342,22212,22043,20434,16363,20820,18513,21355,19883,5083,,,,,,,,,1613888345,4320,674.412037037037,,,,,,,,0.15597335,,0.171246,,69.408139,,0,0,0,,0,,0.652823058295,15.355239829882,,12.422346832719,,,,,,,,,,,0.000114368565,25843500527.072547,25843500527.072547,1490901558.567451,25843500527.072547,25843500527.072547,25843500527.001945,25843500527.072547,25843500527.072547,25843500527.072547,8707699170.099605,25843500527.072547,25843500527.072547,83.06473526,30677619076.131008,31112427502.60639,31112480807.788854,20310945431.082217,31111175865.301063,31112476638.611922,8344429767.502419,31087743615.756545,31112481664.043205,31112481663.15659,31112481655.871896,31112481222.812443,31112479219.096784,31112460426.445001,31021411174.689066,31106249316.355701,31112188254.816377,25813612324.335526,,,,,,,,,9645453188.92892,21400221174.994696,11417462216.266027,31112481664.072547,25169912182.392891,445,0.005150462963,842,2026180118.888573,,5264006.96580939,,12203597.470204,,9.936743846908,,,,
2017-10-26,910,14609,20360,21188,1854,19445,20792,41,17552,22740,22518,22386,22209,20576,16408,20970,18597,21506,20011,5100,,,,,,,,,1613888363,4320,701.105787037037,,,,,,,,0.15569065,,0.171246,,66.791287,,0,0,0,,0,,0.651797649539,12.122580725612,,9.807134494364,,,,,,,,,,,0.00011869032,25919768682.28126,25919768682.28126,1286797753.30445,25919768682.28126,25919768682.28126,25919768681.510658,25919768682.28126,25919768682.28126,25919768682.28126,5673369470.306131,25919768682.28126,25919768682.28126,83.3098722814,30672882300.321981,31112426796.967237,31112480724.381269,20279042376.446484,31111125995.343901,31112476509.047196,8364988175.861914,31087119212.764844,31112481597.25204,31112481596.358327,31112481588.742928,31112481145.380036,31112479144.332058,31112459956.608527,31019497792.681495,31106021013.574686,31112178737.097851,25803931522.809537,,,,,,,,,9640076512.284443,21401261232.206904,11421335275.234604,31112481597.28126,25169912115.601604,429,0.004965277778,808,2566489949.747015,,5167860.14227755,,11796801.466058,,10.070954666626,,,,
2017-10-27,960,14642,20515,21352,1854,19578,20950,41,17640,22922,22696,22562,22381,20733,16462,21132,18715,21672,20156,5109,,,,,,,,,1613888381,4320,675.219212962963,,,,,,,,0.15562289,,0.171246,,70.030302,,0,0,0,,0,,0.650878141576,16.743700288322,,13.545607514635,,,,,,,,,,,0.000121230432,25973174946.250958,25973174946.250958,1236468178.181586,25973174946.250958,25973174946.250958,25973174945.479754,25973174946.250958,25973174946.250958,25973174946.250958,3177410477.189699,25973174946.250958,25973174946.250958,83.481527899,30666129726.133617,31112426112.722619,31112480646.531372,20250434156.286491,31111094650.096137,31112476336.687737,8364988175.861914,31086454906.980818,31112481527.221319,31112481526.310348,31112481518.491198,31112481071.094166,31112479050.653231,31112459784.249068,31017194204.638818,31105899817.956383,31112171956.817325,25785729204.443837,,,,,,,,,9652258662.501476,21413820725.979367,11440008346.815644,31112481527.250958,25169912045.571302,450,0.005208333333,849,1858160441.927546,,3775073.90207359,,11241581.294889,,10.173969221904,,,,
2017-10-28,791,14658,20642,21483,1856,19706,21082,40,17708,23073,22845,22711,22523,20860,16498,21264,18821,21810,20280,5121,,,,,,,,,1613888396,4320,702.231712962963,,,,,,,,0.15832532,,0.171246,,58.897018,,0,0,0,,0,,0.650005877726,18.569506677808,,15.022679858943,,,,,,,,,,,0.000121106407,26022113649.35394,26022113649.35394,1016453311.952602,26022113649.35394,26022113649.35394,26022113646.765243,26022113649.35394,26022113649.35394,26022113649.35394,3049108351.910578,26022113649.35394,26022113649.35394,83.6388241029,30659428431.681799,31112425834.786024,31112480576.212557,20223295825.079248,31111098033.901045,31112476284.038245,8340070630.709421,31085755554.71745,31112481468.323791,31112481467.41282,31112481459.217251,31112481009.775351,31112478988.403739,31112459250.174434,31014767898.882181,31105778850.743301,31112168981.931809,25776625656.14646,,,,,,,,,9636161756.702807,21419117833.28888,11423297014.989851,31112481468.35394,25169911986.674284,372,0.004305555556,710,1675460851.39332,,4478549.26197491,,11008860.470027499,,10.276171631521,,,,
2017-10-29,881,14669,20767,21609,1857,19815,21209,40,17763,23224,22991,22855,22664,20984,16538,21389,18914,21936,20404,5125,,,,,,,,,1613888412,4320,701.571064814815,,,,,,,,0.14939399,,0.171246,,61.400928,,0,0,0,,0,,0.649432361102,16.719054227962,,13.525668907194,,,,,,,,,,,0.000123321194,26096029335.953012,26096029335.953012,984926686.850896,26096029335.953012,26096029335.953012,25442981737.918757,26096029335.953012,26096029335.953012,26096029335.953012,2914594226.34918,26096029335.953012,26096029335.953012,83.8763999394,30652642473.369394,31112425858.047524,31112480508.434514,20205452259.863815,31111069921.968722,31112476237.565189,8340111642.709421,31084988545.061529,31112481406.92243,31112481405.998418,31112481397.639949,31112480941.009966,31112478909.207153,31112459036.331293,31013466971.599118,31105656887.025597,31112168396.755796,25767248840.034056,,,,,,,,,9635825970.750607,21434698110.872603,11445599374.932462,31112481406.953012,25169911925.273356,411,0.004756944444,761,1860899604.890263,,3663025.26678394,,10655180.536139,,10.365767919986,,,,
2017-10-30,1195,14663,20912,21768,1874,19926,21361,46,17828,23416,23183,23044,22843,21131,16567,21542,19004,22097,20533,5153,,,,,,,,,1613888426,4320,688.337962962963,,,,,,,,0.16306607,,0.171246,,93.926058,,0,0,0,,0,,0.648994954259,3.22214703122,,2.695188096695,,,,,,,,,,,0.00012878454,26145171311.026954,26145171311.026954,3928042052.841048,26145171311.026954,26145171311.026954,23587952434.153344,26145171311.026954,26145171311.026954,26145171311.026954,5621551856.644908,26145171311.026954,26145171311.026954,84.0343495846,30643978420.640942,31112424621.603105,31112480401.182731,20191843386.64178,31111029484.567307,31112476070.650537,8165300356.034138,31084438915.416747,31112481312.996372,31112481312.050277,31112481303.427399,31112480836.258183,31112478762.892501,31112458479.339686,31011029637.639937,31105475947.664651,31112156829.965213,25773690163.979592,,,,,,,,,9374176266.724342,21426159129.044327,11273313278.047394,31112481313.026954,26024259129.411592,576,0.006666666667,1106,9655822968.838213,,107910137.68483054,,11104000.418596,,14.201804398473,,,,
2017-10-31,1328,14689,21108,21982,1879,20088,21572,47,17930,23669,23434,23290,23082,21332,16629,21753,19143,22316,20714,5165,,,,,,,,,1613888444,4320,719.138657407407,,,,,,,,0.1613162,,0.171246,,100.983941,,0,0,0,,0,,0.648227030723,7.253844735643,,6.069862232205,,,,,,,,,,,0.000133193383,26238494336.043013,26238494336.043013,4045889200.915324,26238494336.043013,26238494336.043013,21634407450.902247,26238494336.043013,26238494336.043013,26238494336.043013,5752677063.571184,26238494336.043013,26238494336.043013,84.3343035138,30635245807.275634,31112422874.893688,31112480279.964785,20167951314.523274,31110983605.853594,31112475909.012581,8171879950.898165,31083539553.016202,31112481212.011177,31112481211.033077,31112481202.077859,31112480721.519661,31112478616.632703,31112457408.136025,31007879200.45509,31105285486.242016,31112143885.468163,25758226354.320882,,,,,,,,,9343551457.406443,21448127861.317923,11243848249.05608,31112481212.043013,26034259284.770143,626,0.00724537037,1205,4289102172.144448,,8616891.25889524,,10402957.2137575,,14.535540410409,,,,
2017-11-01,1245,14702,21282,22169,1890,20245,21754,47,18018,23889,23643,23495,23284,21510,16687,21937,19269,22504,20877,5188,,,,,,,,,1613888459,4320,688.692824074074,,,,,,,,0.16584382,,0.171246,,95.194351,,0,0,0,,0,,0.647470892021,9.790887738137,,8.19280558543,,,,,,,,,,,0.000134567446,26285076313.848662,26285076313.848662,3834081148.400265,26285076313.848662,26285076313.848662,19455427581.253654,26285076313.848662,26285076313.848662,26285076313.848662,5788247408.276924,26285076313.848662,26285076313.848662,84.4840249645,30624593741.878245,31112421574.0608,31112480172.808962,20144425901.714924,31110967535.724874,31112475781.235262,8171681543.430353,31082674776.642587,31112481116.813621,31112481115.808496,31112481106.774427,31112480616.313556,31112478489.055384,31112456899.784135,31005326095.176336,31105076134.91652,31112137267.126265,25752957693.338743,,,,,,,,,9340316967.427385,21451458179.635355,11247750994.573328,31112481116.848662,26034259189.575792,574,0.006643518519,1112,3177697666.337232,,4627320.13948941,,9964313.900548,,14.700926814646,,,,
2017-11-02,1017,14721,21378,22282,1897,20327,21854,48,18069,24029,23775,23628,23410,21612,16716,22043,19334,22618,20971,5200,,,,,,,,,1613888476,4319,711.022227367446,,,,,,,,0.1639963,,0.171246,,75.110304,,0,0,0,,0,,0.646669578691,11.487157426343,,9.612207799336,,,,,,,,,,,0.000136685717,26300504571.738358,26300504571.738358,1949670910.882976,26300504571.738358,26300504571.738358,17477902768.779839,26300504571.738358,26300504571.738358,26300504571.738358,5806290204.723255,26300504571.738358,26300504571.738358,84.5336138139,30620885261.864511,31112420660.235315,31112480088.594812,20119495007.289379,31110944607.670107,31112475526.68173,8168387037.379836,31082251488.422157,31112481041.702309,31112481040.706262,31112481031.421167,31112480532.457547,31112478358.551934,31112457006.972919,31003516667.345313,31104948843.645561,31112135638.410936,25745105663.415943,,,,,,,,,9313022461.197668,21444710179.060653,11240633651.591344,31112481041.738358,26034259114.465488,458,0.005300925926,883,2708457792.211345,,4503100.63279434,,9617669.0530595,,14.828728868028,,,,
2017-11-03,830,14739,21500,22404,1901,20428,21980,48,18124,24170,23913,23765,23542,21735,16750,22165,19415,22743,21075,5212,,,,,,,,,1613888492,4320,700.533564814815,,,,,,,,0.15890304,,0.171246,,59.906445,,0,0,0,,0,,0.645917770913,20.096324846501,,16.816175071474,,,,,,,,,,,0.000138372348,26343079636.831913,26343079636.831913,1530698080.843261,26343079636.831913,26343079636.831913,16210060370.772593,26343079636.831913,26343079636.831913,26343079636.831913,5695913046.90274,26343079636.831913,26343079636.831913,84.6704563748,30616273717.781937,31112419746.041726,31112480015.674445,20096104363.354883,31110924599.591667,31112475535.57548,8168387037.379836,31081656636.791206,31112480981.79554,31112480980.791586,31112480971.220752,31112480468.557171,31112478293.988,31112456728.1605,31001553707.042396,31104797396.66526,31112122833.321843,25735228689.767603,,,,,,,,,9311402720.659551,21448211121.543046,11247783694.941877,31112480981.831913,26034259054.559043,377,0.004363425926,717,1548167698.29677,,3426393.12443366,,9295445.783332,,14.907691544132,,,,
2017-11-04,774,14751,21630,22540,1906,20540,22113,48,18183,24323,24062,23912,23685,21872,16783,22299,19491,22881,21196,5226,,,,,,,,,1613888508,4320,666.45625,,,,,,,,0.15606892,,0.171246,,55.404465,,0,0,0,,0,,0.645386759625,21.418744953311,,17.922747943822,,,,,,,,,,,0.000140527028,26390556486.427448,26390556486.427448,903420193.75408,26390556486.427448,26390556486.427448,15875888375.180606,26390556486.427448,26390556486.427448,26390556486.427448,5635135640.924757,26390556486.427448,26390556486.427448,84.8230539661,30609510997.122479,31112418595.219928,31112479952.856839,20079583249.006189,31110899165.402797,31112475447.881624,8168387037.379836,31081028937.663962,31112480926.390196,31112480925.377537,31112480915.605302,31112480409.347341,31112478214.294144,31112456951.962205,30999297673.422668,31104522708.695219,31112116485.980469,25728185167.477426,,,,,,,,,9303944192.966789,21453685482.834524,11255920258.938209,31112480926.427448,26034258999.154578,355,0.004108796296,672,1452581885.364757,,3370407.94251653,,8875067.362699,,14.980489176975,,,,
2017-11-05,813,14773,21775,22710,1911,20666,22272,48,18263,24506,24243,24091,23863,22027,16834,22463,19601,23053,21331,5236,,,,,,,,,1613888525,4320,697.403935185185,,,,,,,,0.15906078,,0.171246,,60.284034,,0,0,0,,0,,0.644542885124,24.023873007738,,20.102663406653,,,,,,,,,,,0.000142567527,26412365030.143414,26412365030.143414,927790953.302173,26412365030.143414,26412365030.143414,15235063548.58092,26412365030.143414,26412365030.143414,26412365030.143414,5383985277.287047,26412365030.143414,26412365030.143414,84.8931499348,30601667059.385718,31112416782.349565,31112479881.604744,20053328180.836375,31110875666.074692,31112475246.663409,8153387037.200636,31080366282.741033,31112480866.105057,31112480865.075008,31112480855.231715,31112480345.413906,31112478099.820554,31112456424.57916,30996978387.428364,31104400808.249693,31112108396.938679,25711849236.450322,,,,,,,,,9284660632.26138,21459132648.312265,11259226452.899186,31112480866.143414,26034258938.870544,379,0.004386574074,728,1295065156.901304,,3461846.03166314,,8571392.464864,,15.061492836728,,,,
2017-11-06,1046,14791,21914,22860,1912,20791,22418,48,18341,24690,24424,24269,24037,22167,16876,22607,19701,23212,21467,5244,,,,,,,,,1613888540,4320,678.108333333333,,,,,,,,0.1669989,,0.171246,,78.82348,,0,0,0,,0,,0.643640983347,16.80356439388,,14.060863490514,,,,,,,,,,,0.000143889238,26430446657.319934,26430446657.319934,1137909040.103883,26430446657.319934,26430446657.319934,14710131686.285021,26430446657.319934,26430446657.319934,26430446657.319934,5395077627.118469,26430446657.319934,26430446657.319934,84.9512671072,30594061789.801614,31112415820.566871,31112479783.206932,20025267728.313922,31110857292.150223,31112475117.90916,8170262841.215115,31079805079.450052,31112480787.280494,31112480786.232479,31112480776.18995,31112480259.501627,31112477956.066305,31112455863.964073,30994059926.355763,31104221828.025411,31112105312.788946,25700384183.62567,,,,,,,,,9301536436.275859,21473286587.890295,11282950659.564244,31112480787.319934,26034258860.047064,472,0.005462962963,919,1851540545.686291,,3231319.28897541,,8174292.575471001,,15.156939536529,,,,
2017-11-07,858,14824,22053,23006,1913,20898,22560,49,18424,24855,24586,24431,24195,22307,16918,22751,19790,23362,21590,5257,,,,,,,,,1613888556,4320,704.603240740741,,,,,,,,0.1584344,,0.171246,,63.690628,,0,0,0,,0,,0.642722321626,17.337817742313,,14.507915266449,,,,,,,,,,,0.00014679768,26477216743.629306,26477216743.629306,1262915602.046413,26477216743.629306,26477216743.629306,14362859807.389669,26477216743.629306,26477216743.629306,26477216743.629306,5250274499.323689,26477216743.629306,26477216743.629306,85.1015930836,30589248398.997059,31112415202.290405,31112479709.940073,19996685842.232538,31110818460.722941,31112475009.549715,8240302388.920889,31079530000.798092,31112480723.589751,31112480722.541736,31112480712.232205,31112480191.034768,31112477867.70686,31112455578.804628,30991329752.595506,31104059965.006678,31112094940.89782,25684809102.407255,,,,,,,,,9348070796.495195,21478488983.227232,11323495756.758512,31112480723.629306,26034258796.356436,402,0.004652777778,764,1794486548.771297,,3511762.25487321,,7849794.190521,,15.243174618582,,,,
2017-11-08,790,14835,22166,23131,1909,20998,22680,49,18470,24995,24723,24568,24333,22422,16949,22874,19871,23488,21699,5260,,,,,,,,,1613888571,4320,699.589351851852,,,,,,,,0.16283501,,0.171246,,57.969264,,0,0,0,,0,,0.641957329674,22.723874892004,,19.014852747828,,,,,,,,,,,0.000148029395,26501881399.660042,26501881399.660042,1116575028.36441,26501881399.660042,26501881399.660042,14157087501.312376,26501881399.660042,26501881399.660042,26501881399.660042,2989766933.896844,26501881399.660042,26501881399.660042,85.1808690038,30584224127.85449,31112414395.387085,31112479644.158927,19972885007.662461,31110798777.305574,31112474855.345699,8265499681.65624,31078758149.73064,31112480665.62023,31112480664.572215,31112480654.36974,31112480126.608431,31112477782.981592,31112455095.712422,30989848994.397563,31103927765.002934,31112090330.872124,25674062979.076657,,,,,,,,,9373268089.230546,21496066797.92542,11361853882.093863,31112480665.660042,26034258738.387172,356,0.00412037037,681,1369153844.294754,,3033702.68986674,,7628611.825863499,,15.309577308796,,,,
2017-11-09,1333,14849,22316,23307,1911,21116,22842,49,18542,25206,24924,24767,24520,22578,16995,23046,19970,23662,21835,5270,,,,,,,,,1613888587,4320,690.100925925926,,,,,,,,0.16204843,,0.171246,,95.284479,,0,0,0,,0,,0.641327679937,18.172940799529,,15.206728374183,,,,,,,,,,,0.000151132264,26559885298.375563,26559885298.375563,1067815496.787925,26559885298.375563,26559885298.375563,13863056162.131177,26559885298.375563,26559885298.375563,26559885298.375563,2752213621.184126,26559885298.375563,26559885298.375563,85.3673021613,30577138690.675176,31112412809.419125,31112479539.078259,19953294981.270771,31110758911.320033,31112474520.809843,8266732106.234316,31078095291.125672,31112480570.33388,31112480569.267801,31112480558.450267,31112480022.296917,31112477652.252901,31112454320.173568,30987625076.506489,31103784555.464031,31112082036.780549,25661282027.977193,,,,,,,,,9374500513.808622,21518288196.524999,11391737362.533987,31112480570.375563,26034258643.102693,588,0.006805555556,1128,1712022336.592937,,2996917.45274455,,7319969.2967925,,15.418232237091,,,,
2017-11-10,1160,14860,22451,23461,1912,21219,22986,49,18616,25410,25124,24961,24709,22716,17039,23194,20048,23821,21961,5289,,,,,,,,,1613888617,4320,711.902546296296,,,,,,,,0.1612505,,0.171246,,88.204026,,0,0,0,,0,,0.640364038152,8.041568942797,,6.729271448933,,,,,,,,,,,0.000155085452,26618964448.171537,26618964448.171537,3690743212.452201,26618964448.171537,26618964448.171537,13589216845.264358,26618964448.171537,26618964448.171537,26618964448.171537,4925463829.329415,26618964448.171537,26618964448.171537,85.5571913124,30568378858.704549,31112411223.592087,31112479423.411795,19923313638.503378,31110710572.953328,31112474255.866077,8277622218.791463,31077789690.1717,31112480482.129711,31112480481.036563,31112480470.099838,31112479912.888576,31112477485.973174,31112453638.347468,30985618852.774846,31103590683.152861,31112075092.014203,25656937453.133326,,,,,,,,,9385390626.365769,21533119587.953155,11412477448.119765,31112480482.171537,26035258555.069913,547,0.006331018519,1041,3868956506.30937,,5481539.72810713,,7197013.827847,,15.601640442688,,,,
2017-11-11,737,14863,22530,23549,1907,21275,23070,49,18651,25531,25239,25074,24819,22795,17053,23279,20088,23912,22030,5288,,,,,,,,,1613888655,4320,665.728472222222,,,,,,,,0.1572096,,0.171246,,52.508007,,0,0,0,,0,,0.639809973719,33.087552319264,,27.688019918456,,,,,,,,,,,0.000157461073,26653640482.66353,26653640482.66353,3454207704.724607,26653640482.66353,26653640482.66353,13389368328.006346,26653640482.66353,26653640482.66353,26653640482.66353,4897987387.676145,26653640482.66353,26653640482.66353,85.6686452336,30564953542.548132,31112410891.341681,31112479353.719019,19906075286.042574,31110675141.068175,31112474163.587269,8316622228.448971,31077584516.517147,31112480429.620914,31112480428.502712,31112480417.371802,31112479847.23095,31112477389.309504,31112453222.297062,30984319250.651279,31103451416.25795,31112067241.090005,25650719731.964728,,,,,,,,,9424390636.023277,21554310342.861002,11464983481.092215,31112480429.66353,26035258502.561906,334,0.003865740741,637,940307706.337922,,2588810.93688558,,6075209.9184995,,15.654644040062,,,,
2017-11-12,800,14874,22633,23654,1914,21366,23171,48,18702,25656,25364,25199,24941,22896,17086,23380,20154,24020,22128,5299,,,,,,,,,1613888672,4320,705.145601851852,,,,,,,,0.15543948,,0.171246,,61.243157,,0,0,0,,0,,0.639384660108,29.782489468776,,24.922307741573,,,,,,,,,,,0.000160016826,26707312627.420373,26707312627.420373,646459787.197698,26707312627.420373,26707312627.420373,13166325297.75214,26707312627.420373,26707312627.420373,26707312627.420373,5035699610.182696,26707312627.420373,26707312627.420373,85.8411554179,30558475702.790797,31112411428.160146,31112479279.31576,19892842685.466676,31110654876.800972,31112474044.176628,8225807401.352695,31077134695.335487,31112480368.377757,31112480367.253417,31112480356.061553,31112479777.200345,31112477282.438385,31112453118.686421,30983015739.085025,31103290682.964025,31112063443.046463,25642566497.952971,,,,,,,,,9358131325.57683,21554008583.133451,11408122934.934888,31112480368.420373,26035258441.318749,394,0.004560185185,734,1044656807.519034,,6119977.95482487,,8201235.4922745,,15.799025481991,,,,
2017-11-13,813,14880,22753,23786,1916,21464,23300,48,18754,25824,25528,25358,25092,23017,17116,23512,20235,24155,22244,5311,,,,,,,,,1613888688,4320,700.682407407407,,,,,,,,0.16285138,,0.171246,,62.372078,,0,0,0,,0,,0.638743039276,9.954423032308,,8.339567062907,,,,,,,,,,,0.000163191853,26730392038.048295,26730392038.048295,2853463630.05992,26730392038.048295,26730392038.048295,12845340790.321146,26730392038.048295,26730392038.048295,26730392038.048295,7010063221.20714,26730392038.048295,26730392038.048295,85.9153361452,30551527931.522802,31112410642.478243,31112479201.361184,19872880230.100794,31110616262.077271,31112473913.283568,8225766845.407727,31076431876.424698,31112480306.005441,31112480304.845956,31112480293.306871,31112479707.031743,31112477201.853014,31112452407.964431,30981169451.06571,31103133932.647817,31112060362.142259,25639059674.147385,,,,,,,,,9364042250.782033,21566702692.785489,11422408234.62193,31112480306.048295,26065259147.974147,383,0.00443287037,735,3125493080.319164,,19921593.97751378,,7011201.721245,,16.269652459168,,,,
2017-11-14,986,14895,22882,23926,1910,21564,23434,49,18792,25988,25692,25518,25251,23152,17144,23652,20308,24299,22368,5314,,,,,,,,,1613888705,4320,675.847453703704,,,,,,,,0.16033931,,0.171246,,71.83201,,0,0,0,,0,,0.637830762321,24.720554907335,,20.710263640668,,,,,,,,,,,0.000167741924,26750872336.216285,26750872336.216285,2902227190.725813,26750872336.216285,26750872336.216285,12596380849.085704,26750872336.216285,26750872336.216285,26750872336.216285,6956976965.279707,26750872336.216285,26750872336.216285,85.9811629765,30548161545.562954,31112409406.317702,31112479115.836524,19844496985.48984,31110556703.993557,31112473749.695616,8294850825.998465,31075500190.687741,31112480234.173379,31112480232.991182,31112480221.361132,31112479626.364943,31112477116.328354,31112452354.176479,30979747018.576862,31102882577.0124,31112054545.146546,25629533484.631247,,,,,,,,,9402619233.572771,21586942556.226293,11467200176.559968,31112480234.216285,26065259076.142137,448,0.005185185185,851,1258567226.781169,,2114912.47572765,,2823518.120661,,16.327500360459,,,,
2017-11-15,1000,14900,23000,24049,1911,21673,23552,49,18826,26139,25838,25661,25391,23270,17163,23772,20377,24423,22491,5325,,,,,,,,,1613888740,4320,703.795833333333,,,,,,,,0.16058605,,0.171246,,70.979033,,0,0,0,,0,,0.637128898632,23.97326880818,,20.084205997308,,,,,,,,,,,0.000169563332,26782504663.237252,26782504663.237252,913254185.759839,26782504663.237252,26782504663.237252,12419495907.777314,26782504663.237252,26782504663.237252,26782504663.237252,6760708222.964776,26782504663.237252,26782504663.237252,86.0828340355,30543706069.17546,31112409431.855316,31112479034.583707,19822660220.124776,31110530818.839251,31112473601.745547,8304471761.306055,31074660620.475812,31112480163.192965,31112480162.003916,31112480150.196825,31112479546.217382,31112477013.414881,31112452137.69752,30978038516.664968,31102626420.669412,31112056244.694965,25626308191.648665,,,,,,,,,9412240168.880361,21597062477.932547,11496261436.401493,31112480163.237252,26065259005.163104,442,0.005115740741,845,1297798828.027216,,2344761.71005882,,6549597.5214525,,16.391182998215,,,,
2017-11-16,968,14912,23143,24214,1906,21786,23713,50,18884,26327,26022,25843,25569,23422,17200,23935,20461,24588,22621,5337,,,,,,,,,1613888775,4320,675.534027777778,,,,,,,,0.1624693,,0.171246,,71.973901,,0,0,0,,0,,0.636049798285,19.689660209333,,16.495505667094,,,,,,,,,,,0.000173116795,26806084807.263351,26806084807.263351,1126327648.87812,26806084807.263351,26806084807.263351,12398365242.493915,26806084807.263351,26806084807.263351,26806084807.263351,7114155407.596351,26806084807.263351,26806084807.263351,86.1586242197,30537194405.649591,31112407253.219706,31112478955.57863,19789086686.190043,31110483983.377127,31112473462.511364,8341650690.822308,31073921886.795493,31112480091.217837,31112480090.019426,31112480078.124549,31112479467.212305,31112476915.980698,31112451324.463337,30976056105.302361,31102423174.080465,31112044352.777126,25618575550.823557,,,,,,,,,9429427822.736614,21615608903.435334,11530411496.235897,31112480091.263351,26065258933.189203,443,0.005127314815,858,1580143068.010682,,2710681.13169647,,6285948.18704,,16.465936459974,,,,
2017-11-17,817,14922,23304,24385,1908,21909,23876,50,18937,26518,26211,26030,25752,23586,17233,24102,20551,24761,22769,5350,,,,,,,,,1613888795,4320,703.13125,,,,,,,,0.16418851,,0.171246,,60.749748,,0,0,0,,0,,0.635286728685,9.379888206402,,7.862004657253,,,,,,,,,,,0.000177932203,26830202345.513603,26830202345.513603,3219243028.444829,26830202345.513603,26830202345.513603,12302034114.484006,26830202345.513603,26830202345.513603,26830202345.513603,7061314557.385727,26830202345.513603,26830202345.513603,86.2361416358,30531164589.213749,31112406479.340234,31112478887.315498,19765345659.866714,31110427063.819536,31112473280.120395,8327591052.922664,31072988328.931538,31112480030.467999,31112480029.252892,31112480017.277049,31112479400.453093,31112476820.623726,31112451167.701298,30974008207.09216,31102126305.672679,31112035780.111067,25613254771.931197,,,,,,,,,9415368184.83697,21627480099.487701,11537915366.025033,31112480030.513603,26077758872.610701,370,0.004282407407,718,3316935057.848315,,5905128.13953494,,6185764.6864425,,16.602212417414,,,,
2017-11-18,963,14908,23460,24562,1911,22031,24050,49,18979,26716,26407,26224,25943,23751,17248,24272,20636,24942,22910,5348,,,,,,,,,1613888813,4319,705.790692289882,,,,,,,,0.16240694,,0.171246,,72.758308,,0,0,0,,0,,0.635578000593,27.640207090289,,23.167380249251,,,,,,,,,,,0.000181660412,26848596544.755295,26848596544.755295,3027142060.114698,26848596544.755295,26848596544.755295,12288465563.889915,26848596544.755295,26848596544.755295,26848596544.755295,4462924086.911309,26848596544.755295,26848596544.755295,86.295263448,30521712390.155191,31112404015.831096,31112478803.691901,19774407805.055219,31110381527.982024,31112473243.012243,8288572760.265156,31071927813.769866,31112479957.709055,31112479956.483692,31112479944.378004,31112479322.834475,31112476683.429617,31112450625.544216,30971335024.284294,31101849220.689168,31112022880.709849,25608878298.082336,,,,,,,,,9405488809.754198,21671709353.278685,11551387264.585391,31112479957.755295,26077758799.852393,448,0.005185185185,866,1125623981.619399,,5308882.72373298,,7778281.37982,,16.749982497232,,,,
2017-11-19,973,14907,23608,24735,1911,22137,24216,49,19013,26926,26614,26428,26142,23909,17261,24444,20711,25119,23035,5358,,,,,,,,,1613888830,4314,675.680111265647,,,,,,,,0.16550653,,0.171246,,73.319392,,0,0,0,,0,,0.634876280904,23.959955935659,,20.082679114918,,,,,,,,,,,0.000186363196,26858347690.435903,26858347690.435903,953898533.135655,26858347690.435903,26858347690.435903,12133078287.172249,26858347690.435903,26858347690.435903,26858347690.435903,4470630942.3986,26858347690.435903,26858347690.435903,86.3266052407,30517030506.857862,31112401108.854272,31112478711.080491,19752575518.741921,31110324194.987708,31112473031.358939,8288572760.265156,31070961689.026277,31112479884.389204,31112479883.149573,31112479870.91216,31112479238.073147,31112476581.017313,31112449800.908842,30969384227.567521,31101580534.786252,31112002431.429916,25606622009.7166,,,,,,,,,9405488809.754198,21697838034.994734,11567141454.491733,31112479884.435903,26077758726.533001,443,0.005127314815,860,1298519912.473296,,2252496.88208694,,6032543.504797,,16.812245246903,,,,
2017-11-20,1474,14911,23824,24981,1914,22314,24452,49,19070,27208,26890,26702,26411,24135,17286,24684,20839,25367,23234,5359,,,,,,,,,1613888845,4320,724.162731481481,,,,,,,,0.16596763,,0.171246,,112.526056,,0,0,0,,0,,0.634644381716,8.342915645202,,6.998201510102,,,,,,,,,,,0.000191267435,26873588497.909847,26873588497.909847,2800219060.912789,26873588497.909847,26873588497.909847,11934822268.456587,26873588497.909847,26873588497.909847,26873588497.909847,4366276884.428611,26873588497.909847,26873588497.909847,86.3755917076,30510154016.87539,31112398627.105097,31112478585.405599,19745360488.485805,31110264447.209751,31112472802.32947,8267234983.733826,31069141429.761538,31112479771.862184,31112479770.606835,31112479758.064801,31112479112.953349,31112476422.142095,31112448840.512953,30965923854.078553,31101188831.466849,31111986488.685949,25598882366.712234,,,,,,,,,9384151033.222868,21745440342.581887,11582341243.271832,31112479771.909847,26097759126.691929,678,0.007847222222,1319,3729209438.885286,,8960702.90665962,,5894743.461155,,17.192130396282,,,,
2017-11-21,1163,14896,24026,25209,1915,22480,24666,49,19158,27467,27145,26954,26657,24342,17294,24904,20963,25602,23425,5353,,,,,,,,,1613888860,4320,684.896527777778,,,,,,,,0.16845668,,0.171246,,91.303519,,0,0,0,,0,,0.63502796922,31.373005885412,,26.316293532967,,,,,,,,,,,0.000195903206,26883800106.606328,26883800106.606328,2824773075.216619,26883800106.606328,26883800106.606328,11840704222.736345,26883800106.606328,26883800106.606328,26883800106.606328,4333653678.28696,26883800106.606328,26883800106.606328,86.4084135453,30500800149.706223,31112396891.240712,31112478480.55592,19757294788.985318,31110206815.612303,31112472533.703701,8268295307.345052,31068095987.583008,31112479680.55825,31112479679.283503,31112479666.595055,31112479013.732776,31112476265.618885,31112448001.726527,30960618614.481721,31100850296.912508,31111977601.100595,25595910699.776546,,,,,,,,,9385361356.834094,21808794753.563706,11601979563.25161,31112479680.606328,26097759035.38841,542,0.006273148148,1066,991695848.15185,,3651863.41353381,,5919122.2947715,,17.317253433999,,,,
2017-11-22,1014,14910,24184,25393,1909,22611,24837,49,19218,27675,27353,27159,26854,24504,17335,25080,21063,25793,23577,5356,,,,,,,,,1613888873,4320,711.621527777778,,,,,,,,0.16393294,,0.171246,,77.04848,,0,0,0,,0,,0.633988470839,21.69720707976,,18.200043444046,,,,,,,,,,,0.000199183063,27020922723.557848,27020922723.557848,937468778.003675,27020922723.557848,27020922723.557848,11727253542.489959,27020922723.557848,27020922723.557848,27020922723.557848,4398416868.620126,27020922723.557848,27020922723.557848,86.8491456414,30493577445.621084,31112395253.7073,31112478387.531377,19724953367.8837,31110161358.268749,31112472323.993991,8278009639.651767,31067154493.006206,31112479603.509808,31112479602.221608,31112479589.269754,31112478932.768919,31112476109.641899,31112447130.413229,30958446094.107943,31100623725.714685,31111970069.90195,25581808806.596586,,,,,,,,,9395356064.340809,21834124801.912811,11638767126.875707,31112479603.557848,26097758958.33993,470,0.005439814815,904,1433939377.044577,,2287689.25574501,,5667969.954355501,,17.383724266533,,,,
2017-11-23,1041,14904,24353,25593,1906,22740,25022,49,19264,27904,27576,27379,27069,24685,17349,25269,21151,25997,23726,5354,,,,,,,,,1613888888,4320,710.437268518519,,,,,,,,0.16818755,,0.171246,,81.570962,,0,0,0,,0,,0.633748634495,26.113772728558,,21.899709437173,,,,,,,,,,,0.00020345938,27049955633.986886,27049955633.986886,957777970.140013,27049955633.986886,27049955633.986886,11695049430.830023,27049955633.986886,27049955633.986886,27049955633.986886,4338461309.134929,27049955633.986886,27049955633.986886,86.9424618339,30487657686.458196,31112392248.621254,31112478293.449803,19717491412.827758,31110101584.633063,31112472082.291892,8291911394.781255,31066035619.565186,31112479521.937744,31112479520.616253,31112479507.507735,31112478842.36383,31112475929.5398,31112446511.83327,30955460840.385805,31100330049.913974,31111952440.823478,25576681974.759043,,,,,,,,,9414257819.270297,21881300185.704409,11687528755.655101,31112479521.986886,26091758876.968968,485,0.005613425926,947,1191420322.348237,,2332214.02416595,,5509063.577752,,17.454712118766,,,,
2017-11-24,1029,14890,24513,25761,1904,22876,25184,49,19303,28103,27771,27572,27260,24850,17361,25434,21236,26173,23875,5356,,,,,,,,,1613888905,4320,677.978009259259,,,,,,,,0.16594428,,0.171246,,77.661925,,0,0,0,,0,,0.633547822128,22.30330064509,,18.70414545075,,,,,,,,,,,0.00020540531,27073446012.324961,27073446012.324961,797874697.871567,27073446012.324961,27073446012.324961,11463572943.269978,27073446012.324961,27073446012.324961,27073446012.324961,4261985031.402434,27073446012.324961,27073446012.324961,87.0179635177,30479832272.972044,31112391332.670515,31112478195.551388,19711243592.969396,31110069008.640311,31112471897.304945,8294006799.211693,31064875850.198452,31112479444.275431,31112479442.937518,31112479429.766356,31112478756.669642,31112475799.352853,31112446635.504446,30952426917.412056,31099957176.864936,31111945081.531135,25579987167.85336,,,,,,,,,9425503297.529489,21920270038.081298,11735021256.571801,31112479444.324961,26091758799.307043,468,0.005416666667,907,1394971979.233673,,2449399.72403671,,5373803.489676,,17.526117771576,,,,
2017-11-25,1085,14894,24674,25945,1907,22994,25363,50,19357,28309,27973,27774,27459,25016,17383,25614,21313,26359,24022,5361,,,,,,,,,1613888922,4320,708.177777777778,,,,,,,,0.16752155,,0.171246,,82.420601,,0,0,0,,0,,0.633187289191,21.759969770966,,18.24849361398,,,,,,,,,,,0.000210900407,27097473135.90436,27097473135.90436,953590039.301417,27097473135.90436,27097473135.90436,11427506183.581271,27097473135.90436,27097473135.90436,27097473135.90436,4307103600.559704,27097473135.90436,27097473135.90436,87.0951903919,30473051792.295981,31112389269.86893,31112478102.656382,19700026467.171581,31110002302.45133,31112471762.958158,8295344019.623333,31064045331.614878,31112479361.854457,31112479360.51742,31112479347.218796,31112478667.603566,31112475686.228741,31112445566.20459,30949702085.933566,31099633457.377836,31111931017.602242,25572327908.586506,,,,,,,,,9408034235.941129,21943385828.276814,11745162053.930175,31112479361.90436,26091758716.886442,492,0.005694444444,957,1429803427.549648,,2091892.83612446,,5228883.8502124995,,17.59046310598,,,,
2017-11-26,1757,14892,24892,26186,1904,23153,25595,49,19422,28625,28278,28076,27752,25243,17398,25847,21422,26611,24209,5359,,,,,,,,,1613888937,4320,708.349768518519,,,,,,,,0.16775173,,0.171246,,129.839839,,0,0,0,,0,,0.632739919611,18.671685753005,,15.658575886762,,,,,,,,,,,0.000216875437,27118143009.064521,27118143009.064521,999221466.768491,27118143009.064521,27118143009.064521,11456203618.819263,27118143009.064521,27118143009.064521,27118143009.064521,4152300900.693443,27118143009.064521,27118143009.064521,87.1616267119,30466176972.472629,31112386742.836916,31112477935.500554,19686107608.185677,31109925941.430162,31112471516.339581,8255480354.155582,31062863743.485072,31112479232.01285,31112479230.669827,31112479217.085559,31112478515.444545,31112475473.518948,31112444849.309388,30945252444.990877,31099233723.359706,31111909929.689098,25566823951.904288,,,,,,,,,9398266904.269576,22002014852.088188,11773074305.163227,31112479232.064521,26091758587.046603,774,0.008958333333,1510,1666291926.911737,,1784147.18813791,,5084096.111150499,,17.677054229687,,,,
2017-11-27,2668,14880,25234,26576,1909,23401,25970,49,19505,29118,28762,28546,28213,25607,17410,26229,21589,27013,24514,5370,,,,,,,,,1613888951,4319,779.643435980551,,,,,,,,0.16763395,,0.171246,,203.50762,,0,0,0,,0,,0.632645417257,17.77299949583,,14.904913496938,,,,,,,,,,,0.000227600668,27148179279.556901,27148179279.556901,1359065172.13778,27148179279.556901,27148179279.556901,11563688978.637509,27148179279.556901,27148179279.556901,27148179279.556901,4464196788.999479,27148179279.556901,27148179279.556901,87.2581681924,30454312377.156479,31112381172.613405,31112477681.181572,19683167276.933752,31109786303.669622,31112471065.033152,8258735577.038932,31060839650.030799,31112479028.502874,31112479027.054816,31112479013.02169,31112478278.815088,31112475145.03362,31112443538.078873,30938485840.29184,31098626081.6291,31111878207.350287,25567895243.598996,,,,,,,,,9407553946.591465,22087682585.0589,11830918193.965119,31112479028.556901,26091758383.538983,1214,0.014050925926,2364,1750547454.629551,,2871191.09253991,,5043778.0121185,,17.895214259107,,,,
2017-11-28,4719,14898,25890,27352,1928,23837,26700,49,19655,30074,29703,29474,29117,26296,17480,26974,21846,27806,25084,5389,,,,,,,,,1613888968,4320,871.544212962963,,,,,,,,0.16986752,,0.171246,,376.086687,,0,0,0,,0,,0.632001289583,9.051761496745,,7.591049660567,,,,,,,,,,,0.000252013412,27222384023.470214,27222384023.470214,1772835589.341473,27222384023.470214,27222384023.470214,11661892470.482998,27222384023.470214,27222384023.470214,27222384023.470214,3024133536.73279,27222384023.470214,27222384023.470214,87.4966740116,30438385964.410353,31112371804.539068,31112477217.892969,19663126630.490243,31109480247.364476,31112470103.11988,8261492790.946086,31057673791.593782,31112478652.414117,31112478650.879277,31112478635.524101,31112477847.355525,31112474456.257257,31112439440.02549,30930810953.179296,31097337418.222916,31111810887.714514,25549514621.076257,,,,,,,,,9399578744.841444,22225578454.687987,11897799712.496202,31112478652.470214,26091758007.452296,2214,0.025625,4350,3437173931.688288,,1642059.87237962,,4807668.125739,,18.124799540781,,,,
2017-11-29,2702,14897,26352,27897,1929,24092,27220,50,19730,30700,30325,30086,29715,26799,17518,27512,22003,28363,25455,5389,,,,,,,,,1613888986,4320,748.983564814815,,,,,,,,0.16322533,,0.17107,,207.949075,,0,0,0,,0,,0.631629802562,35.155104654292,,29.482012424423,,,,,,,,,,,0.000274049311,27315318028.521139,27315318028.521139,1804644724.211617,27315318028.521139,27315318028.521139,11877222972.628176,27315318028.521139,27315318028.521139,27315318028.521139,3293007904.030154,27315318028.521139,27315318028.521139,87.7953779132,30428323962.298465,31112361582.291202,31112476961.106379,19651568617.135116,31109196646.236152,31112469524.49314,8300788117.121854,31055390231.697686,31112478444.464592,31112478442.871114,31112478427.027784,31112477613.161253,31112474136.069484,31112437494.38711,30926617013.431448,31096427798.661436,31111742733.264144,25539754164.743851,,,,,,,,,9418538175.505727,22336704862.850991,11975210850.759045,31112478444.521139,26091757799.503221,1274,0.01474537037,2457,885005997.008822,,2488753.65616489,,5187951.5565565005,,18.321340343955,,,,
2017-11-30,6444,14966,27773,29517,1922,25048,28796,51,20123,32452,32063,31811,31415,28312,17720,29104,22687,30003,26685,5417,,,,,,,,,1613889001,4318,947.590551181102,,,,,,,,0.16937319,,0.171246,,544.873563,,0,0,0,,0,,0.627365432149,4.296311935347,,3.603002271281,,,,,,,,,,,0.000326359791,27353420189.647576,27353420189.647576,4634101732.836242,27353420189.647576,27353420189.647576,12212866423.514548,27353420189.647576,27353420189.647576,27353420189.647576,6372583385.668561,27353420189.647576,27353420189.647576,87.9178453027,30384975173.257303,31112336603.005001,31112476352.748849,19518893142.752511,31108515006.474152,31112468367.413262,8329547045.325433,31047647902.847576,31112477899.588334,31112477897.912915,31112477881.13689,31112477032.062665,31112473288.34154,31112431432.330558,30907732304.537892,31094076009.782751,31111590622.01182,25465617228.588961,,,,,,,,,9426376829.871868,22556022812.531822,12142712693.29276,31112477899.647576,26091757354.800728,3217,0.037233796296,6343,7241671081.578789,,2390031.5404681,,4364138.974755,,18.808604010093,,,,
2017-12-01,6231,14987,28614,30558,1920,25422,29775,53,20186,33627,33226,32964,32522,29239,17754,30113,22850,31074,27322,5443,27815,6702,29537,18285,13,30341,23531,407,1613889020,4320,938.763657407407,3563976090.254889007097721055043,5.394496234341,4.529864305043,4043203619.865185723332916055043,,3395157390.055519371697459200063,749505318.796326101646769841377,0.1710796,0.0222325483663515925828,0.17107,0.02223130080402202801,526.069775,68.365086876303193840325,0,0,0,0,0,0,0.625148340895,3.35396892244,,2.816393494775,,0.000012022843028106617,0.129954409329643,,,,,,,,0.000374505784,27424818508.577801,27424818508.577801,6835706375.990576,27424818508.577801,27424818508.577801,12418207522.678965,27424818508.577801,27424818508.577801,27424818508.577801,8729087539.761917,27424818508.577801,27424818508.577801,88.1473313079,30376961516.1222,31112314144.147251,31112475746.695942,19449913611.215471,31107881577.279874,31112467000.85908,8387508961.212592,31044200182.78862,31112477373.515636,31112477371.761479,31112477353.497408,31112476481.34112,31112472461.857418,31112426088.36995,30903009145.903062,31092197359.300505,31111439710.152062,25459831789.394378,31112474617.598727,31112454701.097132,31111898727.547434,26556539371.531287,30950290227.508187,6527781082.202322,31098354411.795889,12847356047.894669,9440846256.778263,22723178833.697702,12271629689.301411,31112477373.577801,26125757545.042941,3075,0.035590277778,6052,9276316535.139374,1205498236.078837892392914663482,4048209.11720504,526082.62466925650304418100072,4088829.533921,531361.426930303041739320203,19.596062082871,,,,
2017-12-02,4386,15014,29452,31577,1915,25903,30746,53,20314,34767,34351,34060,33593,30152,17819,31096,23130,32120,28004,5455,28585,7097,30493,18421,15,31350,23903,434,1613889034,4320,873.270833333333,3670408714.824657551222025153715,5.099227025891,4.281920948753,4152084368.746707945452350153715,,3486586682.502660510241115165815,814257601.723739879500916168049,0.16824838,0.0224534185705810280707,0.17107,0.02282997503375245855,381.75557,50.94680617347249110105,0,0,0,0,0,0,0.623298982423,8.776312741301,,7.369641945531,,0.000012204453995069146,0.133453995637765,,,0.129954409329643,0.0000120228430281067,0.000281538746674472,0.109165372810923,0.129954409329643,0.000411023311,27503175886.822231,27503175886.822231,6238702603.763079,27503175886.822231,27503175886.822231,12224436752.902846,27503175886.822231,27503175886.822231,27503175886.822231,8953595587.478333,27503175886.822231,27503175886.822231,88.3991843338,30361553734.311094,31112295019.39973,31112475301.709558,19392375249.670536,31107392449.540183,31112466110.512889,8401504792.632162,31039966191.628109,31112476991.756736,31112476989.770933,31112476970.78889,31112476084.257203,31112471756.626926,31112420634.258899,30895148624.970196,31090544856.082759,31111318043.182445,25435831965.603661,31112474142.01955,31112453100.228227,31111851727.387412,26825365176.074574,30947922861.679449,6680125885.031252,31097447693.370547,13056123708.954461,9456283765.369079,22884980820.48872,12370447469.21834,31112476991.822231,26125757163.287371,2269,0.026261574074,4445,3545051083.401692,473101231.81994349136522009838,1571441.76516023,209715.18247269506597626408595,3875956.113364,517261.83024504783981959146,19.820572208789,,,,
2017-12-03,3920,15019,30145,32412,1901,26297,31536,53,20418,35715,35285,34973,34499,30904,17862,31906,23360,32984,28564,5465,29176,7027,31259,18440,15,32176,24145,421,1613889048,4320,847.510185185185,3635765280.736827330329229492484,4.842024591009,4.065943011134,4107002442.127950254258197492484,,3448730497.422304743588748132924,848199418.432173275345916191555,0.16948914,0.02237341371293113014444,0.17107,0.02258209513524659122,334.232577,44.120370907304797532742,0,0,0,0,0,0,0.621425710831,9.76398379443,,8.199008683993,,0.000011771506489764278,0.132004998744646,,,0.133453995637765,0.0000122044539950692,0.000290207538041744,0.11227384166061,0.133453995637765,0.000441068859,27542633349.589654,27542633349.589654,1287865470.77353,27542633349.589654,27542633349.589654,11981647965.734029,27542633349.589654,27542633349.589654,27542633349.589654,8972611741.674637,27542633349.589654,27542633349.589654,88.5260072758,30348529908.460677,31112279693.067698,31112474895.081055,19334092922.663903,31106978041.396522,31112465182.170103,8421213244.317269,31036185088.651446,31112476657.522736,31112476655.396954,31112476635.851719,31112475721.227453,31112471147.324316,31112416926.203672,30888286229.294331,31089186069.416195,31111215010.860018,25423497371.419714,31112473687.196128,31112450857.29213,31111779655.057039,26753021329.634369,30939327517.208347,6694433979.746841,31096227789.993918,12971066936.396558,9475820270.88294,23024290515.979934,12466570877.290372,31112476657.589654,26125756829.054794,1972,0.022824074074,3874,3186453123.297834,420627740.540803903025570896764,1473885.75255544,194560.28691583248218651817424,3752053.5480405,495289.823898930772753166163,20.00409472591,,,,
2017-12-04,5293,15057,31148,33635,1898,26891,32676,52,20627,37029,36586,36241,35775,31995,17960,33088,23735,34228,29354,5480,30105,7192,32391,18619,16,33392,24641,446,1613889064,4320,891.328240740741,3768971314.194444191294108694288,4.592728015233,3.859176777715,4249514335.664521178844896694288,,3570781240.771756562187344095146,925270192.698027632393428088188,0.17056447,0.02329664010345106347858,0.17107,0.02336568819108325098,472.122462,64.485101041085818084068,0,0,0,0,0,0,0.619235028949,2.842311423323,,2.388336997867,,0.000011813182876342967,0.136585539200814,,,0.132004998744646,0.0000117715064897642,0.000284257014769687,0.10937693135763,0.132004998744646,0.000480063998,27594219243.467192,27594219243.467192,3427557153.467687,27594219243.467192,27594219243.467192,12025384033.741098,27594219243.467192,27594219243.467192,27594219243.467192,8927099240.678441,27594219243.467192,27594219243.467192,88.6918131459,30327150840.157606,31112258060.088436,31112474365.262146,19265935091.381215,31106448173.480637,31112463612.086824,8384673219.147385,31031292894.8308,31112476185.399123,31112476183.03584,31112476163.328671,31112475230.577689,31112470287.985808,31112411795.348274,30877406859.893205,31087395508.741935,31111055820.287615,25390671527.733264,31112473136.787656,31112449280.439382,31111734283.120924,26832249410.231119,30934717629.225827,6770687762.474776,31095410836.935279,13141863781.068363,9465963649.553093,23184524357.400198,12556684127.62689,31112476185.467192,26143186618.913139,2768,0.032037037037,5467,10946188348.739628,1495091037.806269928103291657192,6030728.1967117,823710.2625214202242007633238,3676783.730744,502195.488388449759121625616,21.063798244822,,,,
2017-12-05,6005,15093,32155,34890,1871,27438,33874,52,20779,38440,37984,37591,37113,33110,18029,34310,24019,35510,30135,5490,30869,6673,33530,18585,14,34623,24846,389,1613889079,4320,957.93587962963,3566739091.719694956887004871235,4.179247107021,3.511736972562,4009391182.066183165826296871235,,3369010467.907444696368058187858,959357290.773951125043856578927,0.17054855,0.02197818843452854669745,0.17107,0.02204538646323758533,536.204627,69.099422608237321881413,0,0,0,0,0,0,0.615284025579,4.853147417863,,4.07800179893,,0.000010979836086071163,0.128867635840519,,,0.136585539200814,0.0000118131828763429,0.000292536761355249,0.114556193750199,0.136585539200814,0.000523869664,27677539581.262565,27677539581.262565,3701558466.788433,27677539581.262565,27677539581.262565,12092995614.801134,27677539581.262565,27677539581.262565,27677539581.262565,8936014887.15517,27677539581.262565,27677539581.262565,88.9596183,30313674653.272551,31112230021.741787,31112473730.111934,19143009263.218966,31105829258.533478,31112462258.033571,8394533717.756501,31026770244.480134,31112475649.191238,31112475646.457905,31112475625.742848,31112474657.458881,31112469404.272812,31112403782.223985,30868947687.712206,31085317232.681233,31110876867.139292,25361360545.582425,31112472362.846662,31112444186.70769,31111554329.789918,26400059325.484024,30918500711.510693,6632670833.7687,31092780088.911599,12726096717.146684,9479862868.515088,23361149046.610076,12687107484.239312,31112475649.262565,26143185183.258782,3144,0.036388888889,6195,6410783141.420158,826142467.321071338029659782002,4655588.77101965,599954.71836696965225641519835,3516170.6197659997,453120.5949811368479048078018443,21.990802063358,,,,
2017-12-06,6270,15106,33155,36096,1818,27964,35021,52,20918,39841,39354,38939,38417,34205,18103,35475,24318,36737,30912,5502,31596,6393,34618,18519,14,35788,25037,360,1613889095,4320,943.639814814815,3359763086.97386676441110073679,3.81225186462,3.20335826845,3769054836.67594157458309073679,,3167060678.06168836960418615936,988668894.533130793649631365322,0.17166968,0.0207965594440861203128,0.17107,0.0207239124818069947,556.724766,67.44324152123971696686,0,0,0,0,0,0,0.609439882434,6.991658116509,,5.874949146342,,0.000008657928404441826,0.12114288000121,,,0.128867635840519,0.0000109798360860712,0.000281323292745967,0.108314542373428,0.128867635840519,0.00056327837,27733888173.537799,27733888173.537799,3574724378.142821,27733888173.537799,27733888173.537799,12227984102.947611,27733888173.537799,27733888173.537799,27733888173.537799,8641970392.377536,27733888173.537799,27733888173.537799,89.1407324266,30294122112.221712,31112207328.471756,31112473078.050083,18961183162.611975,31105234426.279683,31112460872.641451,8458604517.742719,31021946153.997377,31112475092.458636,31112475089.579417,31112475067.16095,31112474053.455724,31112468419.712717,31112398684.028788,30860296523.903955,31083357006.846456,31110708755.950161,25344050641.189726,31112471424.77158,31112438841.228904,31111354210.455717,26148506278.019391,30898806418.924269,6697375938.866462,31090013328.922556,12552275488.020607,9537942695.984017,23537839078.047546,12854507904.225673,31112475092.537799,26143184626.534016,3243,0.037534722222,6418,4449942284.659859,539078824.20285956981835842939,3081383.41768317,373287.6616061106152649966357,3329333.755725,403325.07965377148184442725,22.626441978173,,,,
2017-12-07,5893,15121,34062,37206,1683,28439,36071,51,21073,41123,40614,40179,39623,35204,18177,36556,24608,37877,31627,5510,32070,5756,35552,18376,15,36815,24965,298,1613889111,4319,965.63973141931,2975033865.86483373634860749331,3.341307628839,2.807633326903,3334171789.58728062341790749331,,2801637225.2794442113206298386,997864357.298338784523676886847,0.17188579,0.0184201597621580008923,0.17107,0.0183327355362672459,529.408236,56.73409236750895350732,0,0,0,0,0,0,0.594936782864,8.867635885671,,7.451295363697,,0.000006291877941342484,0.10716511098537,,,0.12114288000121,0.00000865792840444185,0.000278980835342635,0.100292930379893,0.12114288000121,0.000605002913,27761216673.129563,27761216673.129563,1559512890.562048,27761216673.129563,27761216673.129563,12284442304.497284,27761216673.129563,27761216673.129563,27761216673.129563,8555345278.986142,27761216673.129563,27761216673.129563,89.2285716998,30275011945.096776,31112183727.915237,31112472449.251239,18509955523.54121,31104629971.642765,31112459471.627312,8497046142.622084,31017990104.914479,31112474563.047095,31112474560.040226,31112474536.449863,31112473488.993989,31112467567.089513,31112393567.10668,30851899907.942179,31081638877.498859,31110554714.470744,25317228627.83539,31112470102.484668,31112428154.232818,31110992313.871246,25556046859.7626,30871427304.083094,6850502382.732441,31085148035.04823,12027918751.198331,9583180949.103952,23680576314.724871,12966204500.195086,31112474563.129563,26143184097.12578,3080,0.035648148148,6088,3508542182.409953,375993312.37481488862112538761,3170456.29690171,339762.3009317369326161379827,3208732.12368,343864.1341564891775105616,23.246828179695,,,,
2017-12-08,5694,15160,35166,38552,1571,29083,37328,51,21323,42591,42067,41612,41040,36392,18300,37853,25003,39247,32511,5543,33188,6163,36823,18653,15,38190,25640,328,1613889126,4318,935.517832329782,3223745446.763976622517773785627,3.590277219694,3.019414749348,3605610061.950086860407352785627,,3032309633.843829423890241653058,1004270656.920855891213759240429,0.17092378,0.01980827689667832465786,0.17107,0.01982522226406858659,509.523792,59.048473871696098599504,0,0,0,0,0,0,0.582483468208,5.046395188505,,4.244006557385,,0.000007110447106955019,0.115889532145137,,,0.10716511098537,0.00000629187794134249,0.000248211132348847,0.0874087638996808,0.10716511098537,0.000645980964,27817399786.605771,27817399786.605771,4084757613.710706,27817399786.605771,27817399786.605771,12295552934.459386,27817399786.605771,27817399786.605771,27817399786.605771,8206915021.109823,27817399786.605771,27817399786.605771,89.409153829,30247519375.338655,31112159966.963395,31112471867.004282,18122501791.287426,31104026140.872582,31112457767.396496,8501935790.540575,31013442834.862946,31112474053.520206,31112474050.358963,31112474026.21025,31112472954.563531,31112466642.035084,31112387310.089844,30840125311.760886,31079596043.164644,31110387248.144003,25283914880.975144,31112469886.028246,31112429516.743704,31111039064.276726,25861618198.724981,30873581662.692175,6853196879.225493,31085625677.334981,12303346512.828888,9591848772.692443,23805175486.058101,13077649653.652195,31112474053.605771,26165517952.443234,2981,0.034502314815,5903,6165286881.311422,714492212.215731483927399854814,2686488.43555582,311335.88790988501174750504734,3072747.134936,356099.227868043190875206232,23.756538627427,,,,
2017-12-09,4509,15172,35919,39466,1568,29493,38193,50,21437,43599,43060,42585,42004,37207,18345,38734,25246,40178,33125,5545,33963,6440,37686,18798,15,39097,26078,357,1613889142,4319,862.703172030563,3367100790.035010555077659841262,3.619588346298,3.044065330946,3763511180.213802686374441841262,,3165104097.552011820973530246333,1039762210.546238301894152690731,0.17243931,0.02085907016823188290227,0.17107,0.02069343198879320619,397.817485,48.121874494652840776245,0,0,0,0,0,0,0.582620964254,13.081356060943,,11.001389842471,,0.000008037510165113032,0.120964704441417,,,0.115889532145137,0.000007110447106955,0.000250337058262606,0.0948373515421757,0.115889532145137,0.000679911265,27835398809.788286,27835398809.788286,4338498794.143124,27835398809.788286,27835398809.788286,12460865035.336607,27835398809.788286,27835398809.788286,27835398809.788286,8110618799.019126,27835398809.788286,27835398809.788286,89.4670064417,30233020831.323516,31112142386.806683,31112471414.498432,18126779401.651533,31103523929.318571,31112456791.353587,8490842653.5397,31009596155.876111,31112473655.70066,31112473652.395064,31112473627.875296,31112472531.182611,31112465958.194908,31112382402.901873,30832415458.860955,31078036533.830439,31110276139.670157,25262207604.691574,31112469442.428339,31112429002.255591,31111068599.64469,26071043772.957161,30874418086.292873,6894605495.053196,31085747890.747779,12555613272.118716,9599354394.184794,23911565730.451977,13163080141.002682,31112473655.788286,26165517554.625749,2307,0.026701388889,4577,2378382907.004571,287700385.394326105323220717107,2133857.81496667,258121.47990745112152482257139,2933469.438618,354846.263630355818258441706,24.070453772134,,,,
2017-12-10,3788,15184,36494,40119,1565,29809,38821,50,21513,44328,43777,43281,42690,37819,18386,39371,25422,40841,33611,5550,34195,5941,38228,18652,15,39672,25884,308,1613889174,4320,854.156712962963,3058052306.696553200000725948778,3.253465905491,2.736157209294,3413501899.717908915501194948778,,2870747105.752818457945106524329,1049189387.218419915105198060517,0.17194845,0.01886530699765761836565,0.17107,0.01876892794374877339,331.000772,36.315716601351590379044,0,0,0,0,0,0,0.582880975981,13.231555224216,,11.127706964999,,0.000007089816041528485,0.109714900004377,,,0.120964704441417,0.00000803751016511304,0.000250413322686212,0.0987313434669639,0.120964704441417,0.000705567028,27872716527.787514,27872716527.787514,1703710875.063767,27872716527.787514,27872716527.787514,12438633992.727174,27872716527.787514,27872716527.787514,27872716527.787514,8021794575.337352,27872716527.787514,27872716527.787514,89.5869519495,30221949746.018167,31112133200.109342,31112471057.228856,18134868816.746049,31103121666.105581,31112456191.475669,8544343119.087738,31006620423.129555,31112473324.697622,31112473321.240115,31112473296.092463,31112472187.460552,31112465488.226972,31112380383.003122,30827207095.614985,31076810388.805752,31110206966.903037,25247856909.593258,31112468429.93534,31112420975.733143,31110780776.259806,25620720951.301153,30853047155.916387,6948105960.601234,31081318752.175446,12169103878.646527,9652427800.102624,23984644493.569068,13254103876.932195,31112473324.787514,26165517223.624977,1925,0.022280092593,3803,2351384459.163635,257981910.808984307439259230395,1376101.96035229,150978.88897587866040146197333,2812130.165395,308532.579895604579233933915,24.23866038393,,,,
2017-12-11,5634,15192,37575,41411,1566,30400,40061,50,21665,45712,45139,44618,44028,38994,18456,40633,25733,42159,34461,5558,35387,6422,39517,18923,15,41018,26613,349,1613889210,4319,906.281083584163,3356133471.395581951879863136715,3.442656190584,2.895265787329,3743684632.986289045535318136715,,3148430001.834609151937099899492,1087440750.902129289015302338136,0.17197845,0.02069372897744744437755,0.17107,0.02058441750214596253,499.253429,60.073893855813331686491,0,0,0,0,0,0,0.583278577311,10.169421109951,,8.55245931822,,0.000007131150590128913,0.120327453686479,,,0.109714900004377,0.00000708981604152851,0.000246618094996707,0.0899121800482289,0.109714900004377,0.000750265872,27891668680.534085,27891668680.534085,1791168852.297011,27891668680.534085,27891668680.534085,12467486630.207622,27891668680.534085,27891668680.534085,27891668680.534085,8130511768.46587,27891668680.534085,27891668680.534085,89.6478683547,30201458651.226298,31112109216.465236,31112470478.176377,18147238886.309667,31102449573.355507,31112455012.762573,8550176634.679521,31001712497.495841,31112472825.441299,31112472821.804754,31112472796.444305,31112471675.45608,31112464675.950004,31112374212.087946,30817492286.145907,31074510314.730167,31110029957.838572,25224340308.707377,31112468371.040355,31112425167.975382,31110906984.075302,26007634363.758414,30860927364.475183,6954912535.73371,31082691610.881377,12527354454.034575,9658215102.191344,24125539658.573279,13359600314.19255,31112472825.534085,26165516724.371548,2903,0.033599537037,5761,3059414345.137984,368131537.922340248510730118336,2501933.63016644,301051.30301049658778034756476,2727711.133807,328218.535123254914995695553,24.70193605557,,,,
2017-12-12,6598,15208,38700,42791,1563,31001,41368,50,21808,47250,46666,46122,45524,40253,18512,41969,26058,43579,35344,5577,36782,7342,40896,19318,16,42434,27456,445,1613889227,4320,994.461342592593,3854962230.31540658138293213336,3.758268167503,3.160694708788,4295963376.28727289061317213336,,3612895117.486839446725156541064,1143069942.010298693968691742301,0.17180203,0.02372216593207728989624,0.17107,0.02362108833056548856,593.232415,81.91263971046754599932,0,0,0,0,0,0,0.583692725581,7.740101828373,,6.509407472824,,0.000007920101220417202,0.138078496116008,,,0.120327453686479,0.00000713115059012889,0.000237642365796935,0.0967126706685351,0.120327453686479,0.000796106653,27918628452.30167,27918628452.30167,1982976207.806163,27918628452.30167,27918628452.30167,12526834031.030839,27918628452.30167,27918628452.30167,27918628452.30167,8017546720.37715,27918628452.30167,27918628452.30167,89.7345226822,30183413050.110798,31112077422.74876,31112469739.537209,18160123716.822547,31101727809.506248,31112453410.938116,8587689036.942947,30996127079.81453,31112472232.207423,31112472228.396798,31112472202.279902,31112471035.851962,31112463618.219611,31112369183.53648,30806994474.771821,31072181393.277686,31109830192.233869,25207616797.468378,31112467978.46986,31112429854.294846,31111118704.380413,26691404555.443804,30877022820.75401,7071681744.85932,31084447250.714085,13307461031.36243,9695727504.45477,24274902768.047449,13496210288.453762,31112472232.30167,26165516131.139133,3453,0.039965277778,6836,4019646371.866988,555026725.945561551397593543904,2327916.74216662,321435.24284164363642878525296,2611477.381021,360588.869412350892433484168,25.21342396899,,,,
2017-12-13,6444,15228,39870,44233,1555,31638,42740,50,21985,48801,48205,47633,47037,41549,18585,43370,26420,45066,36276,5598,37760,7302,42214,19384,16,43854,27842,426,1613889242,4320,978.376388888889,3786313596.225603490939628361368,3.563367599447,2.996783778031,4215473024.192777499222586361368,,3545202907.942186753437034432942,1183002568.931263766032898409211,0.1718959,0.0232904199107252936582,0.17107,0.02317851754537354286,572.413354,77.557099251155181220292,0,0,0,0,0,0,0.582984422773,8.963901728407,,7.538620290458,,0.000008204067223316796,0.135491421905498,,,0.138078496116008,0.00000792010122041721,0.000201896905372902,0.105075720964324,0.138078496116008,0.000844179215,27945042888.888316,27945042888.888316,2169414301.984293,27945042888.888316,27945042888.888316,12560347003.549764,27945042888.888316,27945042888.888316,27945042888.888316,6154564178.54177,27945042888.888316,27945042888.888316,89.8194241665,30161783394.473269,31112046713.900295,31112469056.650016,18138086331.68634,31100977083.169232,31112451841.902674,8609784160.505843,30990525542.404695,31112471659.792395,31112471655.802471,31112471629.432311,31112470452.342942,31112462640.897068,31112362115.362652,30795576929.223731,31069774270.003055,31109642396.11018,25191870573.357074,31112467186.748723,31112425133.246425,31110980066.117142,26629309617.429451,30865302619.011463,7090884640.43678,31082337233.689533,13183380165.432085,9717478470.017666,24417324804.871896,13616275453.051853,31112471659.888316,26165515558.725779,3330,0.038541666667,6603,3470862644.699782,470272114.969050764620585201436,2488498.90697961,337170.25531694496019803289578,2509971.0636385,340079.548354035573491034473,25.741558567068,,,,
2017-12-14,9816,15243,41192,45949,1551,32304,44351,49,22137,50808,50186,49582,48945,43054,18648,45010,26769,46849,37325,5605,40580,11058,44229,21106,31,45843,30966,891,1613889258,4319,1126.688816855754,6667832373.78251647681186925808,5.225388510782,4.394539435974,7415065488.68395150408490925808,,6236052619.45842817435631957464,1419045774.94742481626388876681,0.17275763,0.0411734943390816901256,0.17107,0.0407712798363042184,865.688482,206.32037967315956811184,0,0,0,0,0,0,0.582119036132,7.812642897329,,6.570414284153,,0.00001435478609000586,0.23833097466712,,,0.135491421905498,0.00000820406722331677,0.000193118307402908,0.10928668055554,0.135491421905498,0.000904503915,27977195927.199834,27977195927.199834,2344798392.842881,27977195927.199834,27977195927.199834,12678590837.165487,27977195927.199834,27977195927.199834,27977195927.199834,6320760414.38289,27977195927.199834,27977195927.199834,89.9227712009,30143033287.942808,31111999455.988201,31112467975.908608,18111161510.398117,31100045348.426193,31112449681.405929,8631111246.118368,30984282811.167951,31112470794.099819,31112470789.92723,31112470761.470501,31112469516.498799,31112460993.465874,31112351962.082201,30784774037.708782,31066928442.284822,31109417414.873754,25166559595.405326,31112467569.116747,31112445175.88595,31111773151.687068,28528302490.847099,30946468491.559038,7950361247.884227,31095114478.444242,15665515271.928515,9772086341.737804,24612959739.126885,13737304585.785269,31112470794.199834,26165514693.037297,5011,0.057997685185,9940,3982323421.544962,949111022.49651097923406304944,2570082.49566244,612530.2661661335349228869728,4323812.606434,1030498.47276939575272025008,26.562664755002,,,,
2017-12-15,10695,15257,42924,48190,1548,33098,46442,49,22329,53279,52637,52016,51339,45014,18733,47147,27144,49179,38553,5604,41975,9531,46275,20944,26,48026,31132,762,1613889293,4319,1187.328316739986,6044108872.8457934689404390692,4.538749431606,3.817077565142,6710594673.1213010302312390692,,5643594289.908024647533176249,1478511817.901038170872857839737,0.17257466,0.037222329163104670436,0.17107,0.036897791656853422,936.735232,202.0427978486599324672,0,0,0,0,0,0,0.582380183559,8.073427824509,,6.789733755323,,0.000012184399473991792,0.2156882659546,,,0.23833097466712,0.0000143547860900058,0.000341404759599729,0.195663300330192,0.23833097466712,0.000976107378,28022427859.464602,28022427859.464602,2435366881.424505,28022427859.464602,28022427859.464602,12766114713.906039,28022427859.464602,28022427859.464602,28022427859.464602,6429626389.772337,28022427859.464602,28022427859.464602,90.0681559125,30118424888.588606,31111944298.012949,31112466781.197665,18119285906.578408,31098883975.274706,31112446925.013065,8691601183.417915,30977390751.683996,31112469857.361088,31112469853.087164,31112469823.074667,31112468539.307075,31112459063.529082,31112339737.289916,30772362777.566569,31063330127.671387,31109041763.622165,25132637854.116026,31112466128.956436,31112440497.016345,31111575709.614181,27813173045.293026,30924287329.948323,7791533168.34685,31091277116.786927,15113509374.610427,9821088287.615339,24852433863.326463,13918429983.040438,31112469857.464602,26165513756.302065,5428,0.062824074074,10789,3853687743.763119,831195226.9827620282948083974,2494929.24569554,538126.962683489198779062484,3342984.152098,721042.4548797264015627508,27.427842500045,,,,
2017-12-16,13835,15279,45555,51561,1546,34329,49625,49,22601,56989,56320,55679,54943,48003,18845,50410,27809,52652,40555,5630,46217,16162,49772,23656,59,51886,35802,1936,1613889335,4320,1286.018287037037,11751463558.10662945808492455288,6.773576115943,5.696850181451,13035382875.99747784089879555288,,10963281733.503614773032517460303,1924446208.74880060873112726736,0.17205731,0.07208791237484013920447,0.17107,0.07167425301467227759,1226.080362,513.698451407663397550194,0,0,0,0,0,0,0.58139461738,6.25483650807,,5.260569289548,,0.00002133224060346609,0.418976167736437,,,0.2156882659546,0.0000121843994739918,0.000312834571748336,0.180014718207558,0.2156882659546,0.001094727056,28048047748.38424,28048047748.38424,2402359147.473203,28048047748.38424,28048047748.38424,12861998229.941897,28048047748.38424,28048047748.38424,28048047748.38424,4098696200.866834,28048047748.38424,28048047748.38424,90.1505055118,30080466845.990644,31111855620.777229,31112465251.608346,18088621795.680545,31096996518.71019,31112443205.952469,8699856225.276193,30965386915.17022,31112468631.276143,31112468626.8681,31112468594.507275,31112467232.964587,31112456783.82019,31112322018.866146,30750504900.732837,31058119014.188546,31108548041.128688,25092527924.290703,31112466210.372185,31112447291.168056,31112037788.31693,30326752404.631605,30994529191.798124,8977312774.249464,31101039623.48924,19156442489.991059,9827867318.960055,25160375884.921719,14133306181.224939,31112468631.38424,26166838540.564019,7126,0.082476851852,14186,4974145781.627303,2084048537.348571430471867139411,1406266.85224735,589192.29656937698077593169195,2255751.0528800003,945105.9315030953747826388809311,28.069043152783,,,,
2017-12-17,15271,15300,47535,54530,1546,35110,52361,49,22760,60366,59663,58984,58183,50445,18893,53243,28198,55736,41901,5632,48621,16534,52578,24354,79,54950,37402,2485,1613889357,4320,1384.479398148148,13495859027.860570027930201168377,6.814007951827,5.730854938923,14949443235.101779803591022168377,,12573083448.642904774718164061166,2193928058.316169272452248556553,0.17267264,0.08296866332144900927424,0.17107,0.08219859981523582437,1266.035793,608.326237800735023021463,0,0,0,0,0,0,0.580615434593,11.741112720166,,9.874748356109,,0.000024960270070399944,0.480496871545191,,,0.418976167736437,0.0000213322406034661,0.000600400462411801,0.347484401002287,0.418976167736437,0.001185478772,28087298434.348447,28087298434.348447,2346492283.188456,28087298434.348447,28087298434.348447,13037095744.284417,28087298434.348447,28087298434.348447,28087298434.348447,4238092157.995486,28087298434.348447,28087298434.348447,90.2766665997,30064251848.250708,31111741237.709663,31112463592.943675,18064378760.597771,31095508086.729631,31112438691.427582,8706490774.862914,30958042058.103472,31112467365.233116,31112467360.58757,31112467324.874217,31112465862.216984,31112454151.505985,31112296543.13701,30737247916.567527,31054400379.016204,31108048580.292212,25065562632.504118,31112464819.561224,31112444470.663632,31112024529.204658,30387892944.737276,30999291668.030253,9427217904.712516,31101432978.425666,20333319459.411629,9834490866.884014,25450146484.88702,14305847574.630828,31112467365.348447,26166837274.528226,7332,0.084861111111,14564,2649873832.819277,1273256086.659127071770841446907,2427735.73949061,1166519.42776368891442993515651,3986192.4309085,1915352.9924286541749029360235,29.205487216545,,,,
2017-12-18,14287,15318,49881,58237,1529,35965,55752,49,22968,64403,63672,62969,62126,53470,18975,56785,28636,59573,43496,5645,51749,17067,56233,25202,91,58832,39288,3125,1613889375,4318,1318.65609078277,14697651833.763618046243240404528,6.206225820622,5.219685665916,16201601500.693246493386786404528,,13626198846.49589448472388047563,2610540120.351323743040947529086,0.17093665,0.0890140778880194364177,0.17107,0.08908351897795753566,1215.359591,632.890098730877468609958,0,0,0,0,0,0,0.577210986168,7.479571972959,,6.290621021993,,0.000027433484097989773,0.520743081650538,,,0.480496871545191,0.0000249602700703999,0.00065881845622075,0.391566358616432,0.480496871545191,0.001302699572,28224382332.988856,28224382332.988856,2551386887.090534,28224382332.988856,28224382332.988856,13224572986.765015,28224382332.988856,28224382332.988856,28224382332.988856,4685571596.278918,28224382332.988856,28224382332.988856,90.7172777527,30036821434.171959,31111578169.094133,31112462000.334083,17958457268.561058,31093588124.413588,31112432982.816888,8702013739.69629,30950137161.448302,31112466149.86867,31112466145.068138,31112466107.843345,31112464577.957972,31112451350.589883,31112264462.119996,30722846167.076477,31050165283.700738,31107439013.831175,25033523570.715432,31112463658.592287,31112444351.729343,31112033526.755194,30465095292.103636,31004375488.688978,9654434169.756251,31101697878.227476,21555956837.115524,9823645034.100208,25760540227.080965,14491465245.900784,31112466149.988856,26166836059.168635,7110,0.082291666667,14101,4159658635.87784,2166113456.66129955089173827792,1363856.42665878,710218.79854718406498692942364,3210362.4273405,1671774.023628393358837734189,29.82362448907,,,,
2017-12-19,21375,15449,53984,64117,1459,37815,61233,49,23475,70637,69867,69138,68273,58423,19262,62467,29645,65597,46430,5724,56337,17303,61879,25961,96,64793,41691,3071,1613889390,4319,1612.41352164853,14957257712.41748929432164558208,5.009573783515,4.213253099819,16458730173.93304634164270158208,,13842454252.815963216398996614496,3285455187.443970608956550619988,0.17166583,0.09081252929555276510432,0.17107,0.09049733069528287328,1846.094336,976.597940139595804524544,0,0,0,0,0,0,0.567948508775,4.850281900368,,4.079282217375,,0.00002996645508121595,0.529007603292704,,,0.520743081650538,0.0000274334840979897,0.000661069237619292,0.435680445973141,0.520743081650538,0.001471031523,28274182864.89452,28274182864.89452,3690525602.061226,28274182864.89452,28274182864.89452,13682269331.484536,28274182864.89452,28274182864.89452,28274182864.89452,5603960168.81605,28274182864.89452,28274182864.89452,90.8773493116,29980359794.528923,31111369419.505542,31112459781.758623,17670277705.696967,31090706495.260205,31112425515.204833,8751746835.896317,30933597521.867477,31112464303.766492,31112464298.815513,31112464260.66722,31112462655.770394,31112447692.703949,31112219704.546498,30693961150.294429,31042336698.742963,31106520956.248618,24945874186.779856,31112461659.153642,31112440571.43167,31111940676.686973,30431883684.727015,30993604894.041428,9798901568.300059,31100103684.051542,21276560806.636424,9872838128.786673,26110936642.48098,14790851377.189337,31112464303.89452,26166834213.074299,10754,0.124467592593,21398,6414568254.586677,3393355378.516361541895769704608,1366063.98324562,722658.23372124998860078595648,2048269.440761,1083550.107754663764271507744,30.763154443535,,,,
2017-12-20,16847,15516,57544,69199,1447,39366,66009,49,23891,76086,75282,74531,73611,62744,19459,67406,30489,70797,49004,5733,59489,16836,66423,25752,73,69826,42470,2210,1613889408,4320,1382.993518518519,13534802542.241869338473692439505,4.407301005024,3.706646601471,14860012545.047583559602765439505,,12497629486.873027570763262906144,3371680883.177329053180366056942,0.17067273,0.08151713732904296634093,0.17107,0.08170688242274779487,1428.018715,682.053879955505891151815,0,0,0,0,0,0,0.565720038023,6.135377559566,,5.160000724702,,0.000029028402085454888,0.477622507878341,,,0.529007603292704,0.000029966455081216,0.000642118571083411,0.445188936806241,0.529007603292704,0.001626469634,28337865822.875805,28337865822.875805,3546582312.585457,28337865822.875805,28337865822.875805,13863669758.276607,28337865822.875805,28337865822.875805,28337865822.875805,5718086144.939667,28337865822.875805,28337865822.875805,91.0820398113,29930631305.054582,31111182727.328917,31112458008.102855,17600943681.12097,31088036417.153747,31112419430.615271,8733381426.466773,30919186927.531163,31112462875.740489,31112462870.639384,31112462830.078632,31112461143.155142,31112444903.891178,31112181884.456167,30666972435.319074,31035617086.386622,31105715549.333574,24864195556.919625,31112459847.980874,31112430367.674074,31111690709.44188,30277877531.522365,30967433482.136467,9325030115.888015,31096078468.131902,19532215768.534254,9853950876.059496,26434037336.321032,15018084698.28138,31112462875.875805,26166332785.255584,8367,0.096840277778,16621,5070994013.62306,2422020878.22270002313111214346,1046189.16168746,499683.49112030383012794530386,1941454.849595,927282.534196131228713121895,31.322054394855,,,,
2017-12-21,15587,15546,60803,73886,1438,40696,70418,49,24226,81073,80245,79464,78510,66748,19615,71962,31193,75592,51271,5754,62990,16907,70860,26186,73,74581,44035,2192,1613889423,4320,1303.234953703704,13514934154.420531369682407241391,3.553416587893,2.988440390109,14822728639.446584908979133241391,,12465985865.172841366162518527286,4171401881.206117134865150203049,0.1707633,0.0813557632954724884953,0.17107,0.08150188258809989387,1324.952454,631.239371840315809786614,0,0,0,0,0,0,0.563843295178,4.658541750337,,3.917855951128,,0.000030473918274607047,0.476424168984041,,,0.477622507878341,0.000029028402085455,0.000599059507650082,0.401978380709284,0.477622507878341,0.001766810637,28367440264.923351,28367440264.923351,4709647130.329638,28367440264.923351,28367440264.923351,13950897177.828857,28367440264.923351,28367440264.923351,28367440264.923351,7721503063.110294,28367440264.923351,28367440264.923351,91.1771002706,29884959046.763677,31111005674.079011,31112456360.199328,17542552841.969637,31085590999.430809,31112414148.075998,8691260685.087197,30906663920.698861,31112461550.784574,31112461545.511122,31112461503.732037,31112459750.795729,31112442353.625688,31112147955.734268,30644440307.290248,31029566574.742173,31104917596.975575,24811863360.585077,31112458403.763338,31112425904.39632,31111578031.463961,30242904046.126766,30957480270.271665,9282909374.508439,31094246786.122936,19445384599.451827,9811830134.67992,26700242261.028008,15208506745.820552,31112461550.923351,26165729357.845446,7759,0.089803240741,15415,6678583818.353791,3181838745.649468306017570849431,1189931.01715751,566911.89599760133475637329791,1878538.82893,894981.30047722880799910613,31.911619707766,,,,
2017-12-22,13907,15590,63392,77552,1434,41815,73879,49,24546,85067,84203,83385,82385,69872,19775,75526,31863,79330,53092,5778,65223,16630,74282,26032,61,78275,44408,1886,1613889438,4320,1260.626851851852,12097097290.340856002033565941194,3.131298145288,2.633356221423,13251592986.271076674062979941194,,11144312427.313548292408366471909,4231980594.441758500069466020742,0.17074493,0.07272463472749420688321,0.17107,0.07286309035842196879,1167.895349,497.436513376791724611353,0,0,0,0,0,0,0.562893155195,7.656558724451,,6.439005682695,,0.000029773100370132562,0.425925588112597,,,0.476424168984041,0.0000304739182746071,0.000600220205098192,0.391046578813124,0.476424168984041,0.001871243827,28401903121.028002,28401903121.028002,4642476780.483491,28401903121.028002,28401903121.028002,14091832343.582288,28401903121.028002,28401903121.028002,28401903121.028002,7825141463.307414,28401903121.028002,28401903121.028002,91.2878723552,29845563763.673993,31110872057.458878,31112454940.308677,17512990990.887212,31083712557.223341,31112409981.5341,8668765136.43916,30896500099.212613,31112460382.880271,31112460377.364246,31112460333.596436,31112458506.179143,31112440194.045886,31112119634.046492,30625574189.623607,31025190990.135982,31104298047.436255,24760514389.008514,31112457080.018129,31112421012.48991,31111373757.04569,30133055262.323844,30937126331.390012,8996944543.927623,31090789380.281767,18739140531.672372,9798592229.718321,26872905902.595538,15362950243.632308,31112460383.028002,26164928190.150097,6840,0.079166666667,13578,4063504441.44963,1730750519.02258363972634398911,873676.09330473,372121.00386073329550907268381,1852746.030974,789131.942865880807561579478,32.29290781929,,,,
2017-12-23,12414,15609,65815,81137,1435,42782,77234,49,24785,88930,88035,87191,86156,72859,19892,79009,32391,83014,54832,5788,67808,16669,77674,26319,61,81913,45558,1885,1613889452,4320,1196.535416666667,12110207815.567170801238484317996,3.048801064373,2.563977886171,13248058580.789219749716632317996,,11141339995.178418573473656825016,4345333887.344305853645563213368,0.17059935,0.0726432506807119246446,0.17107,0.07284365909922510812,1049.697771,446.973908855675827560636,0,0,0,0,0,0,0.562322632328,8.658304786696,,7.28145311422,,0.00002855717615441042,0.425812001515316,,,0.425925588112597,0.0000297731003701326,0.000624218120985701,0.35681700634418,0.425925588112597,0.001979940482,28440268880.330231,28440268880.330231,2349502512.113452,28440268880.330231,28440268880.330231,14166946374.55135,28440268880.330231,28440268880.330231,28440268880.330231,7870565287.500518,28440268880.330231,28440268880.330231,91.4111886033,29813519328.657769,31110734268.367989,31112453610.589706,17495240030.515178,31081762224.723838,31112405484.620565,8645469962.434844,30887115880.516634,31112459333.171549,31112459327.50979,31112459282.273092,31112457402.431529,31112438132.255587,31112090871.538287,30609659524.516868,31020722640.594297,31103748308.142611,24719523408.421439,31112455906.507556,31112417487.635376,31111280034.918893,30106613148.383375,30929083351.985758,8973649369.923307,31089338973.304874,18716174972.176838,9775297055.714005,27038980403.131623,15504056247.195011,31112459333.330231,26164927140.452326,6153,0.071215277778,12218,3593366149.588192,1530098432.333532432233380748672,777075.94190811,330888.26215329174330842961276,1748306.651561,744449.954563729574016808276,32.598070058453,,,,
2017-12-24,9785,15629,67598,83750,1431,43509,79664,50,24950,91770,90846,89976,88909,75075,19971,81539,32754,85692,56071,5789,69118,16451,79967,26048,58,84544,45523,1750,1613889468,4320,1047.393981481481,11227929977.378142452343535047484,2.811918929313,2.364764956667,12268951697.107120046796159047484,,10317931546.997033801254619994944,4363195385.616299934376267953082,0.17026049,0.06714087626065385430332,0.17107,0.06746010012017500276,812.142518,320.261972152516685229224,0,0,0,0,0,0,0.562003485329,9.847761460547,,8.281761241675,,0.00002811438264388398,0.394342082891068,,,0.425812001515316,0.0000285571761544104,0.000587204711446647,0.35132853127592,0.425812001515316,0.002050481113,28472563453.187713,28472563453.187713,2002576068.844244,28472563453.187713,28472563453.187713,14241592730.249604,28472563453.187713,28472563453.187713,28472563453.187713,7764987244.958923,28472563453.117111,28472563453.187713,91.5149904782,29790578257.307625,31110631445.43796,31112452613.8934,17485310126.06174,31080420487.204719,31112401781.411089,8673073976.019546,30880220670.716457,31112458521.02266,31112458515.215708,31112458468.749516,31112456549.008083,31112436562.827651,31112073262.427652,30597748418.739259,31017301854.391116,31103315006.432235,24686799300.625535,31112454972.373634,31112410541.928229,31111064988.9568,30025984848.704189,30911567698.522875,8897815113.690097,31086147862.706121,18387155321.873586,9773051073.098707,27150427301.147694,15624642324.17631,31112458521.187713,26164926328.309808,4770,0.055208333333,9472,3159343232.04648,1245861990.69300769906455284064,754424.16248217,297501.19561656843529260225756,1652163.592462,651517.632328254693891929416,32.827750787041,,,,
2017-12-25,8669,15662,69104,85953,1436,44154,81696,50,25146,94159,93216,92324,91226,76893,20041,83666,33105,87945,57155,5793,71308,16714,82194,26694,60,86779,47037,1867,1613889483,4320,1029.015740740741,12011398765.319669836183218242802,2.958975335727,2.488436305191,13110288797.714204420015418242802,,11025478388.365845405860810972592,4430685392.817375615503120205658,0.17066405,0.0719150829283607012721,0.17107,0.07208614372244573574,719.860952,303.337815198740931186864,0,0,0,0,0,0,0.562222530301,11.189553646448,,9.410180340641,,0.000029925831092928156,0.421383899704482,,,0.394342082891068,0.0000281143826438839,0.000572430473021712,0.329900863644177,0.394342082891068,0.002111130106,28504645701.326761,28504645701.326761,2037280821.869937,28504645701.326761,28504645701.326761,14258812119.816101,28504645701.326761,28504645701.326761,28504645701.326761,7627644415.453756,28504645701.056159,28504645701.326761,91.6181096439,29773005033.685974,31110550823.476857,31112451764.052435,17492124748.950914,31079284489.067293,31112398653.836387,8658927331.847882,30874762622.90295,31112457801.158023,31112457795.220659,31112457747.172131,31112455794.677761,31112435123.185842,31112055382.52189,30585305136.862352,31014525400.88952,31102975715.580749,24652703495.197974,31112454210.131692,31112412247.866884,31111155431.731571,30064976281.577431,30917275484.461925,8933668643.136345,31087174005.792189,18667050110.461752,9758904428.927043,27236993475.744077,15713532844.338929,31112457801.326761,26164925608.448856,4218,0.048819444444,8374,2780491410.504309,1171654313.653121432575687612938,701359.76115006,295541.71124921633413845656892,1494142.8888174999,629607.7572056383778940400645518,33.016524374419,,,,
2017-12-26,8862,15698,70710,88290,1436,44838,83891,49,25328,96693,95726,94807,93679,78902,20131,85947,33467,90323,58288,5803,73084,16771,84416,26957,62,89141,47899,1884,1613889497,4320,1006.406481481481,12144887406.12751983680051189504,2.90975257548,2.44696616456,13233408975.84018897187897189504,,11128679558.02803088845843416694,4547949914.146108541740332647039,0.17045365,0.072500955384385115173,0.17107,0.0727631144161874014,732.098409,311.39159582612825399418,0,0,0,0,0,0,0.561608575662,11.490840976172,,9.663261167968,,0.000027045033269079443,0.42534117271402,,,0.421383899704482,0.0000299258310929281,0.000571062426413703,0.347930980703244,0.421383899704482,0.00217650858,28553284246.228352,28553284246.228352,2258709968.918085,28553284246.228352,28553284246.228352,14341161816.432491,28553284246.228352,28553284246.228352,28553284246.228352,7554259059.352903,28553284245.957148,28553284246.228352,91.7744432164,29752994609.802134,31110457025.882986,31112450898.642701,17473022699.99938,31078084807.91855,31112395757.606494,8610769561.700728,30868361663.860222,31112457069.054806,31112457062.982979,31112457013.606604,31112455024.203428,31112433856.292455,31112040027.094767,30573725971.07039,31011461242.586476,31102593642.419023,24619003674.469919,31112453417.183926,31112410059.982719,31111106188.782322,30050216730.861727,30912958577.740874,8968858741.746534,31086433306.575893,18688549892.70913,9750601388.73525,27323277099.634231,15792384938.607044,31112457069.228352,26164124876.550447,4295,0.049710648148,8523,2707587471.947863,1151648430.54409277803564913926,748958.35634944,318562.8256036356967443071488,1329082.005162,565313.29870870626318977124,33.221696091597,,,,
2017-12-27,10132,15718,72652,91016,1437,45642,86450,48,25526,99655,98662,97721,96562,81241,20211,88585,33885,93108,59661,5801,74840,16702,86909,27001,61,91883,48444,1821,1613889514,4320,1097.234027777778,11702214788.87444376119447494492,2.773033708281,2.331991963808,12731722467.24593209517022494492,,10706784555.263604913593954861595,4591261342.848682567832295838109,0.17092503,0.06994529871415317568395,0.17107,0.07000462279298815255,840.267464,343.85109523902935596676,0,0,0,0,0,0,0.561855522037,10.027903553208,,8.432999003975,,0.00002659147627137752,0.409216243601965,,,0.42534117271402,0.0000270450332690794,0.000567119245865422,0.354479790435924,0.42534117271402,0.002250389687,28596652678.960888,28596652678.960888,2338382320.127661,28596652678.960888,28596652678.960888,14307890784.724411,28596652678.960888,28596652678.960888,28596652678.960888,6739575902.294637,28596652676.872191,28596652678.960888,91.913838202,29728241538.932274,31110365152.656454,31112449876.934855,17480705336.362024,31076641816.921452,31112392758.156092,8569216018.922839,30861163823.102727,31112456228.78196,31112456222.574596,31112456171.963377,31112454128.339275,31112432246.617895,31112022416.141756,30559753815.929492,31007843895.095576,31102161037.505218,24582143661.99167,31112452449.569774,31112405546.339078,31110973241.555763,30004425403.908077,30902161388.425404,8934193460.248677,31084407385.638919,18541540526.874071,9739524207.237393,27428361466.574181,15914760120.555279,31112456228.960888,26164124036.282983,4916,0.056898148148,9753,3102588299.12722,1269629529.2122507129185769873,655559.70527925,268265.68005118594884617372625,1200888.889501,491423.240344934445111469465,33.427199047507,,,,
2017-12-28,10055,15766,74544,93692,1433,46408,88982,48,25749,102539,101527,100565,99366,83569,20323,91198,34312,95855,61006,5797,76821,16757,89462,27244,61,94593,49282,1812,1613889529,4319,1089.797869877286,11670570453.715283842976669192196,2.715210998419,2.283365751159,12673974550.101575991662381192196,,10658221197.400269656882445130941,4667767830.007571295235834745331,0.17059935,0.06949537709695710365385,0.17107,0.06968710115235756597,832.866012,339.276424999150349958852,0,0,0,0,0,0,0.56079883318,10.038317314013,,8.441756448184,,0.000028507751433220724,0.407360151706071,,,0.409216243601965,0.0000265914762713775,0.000552456104770062,0.346967655450927,0.409216243601965,0.002329444015,28649268724.094876,28649268724.094876,2167848954.197705,28649268724.094876,28649268724.094876,14328279779.572287,28649268724.094876,28649268724.094876,28649268724.094876,6605551524.375542,27998334738.560621,28649268724.094876,92.0829563574,29702944333.373231,31110262138.094869,31112448851.277176,17447828683.498782,31075167779.515678,31112389769.562172,8542986922.590574,30854306082.001982,31112455395.9105,31112455389.568905,31112455337.149344,31112453263.126863,31112430826.164141,31112004979.13482,30546981669.729637,31004414314.072138,31101718809.782556,24516886184.03262,31112451525.577938,31112403135.526291,31110895386.082586,29981229324.056886,30895922208.813873,8907964323.574272,31083146780.490349,18495438748.136503,9713295070.562988,27515205371.238814,16007088535.197925,31112455396.094876,26164123203.416971,4882,0.05650462963,9698,3099369587.835662,1262559665.493918019757675704002,628992.85195573,256226.62359472043008846423683,1090099.172668,444062.964352698965812867428,33.623262021033,,,,
2017-12-29,11590,15819,76580,96668,1425,47254,91705,48,25996,105824,104776,103782,102538,86051,20446,94054,34814,98918,62425,5732,81858,18123,93044,29627,103,97853,54239,2732,1613889544,4320,1134.321759259259,15689995423.381016889756578266548,3.316557169435,2.789069685358,16999276738.061053548313016266548,,14295597814.528419804147191315967,5125579288.885778732843841705112,0.17093234,0.09339430801081216506222,0.17107,0.09346952292006086781,975.33992,532.90791493125815867736,0,0,0,0,0,0,0.559389013167,8.453845957673,,7.109289627969,,0.000037495968504925577,0.546381732156783,,,0.407360151706071,0.0000285077514332207,0.000568658788413,0.34642715633332,0.407360151706071,0.002406434017,28716178634.754956,28716178634.754956,2474544189.853849,28716178634.754956,28716178634.754956,14452289040.091882,28716178634.754956,28716178634.754956,28716178634.754956,4849339187.712128,26885409527.42077,28716178634.754956,92.2980175283,29675786234.187956,31110156897.795735,31112447594.004098,17403965175.621753,31073664629.191446,31112385085.188688,8554928970.799031,30846624851.981665,31112454420.563192,31112454414.041466,31112454359.673634,31112452219.278943,31112428721.683946,31111983630.709164,30532311800.367242,31000959401.531931,31101231127.164059,24389109463.906972,31112450900.616437,31112416440.298954,31111428711.106955,30229328940.563769,30933230700.632335,9777698195.604893,31090336710.374555,20380293363.747376,9722528082.974157,27615145601.315923,16119200145.045604,31112454420.754956,26164121113.819249,5706,0.066041666667,11324,3680272218.884904,2010833509.762821075467159903832,703289.24347742,384264.39505842623995156033986,999949.561229,546354.173333716160686166307,33.87923926023,,,,
2017-12-30,11357,15845,78340,99504,1425,47889,94308,48,26140,109076,107980,106953,105645,88337,20523,96796,35117,101850,63584,5741,85369,18893,95979,31392,132,101066,57803,3612,1613889559,4320,1132.98125,19305435097.234103404211004519492,3.788724036383,3.186139951244,20903458601.613244955249828519492,,17578832327.241893155116481815384,5517281913.614365341743887499632,0.17171688,0.11537105841291908026272,0.17107,0.11493644051008885708,902.028763,606.044164709993223662572,0,0,0,0,0,0,0.557999576723,12.222344164951,,10.278420562659,,0.000051886835683112816,0.671867893319044,,,0.546381732156783,0.0000374959685049255,0.000731336477762527,0.463126074730122,0.546381732156783,0.002479969805,28733974772.726193,28733974772.726193,2637239363.438969,28733974772.726193,28733974772.726193,14589395800.469201,28733974772.726193,28733974772.726193,28733974772.726193,4826521976.154861,25525355731.471971,28733974772.726193,92.3552196082,29654809312.827233,31110030263.838359,31112446367.682194,17360735894.267036,31072280590.037377,31112380457.245054,8505228167.791118,30840418187.887913,31112453518.523534,31112453511.803435,31112453454.472118,31112451217.074634,31112426868.05047,31111956826.20151,30522340315.346881,30997740671.070738,31100742434.498701,24357616767.495789,31112450403.504545,31112417946.567608,31111609016.002343,30333138020.278121,30954111767.429907,10218067623.357761,31093908585.737726,21743345164.344807,9678604917.44327,27729662913.016042,16198958796.21664,31112453518.726193,26164120211.790486,5253,0.060798611111,10420,2545538981.625588,1710265912.946288463299838097872,532298.41796548,357634.21669552701079501860112,904877.758564,607958.313357653205255292816,34.057514498854,,,,
2017-12-31,6930,15857,79393,101318,1426,48265,95967,48,26244,111128,109994,108947,107600,89752,20588,98545,35312,103723,64280,5747,87132,19131,97798,32074,144,102957,59279,4072,1613889574,4319,913.941190090299,20931275297.22780220219427465392,3.975861058298,3.343513434898,22637862865.02690220454972665392,,19037385239.761839813332966609606,5693826452.456093397921086741698,0.17092711,0.12436899394865604477122,0.17107,0.12447296274298787114,541.155233,393.752236835107970555566,0,0,0,0,0,0,0.55740283368,22.91592534907,,19.271222800357,,0.000052265576327343476,0.727614209054702,,459.89959310194104,0.671867893319044,0.000051886835683113,0.000941277742580277,0.563033819587574,0.671867893319044,0.002523599428,28766996351.57096,28766996351.57096,1738194297.523872,28766996351.57096,28766996351.57096,14401238143.310794,28766996351.57096,28766996351.57096,28766996351.57096,4765979933.812812,24226986066.976492,28766996351.57096,92.4613574259,29640408573.410517,31109940779.233852,31112445636.101232,17342169452.444662,31071425835.626148,31112377502.365244,8487256052.440382,30837000378.975731,31112452977.361506,31112452970.5308,31112452911.675785,31112450636.982598,31112425689.785281,31111936816.028012,30516821878.530047,30995825282.360959,31100443379.385143,24342540010.586342,31112449853.705705,31112417846.195655,31111641709.541524,30352969885.970742,30959265636.106977,10369430284.199769,31094754463.252206,22380861266.516161,9659632801.921288,27801120116.448497,16257390726.840873,31112452977.57096,26164119670.635253,3166,0.036643518519,6261,1357678230.47274,987865971.81621012572597982348,1370750.63531389,997377.63932514634031595041078,868553.8732990001,631972.1395418498122296228034702,34.33336186339,,0.17966422886605782,,
2018-01-01,6335,15866,80445,103081,1426,48604,97566,47,26306,113071,111916,110856,109488,91160,20624,100230,35488,105553,64948,5747,88516,19194,99471,32283,150,104780,59949,4160,1613889593,4318,928.216535433071,21224930831.92037651705407280759,3.811707152986,3.205467658411,22940910735.27477110938897880759,,19292234283.743118880608580065804,6018539676.455913048718220540187,0.17108412,0.12614966720210181554376,0.17107,0.12613925575479218986,505.895755,373.02457488284731254649,0,0,0,0,0,0,0.556814039735,18.171686896946,,15.28153982168,,0.00005476224243085468,0.737354625327598,,452.51596012831584,0.727614209054702,0.0000522655763273436,0.000980274640511522,0.624247864974398,0.727614209054702,0.002569116313,28785241324.675205,28785241324.675205,1482776001.462049,28785241324.675205,28785241324.675205,14615211016.546818,28785241324.675205,28785241324.675205,28785241324.675205,4942175426.575704,23182360001.550575,28785241324.675205,92.5200009574,29630823378.799077,31109858893.045772,31112444924.441952,17323850346.820174,31070549087.191491,31112374489.469757,8424176803.221372,30833010324.274038,31112452471.462201,31112452464.545909,31112452404.716538,31112450097.270374,31112424409.375805,31111920816.006422,30511446295.37442,30994011042.969391,31100134754.471786,24328934062.214329,31112449306.406706,31112416449.71454,31111624603.557426,30351631211.803094,30958004282.492218,10416739043.548224,31094481050.068086,22487847805.34018,9620224370.536521,27873306665.316712,16310427156.201558,31112452471.675205,26164119164.739498,2957,0.034224537037,5856,1712138925.137633,1262453555.653655741699863295534,803243.06087385,592274.9861976306593124015123,838709.206194,618426.112491984005780742012,34.484549197074,,0.17975914505199217,,
2018-01-02,7085,15872,81525,104947,1433,48954,99271,45,26404,115156,113959,112880,111482,92634,20663,102040,35681,107492,65620,5747,90351,19410,101314,32928,158,106727,61340,4452,1613889607,4320,953.218287037037,22772518181.208197436937478498377,3.982530554002,3.349122147563,24596063707.137089863485729498377,,20684140545.173532686569241040564,6175988702.062503395015205001365,0.17103654,0.13521356805741131769786,0.17107,0.13524001998392480413,559.289502,442.148380354704809185218,0,0,0,0,0,0,0.556704615637,22.598274228851,,19.004092922897,,0.00005358115950032844,0.790553691377359,,498.8816324347135,0.737354625327598,0.0000547622424308546,0.000975244227919507,0.626043591241917,0.737354625327598,0.002616642022,28805783123.385703,28805783123.385703,1396251637.580654,28805783123.385703,28805783123.385703,14612193920.975731,28805783123.385703,28805783123.385703,28805783123.385703,4845857619.019488,22403393312.483116,28805783123.385703,92.5860269853,29618341585.678217,31109765886.543804,31112444156.678364,17320445583.394576,31069645012.78141,31112371259.853868,8346095275.82558,30829606764.264072,31112451912.163908,31112451905.142679,31112451844.099712,31112449504.541785,31112423288.660979,31111902110.97467,30504902191.874792,30992211496.47385,31099795407.950275,24315825084.54547,31112448728.849854,31112415809.876087,31111654366.786305,30368674522.349371,30962210398.494152,10474322865.230553,31095100143.811896,22857439382.04463,9578943917.140729,27946869782.586789,16359478771.501851,31112451912.385703,26164118605.449996,3270,0.037847222222,6495,1376762295.975017,1088404515.232217776384583440103,446755.62679477,353184.30990621117956771761243,806781.9436245,637804.4436689488204936976955,34.57781401243,,0.17931114121939085,,
2018-01-03,7654,15875,82532,106641,1431,49320,100813,45,26493,117129,115893,114780,113334,93983,20718,103673,35890,109237,66266,5751,95719,20956,104371,36636,273,109297,67974,5891,1613889625,4320,939.65162037037,29775754797.74417708450485985654,4.84683595696,4.075962600267,32126629003.94963793701102985654,,27016994066.96310822963562185373,6628371434.319637428073556212351,0.1712541,0.176836497904395146703,0.17107,0.1766463967665876481,572.844965,591.51808600650034749095,0,0,0,0,0,0,0.555940198891,23.242369190607,,19.545746628057,,0.00006879263676671889,1.03259716353883,,656.0076781046789,0.790553691377359,0.0000535811595003285,0.000915079220243069,0.655066768578787,0.790553691377359,0.002655872856,28835789840.540738,28835789840.540738,1312046836.166453,28835789840.540738,28835789840.540738,14667054946.038136,28835789840.540738,28835789840.540738,28835789840.540738,4673543107.131436,22229992688.69243,28835789840.540738,92.6824746975,29603801985.35315,31109684279.477812,31112443410.897704,17296662385.695115,31068842919.728445,31112368302.770377,8340844508.267066,30825972238.347458,31112451339.312845,31112451332.052359,31112451269.074002,31112448866.970907,31112422156.811208,31111886682.270943,30499734923.25774,30990519933.515361,31099485662.500341,24303716022.400446,31112448925.982352,31112429003.188524,31112059001.086764,30523403637.723087,30997939776.521803,11736005193.233744,31101186000.110458,24442214931.791458,9571699034.555267,28013248641.97383,16419618778.08054,31112451339.540738,26164118032.605031,3345,0.038715277778,6613,1338609290.834007,1382244156.80192037630222899181,349645.77223902,361043.2326573558413558111466,778783.412763,804169.54303016365766808729,34.652132402656,,0.18317029185504535,,
2018-01-04,8003,15895,83449,108122,1430,49670,102215,45,26593,118986,117676,116512,115005,95222,20777,105117,36099,110748,66890,5749,97643,21401,106568,37896,309,111000,70152,6459,1613889642,4320,976.044675925926,33512170333.60253698143613506737,4.345319337954,3.654238180607,36109225246.22294493506313506737,,30366401017.83691701072354452414,8309912905.784652129857860554135,0.1708907,0.198336377469203806271,0.17107,0.1985444737113060871,575.218109,667.60026141706727855177,0,0,0,0,0,0,0.555353622189,6.228079854244,,5.237563784199,,0.00007701264282727856,1.16060369270653,,800.6168889005171,1.03259716353883,0.000068792636766719,0.0010942608105959,0.86067523187535,1.03259716353883,0.002691895409,28874774864.322629,28874774864.322629,3332423432.476915,28874774864.322629,28874774864.322629,14613966711.526989,28874774864.322629,28874774864.322629,28874774864.322629,6400400935.124948,21959810978.427942,28874774864.322629,92.8077800204,29592550742.015445,31109611074.693869,31112442685.601106,17278412227.151796,31068117379.897133,31112366558.638476,8334667856.557523,30822310861.071093,31112450764.08167,31112450756.528289,31112450691.072675,31112448199.257137,31112421179.510305,31111873879.039521,30494178589.182731,30989005558.942598,31099227500.226512,24282918281.411427,31112448434.657434,31112434821.361561,31112109053.932458,30553172782.387072,31005999881.840208,12054705570.360083,31102350285.460352,24943483184.328078,9561030399.989846,28072137651.895683,16469207637.637033,31112450764.322629,26164315354.729238,3366,0.038958333333,6621,4995512500.23229,5797810254.7312260784037998537,924116.33027104,1072532.8254029762955060778912,210441.381517,244239.04448689391004720601,34.848793032242,,0.18181440262351656,,
2018-01-05,6204,15896,83997,108972,1427,49869,103015,45,26663,120219,118848,117630,116058,95935,20816,105943,36234,111636,67270,5757,94772,20237,105357,35080,235,110903,65589,5450,1613889657,4320,872.162731481481,27720564602.529154053716737998417,3.721578120781,3.130893184522,29848238642.835580426115668998417,,25110757830.128841714266130262386,8020317637.875550358386401611259,0.17168388,0.16470774131076070811532,0.17107,0.16411880548151541273,429.038026,411.604655014130777846814,0,0,0,0,0,0,0.554570712549,6.846672319573,,5.759975743168,,0.00005644252149369373,0.959366373306339,,691.9296398572964,1.16060369270653,0.0000770126428272787,0.00121866767012027,0.96676340480063,1.16060369270653,0.00271466584,28894659406.284603,28894659406.284603,3221808183.558363,28894659406.284603,28894659406.284603,14585829599.204136,28894659406.284603,28894659406.284603,28894659406.284603,6254571592.671308,21745785104.511704,28894659406.284603,92.8716931482,29581591092.023736,31109572084.306669,31112442103.048128,17254053751.597999,31067656338.792114,31112365295.342612,8317818046.415055,30820208988.367967,31112450335.031338,31112450327.188262,31112450258.907246,31112447679.39414,31112420439.518068,31111867011.511454,30489851483.590362,30988174071.77151,31099094608.588405,24279065097.229001,31112446946.125282,31112414573.773239,31111749950.427905,30431589691.214155,30976535028.294631,11321731624.317866,31097398278.682729,23969200061.66914,9543176502.154968,28112221629.206941,16500740472.734018,31112450335.284603,26174315182.204774,2499,0.028923611111,4893,4544171078.020342,4359524926.803932348629239547938,1393817.52129729,1337181.66045781202768586052131,36132.812552,34664.605335370003560367128,35.067996727537,,0.18656335112564293,,
2018-01-06,7036,15920,84858,110323,1422,50207,104236,45,26767,121912,120488,119227,117581,97011,20867,107224,36451,113031,67854,5762,97941,21033,107250,37007,267,113050,69276,5827,1613889672,4320,947.545601851852,29147354523.56145931274550866298,3.805519982507,3.201511872871,31357772548.32167974552522866298,,26380700030.93563625569126065812,8240075651.281594614435262210521,0.17120858,0.1725585654996175921772,0.17107,0.1724188927915854538,516.193856,520.26406218120710674304,0,0,0,0,0,0,0.553389887759,32.393030094446,,27.251642593485,,0.00005892827626221604,1.00788503414734,,840.4973548573422,0.959366373306339,0.0000564425214936939,0.00100084870335607,0.80164592913082,0.959366373306339,0.002747076128,28919324661.090747,28919324661.090747,3138308129.433428,28919324661.090747,28919324661.090747,14577522316.20258,28919324661.090747,28919324661.090747,28919324661.090747,5489858571.406517,21497799110.468816,28919324661.090747,92.9509724539,29571102293.640649,31109518951.546959,31112441428.192241,17217315113.283547,31067007875.248157,31112362957.373508,8315564130.137281,30817029826.105002,31112449818.828276,31112449810.729132,31112449738.855279,31112447085.811218,31112419224.001226,31111854359.838106,30483774900.011508,30986868289.23927,31098875852.829028,24257739687.746709,31112447104.743187,31112419483.59056,31111947162.3177,30500364573.510542,30992425427.617504,11635309918.742063,31100296326.315094,24322644849.250981,9538171576.344638,28162496799.378183,16541931030.392465,31112449819.090747,26174314666.010918,3015,0.034895833333,5933,960467413.155815,968040731.5059559172270877821,1176149.40229627,1185423.3804957496199575124218,748789.747112,754693.97983715620314748208,35.292283549895,,0.18308367716698867,,
2018-01-07,9521,15968,86267,112409,1419,50824,106098,45,26979,124365,122901,121606,119902,98640,20966,109192,36806,115187,68903,5778,97813,20539,108608,36050,248,114432,67832,5588,1613889688,4318,1041.439555349699,28779318424.985555948827462285368,3.543826788276,2.981354332868,30917901163.541216200214650285368,,26010644454.195271370157538835946,8724439147.485409607821631075961,0.17056477,0.16949821866226613929086,0.17107,0.17000028942995595426,718.077671,713.587489935048163135578,0,0,0,0,0,0,0.552530993699,13.187264987929,,11.094196178127,,0.00006122262292374903,0.993746942362518,,757.4949988735614,1.00788503414734,0.0000589282762622159,0.00100171698726563,0.833706871419081,1.00788503414734,0.002798469542,28960409535.013076,28960409535.013076,1796788088.002118,28960409535.013076,28960409535.013076,14658727066.615594,28960409535.013076,28960409535.013076,28960409535.013076,5741321588.744771,21456759226.776578,28960409535.013076,93.0830274434,29551909167.971414,31109456540.074536,31112440500.833581,17190592418.179677,31065964931.315449,31112359012.63308,8313434603.902027,30812147377.712125,31112449100.743345,31112449092.477598,31112449017.834719,31112446267.520229,31112417317.723036,31111833773.770669,30472783943.107279,30984256407.714537,31098586259.56122,24223694995.039638,31112445512.513546,31112411477.596757,31111751046.23162,30430059387.148116,30976691318.887093,11437950051.238949,31097514427.604509,24033553086.34385,9535872665.662805,28224307969.398696,16610568384.948784,31112449101.013076,26174313947.933247,4210,0.048726851852,8303,2359279890.825933,2344527177.685646200509321579294,1087768.53364761,1080966.65431047221638948428198,1499329.52007,1489954.12616342406489673626,35.582577877036,,0.18379746627291801,,
2018-01-08,6481,15985,87119,113717,1416,51201,107283,45,27094,125920,124419,123087,121347,99697,21007,110442,37061,116537,69523,5774,97898,20092,109706,35002,199,115728,66362,5178,1613889704,4320,884.333333333333,25589906972.221597926051659926188,3.106750185987,2.613650061129,27470409518.132675903370339926188,,23110334986.111636059142795015296,8842168785.260441893014439915051,0.17058671,0.15061774267324010887108,0.17107,0.15104445849920656436,468.601695,413.74694144552143692186,0,0,0,0,0,0,0.551980042995,19.40746754951,,16.327134693978,,0.00005910925581115043,0.882939489677948,,629.9149729296068,0.993746942362518,0.0000612226229237488,0.0009010394146005,0.812206303185811,0.993746942362518,0.002827776132,28982628222.411381,28982628222.411381,1982633666.756797,28982628222.411381,28982628222.411381,12256618578.610167,28982628222.411381,28982628222.411381,28982628222.411381,5889309339.5551,21307907969.257869,28982628222.411381,93.1544429847,29540455142.807149,31109406181.895713,31112439886.650252,17173450733.808482,31065338081.401187,31112356659.034547,8304097097.986,30808484993.87184,31112448632.136087,31112448623.65116,31112448547.351636,31112445741.510142,31112416280.92694,31111822494.815278,30465110699.126496,30982999009.508799,31098387352.324504,24199554249.509856,31112444929.104381,31112408811.674377,31111636755.166999,30370511568.518818,30961598667.291713,10912154511.830047,31095093502.257624,23575539503.048098,9532929957.363723,28269199474.963495,16659929502.224847,31112448632.411381,26174313479.331552,2747,0.031793981481,5410,1603117385.255975,1415455646.0317569257962927393,544605.46041739,480853.66729675423599275871572,740630.996399,653932.354000203202857709252,35.677277341219,,0.18699214683799073,,
2018-01-09,13383,16004,89539,116893,1416,52391,110354,45,27433,129437,127869,126490,124685,102561,21132,113594,37698,119725,71324,5759,99781,19752,112760,34601,158,118846,66302,4357,1613889719,4320,1234.597916666667,22803457309.341234501565472904224,2.656201502414,2.234611976178,24466857927.023444967682936904224,,20583503809.285290159736482718616,9211220573.736743970139265244023,0.17159621,0.13494342054938663990792,0.17107,0.13452960851165403064,1105.937569,869.710341941312718858088,0,0,0,0,0,0,0.552388807819,7.109732245492,,5.981282974486,,0.000054692507760463196,0.786400938280552,,616.7676753560173,0.882939489677948,0.0000591092558111504,0.000778126571948259,0.74259672890955,0.882939489677948,0.002901415287,28997240719.473812,28997240719.473812,2617717467.416364,28997240719.473812,28997240719.473812,12547004441.212848,28997240719.473812,28997240719.473812,28997240719.473812,6406875486.480567,21196067430.235356,28997240719.473812,93.201413019,29500239434.000307,31109306334.214073,31112438696.976028,17186167797.466662,31063728803.876273,31112353832.230286,8304843944.666973,30798576156.452212,31112447526.183978,31112447517.40195,31112447438.596199,31112444546.006672,31112414933.86285,31111805996.713208,30443148426.415271,30978299693.397924,31097902579.598996,24136034915.580363,31112443653.054578,31112406337.353638,31111503303.696308,30292791823.083185,30944541653.924181,10420316333.278098,31092393538.846888,22550578591.186684,9526572702.674728,28362219106.595856,16791364829.213948,31112447526.473812,26174312373.393983,6445,0.074594907407,12781,4376036459.910537,3441319178.023551473784526976424,706641.56157166,555703.58704798788159913235632,1437034.12456,1130084.98389515563499355712,35.967567111819,,0.18756997481581894,,
2018-01-10,9549,16039,91021,118915,1413,53056,112291,45,27623,131785,130165,128746,126864,104314,21239,115595,38062,121765,72387,5757,101361,19794,114729,34797,153,120869,67085,4270,1613889734,4320,1031.254398148148,22489644842.30014706740257772544,2.537221129209,2.134516033584,24108989201.70328990766228672544,,20282435540.254031154683717860417,9502123770.040053730435565257127,0.17153121,0.13291928214418211046627,0.17107,0.13256189119405870009,762.284692,590.693285788277011913404,0,0,0,0,0,0,0.551568966017,11.123779316111,,9.358224646228,,0.00005282526862072096,0.774898528053187,,543.9914618921758,0.786400938280552,0.0000546925077604631,0.00061036692166578,0.654599291502074,0.786400938280552,0.002953723675,29022696557.18912,29022696557.18912,2450025270.997184,29022696557.18912,29022696557.18912,12820051491.7286,29022696557.18912,29022696557.18912,29022696557.18912,6711131040.279978,21122336949.836935,29022696557.18912,93.2832341254,29477159733.907053,31109240031.701073,31112437836.025152,17160660091.988297,31062671513.539517,31112351530.077756,8284750927.034489,30792410458.439248,31112446763.888408,31112446754.853989,31112446672.675901,31112443701.98449,31112413910.218403,31111791657.06106,30431870667.395554,30975521080.187502,31097572548.242766,24088042434.939737,31112442790.688452,31112404942.022803,31111467931.209542,30273666839.452683,30939699492.814223,10333876665.646452,31091726061.145207,22397274789.26064,9505469382.98782,28417739041.198373,16851695056.394692,31112446764.18912,26174311611.109291,4444,0.051435185185,8789,2796931319.837313,2167337962.807791429283451166531,904800.71756651,701128.74422375597686248996737,1398009.6382485,1083315.6108829310868375229695,36.223166453925,,0.18806277662084264,,
2018-01-11,7605,16045,92153,120413,1412,53599,113737,45,27778,133538,131884,130434,128502,105654,21328,117087,38368,123292,73203,5746,101642,19454,116063,33999,135,122327,65940,3329,1613889749,4320,985.792824074074,19695148518.86175726102850593285,2.201690879064,1.852240788529,21083926916.03796314888408093285,,17737507925.205070189950892001275,9576243021.454415685134823049412,0.17149719,0.11621825561670675377325,0.17107,0.11592876238001348225,607.786058,411.87750918201375088315,0,0,0,0,0,0,0.55154972376,11.9983735093,,10.094004122585,,0.000051390093589144146,0.677668570643675,,390.78501700534537,0.774898528053187,0.0000528252686207208,0.000629094904104518,0.644685940160683,0.774898528053187,0.002985560066,29063098647.403062,29063098647.403062,1796488119.942185,29063098647.403062,29063098647.403062,12948009870.76261,29063098647.403062,29063098647.403062,29063098647.403062,6704074572.996429,21045126649.045725,29063098647.403062,93.4130942366,29453987586.950259,31109190037.092801,31112437116.27447,17160061083.069576,31061948975.342431,31112349973.837919,8286611645.032635,30787864515.523137,31112446156.095311,31112446146.8886,31112446062.330407,31112443026.834286,31112413153.119013,31111782837.679672,30423394644.548764,30973429936.732193,31097323835.411405,24047338752.842997,31112442024.561352,31112402057.926691,31111313682.445539,30206863063.394433,30922590268.44532,10085819982.427492,31088795684.31441,21109582524.75559,9505730100.301158,28460347401.017351,16913805097.98506,31112446156.403062,26174311003.323233,3544,0.041018518519,7011,2593055311.396065,1757232086.473760949739912138875,684973.43843588,464184.970953726114276815059,1362125.5356585002,923069.664786945993043699116235,36.377521748545,,0.19082168851498746,,
2018-01-12,7712,16078,93325,122004,1416,54143,115232,45,27940,135328,133647,132170,130210,107033,21409,118646,38646,124924,74025,5741,105275,20524,117858,36645,209,124069,70996,5183,1613889765,4318,996.310792033349,26400297779.287974264084799914972,2.800678651217,2.356157834123,28251660918.958109438518945914972,,23767586535.591428722277331548181,10087433953.43789751395223207032,0.17141549,0.15565386199319800846671,0.17107,0.15534013974569266353,646.064994,586.659416921494664110326,0,0,0,0,0,0,0.551789176602,10.185211156146,,8.568624982135,,0.000065851108685075,0.908050153420779,,570.190142409253,0.677668570643675,0.0000513900935891443,0.000600469840629201,0.568141231263075,0.677668570643675,0.003020856196,29073611936.338068,29073611936.338068,1971474525.368082,29073611936.338068,29073611936.338068,13155065155.579308,29073611936.338068,29073611936.338068,29073611936.338068,6913527916.560639,21017586314.986305,29073611936.338068,93.4468874415,29437163319.421596,31109141541.44897,31112436355.454449,17167510690.234374,31061190851.597158,31112347814.556339,8283003652.85531,30783501986.435564,31112445510.025612,31112445500.652491,31112445414.93004,31112442332.29507,31112412136.261472,31111772510.822768,30414659782.788365,30971189207.231333,31097059507.167553,24008782741.56569,31112441474.767948,31112404149.705723,31111592629.896583,30323843299.91842,30950548363.303982,10990867985.598151,31093936125.159266,23430811067.926358,9500301891.606261,28500517726.126123,16966931031.689104,31112445510.338068,26174310357.258239,3769,0.043622685185,7473,3054668679.260823,2773792362.852438684246608841117,647822.85784726,588255.64545769194793289221554,1324141.107528,1202386.535841560622868524312,36.533125194032,,0.1951991012590454,,
2018-01-13,13505,16133,95760,125752,1412,55054,118710,45,28162,139384,137665,136154,134152,110168,21530,122265,39132,128783,75664,5741,108045,20524,121444,36784,190,127889,71924,4992,1613889781,4320,1191.961342592593,25412548072.680600269475229046875,2.653625356894,2.232376920346,27185864037.334312721143979046875,,22870257581.37165540106686187,10244801123.380199191435979255478,0.17138736,0.1497572291616989517,0.17107,0.14947992193060118125,1104.420143,965.035580488825584100625,0,0,0,0,0,0,0.550265296304,10.403293156028,,8.751827561785,,0.00006139976656008525,0.873793896829375,,266.6304382171954,0.908050153420779,0.0000658511086850749,0.000722261904400399,0.753625898818958,0.908050153420779,0.003117444503,29083000195.917925,29083000195.917925,2481376636.43374,29083000195.917925,29083000195.917925,13172560921.440391,29083000195.917925,29083000195.917925,29083000195.917925,5168682075.843807,20924189544.276061,29083000195.917925,93.4770660141,29409715937.712684,31108978656.936612,31112434925.338142,17120098439.773241,31059259267.271756,31112342644.387554,8260880231.470038,30774793438.573155,31112444405.596623,31112444396.024427,31112444308.292914,31112441174.549993,31112409852.232789,31111743427.412002,30400045596.997481,30966864868.201951,31096413285.489002,23955787465.567296,31112440275.111487,31112401513.767221,31111523288.598404,30295697916.840162,30942381410.770787,10749130016.415198,31092502088.980879,23162867869.181661,9476308469.536005,28609031673.742235,17060492526.077873,31112444405.917925,26173514903.638096,6444,0.074583333333,12827,2990634209.696559,2613197920.081994514070947620625,462067.43647543,403751.70591582566810208975625,719398.1114955,628605.6792153461401895803125,36.723627080616,,0.1713924409763088,,
2018-01-14,11782,16152,97889,129056,1412,55878,121769,45,28359,142941,141192,139663,137624,112867,21639,125451,39541,132196,77094,5727,109785,20217,124528,36263,161,131232,71684,4088,1613889796,4320,1146.405092592593,23253341273.573501064683887544674,2.405306340959,2.023415323148,24869031754.222372577590788544674,,20920570102.218067895489753121577,10339236766.119428869128810117056,0.17126835,0.13689950267364314180655,0.17107,0.13674095606327807951,960.472907,767.732411153656239997351,0,0,0,0,0,0,0.549702909106,11.850852974656,,9.969290436299,,0.00005842582260876411,0.799327503731093,,270.5938754680992,0.873793896829375,0.0000613997665600852,0.000633117670597119,0.720846031821024,0.873793896829375,0.003193585999,29091131188.445018,29091131188.445018,2154387020.223357,29091131188.445018,29091131188.445018,13227859591.00907,29091131188.445018,29091131188.445018,29091131188.445018,5304633870.121641,20899890934.531562,29091131188.445018,93.5032031137,29380614353.834832,31108842430.547832,31112433668.227592,17102600671.343307,31057656801.97448,31112337957.397833,8247938090.066689,30767089731.715007,31112443445.115367,31112443435.448708,31112443345.99744,31112440177.203842,31112407733.56872,31111714479.525984,30387552317.634996,30962972794.064208,31095861734.625059,23909400688.456198,31112439198.596131,31112398210.873751,31111380496.888574,30233550954.166774,30927390418.338658,10390052836.939984,31089965440.900632,22051095695.279057,9463642752.932656,28710058820.798092,17155211568.156645,31112443445.445018,26172713943.365189,5608,0.064907407407,11162,2625333679.52338,2098501416.51458864128392645434,437843.53813338,349980.38236094426217468718434,674184.6664905,538894.3465196308286000391165,36.880710366385,,0.17109378517997725,,
2018-01-15,10950,16026,99543,131558,1408,56469,124142,45,28407,145665,143884,142328,140246,114972,21588,127892,39787,134738,78170,5562,111599,20072,126934,36265,154,133757,72235,3708,1613889812,4320,1100.791898148148,22632103361.556363728427632496856,2.329291501162,1.959469365384,24189616221.244545561373720496856,,20349025410.642643931512793236042,10384967364.18776050586078759114,0.17145552,0.13330497029477403851232,0.17107,0.13300523230938843362,911.286102,708.515927379593404322532,0,0,0,0,0,0,0.555260384615,9.917643972474,,8.343017407293,,0.00005720331693887722,0.777490105274966,,85.56905264455457,0.799327503731093,0.0000584258226087639,0.000586914351710248,0.657710910002668,0.799327503731093,0.003222377879,29109185066.158916,29109185066.158916,2018221866.477183,29109185066.158916,29109185066.158916,13279017174.208742,29109185066.158916,29109185066.158916,29109185066.158916,5059285915.099911,20922823504.744044,29109185066.158916,93.5612336903,29354338555.996825,31108733307.952311,31112432625.290885,17275506807.823731,31056298997.485981,31112335277.196195,8437367363.913336,30760329481.97445,31112442533.824283,31112442523.998379,31112442432.634173,31112439221.513703,31112406282.74938,31111692807.994359,30375285958.003268,30959666820.062758,31095379238.486613,23861205655.877907,31112438224.226484,31112396344.150766,31111323124.070546,30209716014.29434,30921063605.604921,10490549520.837039,31088838197.084772,21750653161.089511,9653320575.579303,28837240190.840754,17423014548.290736,31112442534.158916,26172713032.079087,5315,0.061516203704,10544,3137079998.083214,2439048657.965708190350419020724,517310.09788095,402203.4824612627813736832977,643217.696643,500095.394677687214690139138,37.05602772615,,0.12502052490150953,,
2018-01-16,11752,16076,101390,134344,1405,57187,126784,45,28606,148781,146964,145366,143233,117298,21696,130618,40190,137595,79425,5558,111206,19219,129232,34310,121,136432,69079,2970,1613889828,4317,1162.965022006023,17874445087.46438769845464812252,1.853745991809,1.559426314452,19085031456.38045589077317612252,,16054896623.771115501154606843308,10295386498.854888555933357298826,0.17151235,0.1052093127242832269458,0.17107,0.10493796585343930996,962.698826,590.539875664547330103128,0,0,0,0,0,0,0.554473829832,11.89726268391,,10.008331552011,,0.0000536627639471666,0.613421206836028,,27.6639335576476,0.777490105274966,0.0000572033169388771,0.000606598365528654,0.638464459537751,0.777490105274966,0.003290568615,29138942195.46009,29138942195.46009,2275318893.483752,29138942195.46009,29138942195.46009,13279595630.689646,29138942195.46009,29138942195.46009,29138942195.46009,5407884566.259955,20905712083.259438,29138942195.46009,93.6568804108,29332850645.195818,31108617155.54486,31112431423.604442,17251034633.556366,31054853645.688841,31112331984.358816,8424279716.36469,30753741196.5375,31112441571.118785,31112441561.079366,31112441467.387976,31112438191.488329,31112404642.705143,31111667893.353004,30363799167.875045,30956456113.073896,31094904382.960976,23820458698.916072,31112436928.606855,31112388535.857705,31110905385.690937,30058956190.30122,30883894077.978859,10001703608.69374,31081985366.98027,20653029741.062314,9640918250.630657,28915980953.577493,17500904103.488515,31112441571.46009,26172712069.380261,5613,0.064965277778,11141,2615092429.079288,1604153153.833576807879626988064,556994.48470596,341672.22900934152364751432688,587266.809106,360241.914776545797719270968,37.255482057423,,0.13149460850775468,,
2018-01-17,9658,16115,102926,136597,1401,57788,128900,45,28774,151303,149451,147821,145645,119212,21779,132808,40511,139899,80454,5537,113281,19394,131458,34825,124,138786,70444,3071,1613889843,4320,1060.777314814815,18422527258.8277536995507362623,1.905774487299,1.603194226267,19661037766.4364364666680162623,,16539450202.34067871617464125432,10316560483.661532918561514040353,0.17147346,0.1083600671014679939052,0.17107,0.1081051066389406834,769.401425,486.2116273909973829335,0,0,0,0,0,0,0.553681716402,14.830018536547,,12.47545302536,,0.000056626978817112184,0.63193491926662,,21.352532858170758,0.613421206836028,0.0000536627639471664,0.000578051894390517,0.496706599402331,0.613421206836028,0.003344078103,29152570458.058665,29152570458.058665,2041612123.061785,29152570458.058665,29152570458.058665,13186046513.911835,29152570458.058665,29152570458.058665,29152570458.058665,4944226555.360487,20893791710.413301,29152570458.058665,93.7006859845,29314900250.278671,31108529309.181694,31112430464.664602,17226389624.740688,31053698279.983798,31112329086.185302,8409731372.721972,30748046864.392525,31112440801.709631,31112440791.469445,31112440695.756879,31112437360.505463,31112403223.677886,31111651182.631437,30353413207.782363,30953613883.557241,31094511071.295645,23770373111.150037,31112436184.530505,31112387756.198495,31110919559.449867,30064035863.43741,30884375729.701494,10035621580.678841,31082198141.126414,20798469335.110167,9626946804.587939,28978137945.210118,17566133406.470974,31112440802.058665,26172711299.978836,4487,0.05193287037,8905,2097936744.0024,1325759486.947632274491519888,450948.04025793,284969.8134138355001512392966,545508.699528,344725.99599546554770015536,37.384553286147,,0.13085766821144798,,
2018-01-18,10405,16149,104758,139300,1398,58500,131452,45,28955,154170,152299,150657,148453,121504,21876,135449,40893,142630,81690,5533,115655,19553,134095,35279,126,141519,71813,3139,1613889857,4320,1071.496064814815,18858978304.41234075889886440369,1.946356800997,1.637283220839,20122821632.15067683328828840369,,16927399024.352761539604794728736,10338711597.913620470383022566461,0.1714341,0.1108796938985745935466,0.17107,0.11064420226331374982,871.2281,563.4906068503100365906,0,0,0,0,0,0,0.552507221247,14.429736099069,,12.138352425427,,0.000057511565969083366,0.646777355838626,,22.262393170322547,0.63193491926662,0.0000566269788171122,0.000624057509528837,0.521237574979491,0.63193491926662,0.003413784636,29158377506.830565,29158377506.830565,1902105474.139494,29158377506.830565,29158377506.830565,13023281293.306404,29158377506.830565,29158377506.830565,29158377506.830565,4611818022.423392,20808909072.010446,29158377506.830565,93.7193533251,29290749577.91374,31108419785.279996,31112429485.627181,17189847732.388305,31052287302.71238,31112325925.542308,8383753831.217535,30741448026.643775,31112439930.478958,31112439920.166098,31112439823.058917,31112436443.65191,31112401805.44689,31111629977.969915,30342067208.993481,30950242403.525709,31094046646.97532,23732505961.759916,31112435274.772673,31112386379.263451,31110916163.105892,30063026103.309549,30882541129.703526,10038358475.048372,31082011908.017176,20875831203.352382,9598876352.769764,29045627030.47701,17620510529.418877,31112439930.830565,26171910428.750736,5082,0.058819444444,10117,2156133675.4341,1394538437.4318854345000975466,705406.60342973,456241.01775738701597201075098,512514.7412375,331482.929165907864197539675,37.613935205187,,0.130883068236965,,
2018-01-19,8581,16173,106294,141552,1398,59102,133592,45,29131,156604,154722,153065,150825,123435,21968,137639,41233,144948,82734,5525,117373,19594,136273,35485,127,143808,72548,3116,1613889873,4320,1013.099537037037,18797053912.249585713616511519638,1.921045821721,1.615991515836,20048005723.834741735592031519638,,16864463508.794902339841531525969,10435985179.088778816783465764774,0.1707168,0.1100052412171045964448,0.17107,0.11023283364619113827,689.866607,444.531191485902373483327,0,0,0,0,0,0,0.55213146442,18.690204162602,,15.722275343198,,0.00005632502458620537,0.644372675782961,,34.91254393461169,0.646777355838626,0.0000575115659690834,0.000634862962216484,0.53756019246056,0.646777355838626,0.003466023828,29171090920.963958,29171090920.963958,1681849632.483764,29171090920.963958,29171090920.963958,12471335799.827636,29171090920.963958,29171090920.963958,29171090920.963958,4499820221.372033,20758377606.002466,29171090920.963958,93.7602182042,29269630511.431654,31108329003.534557,31112428624.399126,17178156639.789335,31051161482.375836,31112323562.464125,8370577496.803151,30736074516.946384,31112439240.608903,31112439230.21244,31112439131.392275,31112435721.703893,31112400497.2988,31111613027.275958,30332476269.646623,30947673048.610813,31093665230.196216,23698813573.869057,31112434521.037216,31112384930.066123,31110871332.263324,30046855957.929968,30878210774.882572,10042015582.883988,31081228280.812608,20824049486.714862,9585700018.35538,29101111203.745491,17679554912.487874,31112439240.963958,26171909738.884129,4041,0.046770833333,8014,1664638811.341504,1072647765.076292539369955313344,386400.10989639,248985.67273676701358783741079,472647.470638,304561.115357056552908199118,37.713465698612,,0.12928332804708492,,
2018-01-20,10017,16199,108081,144276,1396,59766,136145,45,29291,159516,157617,155940,153674,125724,22067,140290,41600,147747,83936,5507,120836,20085,139105,36842,138,146657,75626,3396,1613889890,4320,1048.036342592593,20614731541.951436206649325617,2.087531146143,1.755982603453,21981474800.297764061904925617,,18490304884.26026009037457479059,10529890699.313459779076573832645,0.17129795,0.1210249585935400962055,0.17107,0.1208639079837026903,823.086658,581.52493187072757248282,0,0,0,0,0,0,0.55150686099,15.198875818083,,12.784940515936,,0.00005533324520745914,0.70651726184429,,48.295848078176846,0.644372675782961,0.0000563250245862051,0.000625644395833741,0.535479605918217,0.644372675782961,0.00353352936,29177958777.8773,29177958777.8773,1523442671.894105,29177958777.8773,29177958777.8773,12248238004.87523,29177958777.8773,29177958777.8773,29177958777.8773,4271987606.679536,20742204862.143021,29177958777.8773,93.7822949972,29246829046.18275,31108210796.795983,31112427586.342299,17158723249.595337,31049732244.351162,31112319950.879742,8355541680.469063,30729382785.420286,31112438417.518029,31112438406.997526,31112438307.071631,31112434863.259522,31112398946.634466,31111591659.538955,30322815590.361122,30944613879.0822,31093192560.88065,23650415682.019249,31112433742.045377,31112386123.211338,31111029023.255041,30096538089.096895,30890169279.096043,10189490466.248923,31083603648.845671,21226946281.131399,9569159201.507554,29167572406.880358,17746045705.188583,31112438417.8773,26171058915.097471,4805,0.055613425926,9563,2047022344.959353,1446256622.09475973351786514437,350832.30543862,247869.0798050134131785924798,439823.901624,310743.17866906085376612696,37.821301681549,,0.13011870115791355,,
2018-01-21,7601,16206,109336,146164,1394,60177,137922,45,29389,161581,159664,157968,155672,127313,22116,142126,41811,149681,84730,5494,120405,19511,140638,35499,120,148457,73249,2970,1613889906,4318,984.299212598425,17925668936.368909161664081788544,1.819553887208,1.530566365993,19099533573.216736240577681788544,,16066082955.186397367493179445312,10496822164.756187331333246224571,0.17148849,0.10527462334818528643392,0.17107,0.10501771760993438656,605.182882,371.514146280716922249856,0,0,0,0,0,0,0.551019807487,16.382313094187,,13.780420352156,,0.00005374419641122012,0.613887400537408,,44.13019965711045,0.70651726184429,0.0000553332452074589,0.000613325232790747,0.581960243390334,0.70651726184429,0.003584046533,29200255487.694418,29200255487.694418,1611296227.305005,29200255487.694418,29200255487.694418,12107964518.176754,29200255487.694418,29200255487.694418,29200255487.694418,4271542757.188515,20726368292.320369,29200255487.694418,93.8539617612,29231727612.244292,31108132615.836666,31112426842.829479,17143569493.99147,31048672690.901818,31112317771.522462,8340693629.460074,30725237463.544009,31112437812.330456,31112437801.711866,31112437700.460846,31112434221.798875,31112397847.78553,31111576118.411455,30316074387.090109,30942448578.861547,31092836959.059465,23622469667.615732,31112432900.638369,31112380504.205429,31110710077.646697,29995182347.478991,30864579150.881762,9898775331.619068,31078473177.128112,20568191837.070873,9554310149.714975,29216707683.03546,17791376648.38007,31112437812.694418,26171058309.914589,3529,0.040844907407,6998,1899148040.561781,1165863053.856183627641625603648,383637.21817247,235510.05461330007002163075776,413130.95022,253615.88511210510569582976,37.907592449175,,0.1311636755984316,,
2018-01-22,7698,16243,110601,148054,1392,60727,139696,46,29547,163632,161688,159973,157642,128903,22208,143967,42111,151601,85620,5486,120886,19254,142325,34998,104,150295,72390,2754,1613889921,4320,986.63587962963,16522178586.55074181733915497395,1.81260868175,1.52467236375,17596167032.49079140237407497395,,14800982612.783639592286035428835,9707647993.552518957659580980476,0.17113348,0.0967874448711674472654,0.17107,0.09675154267949564985,626.861928,354.53240533724749595244,0,0,0,0,0,0,0.550022347633,8.496560090551,,7.146865447259,,0.000052672861193956865,0.565566976556355,,32.82081635644367,0.613887400537408,0.0000537441964112201,0.000590603885985751,0.507231669796451,0.613887400537408,0.003628708336,29213478281.83249,29213478281.83249,3584732494.418747,29213478281.83249,29213478281.83249,11976308975.009083,29213478281.83249,29213478281.83249,29213478281.83249,5974950807.022178,20732121471.254606,29213478281.83249,93.896463679,29212668599.80824,31108055954.429447,31112426120.759342,17112535741.550376,31047761417.577911,31112315442.316774,8326135268.654812,30720528916.242536,31112437185.462158,31112437174.760566,31112437072.266377,31112433566.209742,31112396783.510505,31111561148.265974,30308161210.486802,30940090076.989954,31092525844.532319,23573106784.349267,31112432110.890472,31112376968.056632,31110512512.37104,29929177549.723828,30849057843.089209,9591881885.443039,31075270042.828493,20175724032.154815,9520576840.116037,29249600126.446403,17823358141.33549,31112437185.83249,26170167683.594977,3663,0.042395833333,7277,3661768628.039593,2070975411.809264706333735763515,1003783.60563331,567706.85895486772948268018505,401775.25145,227230.81421774578522046475,38.142371776085,,0.13227496336729602,,
2018-01-23,7650,16241,112317,150548,1387,61389,142048,46,29685,166255,164290,162557,160203,131013,22275,146415,42427,154116,86803,5474,122815,19302,144750,35221,104,152796,73300,2755,1613889935,4320,926.225231481481,16531508032.05933593301819613277,1.812891830197,1.524910528847,17602408090.32116872826160213277,,14806232221.300778919462237079656,9709574392.204869180030992981417,0.17368435,0.0982649748413400730243,0.17107,0.09678586036167361246,505.942525,286.24587932239761918445,0,0,0,0,0,0,0.548928058949,22.821212729399,,19.196019857589,,0.000052147400419344425,0.565767582636778,,43.47126699968872,0.565566976556355,0.0000526728611939569,0.000570106486104041,0.464659704997578,0.565566976556355,0.003694858392,29219609852.889965,29219609852.889965,3267087649.934096,29219609852.889965,29219609852.889965,11871888582.471323,29219609852.889965,29219609852.889965,29219609852.889965,5754636158.646251,20653997531.614034,29219609852.889965,93.9161729874,29186683291.141965,31107961079.82636,31112425554.221539,17078489475.862368,31046397414.641177,31112312304.007461,8308071803.896151,30713962433.297109,31112436679.514815,31112436668.709664,31112436565.105675,31112433030.24731,31112395857.823049,31111540602.511001,30297554660.751442,30936774363.406222,31092108367.10278,23540704070.378935,31112431560.458589,31112375742.586237,31110467487.270837,29916191899.319384,30844463117.035139,9573818420.684378,31074495168.023928,20158804136.208204,9502513375.357376,29303026889.933152,17873287209.884396,31112436679.889965,26170167177.652452,2913,0.033715277778,7575,1363312153.863327,771317821.670593661978095640406,580280.56927901,328303.93493207887139816942978,699910.906318,395986.901528651250179363404,38.283654333134,,0.13128680703638157,,
2018-01-24,7863,16213,114059,153028,1385,62071,144426,46,29842,168885,166901,165154,162773,133155,22343,148845,42802,156624,87978,5461,125930,19705,147295,36274,122,155377,76048,2993,1613889951,4320,955.308564814815,18141291608.572887301933020200355,1.977582862488,1.663382867506,19302174333.050117092888087200355,,16235428967.477258241046051895624,9760488270.397553696756583249458,0.17372344,0.10777812783716505650728,0.171246,0.106241122554349414602,493.5483,306.1976655033741587121,0,0,0,0,0,0,0.548105616685,18.36367621448,,15.446040203431,,0.000055265129710547574,0.620400608214787,,47.229310054294004,0.565767582636778,0.0000521474004193442,0.000574259287801956,0.461708041118262,0.565767582636778,0.003759855361,29241253745.341665,29241253745.341665,1348463978.622721,29241253745.341665,29241253745.341665,11764101903.03924,29241253745.341665,29241253745.341665,29241253745.341665,5622490681.932858,20635418544.803707,29241253745.341665,93.9857411686,29152729873.378264,31107867016.065039,31112424972.516071,17052901022.486227,31045055857.380784,31112310377.845332,8292770162.72496,30707266528.013289,31112436185.962753,31112436175.067795,31112436070.24808,31112432498.052072,31112394941.794942,31111522097.112529,30286789299.134579,30933656053.319896,31091669643.758213,23502880882.10872,31112431158.722435,31112376861.030615,31110619608.157849,29962892245.900089,30853373580.586006,9863984852.006144,31076800513.506575,20539239625.721189,9487211734.186185,29355002569.556455,17920989638.92841,31112436186.341665,26169266684.304152,2841,0.032881944444,7615,1694237897.845845,1051106222.284104403638375510015,429846.19682975,266676.84195198994756647151325,1075488.296192,667233.593085401789410191104,38.388862991951,,0.1317396197594316,,
2018-01-25,6704,16054,115510,155167,1385,62640,146455,46,29967,171160,169162,167395,164993,134963,22417,150941,43075,158800,89007,5464,127879,19859,149432,36728,125,157577,77347,3054,1613889967,4320,890.19375,18539373300.740890741648724109696,2.007681322911,1.688634725456,19710574968.112716500996948109696,,16578309002.54680175919194390688,9817581477.290747820275372856131,0.17353628,0.10993995724315293770496,0.17107,0.10837750172808921024,431.411187,273.310730488159919515584,0,0,0,0,0,0,0.547676682782,29.23593238826,,24.589963605539,,0.00005691830702300223,0.633527221184832,,48.94566099548204,0.620400608214787,0.0000552651297105475,0.000592482704905494,0.502660650530874,0.620400608214787,0.003814190171,29263735922.930478,29263735922.930478,1334255320.636784,29263735922.930478,29263735922.930478,11735873981.123701,29263735922.930478,29263735922.930478,29263735922.930478,5452887747.382996,20620179123.722456,29263735922.930478,94.0580035374,29083876400.936092,31107780751.404738,31112424429.530737,17039555607.524948,31043913930.611908,31112308309.536976,8281909363.626147,30701609769.335499,31112435754.548475,31112435743.522589,31112435637.82194,31112432043.645748,31112394067.489855,31111504874.84836,30278166625.840991,30930843643.754519,31091335340.962845,23487006943.078189,31112430746.415593,31112376774.945315,31110628844.064301,29967943127.413792,30853619291.775468,9900891261.835219,31076980122.833648,20619791503.235498,9476350935.087372,29396712823.206496,17964973230.353718,31112435754.930478,26168266253.092965,2486,0.028773148148,6562,1064184830.562262,674190058.533161122936386009984,739631.87308781,468576.92525705259664257609792,1170141.193219,741316.298533936651424054208,38.544861093508,,0.13174585463226782,,
2018-01-26,6947,15997,117096,157408,1386,63344,148571,46,30158,173539,171522,169737,167315,136855,22516,153121,43459,161075,90135,5440,129369,19811,151520,36752,122,159809,77704,2980,1613889982,4319,930.871266496874,18098245664.644200671897104826998,1.950940726818,1.640910941554,19237287166.374591330247981826998,,16180232727.321385421330398770087,9860518519.05975088801810223441,0.17456788,0.10793794837975720277836,0.171246,0.105883979963782008162,434.499444,268.657547754519362108268,0,0,0,0,0,0,0.547152171417,26.033778431944,,21.896673380052,,0.00005602935939161845,0.618315055322647,,51.097387992268324,0.633527221184832,0.0000569183070230023,0.000607046765546508,0.514699407140596,0.633527221184832,0.00386787905,29270265229.431034,29270265229.431034,1212156504.836555,29270265229.431034,29270265229.431034,11644999247.830515,29270265229.431034,29270265229.431034,29270265229.431034,5106118396.071682,20585928578.399158,29270265229.431034,94.0789910143,29043185294.591903,31107704160.057823,31112423884.190239,17023236543.633612,31042790216.345467,31112306018.972204,8264264279.441733,30695403853.312579,31112435320.044562,31112435308.903232,31112435201.973733,31112431579.374929,31112393151.248344,31111487253.054498,30266891029.960829,30927838730.921858,31090971509.346742,23435184316.940791,31112430215.480607,31112374478.757688,31110550270.773588,29933680074.406179,30845237140.369624,9835736758.436007,31075452745.101172,20480909038.60339,9458705849.715979,29428548759.194147,18006019110.083294,31112435320.431034,26168265818.593521,2489,0.02880787037,6879,1195079515.705477,738935656.868394195560060037619,390266.42470946,241307.60598480141005353314062,1066456.597481,659406.170070666398262452207,38.631150046965,,0.13157682741582746,,
2018-01-27,7484,16030,118906,159858,1388,64208,150880,46,30375,176156,174127,172324,169885,138986,22611,155498,43937,163593,91459,5331,131317,19858,153867,37084,121,162302,78756,2974,1613889997,4320,940.509953703704,18040074296.390398446819994001248,1.937173568059,1.629331558322,19170865564.229634275399011001248,,16124366334.116731316024514725709,9896307631.039385690835336228921,0.17438616,0.10745329463014944931848,0.171246,0.105518390291033259738,460.902618,283.999055932886089825854,0,0,0,0,0,0,0.546814101373,20.647297225033,,17.366173851171,,0.000054428212879902516,0.616180175251003,,51.26176987866139,0.618315055322647,0.0000560293593916186,0.000594266189738581,0.501183004948277,0.618315055322647,0.003923936217,29277271520.528416,29277271520.528416,1374355427.148459,29277271520.528416,29277271520.528416,11555193715.230588,29277271520.528416,29277271520.528416,29277271520.528416,5073960576.818022,20597319595.079032,29277271520.528416,94.1015116712,29027419506.8295,31107627359.264569,31112423238.079796,17012718109.252239,31041578269.228918,31112303540.121936,8252276888.569879,30687339984.745779,31112434859.140605,31112434847.884695,31112434740.263824,31112431084.271053,31112392012.987032,31111471950.738339,30251085107.090899,30924397989.378899,31090591441.615233,23309176437.318807,31112429690.734381,31112372952.479986,31110509270.598568,29911573580.738879,30839904380.017842,9807571725.563417,31074707079.92261,20462848560.814062,9446718458.672143,29462510723.972029,18057528556.263044,31112434859.528416,26168265357.690903,2643,0.030590277778,7144,1506852665.529832,928492739.523612889086584421496,301066.42937581,185511.16521498032353936643743,1046057.274516,644559.754733855434375339548,38.700281131895,,0.13157176102550783,,
2018-01-28,7656,16052,120673,162294,1387,64969,153182,46,30618,178771,176722,174900,172439,141085,22726,157866,44411,166097,92733,5220,133479,20012,156231,37622,123,164823,80216,3019,1613890013,4316,924.000926784059,18320346374.371576743158229651372,1.960109318393,1.648622515453,19458654131.524715263297641651372,,16366421515.685916205330133818536,9927331067.165746638110374364179,0.17380752,0.10870446128966826951744,0.171246,0.107102409481537579512,493.787165,308.82937494924004781538,0,0,0,0,0,0,0.546324602673,21.992939161521,,18.497975772289,,0.00005384231762110437,0.625430138406372,,14.467615148397057,0.616180175251003,0.0000544282128799027,0.000563870869457219,0.4990258030948,0.616180175251003,0.00398702903,29292394544.741251,29292394544.741251,1146085909.372936,29292394544.741251,29292394544.741251,11502711587.922347,29292394544.741251,29292394544.741251,29292394544.741251,5077005497.46215,20597960824.264531,29292394544.741251,94.1501208179,29003333263.254461,31107547351.813361,31112422558.137347,16997488343.052899,31040249463.70977,31112301181.990151,8238771978.308664,30680458870.69581,31112434365.349528,31112434353.985691,31112434245.15807,31112430560.101546,31112390872.288208,31111456421.937692,30236774622.567575,30921423568.147236,31090203388.804678,23169577368.284132,31112429204.513662,31112371864.660224,31110508141.631948,29905031365.833163,30838436979.270267,9826221711.046822,31074690602.97826,20516510703.844294,9433060508.239682,29490784885.596085,18104935149.12746,31112434365.741251,26168264863.903738,2841,0.032881944444,7381,1414655591.835398,884768242.598961066590258356056,401580.03535849,251160.25709549616230032029828,1026531.12644,642023.50448781815563367568,38.795551123173,,0.1205064255391443,,
2018-01-29,7485,16079,122235,164487,1390,65698,155247,46,30808,181136,179053,177217,174723,142972,22804,159986,44802,168333,93873,5144,134428,19756,158259,37308,113,166954,79831,2834,1613890030,4317,949.339124391939,17275240527.605806553959914210446,1.841988103148,1.549272289276,18339209279.425656516031306210446,,15424870929.0131413707711432547,9956203977.691208698590175611841,0.17363036,0.10234633273714997761912,0.171246,0.100940872874455740732,493.978388,291.175324771595092347496,0,0,0,0,0,0,0.546074510959,22.34901737088,,18.797468477708,,0.000052948272746536614,0.589449522175442,,-12.267050109576328,0.625430138406372,0.0000538423176211046,0.000514828798696192,0.506747965658724,0.625430138406372,0.004038898036,29307412895.762863,29307412895.762863,1317644871.420831,29307412895.762863,29307412895.762863,11433348170.556404,29307412895.762863,29307412895.762863,29307412895.762863,4949855401.998467,20615881852.423196,29307412895.762863,94.1983935315,28988591135.956588,31107470849.666612,31112421939.705525,16989707111.266534,31039139792.672976,31112298955.113857,8231663132.056699,30673775783.616975,31112433871.364953,31112433859.942994,31112433749.69018,31112430042.894076,31112389746.402874,31111441937.445141,30223260251.377929,30918391380.055383,31089851606.770556,23070329163.365856,31112428520.581874,31112369291.137051,31110344036.221959,29837667961.564868,30824159435.722399,9652352547.269934,31071902123.462611,20195094264.059953,9425951661.987717,29519482443.844752,18147048636.109358,31112433871.762863,26168264369.92535,2845,0.032928240741,7231,1392116411.896542,820582353.805007482888877121564,472851.87006453,278722.30886930139544252127226,1014687.42712,598107.01907331262822878704,38.905449662474,,0.11476173786766784,,
2018-01-30,7437,16298,123871,166726,1359,66588,157357,46,31188,183558,181455,179602,177080,144921,23091,162168,45395,170618,95158,4805,133505,18913,159551,36261,79,168844,77567,2265,1613890045,4320,906.952546296296,14693606156.319167599691811146396,1.559462416989,1.311643597432,15590729593.118039425583846146396,,13113160296.351802313854714151993,9997502615.820133412549413937255,0.17371071,0.08704805153939641963701,0.171246,0.085812962447251981626,461.201947,231.112582825353577458857,0,0,0,0,0,0,0.540971370632,18.707360496336,,15.734518095829,,0.00005031446811752394,0.501109295675531,,-31.12980897850256,0.589449522175442,0.0000529482727465363,0.0005072679105757,0.4777991244684,0.589449522175442,0.00410305393,29322158425.560916,29322158425.560916,1839299512.174868,29322158425.560916,29322158425.560916,11657801559.709098,29322158425.560916,29322158425.560916,29322158425.560916,3519403601.12725,20734204202.473729,29322158425.560916,94.2457892593,28971955646.39974,31107397802.142984,31112421325.188617,16830935745.80173,31038133565.569556,31112296377.555814,8214530031.706156,30667483231.583698,31112433410.158471,31112433398.66767,31112433286.763491,31112429539.667447,31112388735.497253,31111429133.40232,30212124612.447026,30915689615.088863,31089558187.898508,22533030703.276951,31112427306.706125,31112351534.88587,31109802242.409765,29620141541.765161,30791969622.27582,9007176021.800231,31065198911.405955,19014908494.437377,9408818561.637174,29508000100.083918,18108425152.584429,31112433410.560916,26168263908.723403,2655,0.030729166667,6805,1663111876.026246,833400820.825123163280455986626,387535.59228759,194197.68770043396834267796029,999999.82893,501109.20995076378878691183,38.990213127099,,0.11713252642795777,,
2018-01-31,7246,16412,125386,168752,1352,67330,159296,46,31474,185774,183648,181780,179228,146695,23267,164159,45845,172704,96278,4723,133966,18611,161183,35727,75,170639,76762,2155,1613890059,4320,935.081944444444,14539260531.42228364103675875234,1.535724703591,1.291599684955,15420801083.46122767296565875234,,12969448088.30430346739317265364,10041383750.226856916490795243444,0.17373948,0.0861135471122971347084,0.171246,0.08487765986632649718,451.201418,223.63687612095001330594,0,0,0,0,0,0,0.539053058739,16.412570766989,,13.803562046227,,0.00004931769380045967,0.49564754719133,,-32.78030269748161,0.501109295675531,0.000050314468117524,0.0004763697526924,0.405441758610358,0.501109295675531,0.00415925413,29333869629.359498,29333869629.359498,2009102908.732352,29333869629.359498,29333869629.359498,11795715667.882387,29333869629.359498,29333869629.359498,29333869629.359498,3824463711.158393,20734534249.81834,29333869629.359498,94.2834321818,28956053814.630486,31107332783.040668,31112420710.911118,16771252151.550936,31037120401.329159,31112294620.020611,8186825083.612984,30661846638.085036,31112432958.952055,31112432947.366608,31112432833.899158,31112429053.643714,31112387892.174514,31111415043.742382,30200124710.770628,30913065906.320895,31089244698.424796,22351074895.557504,31112426260.447233,31112343724.074033,31109532653.247823,29522308052.095955,30770232808.039241,8896706218.533767,31061166329.038617,18736089277.974413,9376963611.849194,29515422476.876316,18107226841.197392,31112432959.359498,26166674609.403108,2597,0.03005787037,6697,1895646538.319076,939572557.05958557488316081108,401652.72442202,199078.1876824894215486050866,997431.184093,494374.31988783937832351369,39.076670071543,,0.11703247105632834,,
2018-02-01,7395,16432,126602,170401,1352,67874,160867,45,31615,187656,185493,183605,181014,148171,23311,165775,46133,174399,97203,4722,131983,17814,162115,34152,58,172227,73584,1706,1613890075,4320,939.844444444444,12024281824.061112362366464019984,1.27190876845,1.069720996333,12748819799.034847908992704019984,,10722215740.447529183329138199924,10023375980.473387256692437002168,0.17412729,0.07135145869549463029866,0.171246,0.070170803759529442284,461.263202,189.010018505741381177908,0,0,0,0,0,0,0.538352366263,21.068821375979,,17.719636150736,,0.00004532878379027331,0.409766089482554,,-48.167203068949014,0.49564754719133,0.0000493176938004595,0.000452130008143265,0.398740034050309,0.49564754719133,0.004204227196,29344257938.096296,29344257938.096296,1923075629.076721,29344257938.096296,29344257938.096296,11633752815.20282,29344257938.096296,29344257938.096296,29344257938.096296,3899925217.224132,20927402274.810015,29344257938.096296,94.3168231539,28947277788.016343,31107272777.316019,31112420115.86044,16749451655.549872,31036207461.891726,31112292783.695104,8140961170.772367,30656873005.069448,31112432497.681009,31112432485.968585,31112432370.535163,31112428541.911035,31112387083.829801,31111406811.714452,30189453163.373732,30910603787.789719,31089007078.384091,22334799268.762501,31112425538.053368,31112327632.506247,31108767433.004822,29333983679.36001,30727509450.037298,8507773385.039608,31052053342.3907,17735790276.43763,9361633740.638785,29541851563.867242,18130570173.8603,31112432498.096296,26166674148.139906,2649,0.030659722222,6770,1476704934.883912,605103606.486970162408139271248,400314.4328403,164035.2797083962234115181262,992860.371061,406840.511651863493925969794,39.163778231123,,0.12026098803669577,,
2018-02-02,9764,16457,128150,172343,1356,68618,162744,45,31831,189828,187641,185715,183098,149946,23367,167684,46568,176365,98345,4697,132865,17760,163869,34214,58,174167,73951,1672,1613890092,4320,1028.708564814815,11749730284.180332881917653009888,1.251549665515,1.052598254629,12450572195.213068947730941009888,,10471378741.827188948511290377608,9948124743.484330705450979721245,0.17438559,0.06978562106575173295068,0.171246,0.068529220017695964792,668.419952,267.488279754422152557504,0,0,0,0,0,0,0.539176694729,15.041695229079,,12.65060634911,,0.000045547057897052525,0.400179975110052,,-61.24529591592244,0.409766089482554,0.0000453287837902733,0.000402058228020877,0.32623310568264,0.409766089482554,0.004247833023,29361115035.676344,29361115035.676344,1788092321.467607,29361115035.676344,29361115035.676344,11604715253.295805,29361115035.676344,29361115035.676344,29361115035.676344,3958262900.414072,20970866840.288717,29361115035.676344,94.371006408,28931947206.890019,31107217351.715432,31112419326.117512,16775098158.918761,31035142419.940963,31112291218.526029,8123985562.225008,30650531691.105809,31112431829.258244,31112431817.343498,31112431700.838761,31112427805.009812,31112386073.193804,31111397910.033487,30173091585.877902,30907796786.642081,31088707108.514618,22316997430.174586,31112424748.70519,31112323030.45704,31108549452.963287,29299297475.279095,30717400373.24899,8490797776.492249,31050092511.958091,17667195358.54061,9348019170.014647,29565663991.588011,18195020690.230741,31112431829.676344,26166673479.719954,3833,0.044363425926,9528,2068412592.852557,827737299.925054381614684602964,418352.67525971,167416.36317265441492493160492,980657.061359,392439.318406141356941680668,39.291897128725,,0.10717052916931243,,
2018-02-03,7659,16486,129590,174302,1357,69215,164625,45,31976,191910,189706,187761,185127,151680,23370,169618,46888,178360,99382,4703,136806,18288,166243,35392,66,176183,77004,1906,1613890107,4320,953.115046296296,13272681890.427829339655839156132,1.413275092583,1.188615148283,14062192378.833394139131889156132,,11826809208.817019323209400793822,9950074442.428346695177617404439,0.17407015,0.07867620214717060242935,0.171246,0.077399743223604833934,498.362836,225.249965188018915377044,0,0,0,0,0,0,0.539308396206,18.729446449328,,15.752137630856,,0.000049493527746769275,0.451979860689329,,-61.05648607447464,0.400179975110052,0.0000455470578970525,0.000438399211202828,0.322657886345866,0.400179975110052,0.004296709118,29365648881.313508,29365648881.313508,1588510532.374521,29365648881.313508,29365648881.313508,11389912515.097136,29365648881.313508,29365648881.313508,29365648881.313508,3868207393.724672,20959603443.193443,29365648881.313508,94.3855803765,28923700881.43385,31107149176.043528,31112418746.206821,16779195443.35422,31034041316.272038,31112289426.863474,8114744035.934893,30644817449.569317,31112431330.892854,31112431318.889713,31112431201.849095,31112427287.65697,31112385333.431764,31111386073.905771,30157983222.990633,30905137337.386944,31088387358.893593,22330648661.868584,31112424309.178494,31112333078.125265,31109077398.855636,29408630996.519631,30736078989.715911,8664783174.381244,31054796964.129939,18215571133.447109,9338777643.724532,29594218204.462496,18244198730.354526,31112431331.313508,26166672981.357118,2863,0.033136574074,7433,1661150606.638981,750806619.772680989446502133749,285630.79258039,129099.36583906729956404765831,959031.905282,433463.106945980124756135778,39.360137159221,,0.10740610058003833,,
2018-02-04,5478,16487,130607,175763,1360,69727,165992,45,32087,193514,191288,189326,186670,152940,23322,171042,47150,179850,100180,4711,134920,17598,166986,34108,57,177598,74323,1642,1613890122,4319,839.50382032878,11497788722.689776751029306044635,1.225044570787,1.030306512027,12177862958.426928855329207044635,,10242020419.370634085829952478665,9940750931.699280138933231961348,0.17478341,0.06841279663457493102943,0.171246,0.067028202347605065258,337.506763,132.105109632045048512849,0,0,0,0,0,0,0.539213078726,35.454643323276,,29.818629271667,,0.000047441176620906535,0.391414703687123,,-59.200706364330856,0.451979860689329,0.0000494935277467693,0.00047037440391515,0.364443443239053,0.451979860689329,0.004329979598,29374953506.806745,29374953506.806745,998238487.221182,29374953506.806745,29374953506.806745,11252123233.740213,29374953506.806745,29374953506.806745,29374953506.806745,3723059425.843165,20982640791.988195,29374953506.806745,94.4154878565,28913983030.914319,31107094273.355304,31112418328.311591,16776229702.813607,31033335723.89135,31112287723.276894,8106384883.944469,30639997295.032909,31112430993.380786,31112430981.286174,31112430863.11456,31112426921.823326,31112384657.765004,31111376761.151291,30141689601.425967,30903036815.751333,31088200836.002951,22330131264.873708,31112423786.626004,31112316320.015919,31108327944.164057,29233573210.742073,30697936206.99135,8448196930.21171,31046462984.893215,17582029683.589144,9329274705.905354,29616416632.980508,18266892054.637937,31112430993.806745,26166672643.850355,1931,0.022349537037,5115,877527682.626016,343477237.872309766582283991968,1367200.73125941,535142.46910671984917038957743,419652.820976,164258.284573786315435492048,39.584910499051,,0.1053464600890489,,
2018-02-05,6138,16495,131567,177041,1361,70167,167204,45,32181,195021,192766,190779,188075,154085,23137,172292,47389,181158,100892,4713,130986,16338,167079,31931,44,177024,69639,1317,1613890136,4320,909.89837962963,9161648683.27003073050416145248,0.984251263248,0.827790684361,9702030601.21338807414288145248,,8159756406.67865832121310114928,9857270153.965787519331994789682,0.1752395,0.05464629276025018476,0.171246,0.05340096867442444848,384.825949,120.00326108437371042312,0,0,0,0,0,0,0.539019735389,39.533568570279,,33.249151922883,,0.00004552680052896055,0.31183775781288,,-69.06018571089396,0.391414703687123,0.0000474411766209065,0.000467823101209668,0.311934609098765,0.391414703687123,0.004360658627,29379536164.980796,29379536164.980796,808601437.429865,29379536164.980796,29379536164.980796,11126876184.591697,29379536164.980796,29379536164.980796,29379536164.980796,3693767564.27046,20968697674.766316,29379536164.980796,94.4302183723,28909269503.385747,31107050322.390258,31112417813.707282,16770214114.165232,31032661250.192885,31112286319.916447,8099092783.234564,30635509299.221326,31112430608.550677,31112430596.306973,31112430475.652861,31112426479.434887,31112383924.601677,31111370971.708001,30116516084.414022,30901314726.056751,31088005944.947377,22332060568.525966,31112417760.060054,31112282337.133069,31106866494.04068,28859630499.355049,30627599629.665846,8067158163.021718,31030990978.675674,16630998475.091243,9321982605.195449,29639492190.746451,18292961133.17906,31112430608.980796,26166672259.024406,2196,0.025416666667,5745,786987659.70677,245412467.2293649633373291976,552624.76834089,172329.2686712853706726726632,359683.61424,112162.9317866344760234112,39.686954745202,,0.11016902020710431,,
2018-02-06,45042,15814,106527,140919,1306,59371,132891,47,28878,158704,156384,154290,151461,123110,21399,136673,41195,144535,83234,4466,108753,16549,133387,30019,54,142583,61787,1482,1613890152,4320,3667.440046296296,10656244034.66856671536496955055,1.189684524388,1.000567475903,11277000872.19031448834926955055,,9484363347.71207158133977068845,9478984252.561435613762342508434,0.32959952,0.119466532513409794684,0.171246,0.06206976826541304945,1074.824042,389.58036516493572176515,0,0,0,0,0,0,0.568150499419,2.862791757808,,2.407710837981,,0.00004683762034406924,0.362459667761075,,-63.52595894289051,0.31183775781288,0.0000455268005289605,0.000450136389434979,0.245783271429159,0.31183775781288,0.00332534723,29399806330.156754,29399806330.156754,2309805894.12881,29399806330.156754,29399806330.156754,11985527974.972497,29399806330.156754,29399806330.156754,29399806330.156754,4937665035.428726,20972396668.134132,29399806330.156754,94.4953729759,29265371238.084188,31108444089.307158,31112417618.401449,17676542377.977958,31050988878.638626,31112315479.008448,9426747155.797848,30730573304.235658,31112429533.71466,31112429520.744565,31112429396.639531,31112425401.233578,31112387190.068162,31111625481.037869,30300107653.387722,30945854382.413869,31093942435.214195,22929057760.604831,31112422590.367335,31112330138.135571,31109101668.180362,29483047001.831941,30764395031.356071,9633096939.018952,31058124093.718584,18197496551.386265,10597612517.386033,29282715204.432836,18476463135.819227,31112429534.156754,26166672298.458166,3261,0.037743055556,8202,10867863318.837511,3939162127.818618139553095684325,13133995.88371557,4760543.78438687214211401743775,945947.98135,342867.99103938057035595125,43.14939977144,,0.11542663763395196,,
2018-02-07,6042,15809,107305,141959,1302,59693,133891,47,28919,159985,157620,155399,152571,124042,21403,137693,41346,145597,83790,4462,107743,15956,133969,29143,50,141969,60175,1337,1613890167,4320,919.766666666667,9719418422.733617861418096336162,1.090436603121,0.917096401824,10282425533.372267069573418336162,,8647889690.86920899516727863313,9429640846.558057082005351509023,0.17585452,0.05811860597026855797528,0.171246,0.056595524516427610044,451.946121,149.364818863855851445794,0,0,0,0,0,0,0.567662824938,2.939157510332,,2.47193717581,,0.00004334558325305803,0.330492534228114,,-62.56906185624781,0.362459667761075,0.0000468376203440692,0.000459366166647571,0.291640613693394,0.362459667761075,0.003352517016,29408889509.210633,29408889509.210633,2327396433.895671,29408889509.210633,29408889509.210633,11854884971.247156,29408889509.210633,29408889509.210633,29408889509.210633,4745441636.658357,20991873709.412675,29408889509.210633,94.5245690444,29258341468.94929,31108408461.685283,31112417082.516765,17661369383.482621,31050403496.822054,31112314489.848758,9439756570.015665,30727072946.623212,31112429081.758668,31112429067.81994,31112428943.686725,31112424918.310726,31112386531.012153,31111619671.91387,30294545424.299157,30944257954.523823,31093776229.019075,22917255120.318585,31112417113.38618,31112316898.847907,31108542846.585788,29303471550.950811,30733945648.751762,9531369197.295721,31051882235.601935,17768787900.224844,10608419931.261358,29316137357.468941,18501199273.393904,31112429082.210633,26166671846.512045,2570,0.02974537037,6372,10585492261.930645,3498426163.69754958014247715353,16757607.33037678,5538264.11421584203552208879292,969331.8879975,320356.952172416134963661715,46.581452380647,,0.1148675617009911,,
2018-02-08,2429,15814,107557,142262,1300,59823,134176,46,28959,160341,157964,155728,152887,124314,21423,137981,41426,145904,83988,4464,110854,16837,134868,30648,58,144006,63493,1577,1613890182,4320,767.44537037037,11527338442.06424590845988445392,1.293623476081,1.087983868583,12192252423.55809920337197245392,,10254122782.857552065420445249536,9424884944.489757724843976784097,0.17222152,0.06748969202718147647936,0.17107,0.06703843756047406376,183.243693,71.809030639686550968024,0,0,0,0,0,0,0.567399271628,21.61292053941,,18.177243482839,,0.00004768186090005846,0.391877228973368,,-50.1682653341947,0.330492534228114,0.0000433455832530581,0.000438007308408228,0.269103653110364,0.330492534228114,0.003359562629,29415688357.96694,29415688357.96694,1243844417.246456,29415688357.96694,29415688357.96694,11790698032.280524,29415688357.96694,29415688357.96694,29415688357.96694,4449760465.713714,20935629358.231947,29415688357.96694,94.546422118,29252307134.822126,31108403102.362346,31112416891.844655,17653169495.847813,31050247016.095196,31112314094.585659,9399683321.734888,30725704784.6268,31112428898.512594,31112428884.477047,31112428759.696789,31112424733.52435,31112386235.033799,31111618069.71395,30291960237.843757,30943803566.95395,31093737585.608798,22916587899.08215,31112422079.606329,31112333935.727676,31109345550.563658,29546640882.550253,30774133402.28792,9738475970.121861,31060717317.532509,18443354511.689416,10597902932.500875,29319437605.740249,18508922064.372191,31112428898.96694,26166671663.268352,1064,0.012314814815,2112,1439529139.16632,564118690.08291531169300256576,1533702.54989332,601023.10532158292090152110176,935751.3049935,366699.628409065714256913108,46.685564738177,,0.11952143725601844,,
2018-02-09,5062,15819,108328,143239,1302,60228,135093,46,29054,161357,158966,156760,153920,125196,21465,138921,41640,146907,84619,4465,111116,16712,135688,30509,56,144955,63355,1543,1613890198,4319,860.024774253299,11107595839.022998743627045162752,1.27496191495,1.072649449456,11746336430.112771017877511162752,,9882413864.402456668165288661028,9213088087.082561693686515246384,0.17533063,0.06619517227075213266562,0.171246,0.064653041346382088004,366.265692,138.281717112442025852808,0,0,0,0,0,0,0.567249302042,3.474212252489,,2.922920140774,,0.00004359411754000004,0.377544826427374,,-51.278159299657325,0.391877228973368,0.0000476818609000584,0.000484726231524784,0.322168599902681,0.391877228973368,0.003385486382,29420601373.701248,29420601373.701248,2252167547.031189,29420601373.701248,29420601373.701248,11592038352.272101,29420601373.701248,29420601373.701248,29420601373.701248,5156493719.51989,20894297678.125863,29420601373.701248,94.5622143986,29238533997.916516,31108377854.798124,31112416457.143544,17648503369.997208,31049712226.116474,31112312850.115375,9394846647.34166,30721916586.956139,31112428532.244197,31112428518.467805,31112428393.385064,31112424351.20464,31112385519.276924,31111613940.928945,30285573816.999354,30942195086.256874,31093627874.526732,22911498020.992529,31112421575.469303,31112330203.760509,31109188420.047692,29499391607.27064,30764320783.210558,9681723134.612163,31058784730.7573,18345123566.761909,10588711581.792103,29334512109.853804,18525050615.548108,31112428532.701248,26175471553.716222,2089,0.024178240741,4967,8955246908.247365,3381007139.58852907604879936951,13643254.65372995,5150940.2101469365381218836513,930749.479838,351399.650812806346384285412,48.863667385907,,0.11953706059803335,,
2018-02-10,7637,15800,109751,145120,1298,60793,136872,46,29124,163478,161051,158726,155893,126837,21469,140740,41907,148824,85655,4461,112771,16731,137485,30681,57,146874,64209,1559,1613890214,4320,1000.480324074074,11269524745.039775679792587881284,1.295574463508,1.089991171109,11914264571.907973807648037881284,,10023694939.517114713880101822152,9196124890.920236918132500672973,0.17714392,0.06783589914602160984144,0.171246,0.065577336129626219172,500.431586,191.636419682818579397052,0,0,0,0,0,0,0.567318644834,2.996107165223,,2.520681326912,,0.00004489204568504799,0.382942294299582,,-43.49121224024761,0.377544826427374,0.00004359411754,0.000432187416238549,0.30835393253535,0.377544826427374,0.003437433491,29428780557.269662,29428780557.269662,2361437766.423134,29428780557.269662,29428780557.269662,11550516406.35279,29428780557.269662,29428780557.269662,29428780557.269662,4931016966.968624,20948344076.07065,29428780557.269662,94.5885050397,29225304766.58639,31108322155.683389,31112415833.857011,17650660508.777063,31048531275.759712,31112311033.837352,9381879327.406973,30715625853.30319,31112428031.805536,31112428017.129296,31112427892.058364,31112423817.083762,31112384515.759006,31111602560.303989,30275450199.110586,30939225877.396749,31093327092.597277,22912611365.387195,31112421059.107194,31112328897.776576,31109194933.256673,29495933019.18946,30760741949.697788,9694942977.163738,31058380969.263015,18399469236.896486,10575644261.68617,29389995624.70949,18588506998.246352,31112428032.269662,26175471053.284636,2825,0.032696759259,8143,10384284111.530183,3976581582.328064730960237283506,18467431.28553049,7071960.50630092484692585525518,924078.013088,353868.554443717883188929216,53.697115847564,,0.11788137439412914,,
2018-02-11,5819,15781,110790,146496,1296,61208,138166,46,29200,165014,162548,160137,157326,128051,21502,142075,42122,150232,86400,4461,112735,16406,138636,30213,52,148111,63304,1449,1613890268,4320,915.901851851852,10356780052.194799151269681743204,1.19924559822,1.008947882032,10947921043.119357778267093743204,,9210691926.247738986491238029916,9129006651.657278221326169678066,0.17629992,0.06203686919489884891296,0.171246,0.060258482829428670648,388.565029,136.729261577572343084052,0,0,0,0,0,0,0.567115107774,3.34802363758,,2.816755269434,,0.00004345984581999954,0.351882571443588,,-61.24855327450948,0.382942294299582,0.000044892045685048,0.000450141777263211,0.313520564485685,0.382942294299582,0.003474687836,29432489394.704633,29432489394.704633,1395149559.238527,29432489394.704633,29432489394.704633,11558678057.077781,29432489394.704633,29432489394.704633,29432489394.704633,4950693325.358107,20913351569.946327,29432489394.704633,94.6004269797,29208805803.810784,31108280233.107956,31112415361.140479,17644327756.270889,31047705732.373683,31112309633.791503,9381101500.553132,30711281615.255762,31112427643.232685,31112427627.892825,31112427502.736124,31112423415.274731,31112383794.612704,31111595902.447552,30268789823.972345,30937366861.269534,31093109521.076996,22914300567.714044,31112420205.027059,31112323612.358968,31108860870.051263,29395837343.904246,30741597219.618281,9559756652.360497,31053969232.889534,18101034439.803457,10574479934.310813,29422508920.908708,18626683714.648927,31112427643.704633,26175470664.719607,2204,0.025509259259,5847,9292774189.07031,3269965277.49466389954833067228,16049940.55086359,5647694.35255459734856636816092,916952.7244315001,322659.6825651599936998773663588,56.713403240512,,0.10262133999985248,,
2018-02-12,7199,15752,111668,147703,1293,61573,139313,46,29267,166449,163920,161440,158628,129119,21520,143244,42303,151478,87013,4456,114356,16598,139906,30645,54,149467,64559,1496,1613890284,4320,958.184027777778,10927051573.628663858683192350975,1.265547376562,1.064728812073,11546067406.179665937755092350975,,9713923683.271485632370176409645,9123378247.239468238601472454017,0.17549247,0.06512664151151950950135,0.171246,0.06355074295940828643,519.106738,192.64460994788142192429,0,0,0,0,0,0,0.567375440057,3.176803209032,,2.67270429348,,0.000041661611814386005,0.371107897173705,,-57.52912688904133,0.351882571443588,0.0000434598458199996,0.00043187260221654,0.287046947322166,0.351882571443588,0.00350087625,29444405944.597895,29444405944.597895,1564639298.70131,29444405944.597895,29444405944.597895,11509625083.086275,29444405944.597895,29444405944.597895,29444405944.597895,5272601481.343263,20993785947.761693,29444405944.597895,94.638730134,29192149346.54866,31108236712.970446,31112414700.978108,17652427031.062567,31047059284.252536,31112308283.950123,9399137788.586068,30707511923.602498,31112427124.113899,31112427108.313383,31112426982.522688,31112422865.11335,31112382840.186591,31111589272.108235,30262178363.669552,30935660082.584767,31092896861.420531,22916099093.2294,31112419968.456162,31112325647.389369,31109023294.449797,29440245463.055382,30747935944.894982,9632499692.448947,31055786393.039451,18245589906.038128,10590821721.658765,29452542334.796553,18671851180.472883,31112427124.597895,26175470145.612869,2958,0.034236111111,7175,9793627454.20923,3634492490.23425320022272429715,11969121.38259756,4441835.4673126091186954291598,907651.615993,336836.682577477420677064065,59.473666045356,,0.10376803026576532,,
2018-02-13,5946,15737,112334,148625,1290,61883,140174,46,29337,167485,164941,162491,159639,129912,21546,144134,42462,152440,87512,4456,114368,16381,140647,30386,52,150295,64066,1440,1613890299,4320,936.891203703704,10407773515.56845276452622670798,1.214190964634,1.021521694055,10994181988.53400850781320670798,,9249612076.51118430952076791944,9054738759.191881169592049607007,0.17586393,0.0621449451947956039947,0.171246,0.06051310967989836234,432.801133,152.93871057317121886407,0,0,0,0,0,0,0.567203742959,3.392684056515,,2.854328903565,,0.00004145598887425071,0.35336947829379,,-55.791652777574214,0.371107897173705,0.000041661611814386,0.000427754363668702,0.301686172504287,0.371107897173705,0.003521774039,29452949829.796762,29452949829.796762,1754801728.754535,29452949829.796762,29452949829.796762,11532754061.510967,29452949829.796762,29452949829.796762,29452949829.796762,5372841259.31202,21025716946.85253,29452949829.796762,94.6661927774,29178862085.992246,31108206490.263058,31112414149.48363,17647084872.133136,31046579878.952184,31112306884.043138,9410051303.086257,30704656550.692054,31112426691.309142,31112426675.758153,31112426548.633467,31112422404.612597,31112382074.478789,31111583113.66627,30256476630.297866,30934336673.11783,31092759529.419275,22913379340.998771,31112419157.713097,31112320953.019415,31108812821.860017,29371241169.877847,30736023423.082425,9588706454.893622,31053094833.089055,18094049152.333332,10595160922.979754,29470593840.892905,18697057823.951487,31112426691.796762,26175469712.811736,2461,0.028483796296,6047,9170446222.969579,3240555797.53201713695599461441,12224308.04470355,4319697.3562594735887003559545,904442.500525,319602.37455725013817923975,61.849578963332,,0.10321830525834981,,
2018-02-14,5376,15727,113019,149494,1292,62163,140978,47,29406,168575,165972,163453,160569,130693,21569,144968,42625,153322,87993,4464,116431,16738,141709,31125,57,151337,65972,1563,1613890315,4320,891.869212962963,11448039406.737696194615239506726,1.332118189408,1.120699055216,12092267613.896564707308883506726,,10173116017.836510468364083802106,9077473538.042642772256798560177,0.17635173,0.06854149829347701515214,0.171246,0.066557086889733176628,403.669105,156.89148766211079440239,0,0,0,0,0,0,0.567223428494,3.060343271608,,2.574639277806,,0.00004105326311206006,0.388663600257718,,-50.01047632364867,0.35336947829379,0.0000414559888742507,0.000420632490116719,0.286498450640964,0.35336947829379,0.003544983277,29454879230.127657,29454879230.127657,2659759401.852459,29454879230.127657,29454879230.127657,11456999053.254674,29454879230.127657,29454879230.127657,29454879230.127657,5466596515.033652,21006842120.239903,29454879230.127657,94.6723953875,29168622325.166031,31108182042.564294,31112413693.626872,17647697107.933912,31046066867.543089,31112305615.675721,9416939710.277053,30701916013.639381,31112426287.627492,31112426271.554605,31112426143.10739,31112421973.465466,31112381401.397252,31111579934.063303,30251239128.879834,30933177916.287147,31092604097.815675,22915434808.475956,31112419178.152887,31112326611.839158,31109160501.539253,29460239041.783568,30751349465.172174,9703716197.19711,31056973264.631022,18420858466.742145,10575979537.439594,29490478975.576263,18719247849.780212,31112426288.127657,26174604493.682567,2289,0.026493055556,5559,10166319110.920126,3951278187.019058912241713032468,11689965.94887771,4543464.25258094137276886566578,902541.774716,350785.135544110798696258088,63.938279634721,,0.10560934365840323,,
2018-02-15,5498,15750,113765,150476,1288,62501,141889,47,29525,169815,167161,164527,161596,131538,21645,145906,42836,154315,88545,4442,117241,16763,142629,31275,57,152332,66366,1559,1613890337,4320,916.068518518519,11476825765.98554632099357724457,1.336446981065,1.124369901479,12120988771.89307714581092324457,,10197542547.045405368618187063864,9069562013.030197419794209438377,0.17559281,0.06840863152440097164819,0.171246,0.066715171959646689354,399.649227,155.698042014674063005473,0,0,0,0,0,0,0.566459187574,2.948176274291,,2.48033832545,,0.00003854724796771019,0.389586746316099,,-36.48952107059473,0.388663600257718,0.0000410532631120601,0.000422247621585484,0.313205071533675,0.388663600257718,0.003570383608,29458973834.47843,29458973834.47843,2526562736.685585,29458973834.47843,29458973834.47843,11372002845.545794,29458973834.47843,29458973834.47843,29458973834.47843,5549261974.858637,21028914136.161319,29458973834.47843,94.6855572756,29154507907.736564,31108156887.442874,31112413234.93424,17623919492.248419,31045538920.008189,31112304369.916327,9421132787.489434,30699244892.921898,31112425887.968613,31112425871.040174,31112425741.023973,31112421551.85962,31112380660.424255,31111574013.831359,30246024211.988416,30931993614.950376,31092455362.859686,22868830247.40234,31112418757.817784,31112325614.854663,31109152047.201347,29446396431.766232,30749483634.069841,9707709274.222337,31056597940.486568,18396056918.169352,10577226501.196202,29501319763.102102,18733832497.062523,31112425888.47843,26175280970.085736,2276,0.026342592593,5557,10553109106.732927,4111351440.410874956514713491773,11884119.05291594,4629895.27465868102463891571806,895694.4769035,348950.6969501348494657194465,66.060906631621,,0.09763223581851041,,
2018-02-16,5516,15737,114381,151286,1288,62751,142662,46,29570,170942,168224,165481,162477,132255,21655,146701,42964,155146,88979,4443,117961,16797,143415,31393,56,153159,66798,1568,1613890393,4320,925.608101851852,11563799213.501655069535481180712,1.346513336206,1.13273366242,12209869715.760377760778689180712,,10271365361.87012921943136917876,9067767386.668841292543254362486,0.17527061,0.06878381485798892505112,0.171246,0.067204382749459087632,421.525819,165.425075498728225599848,0,0,0,0,0,0,0.566914935613,3.110432473836,,2.616603544177,,0.00003851519569807609,0.392443518385592,,-37.89811159018799,0.389586746316099,0.0000385472479677103,0.000418969398872048,0.313223075591781,0.389586746316099,0.003588865172,29466149067.952611,29466149067.952611,1639600518.39137,29466149067.952611,29466149067.952611,11270457158.790936,29466149067.952611,29466149067.952611,29466149067.952611,5612857864.24104,20979205613.45346,29466149067.952611,94.7086208346,29146919861.413449,31108131210.321045,31112412736.231333,17638098680.34667,31045050814.991089,31112303294.890868,9407493226.304612,30696686156.842739,31112425466.428375,31112425448.660066,31112425317.158203,31112421099.986521,31112380028.635144,31111569371.851796,30242125360.866558,30930846310.943554,31092320751.94003,22881679881.684082,31112418307.548094,31112324890.192954,31109153991.710384,29451100101.739554,30748838966.364195,9696362309.253963,31056586627.37504,18433374989.598729,10591911372.139096,29525088167.023361,18773246900.898432,31112425466.952611,26172850055.273655,2405,0.027835648148,5698,10002604373.719244,3925457253.441491085331542732448,10493153.30323516,4117970.00128100294019393181472,886279.605696,347814.686732733404247532032,67.982647366098,,0.09736232208207712,,
2018-02-17,6376,15734,114977,152121,1285,62988,143446,47,29603,172069,169269,166337,163386,132975,21664,147517,43061,155995,89413,4442,119677,17087,144419,32007,59,154021,68304,1630,1613890418,4320,957.668055555556,12158016901.34780102264573322667,1.412561812605,1.188295924994,12836679403.48293212507335322667,,10798659350.33475759620137859359,9087516941.867801215565969745146,0.17608064,0.0726491338592986247552,0.171246,0.07065440912112457278,517.500992,213.51580071567110805056,0,0,0,0,0,0,0.567170915006,2.89448871668,,2.434944167596,,0.00003721857070203952,0.41259012835993,,-36.208321977358594,0.392443518385592,0.0000385151956980762,0.00041778668544281,0.316595922301549,0.392443518385592,0.003606573766,29467541915.451619,29467541915.451619,1609910769.805352,29467541915.451619,29467541915.451619,11163161024.592695,29467541915.451619,29467541915.451619,29467541915.451619,4704343743.050666,20970416204.837216,29467541915.451619,94.7130992307,29140038341.601126,31108100352.699738,31112412149.534909,17646062526.627806,31044563627.613224,31112301957.265377,9462169031.194283,30694372145.756918,31112424948.908585,31112424929.692194,31112424798.656526,31112420545.902865,31112379306.774195,31111563479.645535,30238368452.802933,30929567473.405128,31092190008.757585,22896956082.521728,31112417790.961494,31112329054.300567,31109402992.609512,29517495500.02836,30761019079.259575,9796424583.872586,31059270349.247304,18604778525.930854,10616599949.39858,29545956218.919204,18816008280.130622,31112424949.451619,26172849537.772663,2939,0.034016203704,6807,10748849967.928732,4434869387.98934499971428450876,9099277.76354656,3754272.1804443319697929933408,869349.604805,358685.06503614936829746365,69.973453901371,,0.09785617095456697,,
2018-02-18,5165,15739,115577,152934,1278,63212,144211,47,29646,173100,170249,167216,164269,133691,21674,148301,43179,156830,89834,4426,118127,16523,144775,30923,52,154762,66031,1457,1613890434,4320,907.159953703704,10755266344.944176119326453362378,1.25625974544,1.056809209641,11354161240.477572671529789362378,,9551513697.897425673932188963026,9038068187.485930265208355317809,0.17584132,0.06417149187207330083944,0.171246,0.062494476822200063532,385.62001,140.72807993834341661242,0,0,0,0,0,0,0.566999279352,3.157549962507,,2.656240393272,,0.000034915476868467566,0.364939775657242,,-43.36510696798046,0.41259012835993,0.0000372185707020396,0.00042306877781693,0.333676939356228,0.41259012835993,0.003625207456,29471345855.831609,29471345855.831609,1683733573.218723,29471345855.831609,29471345855.831609,10906646347.387467,29471345855.831609,29471345855.831609,29471345855.831609,4696482594.073064,20965358594.36397,29471345855.831609,94.7253268397,29135521312.763341,31108073648.764443,31112411675.490889,17640722306.585328,31044078269.983063,31112300889.157236,9534767436.815642,30692002799.975605,31112424563.276822,31112424543.338794,31112424411.871922,31112420127.947321,31112378605.10388,31111558743.93512,30234007533.290605,30928540571.457415,31092053717.894764,22883831566.86986,31112417135.881591,31112317550.0943,31108824993.837921,29366616200.021138,30729746423.390376,9682946227.342975,31052381157.83864,18169184984.317524,10681531045.647008,29564031380.158641,18853071082.584132,31112424563.831609,26172849152.152653,2193,0.025381944444,5217,9853343552.203828,3595876985.414996967396248322376,12778597.9820292,4663418.6807758215863348354664,862799.179039,314869.738835745234254950438,72.116198274077,,0.09977692793870052,,
2018-02-19,4804,15553,115977,153505,1254,63277,144748,48,29491,173893,171013,167905,164930,134185,21488,148855,43091,157427,90077,4370,118928,16432,145398,30980,54,155361,66548,1475,1613890455,4319,862.510071775874,11035217228.499672015151209633942,1.282000952222,1.078912712504,11646168665.669823942257889633942,,9801240321.684020077842954258648,9084368186.688226834483432608445,0.17650611,0.06607070903124544333734,0.171246,0.064101716585134968924,348.599566,130.489649868803079887004,0,0,0,0,0,0,0.570692987127,2.38606051838,,2.008072631788,,0.00003360385875246162,0.374325336563394,,-47.01823199814587,0.364939775657242,0.0000349154768684676,0.000398705809599997,0.295387472275889,0.364939775657242,0.003612197064,29480283995.232043,29480283995.232043,2513026609.21911,29480283995.232043,29480283995.232043,11139906261.488048,29480283995.232043,29480283995.232043,29480283995.232043,5740002894.37131,21114113976.599215,29480283995.232043,94.7540564223,29130301148.709687,31108052527.605263,31112411234.408223,17755642312.16831,31043665471.925405,31112299972.782646,9792878192.138604,30689402813.810321,31112424214.671732,31112424194.150525,31112424061.124716,31112419746.597451,31112378055.54432,31111555051.634967,30229148625.982243,30927204801.660266,31091932948.95698,22941080888.109914,31112416774.177026,31112318976.494932,31108912905.690372,29387196361.909451,30732910776.283157,9968069103.307712,31053190459.414768,18396576508.66867,10913558054.560326,29618065477.35925,19035158404.365838,31112424215.232043,26183748104.435692,1975,0.022858796296,4816,13039243546.244173,4880919228.979913174759817603162,15477406.72523923,5793585.48155371253469071074662,8501210.687246,3182218.551699680958586272924,74.512000523776,,0.09794438982562716,,
2018-02-20,4985,15554,116482,154217,1252,63501,145407,48,29546,174890,171957,168738,165727,134795,21512,149545,43184,158156,90456,4368,118395,16127,145901,30546,51,155945,65571,1388,1613890471,4320,910.532638888889,10266656815.30202911857085734307,1.195720257679,1.006245931715,10832127797.13924910044599734307,,9115664351.838278403865403439265,9059081944.607922562927528467325,0.17553946,0.0611159668668035689681,0.171246,0.05962115220174793731,381.622781,132.866110213700296049285,0,0,0,0,0,0,0.570339420113,2.543756836342,,2.140672077273,,0.000030958824574775373,0.348160845810985,,-43.28587856564595,0.374325336563394,0.0000336038587524615,0.000399135527841971,0.302364395798982,0.374325336563394,0.003630279932,29488257909.609262,29488257909.609262,2139820881.718437,29488257909.609262,29488257909.609262,11098601972.048646,29488257909.609262,29488257909.609262,29488257909.609262,5391195303.018664,21091944826.931149,29488257909.609262,94.7796869421,29123646087.317473,31108027058.857555,31112410775.876483,17744641767.58111,31043267348.49968,31112298792.889659,9811258472.247106,30687579120.159117,31112423833.037341,31112423811.704891,31112423677.012357,31112419328.58496,31112377466.206215,31111550695.338093,30225852308.41729,30926057810.814089,31091827036.736303,22932720517.362147,31112415959.031561,31112313507.610815,31108600167.481291,29295497896.448482,30717579109.120778,9902181138.878042,31049471914.326414,18151797141.326455,10922226854.410851,29632627968.571226,19049904250.460424,31112423833.609262,26182336300.926649,2174,0.025162037037,5299,12230895417.79692,4258318893.6858764259994351662,13458764.90873184,4685814.9741952817523126912624,2458900.2719465,856092.7984457544718370323025,76.804268849389,,0.09584983803234912,,
2018-02-21,4608,15556,116940,154809,1250,63722,145973,48,29612,175756,172769,169459,166395,135332,21528,150117,43292,158762,90803,4374,117436,15703,146075,29862,50,154819,64286,1288,1613890486,4320,895.831481481481,9770148757.25125650071678500908,1.140200370136,0.959463644074,10300335210.98541969564350500908,,8667596867.67386613170544373512,9033793954.78909678322551299508,0.17581494,0.0582067423631163323448,0.171246,0.05669411144874388632,365.519263,121.01181828004582649196,0,0,0,0,0,0,0.569725618761,2.782361655376,,2.341320808973,,0.000031654317650992585,0.33106823779092,,-41.46259390766759,0.348160845810985,0.0000309588245747753,0.000393156355767213,0.283292880132666,0.348160845810985,0.003646809091,29510981852.089999,29510981852.089999,1183473338.211233,29510981852.089999,29510981852.089999,10849547908.830537,29510981852.089999,29510981852.089999,29510981852.089999,5156476537.929376,21096391711.978368,29510981852.089999,94.8527262184,29116917306.340527,31108009996.157763,31112410353.26806,17725544711.524325,31042929702.429362,31112298228.753039,9810922799.129055,30685973404.089163,31112423467.507116,31112423445.476023,31112423308.714212,31112418929.407876,31112376924.042401,31111547999.154981,30221867495.015,30925109069.438722,31091742359.587245,22927143528.408507,31112410384.137475,31112301376.460581,31108162123.734227,29161960810.473532,30693636346.136878,9872059065.129079,31044658863.726073,17842151062.081786,10920423596.121565,29644082040.061776,19056047059.095784,31112423468.089999,26180695936.007386,2079,0.0240625,4970,11182019924.683005,3702011631.4077584480424673146,12424843.65433744,4113471.0934691910069818480448,2326240.044613,770144.19224869703336631396,78.789054801497,,0.09530432648745674,,
2018-02-22,3987,15558,117386,155404,1248,63905,146545,48,29655,176491,173464,170136,167028,135856,21545,150697,43400,159362,91129,4380,116979,15439,146525,29484,47,155391,63520,1206,1613890501,4319,821.186848807594,9243664651.09840723382386835224,1.081693441722,0.910230830202,9743435817.56242305379578835224,,8198973323.82867691411408931478,9007575937.646785562624228624421,0.17553015,0.054970541545707849663,0.171246,0.05362888003876420332,295.943827,92.68033119836835126734,0,0,0,0,0,0,0.569079151767,2.85720922812,,2.404304054606,,0.00003170314023050888,0.31316865818042,,-44.64711874779261,0.33106823779092,0.0000316543176509925,0.000393816125616479,0.269460273760434,0.33106823779092,0.003665015412,29516570096.146172,29516570096.146172,1220710754.527967,29516570096.146172,29516570096.146172,9689038619.989442,29516570096.146172,29516570096.146172,29516570096.146172,3997723356.084316,21063844377.533242,29516570096.146172,94.8706885762,29110480812.241075,31107991622.981884,31112410023.689734,17705431388.206967,31042577031.991766,31112297595.269418,9802468960.546853,30683940551.274932,31112423171.554163,31112423149.421281,31112423011.297225,31112418615.213674,31112376495.752073,31111544260.304597,30218155282.788594,30924307909.675209,31091648613.762623,22924355962.426878,31112409982.786105,31112296963.638389,31107863272.70511,29072967722.399479,30678551477.448068,9770906059.340733,31041363192.545034,17572708407.437209,10914674073.259794,29652867209.22139,19057529724.877017,31112423172.146172,26180695640.063559,1686,0.019513888889,4213,10889095158.290136,3410123319.52063001421619433712,13052983.23624113,4087785.2453451508819861646746,5677293.5187395,1777950.39336004436324198059,80.556588027281,,0.09548290183536255,,
2018-02-23,4125,15552,117875,155982,1247,64123,147103,48,29706,177248,174181,170777,167654,136394,21576,151271,43516,159955,91502,4375,117868,15548,147102,29700,48,155982,64108,1245,1613890516,4320,870.613194444444,9476849790.410061235154216614883,1.109733053205,0.933825793238,9988399881.578645706598134614883,,8405107350.505751556607734082656,9000723059.239849734135261132515,0.1754962,0.0563416816691689631198,0.171246,0.054977188218995672034,337.654695,108.401397521942567107905,0,0,0,0,0,0,0.569349633497,3.446336518482,,2.900046929161,,0.00003160154553302904,0.321042174526679,,-48.25244039484694,0.31316865818042,0.0000317031402305089,0.000388028276625574,0.254025341126546,0.31316865818042,0.003680406637,29519018192.491477,29519018192.491477,1105764725.385082,29519018192.491477,29519018192.491477,9669505350.240487,29519018192.491477,29519018192.491477,29519018192.491477,3831942968.236231,21054786857.03018,29519018192.491477,94.8785581551,29101351539.571243,31107978860.790555,31112409632.702047,17713846538.009521,31042193862.014431,31112296834.287112,9814894832.35253,30681866735.245258,31112422833.890757,31112422811.163272,31112422672.369726,31112418257.876258,31112376072.146171,31111542388.345702,30215015954.25081,30923374751.0963,31091565832.500032,22911914983.107552,31112409632.702047,31112296803.147911,31107976681.288793,29100106270.630188,30681679976.739013,9814894832.35253,31042147165.576116,17707619594.694153,10927740968.065476,29660691166.678947,19081851383.865342,31112422834.491477,26180695302.408864,1924,0.022268518519,4534,9027679876.19477,2898265978.38430921774436526883,9726369.06392658,3122574.67453200855180470722782,1298101.0535245,416745.1849788784070322301355,81.974008482472,,0.09353309290149021,,
2018-02-24,3738,15547,118305,156551,1248,64290,147654,48,29752,177999,174891,171419,168283,136900,21587,151835,43605,160550,91816,4357,117190,15220,147451,29247,46,156518,63186,1143,1613890532,4320,811.175,8893976518.974483182701831977744,1.041723982082,0.876597051371,9365448245.989415582070532977744,,7880901715.246551884219585722827,8990335642.71818341370653837075,0.17486442,0.05263761356900008045578,0.171246,0.051548398314745720014,280.832261,84.536008138342677736149,0,0,0,0,0,0,0.56951908718,4.157854702096,,3.498780132337,,0.00003107586983092246,0.301019576017809,,-52.485139398613725,0.321042174526679,0.000031601545533029,0.000375151299048521,0.261325400373499,0.321042174526679,0.003695794756,29546173164.659216,29546173164.659216,962718652.965903,29546173164.659216,29546173164.659216,9608764091.980987,29546173164.659216,29546173164.659216,29546173164.659216,3663101944.278291,21048542709.929913,29546173164.659216,94.9658391715,29094253404.230907,31107960359.564059,31112409284.302458,17719118492.726977,31041831092.882697,31112296262.22238,9823671277.411877,30680385243.496482,31112422553.05007,31112422529.812087,31112422390.613452,31112417957.360445,31112375674.435709,31111538681.482078,30211843526.738933,30922599523.88853,31091471408.012228,22892512173.974329,31112409178.243122,31112289687.566601,31107601723.934328,28988956995.552117,30664120770.828443,9760173755.992911,31038277219.566729,17381292820.827309,10936517413.124823,29670611751.872236,19100481882.110121,31112422553.659216,26180695021.576603,1606,0.018587962963,3827,7482806587.247008,2252471266.316362657940889965472,10144353.33688277,3053648.94044329737568206525093,994484.350649,299359.257588708076624708041,83.221820772699,,0.0934811001444971,,
2018-02-25,5400,15577,118829,157239,1278,64531,148318,54,29826,178910,175754,172174,169023,137497,21637,152513,43746,161254,92207,4386,119119,15668,148407,29963,55,157249,64864,1301,1613890548,4320,950.734490740741,9660829213.441760246457573442698,1.14559047506,0.964063775402,10172418844.611629564009191442698,,8560529028.310574952938735286556,8879629384.207101101687321608453,0.17563439,0.05742486306844005617954,0.171246,0.055990048993355377956,457.527573,149.591764059195421806678,0,0,0,0,0,0,0.569806363776,3.676318896435,,3.093780851044,,0.000034046556630672685,0.326956828149886,,-47.121321834986766,0.301019576017809,0.0000310758698309225,0.00036093351162689,0.245180264578735,0.301019576017809,0.003722155079,29547721233.131643,29547721233.131643,2305564686.53479,29547721233.131643,29547721233.131643,9568090409.307125,29547721233.131643,29547721233.131643,29547721233.131643,4810912923.169003,20927650015.569148,29547721233.131643,94.9708162927,29085836956.68543,31107941509.463243,31112408770.063625,17728056102.855813,31041456045.232764,31112295471.638697,9526872512.439714,30678162025.454695,31112422095.510697,31112422071.428836,31112421931.25832,31112417479.559548,31112375105.451292,31111533380.007526,30208436437.953411,30921623433.093714,31091375933.819592,22899532879.982553,31112408801.034761,31112298225.902055,31108031045.261698,29113906446.212787,30682387297.922047,9557587552.439738,31042483704.008697,17799041874.492342,10552596537.49564,29676066782.392893,19065850132.704955,31112422096.131643,26182444565.391346,2605,0.030150462963,5884,8462927991.991759,2767012093.122509349788128789474,6253936.83020178,2044767.34945252616448546399708,853012.508383,278898.264113083721955494338,84.40457029543,,0.09551822586191999,,
2018-02-26,5921,15711,119455,158008,1290,64893,149056,53,30030,179890,176681,173009,169861,138200,21800,153269,44008,162046,92720,4463,119648,15770,149140,30116,53,158018,65116,1304,1613890563,4320,967.421527777778,9600071140.75370153677668779875,1.149808359981,0.967552692189,10107379732.66296124273355179875,,8505262973.978105933473574456296,8790490732.585319077826770739013,0.17607948,0.05720230296360789752136,0.17107,0.05557489133875453874,475.238518,154.389016179579955319876,0,0,0,0,0,0,0.564371523821,5.879707703512,,4.947717563919,,0.00003150260448063815,0.324866378317382,,-47.277372533927,0.326956828149886,0.0000340465566306727,0.000388166067702035,0.265741909871047,0.326956828149886,0.003775098838,29550830068.893125,29550830068.893125,2743914702.685792,29550830068.893125,29550830068.893125,9303013591.385109,29550830068.893125,29550830068.893125,29550830068.893125,4600286678.810682,20666268193.390458,29550830068.893125,94.9808100089,29075723124.141075,31107923700.275632,31112408218.207891,17558964799.955843,31041081763.245913,31112294554.367771,9270831184.469456,30676354394.24731,31112421620.26195,31112421595.473774,31112421455.036063,31112416979.220445,31112374471.127957,31111530098.496815,30204466635.873124,30920682616.129791,31091286037.63127,22848565428.064904,31112408249.179027,31112297155.71127,31107983459.551711,29093978820.871854,30679015229.628992,9270831184.469456,31041772115.98165,17602292478.615496,10327006503.320403,29660007191.407534,18897480756.946234,31112421620.893125,26180803990.952828,2699,0.031238425926,6288,5291491208.365612,1719027584.760003732886830667784,4720457.70848981,1533517.99975745273304409287742,845092.185061,274542.037505089826937030302,85.358603335511,,0.09550077776875289,,
2018-02-27,5358,15603,119842,158536,1293,65028,149562,53,29983,180568,177322,173578,170452,138687,21715,153788,44035,162591,92992,4462,120289,15737,149657,30195,56,158548,65526,1326,1613890580,4320,897.120833333333,9737844774.384735645444970258515,1.171827538705,0.986031127286,10249422958.773080595005926258515,,8624349351.988604853348322749162,8746528495.227803313112147698299,0.17638536,0.05810695817658149753064,0.171246,0.056413889224745608854,404.80439,133.35546532561764419211,0,0,0,0,0,0,0.56743759573,3.547071351828,,2.984673638472,,0.0000309206446206319,0.329431865414349,,-47.32715211745979,0.324866378317382,0.0000315026044806381,0.000375193724209721,0.263519350201978,0.324866378317382,0.003772346191,29559510772.088735,29559510772.088735,2921302520.443834,29559510772.088735,29559510772.088735,9279080168.764237,29559510772.088735,29559510772.088735,29559510772.088735,4651274323.188823,20567682610.606907,29559510772.088735,95.00871233,29067417834.634065,31107899964.111084,31112407749.056459,17654357492.201378,31040740695.15579,31112293756.932849,9336071924.788773,30674114703.394059,31112421215.448441,31112421190.11857,31112421049.441613,31112416552.077942,31112373902.863657,31111528090.618538,30200123772.082788,30919733689.909909,31091192858.514378,22934930595.976872,31112407786.111774,31112296695.262049,31108037323.135485,29108604146.186268,30680626943.191793,9427975210.510218,31042271445.519173,17755887049.727399,10401824154.291966,29687324550.737966,19001575492.996171,31112421216.088735,26179463061.781138,2295,0.0265625,5376,8771298383.961474,2889545188.734293182065062790426,8441845.15688413,2781012.79757142663371223238137,840398.676418,276854.103664131610745121882,86.817293863058,,0.09548857279977731,,
2018-02-28,7728,15607,120715,159676,1292,65560,150604,53,30152,181882,178592,174886,171730,139684,21785,154890,44424,163787,93731,4460,119629,15298,150399,29662,51,159642,64502,1190,1613890596,4320,1051.39375,8936998801.804693675353980415,1.088614428775,0.915842322757,9404732194.753235763606708415,,7912123475.930714532469958295504,8639176503.785068222031277574201,0.17555323,0.05306662365731376003064,0.171246,0.051764624523401546928,634.44936,191.78277390136071190848,0,0,0,0,0,0,0.566715305228,3.245780180542,,2.730648043173,,0.00002932778772646429,0.302282240305768,,-48.71787507942069,0.329431865414349,0.0000309206446206319,0.000376470764896834,0.269008130180626,0.329431865414349,0.003797353906,29565080610.639375,29565080610.639375,2537584487.843325,29565080610.639375,29565080610.639375,9500729609.631359,29565080610.639375,29565080610.639375,29565080610.639375,5034914241.022577,20492027682.509937,29565080610.639375,95.0266165664,29046212251.829086,31107873359.269721,31112406982.379243,17631884926.306373,31040229168.517494,31112291791.313773,9303831168.619434,30668804152.752679,31112420580.989159,31112420556.02814,31112420414.199913,31112415872.257008,31112372889.467632,31111523131.279707,30189704114.18732,30918332793.873155,31091078040.281427,22914016602.831305,31112406873.264124,31112285156.078871,31107524677.009324,28946879313.800387,30653057909.23722,9239757674.086278,31036830629.018527,17304132502.108142,10370609919.047142,29692809244.810149,19010978411.558755,31112420581.639375,26174622326.231778,3614,0.041828703704,8096,9585498355.112934,2897525917.230791803538331603312,16800635.42860886,5078533.71592034297838127390448,1356174.914714,409947.591466231770682270352,91.189116979626,,0.09597832597943186,,
2018-03-01,7501,15585,121468,160627,1294,65987,151490,53,30243,183152,179818,176029,172809,140507,21794,155806,44695,164791,94333,4455,120258,15243,151278,29698,51,160591,64809,1191,1613890613,4320,1011.893287037037,8883382927.721498299634124486663,1.089290910123,0.916239099868,9345541016.614618918122600486663,,7860847831.61561138721845488794,8579472140.786386527064133728986,0.17557437,0.05273898584396563499283,0.171246,0.051438831133699862514,612.930118,184.111797277371328423962,0,0,0,0,0,0,0.567336729159,3.293387591671,4.8451566865980515,2.770178704757,4.075423709121876,0.00002749816032026763,0.300379752716559,,-40.05703839286683,0.302282240305768,0.0000293277877264642,0.000355073233995132,0.247720092796574,0.302282240305768,0.00381129707,29573840604.709257,29573840604.709257,1947554026.522051,29573840604.709257,29573840604.709257,9497245928.062092,29573840604.709257,29573840604.709257,29573840604.709257,5321500604.075159,20351225247.184953,29573840604.709257,95.0547743777,29031028945.870206,31107855858.797953,31112406238.664986,17651218581.256647,31039798813.33897,31112290289.354721,9275460373.123979,30664340920.915209,31112419968.049211,31112419942.447472,31112419798.624055,31112415215.397058,31112371897.878139,31111516754.653925,30180718764.394793,30917008556.236785,31090983326.421272,22918807224.541781,31112406122.91703,31112283422.376371,31107466134.046569,28920767147.956684,30646775328.01913,9211952026.796639,31036002853.535829,17319898096.921583,10356019006.077844,29707852684.355386,19054183926.663618,31112419968.709257,26169699390.60166,3491,0.040405092593,7994,9446935443.429515,2837668132.426654359588689838885,12455470.18447352,3741371.05398062944808320101768,832408.324476,250038.606665306086530198084,94.389417202089,,0.09228083196102771,,
2018-03-02,7745,15592,122116,161476,1296,66349,152266,53,30339,184238,180835,177010,173775,141216,21821,156605,44909,165679,94860,4456,120274,15012,151901,29527,49,161416,64453,1148,1613890628,4320,1082.045601851852,8554503502.364254535278608596411,1.050342240104,0.88335990248,8999300338.375641313077915596411,,7568600752.93489358595239693788,8567969557.694950695620242534435,0.1766152,0.0510861342157524402296,0.171246,0.049533087412129547058,649.4141,187.8437182881319206643,0,0,0,0,0,0,0.567542304117,4.124004571523,4.620163515872917,3.468374532633,3.885654634261243,0.000026261987181651713,0.289251062285423,,-41.64178478749411,0.300379752716559,0.0000274981603202675,0.000345541204926614,0.24458043208906,0.300379752716559,0.003826978399,29574665810.295157,29574665810.295157,1759759829.470504,29574665810.295157,29574665810.295157,9447904428.358972,29574665810.295157,29574665810.295157,29574665810.295157,5566287997.039275,20342064554.201801,29574665810.295157,95.0574286968,29021224747.984834,31107835666.933501,31112405486.460971,17657614147.132199,31039401497.493895,31112288705.860154,9279303427.752733,30661068230.172444,31112419318.621195,31112419292.778816,31112419148.086068,31112414525.239384,31112370772.126895,31111510657.112675,30173927222.773746,30915720262.993621,31090882038.166115,22923081227.15343,31112405289.140644,31112276658.655806,31107231695.126955,28830345274.177417,30634467919.311092,9147060503.301229,31033171150.093625,17173964500.765622,10357713570.118805,29717451547.773216,19079758021.040447,31112419319.295157,26166198641.18756,3677,0.04255787037,8177,7544225225.677623,2182175160.647737518974210189529,8687587.52089467,2512893.91911636778061585939541,822988.447606,238050.282718666689253047338,96.672700405724,,0.09234938845704659,,
2018-03-03,5896,15587,122717,162256,1298,66633,152991,53,30397,185257,181796,177874,174637,141892,21830,157354,45062,166488,95315,4457,120952,15029,152630,29601,48,162202,64797,1149,1613890645,4320,970.161574074074,8589198031.495164642694800796244,1.056484010922,0.88852525821,9035043338.520037226373956796244,,7598661344.902194035982144735165,8551992500.704228757497754298839,0.17600776,0.05111263602127363668632,0.171246,0.049729821390255890922,487.013465,141.428661861296840069755,0,0,0,0,0,0,0.567727205837,4.384819446832,4.595524538739477,3.687725314274,3.8649327251361156,0.000025416420405504827,0.290399900670707,,-29.13032383001256,0.289251062285423,0.0000262619871816517,0.000338165775312993,0.234650847485014,0.289251062285423,0.003844697062,29577138324.281692,29577138324.281692,1583259525.884866,29577138324.281692,29577138324.281692,9346420850.878584,29577138324.281692,29577138324.281692,29577138324.281692,5715055781.78608,20349168609.341143,29577138324.281692,95.0653772171,29013062995.194344,31107818057.413333,31112404913.585766,17663366610.492408,31038971793.941794,31112287386.312447,9272360158.061849,30658196640.556266,31112418831.59695,31112418805.01574,31112418659.930718,31112414009.017743,31112369952.565962,31111506457.515955,30168210567.375794,30914514313.01986,31090774024.623228,22921793205.841649,31112404736.590902,31112275477.800533,31107240611.759867,28829805416.693989,30632161655.245726,9107754109.02585,31032951636.102334,17176304917.571471,10352445050.181423,29729702734.419746,19103465671.699964,31112418832.281692,26166198154.174095,2767,0.032025462963,6396,7095484593.95675,2060528021.29557198988394992225,8141316.15839961,2364237.40372806864069072722427,866709.012846,251692.211240884917278902122,98.346369865843,,0.08647307432312566,,
2018-03-04,5362,15555,123265,162960,1296,66908,153645,53,30439,186126,182618,178656,175410,142517,21831,158031,45195,167209,95741,4455,121961,15173,153421,29843,50,162925,65607,1186,1613890665,4320,895.841435185185,8842737412.854096754879083991932,1.088719040321,0.915581159472,9298152214.548686822738595991932,,7819476531.826567540148606139306,8540451549.19592609654192117649,0.17558967,0.05247613531754115952086,0.171246,0.051178000782094148268,414.216038,123.791205147681927978204,0,0,0,0,0,0,0.568259363509,3.527145871926,4.699047366490018,2.966227453955,3.9517626466382403,0.000026072362140853018,0.298856620196058,,-25.31944655304889,0.290399900670707,0.0000254164204055049,0.000339892469203021,0.234773443708108,0.290399900670707,0.003857108948,29588561254.065654,29588561254.065654,1190887438.287014,29588561254.065654,29588561254.065654,9136878382.62278,29588561254.065654,29588561254.065654,29588561254.065654,5767538361.303698,20312367245.577786,29588561254.065654,95.1020935,29001803705.124567,31107799051.970553,31112404444.112341,17679923087.480699,31038578223.700869,31112286248.748576,9272434982.064542,30655260857.085369,31112418417.371469,31112418390.493574,31112418244.43995,31112413561.358773,31112369298.684847,31111503592.516106,30162767972.967323,30913294607.264053,31090681636.55659,22939854050.572365,31112404331.688337,31112278990.172031,31107378242.394641,28878130575.028823,30636009418.89938,9176563511.152707,31034375081.41188,17325036412.416367,10359320164.825711,29741203682.907483,19143922395.067345,31112418418.065654,26164642184.258057,2359,0.027303240741,5434,8820848229.075481,2636168889.003881838630300653898,7806093.92241746,2332902.84658667148682652237268,813447.098635,243104.05060634552496418083,99.70975970398,,0.08674669275692211,,
2018-03-05,6731,15550,123776,163586,1295,67177,154212,52,30500,187036,183491,179436,176119,143071,21839,158620,45353,167859,96160,4454,122230,15078,153892,29807,46,163542,65592,1175,1613890681,4319,1011.020375086826,8716146742.416476323332025861398,1.071063385238,0.900602441546,9160027294.649582118943065861398,,7702198637.24891004720705437062,8552273769.134682688594819712246,0.17602831,0.05182574144716411147294,0.171246,0.050417747689908887004,549.912427,161.903612323975097002198,0,0,0,0,0,0,0.56829994537,3.618083290984,4.585327241144236,3.042261261552,3.855567248004854,0.00002551128125974499,0.294417082383874,,-34.860574996671524,0.298856620196058,0.000026072362140853,0.000347051396991725,0.24208572760844,0.298856620196058,0.003869456498,29604758908.153227,29604758908.153227,1497342477.391374,29604758908.153227,29604758908.153227,9132351838.934313,29604758908.153227,29604758908.153227,29604758908.153227,5289651792.911142,20332217161.16897,29604758908.153227,95.1541568823,28993188704.577855,31107791461.886341,31112403803.714888,17681185374.785,31038251231.707703,31112285002.572318,9240650753.502008,30652629480.654206,31112417867.45152,31112417839.883803,31112417692.054323,31112412971.74639,31112368421.868395,31111502087.365796,30157262169.022136,30912301678.440506,31090612541.90133,22942525609.832985,31112403661.053091,31112274490.628264,31107289096.844543,28839168693.653687,30630115310.919798,9048982951.227577,31033091945.337429,17292668779.822081,10362849561.999546,29750835840.783213,19167197380.403638,31112417868.153227,26160841534.34563,3124,0.036157407407,7077,8599143625.489755,2531734777.21658214808616421087,6872042.22637509,2023246.62230813577289489129866,804424.2651035,236836.245130564458329340959,101.272913614865,,0.08311787987209905,,
2018-03-06,5229,15557,124241,164150,1292,67424,154755,51,30581,187789,184207,180122,176752,143571,21869,159178,45507,168445,96523,4457,121451,14635,154183,29288,42,164049,64580,1093,1613890696,4318,907.526401111626,8203910176.140388423894045764894,1.010119929212,0.849231579316,8621033613.555344360627050764894,,7247905698.374422653563158894073,8534663423.854603259276562737153,0.17662729,0.04894218865155694628897,0.171246,0.047451070770686233278,419.843069,116.335582610403182646517,0,0,0,0,0,0,0.567757168327,3.466379559111,4.269262092466543,2.914266813634,3.589269040685376,0.00002595224338036557,0.277093016891993,,-29.20730512119773,0.294417082383874,0.0000255112812597451,0.000345718713344687,0.238053167437443,0.294417082383874,0.003883466978,29607062163.310158,29607062163.310158,1427352152.217477,29607062163.310158,29607062163.310158,9052916046.904335,29607062163.310158,29607062163.310158,29607062163.310158,4298305945.487128,20260270511.509745,29607062163.310158,95.1615611757,28985666233.608496,31107780291.747673,31112403318.326721,17664298030.275292,31037960971.196716,31112284222.160225,9207130207.83039,30650607427.853772,31112417447.600789,31112417419.831792,31112417270.343651,31112412522.527136,31112367908.81709,31111498462.138891,30152540857.767347,30911514029.650686,31090535419.345126,22933652304.359168,31112402975.716505,31112264853.837661,31106842313.784836,28674102564.543758,30607091626.235163,8915016138.114676,31028396056.426917,16999867392.935732,10366794824.078396,29755344432.304689,19172681920.18096,31112417448.310158,26156941014.502561,2377,0.027511574074,5536,8975479146.978022,2487042594.887311972444718777846,7403460.71731077,2051447.26560099980419850566461,937860.600171,259874.623125517596064330803,102.590252620034,,0.07997314020084505,,
2018-03-07,6081,15577,124778,164803,1292,67751,155380,47,30699,188660,185032,180868,177485,144173,21907,159820,45701,169124,96982,4461,119188,11827,154054,28116,33,163748,61969,831,1613890712,4320,978.298148148148,7170983862.42676939185152420865,0.888816384799,0.747162322539,7534419691.44618029661606320865,,6333630445.969421844272621124651,8476913590.142776877799340005917,0.1759261,0.0426036033716393718597,0.171246,0.041470234734810558942,488.722708,118.352810699182919502516,0,0,0,0,0,0,0.567221157436,4.041934067701,3.700852635477962,3.397755596341,3.1110336148012316,0.000024453754554771764,0.242167611125577,,-22.341793109322236,0.277093016891993,0.0000259522433803655,0.000341102130254521,0.223164613075492,0.277093016891993,0.003899160499,29611655452.58745,29611655452.58745,1198871494.698235,29611655452.58745,29611655452.58745,9031715688.579973,29611655452.58745,29611655452.58745,29611655452.58745,3371344117.223637,20189540167.69128,29611655452.58745,95.1763261949,28977340434.374832,31107764433.267045,31112402746.273392,17647621158.451558,31037651563.133714,31112283235.158715,9093098978.981194,30648293467.639684,31112416958.866827,31112416930.508205,31112416779.512209,31112412001.957318,31112367258.393973,31111495962.850664,30145960290.377121,30910445593.314729,31090472479.959574,22923267797.351099,31112398625.329983,31112234422.24075,31105737015.490302,27567672805.491067,30554463027.292962,8584076209.785923,31016652339.031688,15969565581.844288,10353457841.141747,29758407637.46965,19174741966.672848,31112416959.58745,26153912228.522963,2778,0.032152777778,6408,7697408329.395079,1864062986.987724802366714835583,6344293.40058665,1536382.37709983236135861974705,1117953.936835,270732.234231766152710928795,103.896942560001,,0.072827932413518,,
2018-03-08,8287,15629,126059,166236,1290,68501,156768,47,30962,190410,186737,182457,179003,145517,22020,161233,46137,170596,98038,4436,117999,9994,154857,27400,30,165055,60389,669,1613890727,4317,1047.887421820709,6316881146.513045621698142549301,0.790645955659,0.66463768719,6635991939.140219451621254549301,,5578388535.44097301457638253901,8393127026.889113555317631131213,0.17597772,0.03753442736098348820796,0.171246,0.036525195052299679878,612.930393,130.732409269750524633549,0,0,0,0,0,0,0.566439734711,3.623071447543,3.239799000961026,3.045648700513,2.723459848933403,0.000022859584548997784,0.213290792499093,,-41.154613472832146,0.242167611125577,0.0000244537545547718,0.000322136678196366,0.19629421505025,0.242167611125577,0.003933773166,29616286162.657057,29616286162.657057,1564309383.039552,29616286162.657057,29616286162.657057,9140047000.797497,29616286162.657057,29616286162.657057,29616286162.657057,3173576101.716579,20187263918.41517,29616286162.657057,95.1912118708,28952513173.648251,31107748791.343849,31112402015.85458,17623308861.630967,31036928064.825617,31112281925.779788,9099438331.470861,30642682246.26241,31112416345.928113,31112416316.70215,31112416164.014071,31112411359.334462,31112366406.993887,31111491897.976042,30131730674.730195,30908145693.370765,31090319446.685663,22855043497.762445,31112397331.490067,31112207490.558117,31104635870.356166,26710549308.104215,30505949086.00396,8458644020.501674,31005769807.811694,15250269929.079729,10335273930.798078,29755975463.093714,19189790218.933876,31112416346.657057,26153911615.59257,3483,0.0403125,8632,8587304113.958873,1831592899.897009649745491802189,5968654.47329747,1273059.04276287389493769419471,798302.803832,170270.637683575256216924376,105.552920948855,,0.06949699620674701,,
2018-03-09,7572,15627,126985,167325,1289,69105,157796,48,31104,191766,188024,183620,180187,146506,22069,162293,46417,171704,98826,4431,118946,10032,155881,27521,30,166145,60923,673,1613890743,4319,1018.373697615189,6348030369.779285800468924293524,0.797421301075,0.670333217486,6668027822.190315974696144293524,,5605318717.104333898538755443237,8361988591.478847831791717848186,0.17696091,0.03792634685273939695491,0.171246,0.036701524608707147646,592.465133,126.977410617476923187333,0,0,0,0,0,0,0.565976517708,3.731199516188,3.229174361525257,3.136543974178,2.7145284891005876,0.00002309951100473539,0.214320478193401,,-35.15118921098781,0.213290792499093,0.0000228595845489978,0.000304989814155192,0.173312050060467,0.213290792499093,0.003952518622,29619336534.191924,29619336534.191924,1540361318.508364,29619336534.191924,29619336534.191924,9185517913.369234,29619336534.191924,29619336534.191924,29619336534.191924,3023371650.058555,17812886647.512217,29619336534.191924,95.201018038,28933719624.78364,31107731109.546401,31112401347.157736,17608896726.054996,31036499811.619498,31112280536.086571,9145113204.182083,30637809515.051001,31112415753.449483,31112415723.27786,31112415570.237966,31112410725.932863,31112365512.319642,31111488317.605151,30122260863.460543,30905969901.404501,31090219562.668392,22836168828.566681,31112396666.769552,31112206002.459992,31104631173.561174,26709679050.578132,30500480490.146133,8459001841.441882,31005083896.706984,15260052511.347529,10345476481.307589,29761667754.182305,19206979102.79074,31112415754.191924,26153911023.127437,3348,0.03875,8240,8338448699.730221,1787100312.717323752742162471621,5657955.9833314,1212615.8319448000255414760914,1321269.08635,283175.02240869003786917635,107.051410176031,,0.06814872628896836,,
2018-03-10,5046,15612,127675,168132,1291,69448,158563,48,31167,192663,188882,184443,181026,147255,22072,163076,46598,172517,99349,4437,118447,9571,155920,27208,28,166609,60187,638,1613890758,4320,897.9,5979153308.601642435091622206368,0.754967039255,0.634601371542,6278642462.375860542061389206368,,5277627910.724049356577220707047,8316445799.504541388583904551317,0.17635216,0.03558875601296832822128,0.171246,0.034558307151989373618,369.281428,74.522856092108714542124,0,0,0,0,0,0,0.566431510653,4.468385515053,3.021950534635705,3.755983280054,2.5401558668122988,0.000022967468236742066,0.201805047428783,,-48.5029921341774,0.214320478193401,0.0000230995110047354,0.000295487736624522,0.173900368219461,0.214320478193401,0.003970644993,29628363535.910496,29628363535.910496,1390576912.551958,29628363535.910496,29628363535.910496,9168681611.318388,29628363535.910496,29628363535.910496,29628363535.910496,2902158242.061564,17759225570.469804,29628363535.910496,95.2300333142,28924589359.660825,31107718588.311875,31112400952.825212,17623052446.526389,31036038392.716879,31112279699.14102,9143145358.482062,30634511050.531005,31112415384.160924,31112415353.778325,31112415200.919675,31112410346.192931,31112364969.882566,31111485994.68736,30115595469.431325,30904580346.640204,31090098892.14542,22852401857.414151,31112394634.348325,31112169893.489428,31104049087.249453,26486866145.904975,30479362426.011221,8358453182.561751,30999479315.390313,15096725298.585067,10334454464.93895,29770008425.198978,19235411962.31861,31112415384.910496,26152110554.056009,2094,0.024236111111,5166,6962786733.620119,1405125507.014709178942428485177,5652717.88890081,1140747.00167115807494462601423,789966.0821675,159419.1426789422259825271525,107.990005903328,,0.0589715249059391,,
2018-03-11,4875,15565,128193,168771,1292,69689,159163,49,31171,193453,189635,185169,181732,147827,22047,163696,46690,173184,99737,4429,120494,10408,157338,27714,30,167634,61734,704,1613890775,4319,864.781893956934,6492892202.153148605191902321124,0.82085657056,0.689986022281,6817934033.124950435316694321124,,5730939304.636745575354230597672,8305877393.993964855018291566276,0.17643989,0.03866480727798338889844,0.171246,0.037526625000307716216,361.525327,79.224188444942493288092,0,0,0,0,0,0,0.568075221959,4.43726529167,3.261138266496852,3.729824598123,2.7412094893437398,0.000023034412130066914,0.219138695212196,,-41.956906869613704,0.201805047428783,0.0000229674682367421,0.000294657277047293,0.163874737861499,0.201805047428783,0.00397611798,29629145121.385169,29629145121.385169,1318520524.122972,29629145121.385169,29629145121.385169,9133847308.880002,29629145121.385169,29629145121.385169,29629145121.385169,2892713245.479488,17768965287.526146,29629145121.385169,95.2325465545,28916346548.862142,31107705407.652042,31112400520.429992,17674192070.089471,31035681939.703094,31112278853.366158,9191138429.118643,30631948861.357269,31112415022.627862,31112414992.070158,31112414838.73595,31112409962.172002,31112364420.042186,31111483606.952041,30111029416.935092,30903340763.104715,31090011164.04021,22885570080.912965,31112396053.249575,31112208581.689962,31104767840.424597,26895138886.941912,30500631199.132548,8468780638.221373,31005384084.379247,15456391156.515319,10365445229.896606,29782583574.577781,19298492667.582859,31112415023.385169,26152110192.530682,2049,0.023715277778,4937,7011619314.669408,1536517107.941285997638149699968,5139970.64056934,1126366.45960336043465755167064,783095.005191,171606.417664743593466509436,108.805631243712,,0.061887120183585956,,
2018-03-12,5141,15574,128915,169653,1297,70110,159991,50,31322,194486,190636,186129,182681,148619,22091,164561,46959,174079,100328,4433,121027,10265,158091,27787,30,168512,61988,699,1613890791,4320,911.082407407407,6445720902.79433956127654924493,0.839767758906,0.705882166291,6768306802.30015721738993924493,,5689224213.55688023465274603883,8059736433.702616272671530151693,0.17593353,0.03827321414570084127435,0.171246,0.03725347197657368817,390.044635,84.851715541299725265825,0,0,0,0,0,0,0.568318421104,3.830517884805,3.2166823573789385,3.219811946659,2.7038412544629655,0.000023780740641468666,0.217543603801395,,-43.19154425099696,0.219138695212196,0.0000230344121300669,0.000305183850713978,0.178017723753537,0.219138695212196,0.003994038007,29629558351.340534,29629558351.340534,2408039453.891218,29629558351.340534,29629558351.340534,9342869038.988168,29629558351.340534,29629558351.340534,29629558351.340534,4047535008.882539,17759012643.085994,29629558351.340534,95.2338759319,28901842360.930783,31107688489.073109,31112400076.12728,17681758361.15173,31035270559.759939,31112277663.214655,9216161485.458318,30628520089.734865,31112414632.575756,31112414601.686018,31112414447.624731,31112409542.059369,31112363865.301092,31111480035.219414,30101560174.66062,30902027728.878699,31089914446.352552,22887679235.553699,31112395590.191828,31112203959.124212,31104666451.257864,26811957426.322931,30493866235.356222,8460940448.050187,31004254605.924214,15418999018.74551,10351844257.223495,29783252000.527601,19314807080.452936,31112414633.340534,26152109803.011354,2217,0.025659722222,5293,8122247583.481336,1766943010.27770171885763326372,5267649.18067157,1145943.38632475901261100284015,778285.91211,169311.12210826517086539345,109.701791502596,,0.061623771381840324,,
2018-03-13,4769,15590,129121,169902,1300,70201,160222,51,31328,194900,191006,186442,182992,148838,22106,164796,47012,174344,100500,4422,121227,10268,158314,27794,25,168760,62063,698,1613890809,4320,901.54212962963,6445620366.56483893259709302718,0.83452660046,0.701476613101,6767596932.75979565473572302718,,5688627507.62954345943626487156,8109504153.643718785242933716229,0.17746726,0.0386028185883778240818,0.171246,0.03724956519859127178,349.610508,76.04755388072489524644,0,0,0,0,0,0,0.568767834098,4.464314700473,3.198682690161603,3.752561457213,2.6887112988881077,0.000023745403690852157,0.21752078996643,,-38.18369887600363,0.217543603801395,0.0000237807406414687,0.000312231024284223,0.176898299070378,0.217543603801395,0.003998801503,29632203742.730026,29632203742.730026,2182994243.354021,29632203742.730026,29632203742.730026,9118946451.081163,29632203742.730026,29632203742.730026,29632203742.730026,3830313903.871667,17755522619.367098,29632203742.730026,95.2423796897,28900920044.341152,31107683761.487301,31112399665.157278,17695740485.72464,31035114826.948948,31112277061.91252,9240390286.256583,30627370261.610518,31112414282.954781,31112414251.629768,31112414096.890255,31112409167.348572,31112363340.148445,31111478512.884122,30101145863.761343,30901653746.975618,31089887604.922643,22877136905.405786,31112395175.810809,31112203080.543074,31104659599.809124,26805904509.785648,30492756849.022597,8217058114.466205,31004031796.857153,15416723255.71259,10352065279.247296,29786638167.10977,19330656130.821106,31112414283.730026,26152109453.572092,1970,0.022800925926,4588,6969135549.613716,1515931870.13510581875510755388,4523764.52669662,984012.8334691620975685944666,770950.7895375,167697.824765439916620226125,110.368890809391,,0.06043498912712072,,
2018-03-14,5060,15594,129485,170346,1300,70416,160628,51,31384,195609,191675,187025,183537,149236,22127,165229,47129,174802,100783,4417,117589,8968,156866,26593,23,168433,58770,594,1613890842,4320,894.75462962963,5748783967.375921823841805273686,0.746570046517,0.627495125571,6035719327.791188308225705273686,,5073046360.720264274702587329234,8084598834.293837463556831986449,0.17642274,0.03422550709302027378972,0.171246,0.033221234335502043588,411.064989,79.745432457923512706742,0,0,0,0,0,0,0.569125298734,5.289813636579,2.84989107983609,4.446109628454,2.395344910165411,0.00002359451939119998,0.193997140578478,,-47.724868682146784,0.21752078996643,0.0000237454036908521,0.000315292255460051,0.175931584511772,0.21752078996643,0.004002709633,29633343822.665037,29633343822.665037,1777109002.208101,29633343822.665037,29633343822.665037,9124791097.67307,29633343822.665037,29633343822.665037,29633343822.665037,3909491511.20215,17773063118.822037,29633343822.665037,95.2460453372,28892770106.071007,31107674702.742363,31112399177.544571,17706861839.613991,31034950714.172006,31112276085.369583,9239596807.387774,30625427556.204214,31112413871.882827,31112413839.913939,31112413683.883651,31112408706.859031,31112362802.029959,31111476925.617581,30096763072.902556,30901004555.601014,31089836126.111879,22872730855.456404,31112390927.270549,31112110498.793401,31102680174.036106,26167139858.579806,30428870992.344714,8139691525.770393,30986627005.546034,14917850951.908173,10353705926.378487,29789821860.862844,19352679956.968676,31112413872.665037,26150108942.807103,2330,0.026967592593,5376,5881570885.129306,1141007933.824713256672670676268,3682677.28623934,714428.86320374110667676092452,764377.8234095001,148287.1120630438227599947988478,111.005232256269,,0.06155339793601758,,
2018-03-15,6310,15621,129970,170919,1303,70711,161173,51,31457,196422,192442,187702,184165,149762,22164,165794,47300,175379,101198,4414,116625,8655,156986,26285,23,168960,57880,560,1613890874,4313,992.90656155808,5389020668.391455335226803318257,0.712859027886,0.599160879298,5657912050.632948964799737318257,,4755497828.64981127688930543475,7936929784.576048261203910415206,0.17678962,0.03214987246114605037734,0.171246,0.031141743839267353722,514.457786,93.556127370733463309502,0,0,0,0,0,0,0.569336431998,4.175565590062,2.6641800792566688,3.509579668122,2.2392540691083807,0.000021993334539856403,0.181853846742507,,-48.53719466079229,0.193997140578478,0.0000235945193911999,0.000316816597055435,0.156803644942429,0.193997140578478,0.004012813488,29633800796.207251,29633800796.207251,1642934578.1966,29633800796.207251,29633800796.207251,9227496570.836313,29633800796.207251,29633800796.207251,29633800796.207251,4375248738.6441,17709916741.125077,29633800796.207251,95.2475156942,28886272496.15829,31107664370.796351,31112398628.871538,17713430412.204696,31034693252.441737,31112275161.295643,9239985279.952623,30622710980.499191,31112413357.412517,31112413324.755614,31112413166.79097,31112408166.51679,31112362220.483121,31111474502.702644,30091883520.747344,30900090899.081368,31089782669.326863,22866045521.636373,31112390143.153915,31112086960.576766,31101900392.498196,25983317415.366352,30406066871.357604,8155308589.310048,30980173331.672136,14730419766.766354,10351799395.062243,29792043914.361535,19367983586.577988,31112413358.207251,26150108528.54425,2910,0.033680555556,6702,7451065654.975221,1355004951.688221379828652419047,3336087.44303467,606680.33458522892990616371769,758174.2080675,137876.8962380287593145752225,111.723868734041,,0.0618590745189,,
2018-03-16,5313,15601,130369,171396,1303,70958,161620,52,31520,197118,193095,188268,184706,150195,22166,166260,47427,175866,101538,4414,116480,8502,157304,26101,22,169426,57607,547,1613890889,4320,906.126388888889,5249674825.252594998207647159778,0.697575496827,0.58631500848,5511541539.520980419218595159778,,4632472813.595972372789621649561,7900996472.196981280180441523541,0.17685871,0.03133039307442118403007,0.171246,0.030336105541097354382,421.808017,74.722986357596598202689,0,0,0,0,0,0,0.569636506986,5.579154933679,2.6102275300401296,4.689302143109,2.1939067289079324,0.00002114734382805676,0.177149279639217,,-54.42092351283951,0.181853846742507,0.0000219933345398564,0.000297552162029877,0.148017837522781,0.181853846742507,0.00401878746,29634186692.399234,29634186692.399234,1772737648.887076,29634186692.399234,29634186692.399234,9079197061.513411,29634186692.399234,29634186692.399234,29634186692.399234,4192893381.656038,17653381270.601076,29634186692.399234,95.2487573143,28876734654.648352,31107655562.663554,31112398160.151477,17722766229.002217,31034471712.267834,31112274222.407711,9279627346.087128,30620406127.412569,31112412935.596016,31112412902.285955,31112412743.380522,31112407714.388452,31112361658.949103,31111472717.159123,30086571885.814171,30899204366.841237,31089737234.600119,22876677148.737052,31112389612.91188,31112078886.049879,31101592918.571511,25899964736.239084,30390733896.711457,8129353988.07022,30977133142.397194,14665628945.272406,10361276764.725502,29797078881.204255,19394214026.243793,31112412936.399234,26150108106.736233,2385,0.027604166667,5486,5576545786.277955,987881068.914250689711680561235,2881193.69364486,510401.38733024182032652647462,625650.97721,110833.61991832367228924457,112.23190633825,,0.057752579881582354,,
2018-03-17,5015,15585,130682,171797,1300,71142,161971,52,31563,197757,193681,188777,185183,150541,22168,166631,47508,176274,101788,4405,113313,7517,156702,25119,21,169568,54762,463,1613890906,4320,916.902314814815,4504722033.758052694261430524557,0.601743142622,0.505728827247,4728847962.533863922086163524557,,3974311570.717044927534866104356,7858582221.525119448959082080092,0.17635015,0.02680386955370485143015,0.171246,0.026028077921077702446,385.325077,58.566454860850855599477,0,0,0,0,0,0,0.569920634265,5.917258929749,2.24515041911414,4.973099329425,1.8869135483696895,0.000019284299161779158,0.151992326367201,,-60.986268705383786,0.177149279639217,0.0000211473438280567,0.000293058527890838,0.144187498503789,0.177149279639217,0.004022605874,29637825418.074157,29637825418.074157,1280661391.900779,29637825418.074157,29637825418.074157,9030462889.228334,29637825418.074157,29637825418.074157,29637825418.074157,4097035275.821441,17620384047.834579,29637825418.074157,95.2604539086,28868512810.188295,31107646930.480143,31112397724.908383,17731605894.618057,31034292920.629885,31112273220.4529,9314834899.048624,30618836521.614782,31112412550.259772,31112412516.390576,31112412356.147999,31112407286.910499,31112361031.147273,31111471223.859057,30082826428.199345,30898451210.000514,31089685292.115529,22873667220.142768,31112387643.095825,31112019928.910382,31099466774.936759,25296831789.259365,30327158730.42328,8114988509.435952,30958578747.882148,14179539366.160165,10397261508.923075,29802442241.471562,19420155216.659275,31112412551.074157,26148106721.621156,2185,0.025289351852,5037,5257909603.153315,799161912.411718945648190421315,2835882.9226342,431032.4427161891502234008742,747137.312374,113559.138223462410165045174,112.691028095639,,0.061930195732921446,,
2018-03-18,8432,15604,131990,173178,1301,72241,163328,43,31931,199483,195347,190345,186697,151880,22394,167998,48117,177676,103000,4392,115083,7660,158146,25523,21,170966,56024,475,1613890922,4320,1058.02337962963,4612091535.969793484386670316277,0.631873122451,0.531051256476,4839910693.663635531236201316277,,4067653083.788068244742397253296,7659624253.182509547394122708781,0.17574391,0.02733908355959231056571,0.171246,0.026639379442769566326,626.17554,97.40915296030933446474,0,0,0,0,0,0,0.5690202904,4.42030387469,2.3109392358177967,3.714998855393,1.9422050744299109,0.000018996426433691112,0.155562053669981,,-60.36065156333278,0.151992326367201,0.0000192842991617791,0.000275915742039122,0.123561464418722,0.151992326367201,0.004035112632,29647921373.898617,29647921373.898617,1930708474.558895,29647921373.898617,29647921373.898617,9387190450.415634,29647921373.898617,29647921373.898617,29647921373.898617,4651791295.14917,17596273996.451734,29647921373.898617,95.2929057556,28825247513.260825,31107637395.994203,31112396991.620203,17703593668.537941,31034041031.430015,31112272193.958596,9051224740.661544,30611646921.308442,31112411924.074376,31112411889.452297,31112411727.10093,31112406598.47801,31112360226.828008,31111468761.512195,30068447249.264528,30895355761.090631,31089616348.457479,22821578426.025771,31112387041.168028,31112024670.471796,31099766081.479041,25341287157.649724,30324759450.256316,8136830070.487337,30959983037.495164,14234762747.331886,10377419415.943045,29783496091.904761,19422231944.485881,31112411924.898617,26148106095.445616,3563,0.041238425926,8421,7038523324.842975,1094927143.216635989329296233475,2618432.05071738,407328.66720489547935282096978,740640.396188,115215.541061953647242432428,113.399744826335,,0.06233958816253967,,
2018-03-19,6341,15558,132696,173987,1303,72702,164101,43,32071,200476,196295,191215,187546,152634,22464,168788,48380,178500,103609,4386,119786,8757,160097,26792,23,172012,59780,569,1613890950,4319,957.471405417921,5521191544.08236835689974050412,0.755011074351,0.634492740821,5791096526.45186406365977250412,,4866695115.149552385219830695836,7670214018.286016362102350270034,0.17571886,0.03270736126422899671624,0.171246,0.031874807217928449864,515.207687,95.897981268583333835108,0,0,0,0,0,0,0.569097714967,5.577503195341,2.8000923451538133,4.687196532041,2.3531287513311296,0.000021803240969577115,0.186134608796284,,-54.88631549761503,0.155562053669981,0.0000189964264336912,0.000289008415668047,0.126795405498416,0.155562053669981,0.004049754673,29662358761.69093,29662358761.69093,1865476684.208894,29662358761.69093,29662358761.69093,9362312055.893293,29662358761.69093,29662358761.69093,29662358761.69093,4605116702.549598,17433307714.443931,29662358761.69093,95.3393112835,28791408680.31278,31107625033.168005,31112396438.237134,17706002240.381463,31033697442.765404,31112271151.859198,9091290450.808283,30608023432.280266,31112411408.856681,31112411373.646226,31112411210.703085,31112406072.424104,31112359538.608843,31111466197.991833,30061032416.491791,30893846074.608733,31089546821.267513,22806884435.835594,31112387911.410591,31112093103.952805,31102113506.457876,25970349306.567146,30388387118.677796,8290865114.662712,30979179755.0171,14783083837.389111,10389692739.060192,29780880850.527508,19436724758.711515,31112411409.69093,26146105480.447929,2932,0.033935185185,6909,5578196967.359381,1038295510.308056171514445340204,2503905.31366464,466063.43602190454864725419776,738206.0222415,137405.689160982528046550586,113.955778237205,,0.07187401529788971,,
2018-03-20,5533,15557,133200,174572,1301,73002,164654,43,32132,201215,197000,191834,188189,153153,22492,169355,48547,179106,104045,4388,123672,9463,161940,27918,24,172998,63039,640,1613890998,4320,937.420138888889,5980760492.605628499133124854465,0.818777630276,0.687988473265,6272094841.212861563644534854465,,5270208655.46169956933705733471,7660315339.954552362682563010126,0.1761206,0.035504966418284813453,0.171246,0.03452227325631187473,439.420887,88.584889197674353517685,0,0,0,0,0,0,0.569288662704,5.550657627986,3.053861197061983,4.664011724169,2.5660462924732226,0.00002266241992146432,0.201594625604755,,-44.75948113858208,0.186134608796284,0.0000218032409695771,0.000338341537608996,0.150934790319656,0.186134608796284,0.004060744559,29667261588.270043,29667261588.270043,1283939976.727401,29667261588.270043,29667261588.270043,9359156591.446638,29667261588.270043,29667261588.270043,29667261588.270043,4284952032.69252,17321861031.901859,29667261588.270043,95.3550710571,28783632035.314843,31107618244.213691,31112395933.804474,17711942834.750012,31033373766.059014,31112270208.4951,9121107624.405902,30605138399.089079,31112410969.427998,31112410933.554815,31112410770.227845,31112405612.775809,31112358907.949529,31111463115.373498,30056508887.062985,30892744423.511253,31089498086.49402,22817975222.628635,31112389422.790874,31112157423.866562,31103827778.04065,26322989162.624261,30439823925.55445,8372256248.452028,30993931268.162238,15157705863.623287,10406252108.898889,29783115076.358795,19463722246.58584,31112410970.270043,26142604941.237042,2495,0.028877314815,5850,5605175648.630017,1129973286.334458040245870930835,2104285.70674677,424212.68921705237069489289135,726594.647215,146477.575871726965251507325,114.35144418128,,0.0720381075396716,,
2018-03-21,5484,15552,133647,175089,1302,73251,165146,43,32184,201909,197635,192397,188765,153637,22502,169859,48684,179634,104416,4389,124542,9603,162944,28088,25,173526,63623,656,1613891020,4320,918.965046296296,6107045468.575490184122767388096,0.836089629859,0.70245448024,6404531405.751338558526575388096,,5380872599.227548318538945405552,7660101473.610415800977069644546,0.17678941,0.03639233699413871413904,0.171246,0.035251218615969577824,444.625359,91.526726068421783125296,0,0,0,0,0,0,0.569716608762,6.153634541938,3.1548874383339474,5.170077464628,2.6506306699243685,0.0000231825164892097,0.205851340270544,,-45.00737188659898,0.201594625604755,0.0000226624199214643,0.000362817354436737,0.165189743328428,0.201594625604755,0.004069643215,29667261143.644684,29667261143.644684,1112792884.444846,29667261143.644684,29667261143.644684,9344429694.146917,29667261143.644684,29667261143.644684,29667261143.644684,3657641481.469872,17174502925.494728,29667261143.644684,95.3550709907,28777544417.295578,31107611752.725284,31112395436.841329,17725257015.077986,31033098555.179227,31112269350.156957,9145628985.408996,30602734541.677441,31112410524.791903,31112410488.422671,31112410324.886946,31112405135.723039,31112358322.84453,31111462009.903647,30051389483.179405,30891814224.736506,31089443156.273664,22830022325.923276,31112388985.29055,31112181763.766866,31104030818.052304,26387177332.00713,30443270617.573518,8445217979.855206,30995338241.188864,15244280741.500891,10414539431.737498,29786705682.176087,19488679051.582739,31112410525.644684,26139604396.821683,2515,0.029108796296,5762,5055940568.71696,1040772142.39860268194936122624,1915744.0403899,394358.4783295680931292451056,713031.848179,146778.561603230198193739376,114.706240476964,,0.07194547100752761,,
2018-03-22,5910,15548,134244,175803,1304,73600,165816,44,32298,202791,198469,193213,189538,154283,22541,170548,48896,180366,104915,4392,122804,9104,162211,27450,24,173848,61932,610,1613891040,4320,966.50625,5908350721.875165607274649513128,0.825982591513,0.693883211948,6195108475.642047353056727513128,,5204324899.356786453905405902866,7500289399.917735951113040428553,0.17648059,0.03514084561269423027458,0.171246,0.034098533146287850452,456.02584,90.80394415521390213008,0,0,0,0,0,0,0.569517942132,5.66865675424,3.0624171621084066,4.762068591372,2.5726448457912707,0.000022859353962900364,0.199120173004262,,-42.80799366153784,0.205851340270544,0.0000231825164892097,0.000369307747310452,0.166925724095507,0.205851340270544,0.00408671339,29672286000.618844,29672286000.618844,2396310947.940822,29672286000.618844,29672286000.618844,9313707283.746259,29672286000.618844,29672286000.618844,29672286000.618844,4825114004.170961,17089761679.357781,29672286000.618844,95.37122304,28764589185.569445,31107599615.370433,31112394913.775105,17719075757.612541,31032740520.133666,31112268204.041916,9187512867.869867,30599594213.795048,31112410068.756343,31112410032.288559,31112409867.330618,31112404656.471679,31112357621.277715,31111459251.647384,30043762920.253303,30890578987.787132,31089365301.086128,22823307142.302106,31112386510.571573,31112111082.153476,31102857751.735294,26126991137.806701,30402946637.046978,8409221853.153111,30984835189.085357,14999870371.992402,10387126852.511457,29786601235.231973,19494772908.612739,31112410069.618844,26136602941.005843,2584,0.029907407407,6444,5488497790.300689,1092870629.538182893281458536518,2129282.77080581,423983.15369784723977430436222,710002.745137,141375.869445180380400773894,115.147259043297,,0.07131163505510144,,
2018-03-23,5320,15549,134857,176551,1303,73962,166512,44,32377,203728,199358,194007,190344,154943,22568,171272,49082,181126,105421,4388,121433,8635,162346,26898,24,174539,60455,566,1613891058,4320,941.474537037037,5436843590.958852302930586788217,0.75983857455,0.638244093312,5700341291.215468298153538788217,,4788134323.312811967143042883048,7502042515.536233686480843759484,0.17659468,0.03235525496075219254308,0.171246,0.031375282601995541226,433.716537,79.464506718602801992347,0,0,0,0,0,0,0.569572839461,5.824933695858,2.8264011227144796,4.89278861305,2.374101397748664,0.000020887244322990118,0.183217608598131,,-44.6586571334461,0.199120173004262,0.0000228593539629004,0.000369347032862498,0.161793200404458,0.199120173004262,0.004101241293,29674241643.902307,29674241643.902307,2515140393.012202,29674241643.902307,29674241643.902307,9415926747.175292,29674241643.902307,29674241643.902307,29674241643.902307,4433861565.362363,17122682099.050577,29674241643.902307,95.3775101034,28755579411.265487,31107585744.742445,31112394434.033516,17720783498.800267,31032360637.777231,31112266970.164188,9227202541.802548,30596509283.492548,31112409635.028595,31112409597.824944,31112409432.600807,31112404199.439608,31112356979.007911,31111455618.80835,30037553175.329088,30889216871.695942,31089281985.360697,22821703358.407664,31112385742.894611,31112080716.094809,31101809780.240874,25873124765.48728,30367118710.566851,8446655068.349297,30974960910.779687,14773672805.896242,10421448704.394967,29789827625.983961,19518236652.831771,31112409635.902307,26133592507.558008,2456,0.028425925926,5866,5341247001.322563,978610502.514258239437369929753,1882601.71460305,344925.78409231193666163689955,703999.82893,128985.16511004792111772983,115.502210386776,,0.07206499033565167,,
2018-03-24,7860,15502,134443,176303,1299,73303,166214,44,32076,204656,200248,194850,190178,154609,22331,171012,48660,180897,104890,4357,121492,8762,162167,26800,24,174296,60428,580,1613891074,4320,1076.40462962963,5568419135.5848844509172945249,0.779483438541,0.654745251266,5836459734.4079298896809445249,,4902470156.97699618829570708855,7487599409.845893219844176422766,0.17694821,0.0331941864151214095165,0.17107,0.0320914773313322555,678.950281,127.36609313037449568065,0,0,0,0,0,0,0.572819913154,6.107360189421,2.898527143372828,5.130019297492,2.4346853171624905,0.000021785264885923457,0.18759266575865,,-40.09851852717147,0.183217608598131,0.0000208872443229901,0.000340811090180323,0.148339022161997,0.183217608598131,0.00409269706,29683565255.952026,29683565255.881424,1465202634.174783,29683565255.952026,29683565255.952026,9489605629.533925,29683565255.952026,29683565255.952026,29683565255.952026,4590905496.801929,17152980633.153713,29683565255.952026,95.4074796877,28788964381.408073,31107567140.182659,31112393660.259378,17821807396.732881,31032032335.937552,31112265340.476945,9375586833.240553,30599226030.955551,31112408956.070027,31112408918.569062,31112408724.722361,31112403470.296366,31112356122.154392,31111451372.616972,30042951545.905134,30890075522.240709,31089191015.565925,22869903927.523993,31112385005.075773,31112085684.570754,31102051100.038973,25994476082.218524,30380136365.411539,8596162366.787308,30977883772.258724,14965309405.662598,10569689995.661726,29838168648.77008,19639035051.812857,31112408956.952026,26133591828.607727,3837,0.044409722222,8463,5094248249.979154,955643609.2499271281520951821,1121460.09092342,210377.687998262366693352583,227395.202279,42657.67217624505374396335,115.807265362843,,0.07215623667260629,,
2018-03-25,4084,15476,134779,176744,1299,73504,166637,43,32093,205252,200810,195354,190645,154997,22324,171444,48758,181344,105169,4357,120971,8503,162364,26562,24,174717,59874,564,1613891090,4320,867.62962962963,5377112878.247552868684708944772,0.755978712679,0.63500190863,5634843018.710338090219032944772,,4733117496.16377096449476863336,7453705936.690613311262785972828,0.17603067,0.03188133723295803782196,0.171246,0.031014774162906567048,318.615507,57.705219359313364712916,0,0,0,0,0,0,0.573093709216,7.868744286814,2.805451593958103,6.609534841182,2.356504339147097,0.00002145726207719326,0.181112400656988,,-43.58610331368244,0.18759266575865,0.0000217852648859235,0.000357263287997752,0.152061767491389,0.18759266575865,0.004098077617,29689368915.336519,29689368915.065917,2786446575.451625,29689368915.336519,29689368915.336519,9503718425.709389,29689368915.336519,29689368915.336519,29689368915.336519,4527524052.595162,17124113062.837335,29689368915.336519,95.4261345062,28782819477.067683,31107552564.338616,31112393313.700941,17830325669.17829,31031834384.98397,31112264780.452849,9340790980.07995,30596886306.926088,31112408637.447641,31112408599.495414,31112408404.971278,31112403140.397417,31112355720.239017,31111447926.517529,30039201645.48283,30889272667.566564,31089135236.128186,22883726946.291743,31112384557.735345,31112072851.856511,31101572174.173903,25861656416.353773,30364056929.429776,8605184764.758851,30973645935.274199,14880138896.65526,10562647404.019134,29843284568.518118,19661475669.168574,31112408638.336519,26133591509.99222,1810,0.020949074074,4336,3953922951.909209,716104477.833041356420527402492,2529308.66390064,458089.16412156371241475367232,689116.9758905,124807.629837012175956347814,116.159765209195,,0.07178491432315619,,
2018-03-26,4351,15476,135086,177102,1301,73689,166975,43,32144,205801,201316,195789,191066,155328,22355,171783,48863,181717,105440,4360,119053,7847,162091,25910,23,174884,58072,512,1613891107,4320,873.702546296296,4906625217.192135095901139801728,0.691885990689,0.581165734302,5141657316.496687899642451801728,,4318854681.380348601456356308224,7431364972.97045302605849213144,0.17737014,0.02931230748607278822144,0.171246,0.028300228030264962816,360.948226,59.650544263338195568896,0,0,0,0,0,0,0.572961333044,7.355133870829,2.5663317639284595,6.178115808747,2.155650069687925,0.000020224811844915656,0.165260666119296,,-45.09969474227191,0.181112400656988,0.0000214572620771933,0.000346810595034083,0.147207114758774,0.181112400656988,0.00410826221,29690218080.388293,29690218080.117089,2506177137.634455,29690218080.388293,29690218080.388293,9522967083.879374,29690218080.388293,29690218080.388293,29690218080.388293,4169293895.275042,17098128022.097545,29690218080.388293,95.4288649586,28777014919.508005,31107547561.116805,31112392899.500606,17826206920.826018,31031617844.936319,31112264190.137452,9365922443.634017,30595475097.168909,31112408276.489824,31112408238.025675,31112408042.797849,31112402755.609672,31112355156.134922,31111447023.162856,30037174131.234911,30888630578.686108,31089106634.293871,22881229051.82205,31112383021.991367,31112036758.088289,31100273603.149369,25474339596.579947,30322062744.920326,8573730662.339866,30961899976.259363,14562326061.518225,10581187338.44499,29844723611.889072,19665354432.164309,31112408277.388293,26133591149.043994,2035,0.023553240741,4919,4230026104.729901,699056931.769674383563924269696,3036427.03489186,501801.95440886762113321933056,2805720.645405,463675.26280429138984423488,116.639838187768,,0.07254463410662615,,
2018-03-27,2606,15464,135386,177444,1298,73846,167306,43,32161,206234,201718,196146,191444,155643,22354,172121,48940,182068,105688,4349,117731,7103,161932,25473,20,175149,56771,465,1613891121,4320,794.238194444444,4552832237.43812374379318101945,0.643357939846,0.540403468414,4770917311.73975840892960601945,,4007442984.846182034364878401475,7415650007.96205171859989415465,0.17862604,0.027391324513261826231,0.171246,0.02625963581568529815,180.769555,27.720020793849160661375,0,0,0,0,0,0,0.573067802934,10.629844693713,2.3921753379824184,8.928785339247,2.0093633258179193,0.000019566074975140576,0.153344520839525,,-53.09945912209925,0.165260666119296,0.0000202248118449156,0.00033739225773395,0.132934200492517,0.165260666119296,0.004114651478,29690217899.618738,29690217897.530041,970906545.789881,29690217899.618738,29690217899.618738,9488805846.907121,29690217899.618738,29690217899.618738,29690217899.618738,4053878448.741339,17016116837.824507,29690217899.618738,95.428864932,28772992415.798789,31107544068.288205,31112392674.692525,17829519351.901873,31031415229.088115,31112263856.516852,9384001330.79231,30593866045.342954,31112408095.71492,31112408056.914873,31112407861.630003,31112402559.083656,31112354906.555477,31111445789.840642,30034709969.557136,30887916472.749727,31089064348.568217,22875768291.564246,31112382313.334249,31112005719.449058,31099253454.146198,25007114182.979222,30292137813.200037,8411196856.655745,30952557147.527111,14284911697.315018,10603921924.145887,29847875852.398303,19684016489.130814,31112408096.618738,26133590968.274439,1012,0.011712962963,2733,2926892065.979187,448822861.406585822196416966175,2114055.52057003,324178.83082996383764215443575,958298.644034,146949.84639056026281264385,116.825543350953,,0.07053132460261602,,
2018-03-28,2824,15454,135559,177654,1298,73953,167507,43,32154,206582,202034,196403,191687,155826,22334,172327,48963,182285,105820,4346,118437,7410,162310,25610,20,175390,57434,475,1613891137,4320,809.277777777778,4671725332.458562721649169645327,0.663903683421,0.557661607257,4894957151.904396185900076645327,,4111635077.425838760231810879646,7372992911.684750059209125982455,0.17766144,0.02795171429946023301888,0.171246,0.026942364459757655142,212.483087,33.430251051051667405099,0,0,0,0,0,0,0.573338061666,9.292093342594,2.4644720861218965,7.805113659731,2.0700916396568148,0.000019830909448631022,0.157331350570277,,-51.57044216604948,0.153344520839525,0.0000195660749751406,0.000340349925400321,0.123956240626191,0.153344520839525,0.004115387382,29693543693.135651,29043644119.922396,1355279746.941188,29693543693.135651,29693543693.135651,9302271966.669866,29693543693.135651,29693543693.135651,29693543693.135651,4526321023.556227,16971428217.715395,29693543693.135651,95.4395551888,28774036915.782954,31107540777.078111,31112392429.61676,17837927630.063248,31031341252.858209,31112263490.215363,9416715011.201808,30592692305.422688,31112407883.226593,31112407843.981778,31112407647.405599,31112402328.767712,31112354647.783929,31111444019.991102,30032626101.174955,30887360718.324064,31089037421.436549,22877844074.478387,31112382277.190242,31112016808.695471,31099599095.652268,25209263552.691567,30300302762.672176,8443910537.065243,30956169325.817622,14360498900.381621,10634380769.255923,29852506780.596477,19698420525.723533,31112407884.135651,26133603140.902598,1196,0.013842592593,2888,3348266826.111014,526787341.821700643283010730878,1930882.70774502,303788.38420231745030170677054,293004.143858,46098.737675866872446908666,117.004777761359,,0.07106772790522047,,
2018-03-29,4736,15465,135933,178113,1298,74184,167935,45,32226,207250,202668,196991,192215,156227,22357,172773,49110,182750,106148,4352,116719,6113,162102,25066,20,175688,55897,431,1613891152,4320,885.868518518519,4247257935.327703642736667183328,0.60991288035,0.512310753524,4449340351.933777819803579183328,,3737328693.69280283219714550312,7295042448.321627874276145921869,0.1761777,0.0251949178148778966672,0.171246,0.024489642537770559456,394.638053,56.436616620369249760208,0,0,0,0,0,0,0.57246801857,7.549901668087,2.258073104396694,6.341718526082,1.8967219268469557,0.000020117764316032642,0.143008552245136,,-56.589338415922704,0.157331350570277,0.0000198309094486311,0.000353190022520116,0.127784456064407,0.157331350570277,0.004129523033,29699328247.497598,28463881557.3652,2880354933.154178,29699328247.497598,29699328247.497598,8974946702.523051,29699328247.497598,29699328247.497598,29699328247.497598,4526649833.376425,16933462276.90104,29699328247.497598,95.4581488351,28768246755.171195,31107532505.118545,31112391977.512791,17810858268.457452,31031093185.06728,31112262641.664192,9498079306.600846,30590770468.546269,31112407488.580883,31112407448.996465,31112407250.789832,31112401896.343242,31112354127.795532,31111441562.935076,30027781565.187069,30886620724.222094,31088997795.851138,22870914123.73019,31112380763.89826,31111973938.981512,31098196425.40401,24333460129.747704,30257914201.782394,8451616904.122053,30944301313.632216,14059961887.62703,10666747411.845824,29853122709.354887,19690967642.740551,31112407489.497598,26133602746.264545,2240,0.025925925926,5282,4120902345.126732,589324278.320159717087050575552,2263055.26601637,323636.25724373219768642887632,3506825.932162,501506.099534187131130464032,117.388981526164,,0.07184671769573679,,
2018-03-30,4228,15466,136241,178495,1304,74371,168288,46,32268,207804,203188,197447,192656,156569,22356,173140,49218,183142,106399,4363,116647,6063,162346,24932,19,175995,55653,421,1613891169,4320,890.232638888889,4216294611.915881299396758106975,0.611215985281,0.513405326205,4416666677.045435630781243106975,,3709883659.24654272062449171157,7226032668.324969541866088899752,0.17597101,0.02498055816749216273885,0.171246,0.02430980343836386971,361.444463,51.310067676996732688255,0,0,0,0,0,0,0.572493904403,8.886580037257,2.2569318811880392,7.464493129661,1.8957633252172927,0.000020777996939479308,0.141958372390385,,-53.03780591053261,0.143008552245136,0.0000201177643160326,0.000371107178175989,0.115825758817205,0.143008552245136,0.004139354601,29700922467.053135,27537941459.631516,2497170256.070383,29700922467.053135,29700922467.053135,9111610261.979429,29700922467.053135,29700922467.053135,29700922467.053135,4553329056.363178,16851131396.920684,29700922467.053135,95.4632740077,28765962434.636357,31107524865.420942,31112391566.40053,17811663432.102292,31030919288.639968,31112261904.766166,9469185826.089267,30589180887.074665,31112407127.131649,31112407087.066715,31112406888.016803,31112401506.448685,31112353599.847631,31111439904.654707,30023807356.602001,30886032819.918766,31088956707.050277,22872030563.569479,31112379841.747848,31111965591.033994,31097930561.605736,24292771200.79439,30244656221.241177,8302956781.145021,30941262627.111786,13966589205.225812,10626456256.601825,29855997313.082707,19686121937.037957,31112407128.053135,26133602384.820082,2054,0.023773148148,4714,3501055186.31621,497004095.89836527772017364085,1531249.22091563,217373.64712522791126150821755,2161287.0954495,306812.7983383536909710530575,117.620990294476,,0.07108082489484775,,
2018-03-31,3863,15467,136567,178863,1301,74589,168625,46,32329,208320,203675,197869,193062,156903,22383,173492,49336,183521,106690,4347,118546,6935,163138,25455,20,176530,57060,455,1613891185,4320,864.181944444444,4494193255.27197169258018975992,0.652162629718,0.54779942762,4707115667.11056263882738975992,,3953853150.55367869763620428576,7217702230.41600342996678687819,0.17582932,0.0266018940083358865504,0.171246,0.02590846589949552912,370.472374,56.05019018537165291728,0,0,0,0,0,0,0.572595748131,10.800815195432,2.4129155163076104,9.072400214721,2.0267854649998376,0.00002185606727083185,0.15129384569272,,-49.63247545000737,0.141958372390385,0.0000207779969394793,0.00036170767529294,0.114807196948904,0.141958372390385,0.004144291636,29705063247.580761,26871154790.634246,2456832475.723317,29705063247.580761,29705063247.580761,9063359302.061206,29705063247.580761,29705063247.580761,29705063247.580761,4510370928.886124,16754063269.194734,29705063247.580761,95.4765842419,28757184037.741164,31107521702.577904,31112391162.492985,17814831823.51847,31030749956.413898,31112261179.577326,9520713731.326271,30587500478.737632,31112406756.654119,31112406716.058309,31112406516.493357,31112401120.386322,31112353081.860818,31111438619.405031,30020320943.282559,30885304894.430512,31088928367.264549,22851304593.412022,31112380609.011836,31111995921.986781,31099007775.888284,24873730496.114852,30275144486.315845,8399104190.185191,30949401612.839949,14230971161.128262,10678447567.911513,29855482789.524166,19703439897.850618,31112406757.580761,26133602014.347708,2107,0.024386574074,4690,2880560975.688036,435811147.76421668601703629792,1131991.054092,171263.27986333450673061024,872976.737779,132076.00785887011604926888,117.791632239999,,0.07284906963060163,,
2018-04-01,3321,15469,136835,179176,1303,74720,168929,45,32377,208755,204075,198210,193410,157178,22397,173809,49416,183838,106898,4350,118191,6410,163261,25282,20,176825,56716,445,1613891201,4319,844.163232229683,4372396089.3222702185529372885,0.63583011753,0.534080546797,4577297460.8150583040166872885,,3844809271.10007446969067067775,7198931498.553012834920511446402,0.17696935,0.0260359595328017899625,0.171246,0.0251939328824690565,265.454027,39.05393959344527025925,0,0,0,0,0,0,0.572422278403,14.801518351223,2.35917773170619,12.432885446122,1.9816471384452354,0.00002162109702987242,0.14712129265775,,-49.13716426991865,0.15129384569272,0.0000218560672708319,0.000383495814264362,0.122458897439515,0.15129384569272,0.004154474873,29719668787.126734,26290665654.247316,2330547948.214078,29719668787.126734,29719668787.126734,8866522494.43343,29719668787.126734,29719668787.126734,29719668787.126734,4085846231.961997,16705886860.051209,29719668787.126734,95.523529479,28752487896.473434,31107517898.326856,31112390874.285577,17809434610.833476,31030546269.742501,31112260711.800081,9469160926.801707,30586412851.646673,31112406491.192168,31112406450.144722,31112406250.459772,31112400838.35148,31112352828.149016,31111436409.842321,30017605228.976298,30884767358.412119,31088887759.204782,22849042289.438686,31112380202.129451,31111983625.398879,31098593507.219343,24516488051.277517,30259923697.243267,8403832257.022146,30946057549.68981,14144125136.875228,10657267356.295567,29856330591.18786,19704108195.6858,31112406492.126734,26133601748.893681,1500,0.017361111111,3583,2101973983.605296,309245129.600971353278815444,3369424.47736886,495714.084623170393756487665,686331.799475,100974.02153088166280468125,118.179666485236,,0.07280198365915225,,
2018-04-02,3363,15473,137146,179545,1306,74913,169265,46,32433,209232,204530,198599,193799,157503,22423,174165,49543,184215,107152,4356,119151,6928,163833,25541,20,177209,57380,460,1613891219,4320,833.94837962963,4516768666.079655078603824156544,0.658615237067,0.553230266422,4726842969.392294088766256156544,,3970501209.380680058842528738848,7176941411.864162194597744297749,0.17611409,0.02675664627309579157152,0.171246,0.026017047515519978688,264.875586,40.241995180402452902208,0,0,0,0,0,0,0.572356343602,12.576358828588,2.4462369132563437,10.564016672831,2.0548147432459976,0.00002160135160207625,0.151927913735328,,-47.68320740315833,0.14712129265775,0.0000216210970298724,0.000389141730594663,0.119289941498384,0.14712129265775,0.004163166023,29729682683.251148,25702883991.198946,2782194045.093027,29729682683.251148,29729682683.251148,8850289113.963419,29729682683.251148,29729682683.251148,29729682683.251148,4312743842.593566,16423460032.058036,29729682683.251148,95.5557164756,28745007441.972955,31107514001.626306,31112390579.40092,17807383068.88784,31030373612.707899,31112259946.155485,9510328763.586122,30584563889.007019,31112406226.312095,31112406184.764908,31112405984.623936,31112400562.929474,31112352461.74629,31111434831.205907,30013830558.489722,30884240487.578503,31088847124.87454,22846793997.994148,31112380029.81226,31111998748.358501,31099029424.88105,24855580461.880547,30271950535.149124,8412443076.520882,30949147707.358611,14235858863.737107,10657037522.591569,29855306892.171675,19704382216.010082,31112406227.251148,26134112631.189341,1504,0.017407407407,3576,2473880290.09865,375851471.3056359045751101072,1957921.0209446,297462.8559706565151089508288,682974.5345950001,103762.8961753749640024635335328,118.40470715945,,0.0733356379976481,,
2018-04-03,4928,15468,137479,179899,1309,75101,169612,46,32478,209712,204972,198993,194194,157851,22441,174522,49655,184576,107433,4359,122131,8013,164868,26367,22,177752,59949,516,1613891237,4320,901.339351851852,5038991056.874808374305547869055,0.731746866491,0.614660108172,5272383501.632333460410612869055,,4428749833.91508690758012417126,7205201338.15612954270404929798,0.17599035,0.02982375016427187138975,0.171246,0.02901976114389738351,420.616945,71.278764333040321207325,0,0,0,0,0,0,0.572846035355,10.43433285717,2.742394177870963,8.764736080731,2.303583902046486,0.000022836137034946358,0.169462417480685,,-43.296415060334596,0.151927913735328,0.0000216013516020762,0.000396267156045654,0.123448467409529,0.151927913735328,0.004168370079,29735153857.634203,25557063383.824132,2940124027.682729,29735153857.634203,29735153857.634203,8814456494.238299,29735153857.634203,29735153857.634203,29735153857.634203,4487411273.486779,16348135161.157885,29735153857.634203,95.5733029533,28737894578.261607,31107511094.792021,31112390129.939427,17822618316.687324,31030181326.996726,31112259330.639463,9533432865.289328,30582674373.497133,31112405805.687576,31112405763.800847,31112405563.583375,31112400123.573646,31112352042.158448,31111433923.694131,30010303966.522462,30883628108.655241,31088809414.616837,22863953915.845973,31112380742.691506,31112040711.55167,31100673060.93293,25539467394.821736,30318718969.271495,8557797035.96544,30963833786.038452,14591535708.291799,10680417382.162497,29855483815.086596,19725810828.36743,31112405806.634203,26134112210.572396,2390,0.027662037037,5420,2981734072.749482,505291864.25265589797757875517,863177.36885013,146276.12363995995410993473905,671434.1392325,113782.8524134022941694742625,118.555080331209,,0.07663911089999281,,
2018-04-04,4149,15477,137800,180304,1311,75287,169985,46,32536,210234,205463,199488,194668,158201,22479,174901,49767,184998,107697,4358,119716,6555,164540,25612,20,177954,57631,457,1613891253,4320,885.525925925926,4511968832.746690061882732483915,0.656545539047,0.551631013687,4720368855.447155191040972483915,,3966064350.21206140708564744276,7189705168.505638161438912084374,0.17645648,0.0267719470817222283944,0.171246,0.02598141394386085863,347.61926,52.7407349013617440403,0,0,0,0,0,0,0.57272832509,9.458627454407,2.532831613148404,7.947159702482,2.12809072206422,0.00002237576196590178,0.151719829624405,,-48.467721914795014,0.169462417480685,0.0000228361370349464,0.0004081318018491,0.13836872639288,0.169462417480685,0.00417739838,29738820851.014943,25396985452.478097,2775171404.688522,29738820851.014943,29738820851.014943,8806443894.878605,29738820851.014943,29738820851.014943,29738820851.014943,4520217358.152829,16263127790.179184,29738820851.014943,95.5850902952,28730568344.14847,31107502631.18329,31112389714.383676,17818955868.066556,31029989238.479751,31112258525.376692,9545446335.765943,30580979333.57675,31112405458.06248,31112405416.255247,31112405215.284739,31112399750.074924,31112351449.361213,31111431568.116968,30007398108.085937,30882988303.797041,31088763927.355201,22858010903.95586,31112379101.622257,31111996476.056197,31098969741.74686,24611803536.401071,30266714936.469253,8444196810.623644,30948166094.748586,14223614794.744686,10694702333.475807,29854380154.693786,19729078494.328424,31112405459.014943,26140711863.639592,1970,0.022800925926,4647,3289315031.064089,499054316.094038023092353492045,1179926.11379832,179018.1889548674159735199996,667999.61903,101348.78838839904799042715,118.731317358914,,0.07843703863682237,,
2018-04-05,7046,15477,138190,180763,1286,75476,170416,46,32592,210887,206069,200001,195180,158625,22497,175345,49894,185469,108005,4357,119490,6218,164810,25429,20,178378,57329,442,1613891268,4320,1055.10162037037,4391365694.200524588891709512692,0.642276725813,0.539559746043,4594126065.361467820853177512692,,3859404199.923580533475395954792,7152876448.305517188924002347778,0.17695898,0.02613015186558903835412,0.171246,0.025286560684146464124,651.739925,96.23734956608367621545,0,0,0,0,0,0,0.570226322812,10.448995968943,2.5240805200446337,8.777926063366,2.12041350659782,0.00002172006741741443,0.147662197564594,,-46.71024220644627,0.151719829624405,0.0000223757619659018,0.000400813353811664,0.123557282896076,0.151719829624405,0.004189378164,29739268185.275018,25041795372.11472,2956572851.562698,29739268185.275018,29739268185.275018,8843339654.308366,29739268185.275018,29739268185.275018,29739268185.275018,4290665424.103992,16261261308.425174,29739268185.275018,95.5865300979,28731010737.16147,31107494365.413674,31112389023.803782,17741112187.091914,31029697447.346415,31112257495.807744,9575040296.504084,30579073813.370872,31112404806.31281,31112404763.809788,31112404562.34855,31112399075.297378,31112350682.1317,31111429691.294004,30003436891.550627,30882326531.44084,31088698537.623856,22860086981.376872,31112378202.965673,31111984606.344692,31098556539.572709,24390845638.17489,30249459853.652628,8466899011.545319,30944654424.939141,14138856452.32425,10724024456.386143,29855958669.969184,19742156637.631788,31112404807.275018,26136711112.099668,3683,0.042627314815,7912,2977549699.487692,439671531.984149070211877977048,1082300.07583389,159814.80762195893347168929066,211821.669952,31278.053276914448468879488,119.006552771766,,0.0781070352906281,,
2018-04-06,5546,15486,139049,181878,1282,75904,171496,46,32690,212175,207321,201191,196345,159630,22528,176456,50108,186595,108628,4357,119254,6066,165502,25199,20,179338,56806,393,1613891285,4320,955.822453703704,4245530465.096833912146865719941,0.622801354521,0.523118925443,4440310158.271473253328082719941,,3729616613.337101093274826770818,7129576912.507847857218469248864,0.17629919,0.02516112465320343293513,0.171246,0.024439941853178537442,451.678535,64.462802820088451030945,0,0,0,0,0,0,0.569743698217,11.6296433513,2.4483336738915598,9.768261563755,2.056465791725972,0.000021589666085120484,0.142718322490327,,-41.0663045206653,0.147662197564594,0.0000217200674174145,0.000385842412073773,0.120425602792705,0.147662197564594,0.00421374864,29747620284.596483,24888115407.206005,2682615505.434036,29747620284.596483,29747620284.596483,8852519924.147452,29747620284.596483,29747620284.596483,29747620284.596483,4362321838.824197,16181517278.332532,29747620284.596483,95.6133764032,28721798513.71173,31107458788.895437,31112388524.725181,17726096317.977485,31029147584.861511,31112256339.669412,9592221966.746001,30575347826.343679,31112404354.627829,31112404311.660156,31112404109.42401,31112398598.487523,31112350150.753111,31111423462.577821,29995970708.331584,30880542975.850506,31088516373.184573,22851470113.295817,31112376633.837765,31111957385.668546,31097794373.443521,24275926183.837339,30224171624.899301,8480080581.987237,30937853197.523097,13800607097.148727,10741159118.289409,29859827785.287449,19758361936.993341,31112404355.596483,26132710560.621134,2562,0.029652777778,6232,2675267281.701982,381809658.657763955549291728114,918973.01065477,131154.28649453417509126140979,662040.0234815,94485.2415727363766366134505,119.190630269912,,0.075158765070571,,
2018-04-07,3947,15497,139359,182293,1281,76072,171872,46,32740,212748,207876,201690,196807,159981,22551,176859,50210,187024,108861,4358,120370,6202,166131,25485,20,179879,57634,409,1613891301,4320,871.353703703704,4373631907.34041878393404699789,0.642123730827,0.539348659018,4573868971.80511456827959199789,,3841798672.181076429115727920255,7123033696.194124127744882245012,0.17582363,0.02584802656439705859245,0.171246,0.02517506410854296829,328.790197,48.335810983821355985155,0,0,0,0,0,0,0.569809074181,16.034455004783,2.554200743250368,13.468061355988,2.145388310070131,0.000021347819526609654,0.147011107462615,,-31.07479899150351,0.142718322490327,0.0000215896660851204,0.00038579114245695,0.116394821373708,0.142718322490327,0.004220100119,29750350043.806286,24798869645.655202,2514017492.319216,29750350043.806286,29750350043.806286,8823916867.755723,29750350043.806286,29750350043.806286,29750350043.806286,4206947111.796784,16157777984.503812,29750350043.806286,95.622151275,28716669464.513269,31107448358.891771,31112388151.651109,17728130134.061716,31028971892.58191,31112255403.410813,9609199977.765376,30573902838.856067,31112404025.833998,31112403982.434679,31112403778.960716,31112398248.853451,31112349725.978921,31111420965.370061,29993028817.546698,30880004591.949291,31088461963.280522,22849964277.396355,31112377171.732307,31111974368.495279,31098354432.388308,24367506178.157511,30239516825.56689,8497058593.006612,30942370696.508458,13927247841.019326,10757896525.137538,29860791800.410988,19770178875.260309,31112404026.806286,26132710231.830937,1870,0.021643518519,4166,1940346835.456923,285252537.142102652328665433645,678869.60463259,99801.37239974464632423562285,641050.06894,94241.4805738550942226781,119.281533240932,,0.07270044690154555,,
2018-04-08,4098,15516,139616,182660,1279,76236,172184,46,32796,213267,208361,202113,197220,160277,22581,177204,50314,187402,109061,4345,121867,6681,166786,25908,20,180304,58882,459,1613891316,4320,854.879166666667,4627467182.83649672603473910076,0.678949724516,0.570280469474,4839325536.50760825228220210076,,4064767595.077083455137561640971,7127664040.158477468070000454847,0.17637405,0.02743379948936011289205,0.171246,0.026636165736144075006,348.515126,54.209188288714101671686,0,0,0,0,0,0,0.569980971394,16.45494331434,2.7213753997175263,13.821248407114,2.285805832933214,0.000022188783666455308,0.155543287061561,,-27.42490667588001,0.147011107462615,0.0000213478195266097,0.000382336373710011,0.119646059649956,0.147011107462615,0.004222364618,29750349695.29116,24704765659.130765,2508122281.65349,29750349695.29116,29750349695.29116,8713532089.336622,29750349695.29116,29750349695.29116,29750349695.29116,4218391726.52524,16045217610.012224,29750349695.29116,95.622151226,28712451245.812334,31107439995.100194,31112387759.327308,17733478070.964962,31028864327.54393,31112254257.762494,9632173899.705279,30572737477.802273,31112403677.311567,31112403633.422301,31112403430.115898,31112397879.582424,31112349182.632624,31111418771.72819,29990473332.062887,30879554542.035787,31088411835.068042,22833079482.796739,31112377182.428525,31111996209.236867,31099168419.734146,24672228799.703302,30263159756.414931,8520403384.366718,30949500167.198548,14277282855.447779,10780870447.077441,29860843855.194281,19784968448.446259,31112403678.29116,26132709883.315811,1976,0.02287037037,4352,1890763345.940966,294095545.883173241934713807926,623657.40527475,97005.72281671872662936888475,424049.9236025,65958.1189953366687643935025,119.368771714283,,0.07372509358321676,,
2018-04-09,3923,15529,139867,182993,1288,76385,172485,46,32844,213716,208783,202482,197591,160546,22571,177520,50408,187738,109269,4357,121361,6280,166889,25720,20,180584,58282,417,1613891334,4319,873.792081500347,4484866029.190255602245551245018,0.659008396664,0.553446101187,4689036708.339671939604199245018,,3937930226.215182837853419533346,7115291295.342164590472397306853,0.1767655,0.026640819378659662017,0.171246,0.025808960206137241044,321.359673,48.433008726126603687222,0,0,0,0,0,0,0.570153967026,16.249538105781,2.6898492884380616,13.64662962757,2.258979717105753,0.000022371259409747924,0.150712776976614,,-25.31763754333224,0.155543287061561,0.0000221887836664553,0.000389427218673729,0.126876571606884,0.155543287061561,0.004231163103,29757702824.931487,24578269308.970697,2506954213.05308,29757702824.931487,29757702824.931487,8605372724.343371,29757702824.931487,29757702824.931487,29757702824.931487,4207146375.168255,15999791479.189141,29757702824.931487,95.6457862915,28710651511.624229,31107433162.754692,31112387410.145698,17738860197.655989,31028722207.498455,31112253534.715776,9623050512.078053,30571326611.549851,31112403355.94543,31112403311.654995,31112403107.740314,31112397535.686239,31112348742.096219,31111415663.072044,29985165442.965364,30879077171.7384,31088380245.365796,22837505904.278967,31112376515.62629,31111982628.306706,31098671975.221079,24408503515.834193,30246907504.805684,8504948802.179754,30944523906.842986,13985837688.338777,10770619843.733324,29861622440.261709,19777339563.880811,31112403356.931487,26128708562.156139,1818,0.021041666667,4187,1914663860.252329,288564307.355392095271772034006,727024.91117289,109571.94329404237444284079446,646612.453619,97452.758512581511122666066,119.466613453749,,0.07324626772831305,,
2018-04-10,4133,15544,140149,183319,1285,76562,172801,46,32880,214134,209164,202863,197949,160852,22581,177846,50515,188065,109501,4358,122259,6391,167389,25941,20,180949,59070,428,1613891350,4319,848.204677008567,4612564349.901641120155025031155,0.677875866412,0.56920413811,4821784034.300713818657295031155,,4048793534.90409377466682301215,7113078180.260122200991688416635,0.17636605,0.02733311867463567941075,0.171246,0.02653961598933956709,333.86093,51.74159324038971978595,0,0,0,0,0,0,0.570037795301,16.387762917293,2.7994213424228045,13.760605634569,2.350640126568373,0.000022735202741040334,0.154979479750415,,-29.27790338427198,0.150712776976614,0.0000223712594097479,0.000380428927074638,0.12245610069377,0.150712776976614,0.004236960398,29762419885.070557,24488685947.616235,2604225119.494971,29762419885.070557,29762419885.070557,8526126708.546539,29762419885.070557,29762419885.070557,29762419885.070557,4159299557.607363,15880018685.092885,29762419885.070557,95.6609486673,28709238033.230679,31107426897.775026,31112387061.404374,17735245625.773395,31028578059.190586,31112252990.202576,9647089867.159828,30569590012.579602,31112403022.077563,31112402977.822342,31112402773.266378,31112397182.404144,31112348360.138822,31111414055.512884,29981569306.346578,30878537483.583451,31088344548.894748,22836446967.348182,31112376404.139643,31111994018.339469,31099073634.699636,24478638818.263579,30257427271.174018,8523930463.274002,30948476392.018687,14080275310.439583,10794059516.296099,29861539593.388848,19784221708.319874,31112403023.070557,26124707228.49521,1893,0.021909722222,4267,1898514347.570918,294230765.88523943132415243097,668766.26303894,103645.0475204041131906261601,298848.431264,46315.37440152237700297456,119.558334608412,,0.07153857163837242,,
2018-04-11,4339,15554,140360,183595,1281,76698,173064,46,32924,214532,209528,203162,198258,161091,22586,178121,50611,188345,109686,4360,123950,7546,168084,26396,22,181290,60421,456,1613891366,4320,926.955555555556,4946324122.728564058260767685087,0.726398073105,0.609947644673,5170538063.794658390413679685087,,4341638050.086682628605998165798,7118050357.284183729253995475469,0.17653702,0.02933850505821072742674,0.171246,0.028459195908021752202,405.152456,67.331868294267679280472,0,0,0,0,0,0,0.57012447259,15.375979693273,3.0296714467894024,12.911023508583,2.5439783384920114,0.00002393003482036198,0.166188967380387,,-23.606594505022493,0.154979479750415,0.0000227352027410403,0.000374842104098748,0.125416329508256,0.154979479750415,0.004242525038,29763252041.918101,24401186090.87212,2537391066.607118,29763252041.918101,29763252041.918101,8498284822.969923,29763252041.918101,29763252041.918101,29763252041.918101,4108906570.09388,15788826500.832061,29763252041.918101,95.6636245919,28707077168.407088,31107420131.016373,31112386627.891502,17737942133.538384,31028447799.14541,31112252261.432376,9688530125.558834,30568385819.243203,31112402616.919183,31112402572.16259,31112402367.086074,31112396760.521877,31112347903.742601,31111411768.522677,29977851765.478269,30878200823.759029,31088322542.252857,22835329718.412447,31112376372.536198,31112020546.8527,31099991786.899821,25198976793.18347,30282123564.327158,8688787569.143626,30955954709.929849,14288014225.957461,10833043533.679889,29861717442.669459,19788879977.022998,31112402617.918101,26124706823.342754,2295,0.0265625,4985,2023441968.483415,336273731.296396315547805781605,607521.77776704,100963.41690820133072715104448,209998.424236,34899.421275289274811859332,119.655676640743,,0.07306624181206861,,
2018-04-12,7160,15498,140529,183847,1283,76774,173291,46,32927,215040,209987,203506,198593,161277,22511,178352,50629,188610,109818,4351,132102,10141,171268,28998,30,182563,67606,679,1613891382,4319,1094.651539708266,6457665005.073732773726268104412,0.932675166016,0.783160260536,6749327358.950569983590970104412,,5667358975.001968878595854207218,7236525217.866567149375492689086,0.17726791,0.03845537725411953737206,0.171246,0.037149022252583416236,653.409519,141.746521153082854549254,0,0,0,0,0,0,0.572796312614,12.221222693432,4.012800000637778,10.262067971154,3.369517714730982,0.000027444913940093016,0.216933664159066,,-0.26991709962740296,0.166188967380387,0.000023930034820362,0.000386668130322015,0.134164848743465,0.166188967380387,0.004229833173,29767924817.508582,24321739713.259961,2833922305.606301,29767924817.508582,29767924817.508582,8137065850.474987,29767924817.508582,29767924817.508582,29767924817.508582,3903616508.166501,15730600821.22017,29767924817.508582,95.6786456136,28703192860.656161,31107412373.059454,31112385906.023048,17821069121.83495,31028308845.681153,31112251356.641233,9768116107.74247,30567693823.679127,31112401963.499568,31112401917.879681,31112401711.884115,31112396064.989108,31112347043.495843,31111407769.750037,29973142788.801385,30877726546.795804,31088289378.948174,22879308404.580841,31112380861.018103,31112172890.404242,31104178456.487221,26590443947.920884,30417815596.325233,9166798779.657857,30993248636.830442,15539904822.3432,10912421003.99476,29870668770.254828,19880954018.789151,31112401964.508582,26124847874.446973,3686,0.042662037037,8108,2545768352.72204,552262856.85618169954864401464,581717.82228103,126194.17869405620271287431798,219452.97111450002,47606.73713446215916997234018132,119.807276838394,,0.08871544516710436,,
2018-04-13,5682,15434,140771,184186,1285,76907,173603,48,32930,215473,210377,203946,199006,161573,22446,178676,50703,188953,109983,4355,130949,9319,170794,28474,26,182507,66464,594,1613891398,4320,941.438425925926,6036906950.511563830373978346865,0.875680959611,0.73520133121,6309303278.826169662877947346865,,5297144032.530036184656426488904,7205025083.144120521750825199137,0.17794974,0.03608653859892899609586,0.171246,0.034727082989344040994,453.060047,91.876329089877204208633,0,0,0,0,0,0,0.573887014529,11.854423746789,3.803471007061677,9.952697981744,3.193305640509037,0.000025607900756528977,0.202790622784439,,4.532789596660961,0.216933664159066,0.000027444913940093,0.000439523818243887,0.175786450252926,0.216933664159066,0.004226677285,29769162240.448535,24226699739.107982,2976420122.102843,29769162240.448535,29769162240.448535,8151979570.143059,29769162240.448535,29769162240.448535,29769162240.448535,3740809947.730238,15558763657.778107,29769162240.448535,95.6826242728,28695689133.133819,31107401056.824561,31112385413.316997,17855003218.247454,31028198438.545094,31112250603.903918,9838543655.967831,30566098361.95167,31112401510.430123,31112401465.267407,31112401258.081409,31112395576.94469,31112346464.550065,31111406264.595135,29967415232.524505,30877297265.13067,31088226197.515709,22922217363.617303,31112378484.682311,31112134084.853254,31103503004.544434,26224552453.041883,30391265394.468019,8966431774.141388,30987073897.672366,15159385660.220317,10937793277.541948,29876425555.864567,19921812625.151528,31112401511.448535,26121247421.586936,2546,0.029467592593,6027,2624539342.950024,532231967.879097699519301876536,1526091.1397995,309476.9726657549679021799805,620147.7754540001,125760.1536027011134964225844439,120.102908327209,,0.08702423536713434,,
2018-04-14,3693,15430,141056,184533,1290,77048,173917,48,32953,215957,210824,204340,199392,161866,22441,179009,50788,189306,110208,4353,131419,9399,171589,28570,28,182864,66753,600,1613891415,4320,858.666898148148,6090442981.61130644581585257821,0.883667753541,0.741906855931,6365097514.41125668136145757821,,5343987562.843949510629983599345,7203043778.506775114026399129565,0.17680286,0.0361710250898239642061,0.171246,0.03503418079623822021,302.686489,61.924793456224211269015,0,0,0,0,0,0,0.574296138101,14.491710254494,3.8802311271770944,12.166902264893,3.2577516428689512,0.00002555249276090215,0.204583936537135,,12.499097600510087,0.202790622784439,0.000025607900756529,0.000408590313589951,0.164574159689213,0.202790622784439,0.004234523824,29769898285.762046,24125930544.188065,2594889553.598895,29769898285.762046,29769898285.762046,8119791234.367256,29769898285.762046,29769898285.762046,29769898285.762046,3730927407.410575,15461627313.257287,29769898285.762046,95.6849909655,28692000237.419448,31107397167.133586,31112385076.054815,17867731861.235354,31028003971.789456,31112249826.666504,9827551624.218756,30564645964.648191,31112401207.736012,31112401162.174781,31112400954.353435,31112395252.638094,31112346020.614603,31111403873.108325,29964172012.96686,30876790461.579783,31088182920.059288,22920605169.009491,31112378195.989832,31112156896.801021,31103591291.222612,26261469731.005283,30393413181.433773,9056709613.976829,30987640511.454724,15188849369.755608,10928550898.68127,29878764111.524475,19930750297.35971,31112401208.762046,26121247118.900447,1712,0.019814814815,3941,2146910244.711329,439223349.254947504903963702415,1967796.63764796,402579.5824345578861335969946,617252.8977885,126280.0276685251607896259475,120.352169798558,,0.08612853751608815,,
2018-04-15,4857,15429,141380,184944,1291,77203,174295,47,32997,216572,211408,204836,199851,162211,22411,179412,50877,189732,110452,4357,133877,10857,172487,29435,31,183691,68966,684,1613891431,4319,902.425561472563,6725260739.518761766081146257971,0.968644335289,0.813142240797,7028049561.716310493320967257971,,5899795994.097334630430170935465,7255552224.561809476687378284827,0.17651891,0.03987425002754924272177,0.171246,0.038683140634721218362,418.702853,94.581720721990615767991,0,0,0,0,0,0,0.574358117289,14.464825326328,4.341814866485814,12.142703002616,3.644798138012797,0.000027078025417846336,0.225892228926347,,27.515183457928874,0.204583936537135,0.0000255524927609022,0.000406548601614539,0.166193369011121,0.204583936537135,0.004242872902,29771988047.059193,24073904044.037587,2466751647.99723,29771988047.059193,29771988047.059193,8051990857.480604,29771988047.059193,29771988047.059193,29771988047.059193,3718140579.681729,15373240211.362673,29771988047.059193,95.6917090647,28690962902.647766,31107389939.658609,31112384618.401816,17869659942.116853,31027786701.231136,31112248878.968616,9806640652.461559,30563267019.754688,31112400789.026757,31112400742.804951,31112400533.673268,31112394816.558866,31112345507.142151,31111400543.124225,29958160269.198517,30876234272.183822,31088129095.119006,22926740064.088109,31112379717.690025,31112180165.325637,31104577081.377455,26934432990.896919,30430265928.437117,9209034229.735274,30996975273.406382,15584530023.412415,10941233869.286109,29882333622.44962,19942640465.768754,31112400790.059193,26117746600.397595,2372,0.027453703704,5328,2150900552.765813,485871720.063181335154316575111,1649062.93677856,372510.50242873656532768872032,267385.0875045,60400.2133980578386805310615,120.634573518485,,0.08764120081483948,,
2018-04-16,7496,15413,142199,185939,1304,77700,175232,47,33118,217935,212710,206025,200972,163084,22416,180381,51182,190748,111108,4380,137568,12509,174132,30839,37,185603,72562,843,1613891447,4320,1064.639583333333,7569065537.883017306855657271848,1.080015428768,0.906634283317,7908799645.933661248894537271848,,6639154134.184904672475472084664,7322858021.536844469220731439286,0.1780543,0.0452615605121369234744,0.171246,0.043530884631606198768,579.744812,147.371643874567726912096,0,0,0,0,0,0,0.57384041959,12.246356094637,4.918282052042827,10.280377469951,4.128721687329168,0.000031589592231484155,0.254200884292808,,67.24586718850497,0.225892228926347,0.0000270780254178463,0.000425197736292706,0.183309914912306,0.225892228926347,0.004263964371,29775921350.314381,23996067704.926,2673768193.964759,29775921350.314381,29775921350.314381,8063101472.907791,29775921350.314381,29775921350.314381,29775921350.314381,3764036179.239784,15297297081.495335,29775921350.314381,95.7043530844,28673699023.292171,31107374744.036999,31112383935.488326,17853552791.142307,31027379765.697,31112247482.458608,9785508948.592513,30558463005.062563,31112400209.269025,31112400162.172831,31112399950.631254,31112394176.730249,31112344650.556617,31111395186.284264,29947053825.671982,30874768731.938906,31088008596.990792,22939931084.996616,31112382716.633675,31112208271.517117,31105752876.689922,27607187586.883792,30478781747.201493,9434393131.02444,31009410044.692699,16221205583.67462,10904987532.457444,29884636820.918602,19939295272.494872,31112400210.314381,26117746020.652783,3256,0.037685185185,8085,2540543486.559178,645808400.867676623125771791824,1564965.39332442,397815.58687070964967581677136,382884.057684,97329.466044891307818336672,121.041254297106,,0.08436008464426267,,
2018-04-17,9137,15478,143393,187348,1270,78502,176582,47,33418,219605,214313,207592,202510,164365,22550,181773,51694,192186,112155,4382,137326,11791,175112,30381,33,186140,71649,760,1613891463,4319,1152.748784440843,7241744218.051703379018993751173,1.03622738128,0.869775530521,7566376780.136700261690649751173,,6350970353.568689427791842758414,7301849880.465581469922900666254,0.17786269,0.04325529853096485407543,0.171246,0.041646153289560657162,726.924822,176.784407034316685736834,0,0,0,0,0,0,0.568275213513,11.780614501715,4.7276652741535905,9.888264306852,3.9682483268039395,0.00003083202028916001,0.243194896754147,,56.33304589181868,0.254200884292808,0.0000315895922314842,0.000497473510947498,0.20537999932788,0.254200884292808,0.004299194055,29777533635.389559,24017885883.474284,3227588240.240286,29777533635.389559,29777533635.389559,8204036920.073562,29777533635.389559,29777533635.389559,29777533635.389559,4140156116.93218,15287229589.353148,29777533635.389559,95.7095374508,28642811313.156164,31107351182.843067,31112383086.237056,17680405459.31432,31026787910.914322,31112245697.504804,9786018176.920851,30552455605.143395,31112399482.329326,31112399435.042195,31112399222.202827,31112393395.211915,31112343673.042932,31111388898.605373,29931391375.663225,30872466189.334815,31087888502.693503,22888933767.080302,31112378381.011234,31112191643.930752,31105153655.053194,27261497522.944893,30442439229.80517,9272186188.533253,31001951094.42925,15857927501.848765,10902961551.252579,29872304977.297099,19913400365.39051,31112399483.389559,26114735293.927962,4087,0.047303240741,10344,2640982733.019489,642273523.086159598486592570883,1572373.35828738,382393.17652767076824483276486,599999.82893,145916.89644913721226807271,121.56402715539,,0.08508900289414677,,
2018-04-18,5473,15466,143464,187505,1220,78388,176711,47,33396,220015,214670,207860,202730,164468,22572,181920,51632,192355,112133,4390,139403,13882,175827,31379,38,187265,73755,921,1613891478,4320,920.996990740741,7812237574.451046848085406464809,1.110240747976,0.931792864314,8161163352.177386754649216464809,,6849427738.917531347115344036501,7350805099.755825962251576943374,0.17768341,0.04660853479595935572943,0.171246,0.044919923304425865258,427.506276,112.140132499916587683948,0,0,0,0,0,0,0.563113230441,17.104067083641,5.131988693869643,14.354947508769,4.30712929011813,0.00003213494489707557,0.262312248487123,,40.92610191273564,0.243194896754147,0.00003083202028916,0.00048432980185596,0.196798031241505,0.243194896754147,0.004311487489,29782206585.883283,23966145192.565133,3109411193.382995,29782206585.883283,29782206585.883283,7808795645.901757,29782206585.883283,29782206585.883283,29782206585.883283,4162003335.497076,15123339745.565372,29782206585.883283,95.7245583421,28639132332.927051,31107343029.883028,31112382604.418666,17519803539.137126,31026544090.95312,31112244812.804934,9793185463.163612,30553586313.440034,31112399054.812328,31112399006.846771,31112398792.84432,31112392939.335731,31112343131.102683,31111386054.757607,29934799569.965348,30872431989.10328,31087822476.246843,22897554535.275599,31112381756.143153,31112214055.03141,31105942651.614831,28082353038.811017,30484167885.374229,9479778921.455921,31010553265.709021,16490219606.130884,10909964181.716225,29877634741.805958,19913072959.304892,31112399055.883283,26111734310.621687,2406,0.027847222222,5540,1819005906.825551,477147529.430768440999230879773,972748.4077632,255163.8220526337663084332736,384934.13890849997,100972.93949654316598615779088631,121.737240353727,,0.08013536252001591,,
2018-04-19,6612,15488,143753,187961,1220,78510,177120,47,33471,220743,215336,208410,203232,164823,22597,182358,51781,192812,112324,4406,140169,14319,176337,31686,39,187782,74481,968,1613891492,4318,1057.599814729041,8027700411.324900681056568022878,1.137294453992,0.954498251757,8386030919.212248936651603022878,,7038152541.29823928962982859985,7373667294.146315238149408081176,0.17763216,0.04787894407699128560688,0.171246,0.046157619529078797978,595.067737,160.394462927460647299491,0,0,0,0,0,0,0.561889191485,16.815346935123,5.2946241845341175,14.112633008914,4.443624524949687,0.00003258079359246368,0.269539840516443,,33.70388208904978,0.262312248487123,0.0000321349448970755,0.000499647523198415,0.211943282407855,0.262312248487123,0.004325880681,29782982715.815546,23942655801.545785,2549755591.873794,29782982715.815546,29782982715.815546,7760659616.802624,29782982715.815546,29782982715.815546,29782982715.815546,4131632373.07628,15088467509.627982,29782982715.815546,95.7270547731,28636986532.313452,31107323724.414208,31112381977.553958,17481720416.307724,31026350930.893771,31112243585.676715,9789743046.41525,30551855721.778618,31112398459.732437,31112398410.897033,31112398195.872692,31112392316.90535,31112342408.433156,31111381491.111389,29930588188.205168,30872143013.459338,31087740678.988583,22891144457.626156,31112381360.257441,31112216695.711954,31106103384.832926,28236730561.323364,30491173150.352385,9513296536.164496,31012632193.78773,16629037908.335866,10906521764.967863,29878260486.472891,19891332254.078325,31112398460.815546,26111733715.55395,3350,0.038773148148,7519,1850238272.267255,498712928.824334953983717973965,1248831.86434871,336609.94154840347212624083853,204396.05867499998,55092.88105744902033949621467114,122.039050554627,,0.07915765628077819,,
2018-04-20,6655,15471,144196,188506,1224,78724,177626,47,33500,221558,216078,209005,203853,165321,22573,182885,51885,193383,112672,4408,142854,15111,177371,32796,44,188456,77259,1109,1613891508,4319,1004.095623987034,8948295564.523809974279148161414,1.251850656273,1.050521174688,9347439811.270306011242103161414,,7844133325.052347044200354239869,7466896921.312014033750461019658,0.17805453,0.05349488030260936145583,0.171246,0.051449318769371622906,547.517672,164.496754602106068908792,0,0,0,0,0,0,0.563024226256,19.725902380105,5.942155689761305,16.553474678697,4.986505653933885,0.00003398845605943082,0.300440995815211,,45.950468634477076,0.269539840516443,0.0000325807935924637,0.000475729179783299,0.218661135551241,0.269539840516443,0.00433649348,29783870008.297874,23904736944.022026,2643487745.88202,29783870008.297874,29783870008.297874,7745275741.475589,29783870008.297874,29783870008.297874,29783870008.297874,3954371399.968267,15032242062.223554,29783870008.297874,95.7299083513,28630724886.925878,31107310396.945016,31112381354.644475,17517033762.113805,31026018534.988107,31112242629.7469,9822247465.218549,30549714825.239822,31112397912.197474,31112397862.248368,31112397647.291975,31112391741.267418,31112341665.922921,31111380173.868845,29926241790.645171,30871171877.910803,31087660273.184895,22908851461.102227,31112381193.766203,31112234369.671934,31106878265.165809,28514809777.955079,30527032073.076137,9724634475.319038,31021299098.505461,17147210994.022123,10938026183.599916,29884439882.288416,19919176335.788482,31112397913.297874,26108731612.236279,3075,0.035590277778,7390,1577235723.556931,473866271.420769200222914277441,537745.42626736,161560.77136284076111604081296,160455.05252,48207.27576269078121988172,122.166781163168,,0.08117718009292232,,
2018-04-21,5349,15467,144524,188953,1226,78865,178037,47,33544,222225,216684,209507,204371,165687,22578,183311,51954,193846,112920,4409,142120,14762,177524,32397,43,188851,76155,1048,1613891523,4320,943.395601851852,8512119675.103899581043000692736,1.192388458753,1.00062201109,8891196138.881869771389400692736,,7461265241.352081313011454692576,7456627136.576593740947670672706,0.17791001,0.05084252325636892920928,0.171246,0.048938104930465428288,402.966162,115.158312132154505862336,0,0,0,0,0,0,0.56366521037,21.509918081751,5.68232495045345,18.050575155559,4.768462305929714,0.000032241813557894276,0.285776630872928,,43.51967787151892,0.300440995815211,0.0000339884560594308,0.00048747775854599,0.244809775429008,0.300440995815211,0.004345974366,29785919335.331712,23872047961.118637,2741507747.637746,29785919335.331712,29785919335.331712,7788472481.749882,29785919335.331712,29785919335.331712,29785919335.331712,4022980286.79008,15003247634.436711,29785919335.331712,95.7364964415,28625208065.814951,31107298172.433892,31112380884.434226,17536976087.761248,31025774057.220312,31112241745.778446,9833623309.626689,30548395086.830557,31112397509.218815,31112397458.507756,31112397243.182333,31112391306.944698,31112341036.078511,31111376613.84232,29923558339.256143,30870383428.294829,31087599586.458868,22910815575.261554,31112380545.770293,31112224654.664902,31106502782.011892,28391547657.174805,30510603821.248885,9701558015.740517,31016804450.588369,16952754891.872243,10949472027.83681,29887958216.448749,19931883121.877026,31112397510.331712,26108731209.270117,2265,0.026215277778,5617,1446421013.417402,413353324.038231329315685893056,405975.7473203,116018.3812853144617458148384,350152.335816,100065.354821782558279189248,122.240077186113,,0.08156128606480922,,
2018-04-22,4965,15458,144796,189313,1224,79030,178379,47,33578,222844,217266,209980,204792,166000,22577,183677,52041,194227,113161,4414,142095,14606,177826,32214,42,189198,75969,1023,1613891538,4319,918.350081037277,8419568798.28814972565125437779,1.179264946334,0.989609091567,8793300806.31174444536900437779,,7379113955.567001809813194473565,7456594748.826120004861422938261,0.1776489,0.0502089314741005329195,0.171246,0.04839927902291441073,378.036854,106.84460470720926470477,0,0,0,0,0,0,0.56370389178,24.25478228941,5.688775068984011,20.35399520878,4.773875069927104,0.00003211356011591364,0.282630128720755,,54.25926082283671,0.285776630872928,0.0000322418135578943,0.000472048831807442,0.232636301195506,0.285776630872928,0.004350994457,29790061082.294858,23874163697.097739,2652082880.115657,29790061082.294858,29790061082.294858,7744946103.148732,29790061082.294858,29790061082.294858,29790061082.294858,4167432082.594926,14997723617.682188,29790061082.294858,95.7498098125,28620103055.708231,31107288108.333008,31112380440.818335,17538179346.084066,31025626085.521255,31112240921.284354,9842501241.338987,30546805934.827646,31112397131.175061,31112397079.638158,31112396862.34933,31112390901.820679,31112340653.200546,31111373857.54684,29920184995.963129,30869769206.175114,31087578014.265368,22918709150.109797,31112380056.440786,31112222431.306437,31106388436.778136,28334880143.240777,30501411338.598681,9675335947.452821,31015424955.025521,16874528020.266832,10955750302.00183,29890884984.479297,19942807933.508944,31112397132.294858,26108730831.233263,2128,0.02462962963,5067,1282732483.889519,362538847.035988544254222266845,439395.43993587,124186.38974838771020233798185,200192.740759,56580.500089676906017753045,122.311639107103,,0.07969727122929132,,
2018-04-23,5244,15453,145082,189707,1221,79201,178742,47,33636,223417,217785,210452,205252,166332,22601,184057,52135,194636,113407,4412,142847,14782,178295,32525,43,189614,76641,1050,1613891556,4320,902.05,8558543146.6577883413814942763,1.195087116359,1.002886650963,8937730956.6635902241153942763,,7500316038.58318275099612991805,7478727562.464788523892981055118,0.17717707,0.0508980711814741687745,0.171246,0.0491942388343069761,403.07784,115.793113589669678844,0,0,0,0,0,0,0.563517509438,24.166344877813,5.798948595893534,20.279780736279,4.8663298740574055,0.00003216652847737915,0.28727233824035,,53.13623114133059,0.282630128720755,0.0000321135601159136,0.0004550190578608,0.230258339621491,0.282630128720755,0.004357092589,29792437375.217018,23798456009.309337,2967733641.456621,29792437375.217018,29792437375.217018,7799143180.136695,29792437375.217018,29792437375.217018,29792437375.217018,4269961436.066128,13933965219.740241,29792437375.217018,95.7574488218,28612044768.019578,31107275533.509546,31112379992.177943,17532380317.484916,31025473057.499556,31112239984.541357,9853689782.476321,30545447806.10132,31112396728.085309,31112396676.220723,31112396458.208739,31112390473.838723,31112340096.356382,31111370860.730359,29917259284.316053,30869109429.756569,31087545096.289075,22917145902.0164,31112379684.765654,31112225204.441654,31106539511.688337,28390433152.083796,30508940037.399602,9722724488.761395,31017030857.597108,16973477299.653667,10966938843.139164,29891259283.597165,19949925311.569025,31112396729.217018,26108730428.155423,2275,0.026331018519,5347,1287426662.431722,369842067.6297305426215003827,534054.47894407,153419.0789139947541498672245,361189.156726,103759.6535997382592070941,122.403423697821,,0.07967950846191588,,
2018-04-24,7520,15438,145444,190163,1209,79380,179152,47,33655,224147,218459,211041,205805,166717,22618,184494,52231,195112,113698,4419,144820,15262,179030,33320,45,190140,78706,1155,1613891571,4320,1088.063194444444,9285637647.524176335287457088215,1.283132267418,1.076648127,9696851568.664766518735692088215,,8136415351.95158559365016572481,7557172253.316284991108658406693,0.17834606,0.05558540929696095707958,0.171246,0.053372521941148439478,624.746263,194.715693386227961483259,0,0,0,0,0,0,0.563415901969,17.59517724642,6.314238485465586,14.763727097845,5.298138945948615,0.000032290171813840727,0.311671641621693,,72.08741118283416,0.28727233824035,0.0000321665284773792,0.000447059611404567,0.235274277620537,0.28727233824035,0.004363905535,29793014209.470755,23791094723.197966,3130942530.390974,29793014209.470755,29793014209.470755,7816577147.771198,29793014209.470755,29793014209.470755,29793014209.470755,4395339621.820071,13924380815.306039,29793014209.470755,95.7593047782,28604736486.574298,31107268468.572382,31112379283.699709,17529218713.605373,31025229300.963877,31112238696.683108,9892542041.467648,30543205685.563519,31112396103.32922,31112396050.870523,31112395831.396804,31112389805.257012,31112339255.101162,31111368284.547272,29917244163.545816,30868340279.582794,31087491434.711478,22937154050.964574,31112379211.213627,31112234807.536746,31107071115.869492,28549019879.22019,30532602154.969264,9828892176.495124,31023097440.849401,17358225533.964189,11010962224.379354,29896844163.545816,19974493674.880083,31112396104.470755,26105728803.60917,3503,0.040543981481,8171,1768234310.387616,551108490.290310517925664153888,388161.00925947,120978.77896943219201981768271,121014.866231,37716.902018845350302749083,122.50536827538,,0.08003380694222727,,
2018-04-25,6070,15438,145754,190604,1212,79571,179551,46,33711,224814,219071,211587,206312,167075,22632,184915,52338,195566,113934,4421,142075,14213,178746,31872,39,190418,75404,957,1613891586,4320,955.21712962963,8010579854.630687808364101758232,1.120211166666,0.939836516032,8365221674.010114619958554758232,,7018266758.880263980846364920007,7467539980.792620980083460609933,0.17806476,0.04787645437229626266708,0.171246,0.046043087388196551618,475.789051,127.925889384511789447933,0,0,0,0,0,0,0.564466983881,19.591032500592,5.456889051737087,16.436515077446,4.5782293083387975,0.000030362006971833614,0.268871024071783,,62.69511093322972,0.311671641621693,0.0000322901718138408,0.000442083032620241,0.254905293797718,0.311671641621693,0.004368332998,29793392137.681704,23733572116.961494,3207787348.007886,29793392137.681704,29793392137.681704,7869251918.473761,29793392137.681704,29793392137.681704,29793392137.681704,4248895294.667075,13908108330.215062,29793392137.681704,95.7605209617,28599475613.255714,31107256330.035623,31112378752.163748,17561920121.825732,31025077328.231688,31112237552.571106,9888718011.971853,30541619759.67143,31112395627.529471,31112395574.608031,31112395353.836638,31112389299.733777,31112338589.553178,31111364872.832978,29914178247.886372,30867726462.806661,31087431972.079781,22942090470.639971,31112378109.79401,31112209873.967559,31106002550.924766,28179300552.164488,30479033230.186418,9644067041.892345,31010873722.498856,16697320274.398693,11034401137.888289,29899078247.886372,19988929527.596898,31112395628.681704,26102726328.020129,2672,0.030925925926,6435,1588093717.252636,426992384.079680839324809969988,408421.56033347,109812.72317985558523869747701,200140.239003,53811.911018708015848352349,122.589844284841,,0.08327649849811974,,
2018-04-26,5676,15416,146047,190982,1214,79728,179915,46,33755,225462,219668,212091,206758,167413,22635,185286,52406,195958,114178,4420,144151,14845,179499,32777,44,190909,77526,1067,1613891601,4319,968.15489696689,8702910122.394186949863265394118,1.205101966606,1.010972930846,9087109684.352426361498730394118,,7623273519.652704576440027950188,7540531785.826275616496924269696,0.17665629,0.05159664099541758965877,0.171246,0.050016438044188975998,467.079218,136.421515065024796803234,0,0,0,0,0,0,0.565331777066,24.422369936162,5.94360265581452,20.48818738725,4.986151847097157,0.000031525332607942274,0.292073613656313,,90.46889452409454,0.268871024071783,0.0000303620069718336,0.000437511297311882,0.220816735859614,0.268871024071783,0.004373584267,29796974856.602486,23727371977.004536,3285731598.547567,29796974856.602486,29796974856.602486,7982778582.610562,29796974856.602486,29796974856.602486,29796974856.602486,4452812105.50684,13839266372.854927,29796974856.602486,95.7720378063,28590484264.207096,31107245166.613378,31112378228.739752,17588825645.488851,31024871513.559664,31112236792.819714,9919934001.560022,30540667190.056547,31112395160.439484,31112395106.811806,31112394883.926385,31112388800.456791,31112338026.920426,31111362639.309575,29911235166.595354,30867064425.357689,31087387776.245279,22955391815.747155,31112377989.971065,31112223082.401821,31106626299.286862,28403677683.976741,30508754148.635488,9855676677.831757,31017671628.214626,17111271205.240954,11058195902.790445,29902335166.595354,20011881031.698673,31112395161.602486,26100521112.540876,2644,0.030601851852,6038,1273930222.289117,372081403.569972498750958245621,618427.84586288,180626.45572686069898724436144,355492.18898750003,103829.88826417209063066149718939,122.709864764559,,0.08229953713557943,,
2018-04-27,5798,15420,146347,191410,1209,79861,180317,46,33787,226139,220284,212574,207237,167765,22657,185706,52498,196396,114367,4423,144072,14721,179860,32665,42,191315,77236,1042,1613891615,4320,971.666666666667,8549614597.328069630471720154678,1.182844815302,0.992301165721,8926116817.666828196855276154678,,7488214860.428364871155288133338,7546312671.103972667551579548853,0.17753352,0.05093420013841529351088,0.171246,0.049130316556011875124,458.924149,131.664907300423721577006,0,0,0,0,0,0,0.565168592377,24.792844636148,5.862521851252591,20.79898251715,4.918132278892862,0.00003194393653296299,0.286899060743094,,82.35339600351395,0.292073613656313,0.0000315253326079422,0.000441334304577712,0.24069585870144,0.292073613656313,0.004380489985,29800078728.678337,23735305244.585157,3044357639.687025,29800078728.678337,29800078728.678337,8021494154.150551,29800078728.678337,29800078728.678337,29800078728.678337,4541198398.312638,13767736076.794364,29800078728.678337,95.782015539,28585121409.504229,31107230681.301565,31112377729.278563,17583748319.575716,31024689805.594931,31112235926.795287,9937372812.594376,30538994189.288266,31112394701.503805,31112394646.873631,31112394423.617199,31112388314.060717,31112337455.268435,31111358531.318077,29909478977.294132,30866604272.716688,31087314274.762924,22952266487.191664,31112377414.370262,31112220806.446918,31106481286.859838,28354112538.363172,30502096747.009445,9804463184.879342,31016030727.437619,17037710930.81156,11075562186.188509,29905078977.294132,20021709300.675038,31112394702.678337,26100520653.616727,2585,0.029918981481,6026,1254894109.944803,360027941.475204916320503440482,325286.68868457,93324.44545583435614557185958,199989.657948,57376.845023613843763211112,122.772869683315,,0.08260647999955932,,
2018-04-28,8187,15373,146706,191951,1210,80019,180806,47,33788,227012,221081,213221,207885,168192,22662,186219,52623,196960,114546,4424,149462,16202,181503,35431,52,194129,83382,1379,1613891630,4320,1112.258796296296,10666543314.105075726157594368739,1.436455252312,1.205057668489,11136269438.979133637809732368739,,9342335491.618248989090234372669,7752604490.153611399659022423144,0.17890107,0.06403526895339199432509,0.171246,0.061295238017260408002,689.12694,246.66386258018483438778,0,0,0,0,0,0,0.567436326592,22.657107385603,7.3351630838330175,19.00728961577,6.153546732179562,0.00003831550792581241,0.357936757747687,,150.29045614987766,0.286899060743094,0.000031943936532963,0.000442124578686555,0.236576131395097,0.286899060743094,0.00437657928,29800078039.551397,23754781528.353018,3065298724.404299,29800078039.551397,29800078039.551397,7538731907.916155,29800078039.551397,29800078039.551397,29800078039.551397,4614219691.329475,13734156827.37593,29800078039.551397,95.7820154456,28573204544.673275,31107214330.688313,31112376943.740949,17654302570.524138,31024481346.381092,31112234503.923636,10017623152.003071,30536152230.936554,31112394012.361595,31112393956.596896,31112393732.307865,31112387572.363944,31112336471.844991,31111352997.90507,29907991900.879939,30866258890.032163,31087182141.446234,22984491159.279379,31112383449.446765,31112255122.250202,31108031922.731284,28818782149.161319,30584922926.60721,10165501942.188088,31034450477.730597,18156952779.026709,11123108162.213193,29911891894.326257,20087072929.749127,31112394013.551397,26100519964.489787,3852,0.044583333333,9439,1373184735.54665,491513292.03018289858071809855,429794.19849827,153839.14190923656880296600149,62766.988762,22466.612451055786360493494,122.903265050638,,0.08743374662433001,,
2018-04-29,7963,15429,147040,192429,1207,80241,181239,47,33857,227829,221809,213871,208496,168584,22740,186680,52773,197467,114782,4437,150027,16338,181962,35631,52,194616,83881,1387,1613891646,4319,1113.713128038898,10808439352.247286010601579734152,1.44803677393,1.214773525966,11284250849.106255544829019734152,,9466478641.045030121307300023762,7792793009.31058669808623934753,0.17909206,0.06495545701380644601994,0.171246,0.062109745076282547954,643.835949,233.514865534590306658851,0,0,0,0,0,0,0.566648743495,25.208646927961,7.452977055923841,21.14780333265,6.252382108085602,0.00003859670170576586,0.362693114445199,,155.49258443721396,0.357936757747687,0.0000383155079258125,0.000524422145420135,0.294948163789046,0.357936757747687,0.004385186935,29800508809.715448,23726763077.793237,2924002609.109406,29800508809.715448,29800508809.715448,7580475703.264551,29800508809.715448,29800508809.715448,29800508809.715448,4739842125.94274,13678879088.383576,29800508809.715448,95.783401989,28565973656.427498,31107198911.410131,31112376187.060194,17629798610.07643,31024363833.867658,31112233193.257208,10012293590.318995,30533731519.179295,31112393368.508379,31112393312.205878,31112393086.092301,31112386866.927032,31112335605.092404,31111349127.239591,29905738801.635232,30865679537.811986,31087104088.934135,22956671862.640996,31112382717.893086,31112254540.108643,31108080738.61912,28833879816.515402,30586164616.287616,10160172380.504012,31035101878.057718,18163532260.783707,11116273121.281486,29909938794.309026,20074294929.22023,31112393369.715448,26100519320.653838,3595,0.041608796296,8806,1234195292.536934,447634134.483824062514626479866,572863.47888663,207773.63930930333560266878937,99988.657948,36265.197760355820601791652,123.065409918912,,0.08720620763829724,,
2018-04-30,6129,15371,147328,192863,1206,80390,181638,47,33886,228548,222464,214429,208988,168931,22716,187097,52851,197911,114987,4428,149028,15875,182014,34943,50,194870,82400,1311,1613891661,4319,967.006946052327,10030891173.831563094876421246792,1.352499055781,1.134625909672,10471378657.480465117293551246792,,8784551444.954562018443034173902,7742244708.211470182975735510292,0.17776799,0.05983069009967980701751,0.171246,0.057635608957550615454,492.95064,165.91050490180388867736,0,0,0,0,0,0,0.568146401529,24.09865977833,6.9363988818222735,20.216623188004,5.819019139047568,0.000036469404795803606,0.336566161881449,,122.45859396357719,0.362693114445199,0.0000385967017057659,0.000526935776228817,0.299483918163674,0.362693114445199,0.004379664265,29803623506.764808,23703357366.145255,3108469063.541688,29803623506.764808,29803623506.764808,7558808379.636661,29803623506.764808,29803623506.764808,29803623506.764808,4889108327.183236,13753920576.900426,29803623506.764808,95.7934146204,28554505384.099281,31107182170.005594,31112375643.253533,17676394055.892742,31024212662.666212,31112232189.357159,10044321029.83723,30532426924.666065,31112392875.545656,31112392818.517097,31112392590.57588,31112386341.130242,31112334951.914101,31111344804.879879,29901956790.334403,30865150924.880008,31087044596.445483,22972591671.190742,31112381665.715499,31112243562.66129,31107695836.905974,28706895636.779566,30564374758.412018,10135243696.468166,31030290861.365586,17994643867.435867,11148337762.194733,29915756761.616213,20134012282.340235,31112392876.764808,26100518827.703198,2773,0.032094907407,6830,1291042454.765154,434521203.826312119064084228146,1077908.719547,362787.600596481012002983603,310433.452118,104481.395498963834933958982,123.302041580413,,0.08907472050371106,,
2018-05-01,5958,15344,147643,193301,1206,80555,182048,47,33916,229252,223099,214942,209494,169303,22709,187522,52940,198355,115233,4433,150244,16122,182687,35454,52,195390,83649,1362,1613891678,4320,1001.820601851852,10566862059.69755346834492677773,1.411264272003,1.183924673834,11030541359.88959006283451677773,,9253638982.28822988222523570543,7816070723.756861923243015446712,0.1777437,0.063016987267027868391,0.171246,0.06071330236475022378,499.104297,176.95169577862897831371,0,0,0,0,0,0,0.568865233619,24.967463917684,7.3336651271931315,20.945472199368,6.152290018222769,0.00003907979706475543,0.35453851397843,,140.9838219700782,0.336566161881449,0.0000364694047958036,0.000504548979929719,0.278448154629674,0.336566161881449,0.004381589763,29804553364.660511,23674800995.002639,3265703563.11743,29804553364.660511,29804553364.660511,7574589949.66747,29804553364.660511,29804553364.660511,29804553364.660511,4817965538.681966,13671871067.291505,29804553364.660511,95.796404863,28545518726.9211,31107167007.417449,31112375101.660531,17698758358.371393,31024016069.188597,31112231338.723051,10068589501.114398,30530674340.27261,31112392376.428353,31112392318.490271,31112392090.255209,31112385806.293554,31112334324.611531,31111341705.720217,29898688499.582853,30864494701.220979,31086986731.272785,22988832039.131886,31112381358.636852,31112250344.118651,31107941764.484723,28777347729.390596,30576541572.15622,10216468291.299415,31033230339.758116,18164377558.623662,11168123067.400863,29920286493.434364,20169918509.700844,31112392377.660511,26100518328.598901,2808,0.0325,6633,1246117446.29877,441796627.6533619625111155311,596822.4265466,211596.536216832256011789838,147119.96246349998,52159.6928683716845578920254314,123.429282991096,,0.08857920627771569,,
2018-05-02,6299,15346,148029,193889,1201,80813,182598,47,33994,230008,223808,215613,210136,169807,22765,188098,53097,198959,115563,4427,151490,16431,183417,36078,52,196097,84986,1407,1613891695,4320,1002.566898148148,11066872728.513521825704485193769,1.465464500961,1.229393821007,11552166291.421311731632561193769,,9691235678.932492558528172983379,7882938333.782990622354083702335,0.17725718,0.06581636116877324227882,0.171246,0.063584383914421647954,514.22308,190.93326405508073899292,0,0,0,0,0,0,0.568985048328,25.271527063285,7.688873212198829,21.200553953131,6.450277854828363,0.000040341068680851586,0.371304345295199,,144.39507932824273,0.35453851397843,0.0000390797970647555,0.000527955006885153,0.294794718811478,0.35453851397843,0.004383912996,29805395139.437431,23682398596.488237,3267949474.764509,29805395139.437431,29805395139.437431,7655030923.070473,29805395139.437431,29805395139.437431,29805395139.437431,4807971581.697332,13576191065.380061,29805395139.437431,95.7991120395,28531212999.538202,31107139969.29211,31112374540.053815,17702485788.002106,31023854180.065332,31112230142.77368,10096262114.367427,30528496402.334296,31112391862.196944,31112391804.010577,31112391574.778223,31112385270.770587,31112333679.890894,31111337876.634841,29895937994.096303,30863768969.274264,31086951400.992376,22976837172.101553,31112381129.167777,31112254106.699441,31108152156.41104,28847933873.182325,30589428399.851886,10244140904.552444,31036046293.160273,18304816216.831914,11193299966.538973,29919432172.659506,20196040261.529257,31112391863.437431,26100517814.375821,2901,0.033576388889,6835,1231124331.565957,457121813.909087159737103940443,430610.18872952,159887.43420365650286716557448,335377.790112,124527.230784086824903272288,123.523884657309,,0.08863185259300539,,
2018-05-03,5646,15362,148348,194338,1200,80991,183003,47,34021,230652,224394,216141,210656,170170,22795,188534,53215,199420,115835,4398,151560,16362,183739,35914,52,196534,84820,1386,1613891710,4320,926.459490740741,10899824079.977564874607578736974,1.442700541424,1.210296889085,11377635473.658521711693929736974,,9544819887.097840007119579138484,7886345881.890713640428635158655,0.17871804,0.06535623323832429727836,0.171246,0.062623748095771879614,421.417145,154.110000418809035412305,0,0,0,0,0,0,0.569160370299,31.31163195185,7.59880476942521,26.267662384107,6.374718459674962,0.000037504451634195176,0.365694662040409,,115.79691088856926,0.371304345295199,0.0000403410686808516,0.000540777658996816,0.310213111219664,0.371304345295199,0.004391459926,29805805803.020286,23675178731.5346,3154312585.311535,29805805803.020286,29805805803.020286,7790167169.300612,29805805803.020286,29805805803.020286,29805805803.020286,4771061384.417826,13565167335.914906,29805805803.020286,95.8004332729,28525606522.296826,31107126829.126262,31112374062.771037,17707940234.040878,31023633923.001641,31112229023.481358,10110992056.9821,30526219754.123223,31112391440.769234,31112391382.177225,31112391152.079711,31112384815.939804,31112333099.112313,31111333960.054021,29893699630.337488,30863160427.094048,31086911395.289434,22935824114.057709,31112380619.527917,31112250742.054077,31108071645.903048,28819429410.021691,30581993374.390974,10258870847.167117,31034896370.788072,18255874343.201426,11213951845.535094,29920674848.911325,20211392227.091462,31112391442.020286,26100517392.958676,2358,0.027291666667,5745,993636853.226433,363367693.231535897002672931097,481944.05983574,176244.37008401359233378241766,99999.829018,36569.403676836195006788362,123.612878802423,,0.0876930161590737,,
2018-05-04,5322,15356,148747,194911,1200,81152,183533,47,34092,231429,225120,216799,211303,170662,22816,189096,53324,200003,116124,4384,151605,16239,184245,35796,52,197101,84582,1363,1613891726,4320,930.773148148148,10683720022.126839516146853657792,1.41511765979,1.187157312245,11151597883.130978617603560657792,,9355194515.860607850295047236322,7880332639.465419419868306284601,0.17781619,0.06373456302857329511913,0.171246,0.061379613298378862442,397.59699,142.51047904651441544073,0,0,0,0,0,0,0.56952799405,32.075154285651,7.470188318522365,26.90818935665,6.266820730292071,0.00003696428495457949,0.358429471627827,,136.24431461276276,0.365694662040409,0.0000375044516341952,0.000469816562412415,0.304487941879606,0.365694662040409,0.004401151734,29807035603.423296,23662337174.187311,3026848844.322044,29807035603.423296,29807035603.423296,7779027386.921614,29807035603.423296,29807035603.423296,29807035603.423296,4657525087.696096,13519177897.006397,29807035603.423296,95.8043872644,28515984179.637688,31107104869.487929,31112373608.000146,17719377661.626645,31023329855.794611,31112227854.547853,10112141194.792383,30525097924.169878,31112391043.162187,31112390984.055743,31112390752.951501,31112384380.971334,31112332581.30934,31111330351.807949,29890476457.602725,30862568774.144866,31086823885.135331,22924638194.270916,31112380149.149434,31112248916.656553,31107952271.592289,28777657828.322818,30575656052.132264,10260019984.9774,31033491820.298959,18203852395.56443,11219820563.00759,29922984439.980079,20235882334.456595,31112391044.423296,26100516995.361686,2236,0.02587962963,5488,969984143.095492,347670903.897087734651945455884,408127.58605817,146284.95502757036630021269659,516780.94926200004,185229.52259130554777149253911308,123.684871126549,,0.08433673898620346,,
2018-05-05,4963,15357,149087,195374,1200,81327,183970,48,34136,232109,225764,217353,211825,171060,22824,189558,53436,200473,116381,4395,152155,16323,184719,35953,53,197568,85021,1381,1613891741,4320,884.604861111111,10821771565.993136396362921153624,1.422107906094,1.193021501607,11295695198.278502717806059153624,,9476079268.943249375199769752644,7942924126.834771917732238972657,0.17661802,0.06412311232358779026836,0.171246,0.062172741450533273628,392.268628,142.417434496568778916904,0,0,0,0,0,0,0.56959641354,25.230099390729,7.560850026407086,21.165799677943,6.342877789562208,0.00003706244754453195,0.363060985077218,,145.87266820162216,0.358429471627827,0.0000369642849545795,0.000457535731059032,0.298973479531505,0.358429471627827,0.004407703982,29807035211.154668,23638441255.409077,3159671096.202749,29807035211.154668,29807035211.154668,7732951892.252466,29807035211.154668,29807035211.154668,29807035211.154668,4864849045.352059,13473342147.1448,29807035211.154668,95.8043872115,28510263910.299233,31107090647.58078,31112373173.326283,17721506132.134115,31023117184.924394,31112226864.751797,10122498394.04318,30523374758.170739,31112390650.884457,31112390591.103168,31112390359.15284,31112383953.285462,31112332146.840652,31111326895.395484,29886829913.76176,30862002527.47775,31086761968.03774,22931176698.63101,31112379725.141404,31112248965.705249,31107996204.656343,28795113734.722831,30577079508.31421,10270377184.228197,31034012700.130105,18255775269.101065,11218046405.962229,29925196880.98643,20253961608.330059,31112390652.154668,26100516603.093058,2221,0.025706018519,5172,1233145782.358182,447707122.486778230751404097676,824183.294005,299228.79860564168052147809,275698.748762,100095.459310088156551904116,123.821881636668,,0.08373915962715056,,
2018-05-06,3775,15357,149340,195716,1199,81466,184277,48,34184,232611,226229,217748,212217,171348,22846,189879,53513,200824,116563,4399,151412,15980,184700,35426,51,197742,83871,1323,1613891757,4320,858.453240740741,10224658294.507699524381973749312,1.349298092147,1.13194056952,10672028422.862381963247013749312,,8952878538.263677692920167712032,7909318544.931774523675751844443,0.1771666,0.0607708687335771287968,0.171246,0.058740011871030707808,288.427224,98.934974023851261178752,0,0,0,0,0,0,0.56946295582,40.537414632941,7.142446184925945,34.00726976012,5.991874330351131,0.00003574906481662867,0.343015380628048,,140.344319245552,0.363060985077218,0.0000370624475445319,0.00044747411690065,0.303586418843724,0.363060985077218,0.004413177187,29808162758.727444,23615062059.883569,3081859410.391605,29808162758.727444,29808162758.727444,7499867285.132347,29808162758.727444,29808162758.727444,29808162758.727444,4787207070.357408,13457424508.006251,29808162758.727444,95.8080122107,28503104489.378763,31107082250.256527,31112372843.095615,17717353779.167307,31022970381.442,31112226140.47771,10130588196.386083,30522275616.378755,31112390362.449744,31112390302.130506,31112390069.405173,31112383637.916652,31112331668.65311,31111324664.511868,29884246290.042747,30861500000.729639,31086711636.912552,22929365536.780646,31112378921.578389,31112238907.264315,31107705646.851025,28690825212.473776,30559682267.255602,10221510863.017019,31030213359.21323,18091241769.993949,11226054681.974454,29925424096.917791,20262042172.358767,31112390363.727444,26100516314.665834,1628,0.018842592593,3877,767498140.80263,263263666.89873330678421016624,818611.76157376,280796.42498282016406167682048,383452.756765,131530.19331462078268074472,123.923892233608,,0.08443889673244759,,
2018-05-07,4781,15297,149119,195421,1195,81336,183993,48,34118,232507,226081,217527,211993,171082,22807,189583,53410,200542,116357,4388,149649,15466,184115,34425,50,195439,81962,1233,1613891771,4320,939.118287037037,9824239448.25116764890776692433,1.301511590129,1.091851960584,10251326245.58364017025867892433,,8599946972.97756515080548029535,7876477108.102633040755343042151,0.18101611,0.05964360818639291780998,0.171246,0.056424421713001354428,356.782759,117.557553774944403977662,0,0,0,0,0,0,0.57054689035,21.67313292396,7.042405081894965,18.181822470498,5.907948768347516,0.000035279510439459606,0.329493370432018,,124.12821460841543,0.343015380628048,0.0000357490648166287,0.00043703175930554,0.287027248216594,0.343015380628048,0.00439744933,29816197622.944685,23612346010.831027,2826931689.487239,29816197622.944685,29816197622.944685,7563172434.863104,29816197622.944685,29816197622.944685,29816197622.944685,4746667854.31935,13449030159.725288,29816197622.944685,95.8338385971,28499246097.376711,31107091432.476199,31112372430.601909,17751077369.832259,31023133774.84536,31112225965.290658,10167000633.645761,30523073984.735593,31112390005.658539,31112389944.812242,31112389711.440625,31112383248.52523,31112331258.389071,31111325686.060106,29886007697.230966,30861759303.720124,31086733442.136532,22945231293.559291,31112372486.075315,31112229734.231431,31107254325.515526,28551179503.339681,30532509870.698051,10228136899.645785,31025058265.513658,17868005873.193201,11273340925.033359,29929885651.131151,20297273580.764821,31112390006.944685,26100515957.883075,1971,0.0228125,4588,1435528039.074997,472996971.944486396654992053946,1835602.07484798,604818.71441366630506427462364,222563.33583,73333.14365721981431860494,124.194581387717,,0.08538518305311657,,
2018-05-08,5058,15286,149465,195869,1196,81479,184407,48,34148,233115,226645,218059,212495,171451,22821,190016,53487,201004,116608,4391,149669,15347,184498,34256,48,195879,81719,1207,1613891788,4319,902.697383653624,9661079658.711283548180550260083,1.273530136525,1.068662668201,10080420981.038625635299532260083,,8458825804.927223331128206346839,7915337605.236960467953925210859,0.17752949,0.05751959326968685161907,0.171246,0.055483741146672558978,401.571704,130.109319204911142092872,0,0,0,0,0,0,0.570674149604,18.248346915435,7.084303352402829,15.312811645059,5.944681092184226,0.00003517012774856079,0.324000216919943,,108.30228230403158,0.329493370432018,0.0000352795104394596,0.000440596164826135,0.276705654802615,0.329493370432018,0.004410382576,29818127131.372981,23626052554.528388,2967939008.021638,29818127131.372981,29818127131.372981,7848040190.368241,29818127131.372981,29818127131.372981,29818127131.372981,4970481139.114923,13422624628.429349,29818127131.372981,95.8400415705,28491239856.869437,31107083214.177932,31112371981.480387,17755036480.180302,31022825054.262837,31112225098.647923,10177933648.02862,30521548579.957772,31112389604.077892,31112389543.004381,31112389308.527298,31112382826.264617,31112330703.522984,31111321738.05583,29883542308.41059,30861113593.246703,31086669764.917551,22948149961.57259,31112372012.480118,31112227917.967755,31107146422.94889,28510142012.607256,30524894485.620607,10177933648.02862,31023568819.326676,17789149458.657756,11279609080.193861,29931932447.385242,20307660290.467597,31112389605.372981,26107469573.137073,2262,0.026180555556,5339,1704942905.215048,552401871.125793369502614902264,1267570.37742445,410693.07724681581940018080635,281011.869163,91047.906565890641161417709,124.412102709735,,0.08555887242469727,,
2018-05-09,4670,15281,149633,196077,1189,81576,184598,49,34196,233537,227014,218367,212763,171635,22837,190222,53537,201219,116739,4399,149400,15212,184585,34081,49,196066,81337,1173,1613891803,4320,916.634490740741,9475717959.770324444586222776016,1.236661906633,1.037915260863,9883355158.603632390284472776016,,8294979486.816814136775707622126,7991962156.832516929376171481688,0.17678369,0.05615820702588536833566,0.171246,0.054399069961458355044,391.929437,124.502743791492851169318,0,0,0,0,0,0,0.569980737956,17.035406282664,6.944939496409975,14.297608797482,5.828803046681548,0.000034183232281277865,0.317666222635614,,110.77590699885124,0.324000216919943,0.0000351701277485608,0.000431039799538016,0.272841097204105,0.324000216919943,0.004415085768,29829164338.443544,23611506043.126033,3576313238.644562,29829164338.443544,29829164338.443544,8488730672.192158,29829164338.443544,29829164338.443544,29829164338.443544,5563790632.187728,13429981733.571691,29829164338.443544,95.8755180575,28484025518.991769,31107079082.321886,31112371549.393016,17733462563.449661,31022730381.916522,31112224362.752265,10221506781.521776,30521279973.451504,31112389212.140042,31112389150.613883,31112388914.782113,31112382405.329751,31112330267.445927,31111320576.255266,29881738717.983716,30860760998.892583,31086641804.487789,22952786086.319038,31112371514.962528,31112223955.627449,31107006144.368003,28462419603.317681,30517680701.744573,10221506781.521776,31021982197.120956,17683317434.070001,11295995701.952919,29932605954.318501,20307381610.249464,31112389213.443544,26112248944.804409,2217,0.025659722222,4998,1826336789.226114,580165509.093915170068475223996,673545.71728734,213962.72378306447377735532676,228541.890541,72600.039082161431316327174,124.520304951378,,0.0853192026240989,,
2018-05-10,4808,15476,150156,196689,1177,81992,185187,49,34493,234365,227778,219043,213415,172216,23085,190821,53887,201836,117219,4337,148321,14909,184857,33539,46,196624,79941,1050,1613891818,4320,878.594675925926,8788810987.380381731855692698952,1.152147447397,0.96698330337,9166777848.129941082003138698952,,7693564868.694778048976086418482,7956254096.507139941203216867957,0.17678257,0.05208621411990659516554,0.171246,0.050454950525821209612,379.021828,111.672842460240333019816,0,0,0,0,0,0,0.568861167784,33.978523895569,6.601773970988478,28.517760773093,5.5407883921417564,0.00003260119896695085,0.294634330295722,,90.11183336672222,0.317666222635614,0.0000341832322812778,0.000424497466978385,0.267905368362739,0.317666222635614,0.004426210565,29829555091.421716,23674069338.057294,3926265212.46491,29829555091.421716,29829555091.421716,8779349439.808643,29829555091.421716,29829555091.421716,29829555091.421716,5713155034.305762,13544186379.316112,29829555091.421716,95.8767751656,28470591922.624786,31107065935.543274,31112371150.901442,17698629844.89319,31022569177.865457,31112223703.310248,10239707708.420643,30519891462.999291,31112388833.106272,31112388770.887029,31112388534.642864,31112382007.13097,31112329774.378031,31111319416.857946,29877919197.683331,30860281563.545895,31086603913.050052,22822829301.389504,31112370939.950323,31112212939.880592,31106469519.551437,28285983386.31457,30488873585.595355,10142606246.514178,31015895869.54729,17288356497.159159,11316268857.87896,29912889775.652227,20292675919.722104,31112388834.421716,26112248565.782581,2144,0.024814814815,4944,915648629.412019,269781520.713005955999251082718,343691.65954824,101263.36193922098002412462928,342801.5465615,101001.104095485315247259903,124.574921739879,,0.08724943243396845,,
2018-05-11,5786,15552,150690,197281,1168,82357,185751,49,34704,235176,228537,219715,214066,172776,23276,191405,54163,202445,117670,4267,146020,12707,184755,32307,41,196941,77207,836,1613891834,4319,983.770548738134,7704328304.20607655937389843188,1.025157561325,0.860402237969,8035133158.18252223532376843188,,6743789259.818715655365130811605,7837949463.885586564742038378217,0.17734894,0.0458024093817311503471,0.171246,0.04422625473252861039,477.600684,123.34588551565526419206,0,0,0,0,0,0,0.569892748156,27.811916478177,5.962734697393179,23.342202294371,5.0044505075164185,0.000030673270711251764,0.258261534473965,,55.40233418914911,0.294634330295722,0.0000326011989669508,0.000405864181819221,0.247510848205258,0.294634330295722,0.004424429331,29831497438.821032,23698302252.505659,3507186316.607878,29831497438.821032,29831497438.821032,8933401608.890533,29831497438.821032,29831497438.821032,29831497438.821032,5862069352.524295,13603898276.403141,29831497438.821032,95.8830196406,28443048120.191575,31107060293.428961,31112370619.094334,17730724502.378744,31022363668.847365,31112222779.823227,10291260231.901037,30517856200.389036,31112388355.495258,31112388292.603901,31112388054.992584,31112381502.282659,31112329196.538225,31111318122.79945,29874714865.354431,30859550865.596901,31086545592.150567,22748276794.00347,31112369393.146127,31112188012.464948,31105439154.058416,27409258335.953694,30434747895.551569,10012523285.459078,31004493706.442017,16565387583.473545,11376469927.590091,29898807890.017545,20347186323.924524,31112388356.821032,26112248088.181897,2693,0.031168981481,6362,1118671141.603413,288909725.602239628645603642545,307865.01202778,79509.6904171401538402667477,404464.315368,104457.57472690138374539412,124.637877263612,,0.09107133292768661,,
2018-05-12,4396,15553,151060,197715,1165,82584,186156,49,34823,235778,229101,220193,214533,173163,23354,191823,54306,202888,117983,4266,146921,14028,185283,32676,41,197504,77987,915,1613891850,4320,898.159027777778,7917778417.47878084047595585593,1.054538102431,0.885060965817,8257641379.82638141266365585593,,6930537681.05328459247354025408,7830576591.582229002621371153949,0.17683781,0.0469351056421076105411,0.171246,0.04545096493101989826,360.749129,95.74761460749432616799,0,0,0,0,0,0,0.569779003392,32.880171785178,6.284278012887847,27.595927097705,5.274317878823844,0.0000312774361301584,0.26541329392231,,22.34767478398209,0.258261534473965,0.0000306732707112518,0.000380057671878907,0.21601897818254,0.258261534473965,0.004430898881,29831883326.071903,23640168843.830079,3314938581.9468,29831883326.071903,29831883326.071903,8916892662.209393,29831883326.071903,29831883326.071903,29831883326.071903,5873320266.965514,13577431960.806746,29831883326.071903,95.8842610533,28430779513.785997,31107055308.604047,31112370223.65554,17727185425.549617,31022170287.929165,31112222026.250783,10310536353.379961,30516654748.201968,31112387994.738574,31112387931.187289,31112387692.924688,31112381130.41874,31112328700.609311,31111315932.244489,29871697355.864792,30858808963.579601,31086501733.494365,22745018675.111462,31112369491.418357,31112191951.794924,31105637142.658917,27903433637.557785,30443128115.413914,10031109411.725002,31006411158.176694,16874979849.455241,11385773798.323862,29893994452.597363,20361039726.705854,31112387996.071903,26112247727.432768,2040,0.023611111111,4728,946235567.117585,251143498.69512327896562482135,1000742.6656004,265610.407245594954027104924,282021.283219,74852.19773535147989271589,124.789956759617,,0.07776838879603888,,
2018-05-13,4142,15549,151352,198046,1161,82763,186476,49,34890,236218,229511,220594,214908,173462,23407,192139,54425,203229,118223,4260,148157,14441,185853,33216,45,197911,79251,973,1613891865,4318,844.450208429829,8310680051.030151473248860443825,1.103589758585,0.926229420643,8667284275.669727240837230443825,,7274345952.15432247007943257515,7853719381.000512152581071915821,0.17702993,0.04931697125636101416365,0.171246,0.04770568490744360703,322.548538,89.85552317242213403509,0,0,0,0,0,0,0.569487724458,34.004251948432,6.790069344644093,28.539353810222,5.698822362468578,0.00003203601615793142,0.278579849499805,,37.37314165454679,0.26541329392231,0.0000312774361301584,0.000387025295572861,0.222043633854144,0.26541329392231,0.004436434734,29832308639.523365,23609498104.726826,2991308690.637873,29832308639.523365,29832308639.523365,8909836342.52416,29832308639.523365,29832308639.523365,29832308639.523365,5578709896.289966,13545501090.931339,29832308639.523365,95.8856290702,28417074362.555987,31107053034.874162,31112369864.059763,17718122858.638256,31022022669.341138,31112221717.640297,10325281691.099621,30515020769.549821,31112387672.182324,31112387608.603769,31112387369.312246,31112380789.968771,31112328262.348738,31111314189.414183,29869460297.024327,30858334284.22949,31086464697.796942,22731029870.522352,31112369409.948185,31112200805.118701,31105981970.292365,28043488211.545415,30458894796.658837,10192372063.384587,31010255420.668115,17094398300.090551,11399672592.583101,29890858638.039154,20368834346.774046,31112387673.523365,26112247404.88423,1822,0.021087962963,4219,914955803.783184,254888250.11689251296907027912,721240.86271872,200923.1709892905364644098496,286690.442406,79866.18029849599326073083,124.887762028778,,0.07683030301766654,,
2018-05-14,4371,15550,151604,198355,1163,82928,186777,49,34936,236682,229924,220988,215276,173755,23426,192444,54517,203547,118441,4246,147509,14044,185905,32793,41,198148,78332,919,1613891915,4320,882.777314814815,7938117143.42129164167346475551,1.059335609452,0.889087451287,8278436585.40428710249808475551,,6947990814.888374406637613056035,7814743988.153215499688722842117,0.17622547,0.04689037079403580847095,0.171246,0.04556542500352222671,344.873239,91.764454103315094857515,0,0,0,0,0,0,0.570086073763,29.828757519651,6.657141232463903,25.034912223822,5.587257407772366,0.000030686127711219486,0.266081689519885,,30.0599128278027,0.278579849499805,0.0000320360161579315,0.000380871844589231,0.233301026995793,0.278579849499805,0.004438896645,29833383716.650126,23571624160.016752,3034655779.1619,29833383716.650126,29833383716.650126,8965707137.430523,29833383716.650126,29833383716.650126,29833383716.650126,5623340454.234973,13446626201.843308,29833383716.650126,95.8890855964,28412018052.856847,31107044571.965537,31112369477.000432,17736738737.583979,31021893870.174167,31112221174.584383,10344845362.319308,30513566716.433766,31112387327.298479,31112387263.62781,31112387023.7563,31112380417.286112,31112327853.629909,31111313353.78641,29866451865.414185,30857851848.091895,31086432747.434888,22720477135.445975,31112368759.578894,31112191164.101595,31105643013.200665,27892534139.49796,30440251872.467755,10063900431.110649,31006152628.506591,16907444057.357282,11415801215.181618,29890644957.768238,20386475673.007377,31112387328.650126,26112247060.010991,1957,0.022650462963,4388,1043033297.922422,277532062.13669560282115636147,833625.55591351,221812.49634442010085448514635,151127.998561,40212.393190869629060885485,125.005335520363,,0.07752011521976208,,
2018-05-15,4342,15542,151910,198775,1165,83108,187161,49,34974,237305,230521,221487,215742,174096,23440,192843,54598,203983,118691,4239,146948,12436,185941,32419,41,198411,77628,821,1613891930,4319,852.422551516555,7624803768.627181222389895705632,1.021872343262,0.857644987333,7951590322.000921095969287705632,,6673672720.430529127487139814592,7781393022.751375866470354822572,0.17716072,0.04527809025975608082688,0.171246,0.043766427708253781184,332.884993,85.077531628750837927072,0,0,0,0,0,0,0.570503504912,35.651887974773,6.614654005422961,29.92219450124,5.551598385160446,0.000030108670763739105,0.255576350444704,,13.140833422842368,0.266081689519885,0.0000306861277112195,0.000366290888111933,0.22291293810791,0.266081689519885,0.004443448874,29833761047.765133,23547992545.067217,3015696989.372208,29833761047.765133,29833761047.765133,8993897233.471503,29833761047.765133,29833761047.765133,29833761047.765133,5489827580.477774,13375909105.773539,29833761047.765133,95.8902994226,28404872087.892753,31107033485.024986,31112369101.156909,17749725827.271796,31021717484.646214,31112220431.166709,10353677192.794889,30512023737.015142,31112386994.4085,31112386930.01684,31112386689.052856,31112380066.746344,31112327326.073976,31111310280.969114,29863496217.17277,30857111857.194927,31086391511.19871,22716146588.885009,31112367784.00825,31112177020.691223,31105299315.138882,27271100985.598025,30422906684.421702,10072318264.40063,31002593742.780985,16538562528.620648,11424970686.42312,29892457124.00536,20405210839.058805,31112386995.765133,26112246727.125998,1879,0.021747685185,4486,872671512.313181,223034200.254063369081070843424,570310.99847223,145758.00360800770202509456992,223910.393516,57226.201201456794238139264,125.087568257822,,0.07608344120044185,,
2018-05-16,3683,15528,152126,199059,1166,83246,187432,49,35005,237784,230971,221863,216079,174349,23448,193121,54672,204272,118866,4228,146684,12160,186111,32290,40,198664,77350,801,1613891944,4320,848.936805555556,7484773152.537652788999791106816,1.005251008557,0.843694902512,7805320437.442597631388335106816,,6550910180.134343493828850739776,7764548725.643287935944469139891,0.17678504,0.04435094929346965193216,0.171246,0.042961342558790630784,277.375729,69.586639752538900599616,0,0,0,0,0,0,0.571080202818,44.803284802659,6.738184895193477,37.602850116089,5.6552763437875235,0.00003012516305914534,0.250875013482304,,-1.308363194627212,0.255576350444704,0.0000301086707637391,0.000361764727364292,0.216182138827892,0.255576350444704,0.004444671389,29834669657.389404,23541560129.029337,2957623614.131439,29834669657.389404,29834669657.389404,8968488067.377463,29834669657.389404,29834669657.389404,29834669657.389404,5419761684.753355,13315708466.425302,29834669657.389404,95.8932206887,28398377975.71994,31107024356.225313,31112368782.449807,17767668117.287253,31021593533.349939,31112219884.849677,10369672928.205771,30510756837.431965,31112386717.025491,31112386652.077927,31112386410.354713,31112379763.784077,31112326970.823595,31111308246.482102,29860947004.722054,30856606176.842561,31086358680.22343,22715459355.495068,31112367343.79654,31112172470.414162,31105100323.548546,27161834628.85984,30415304297.348876,10048326649.83503,31000829630.93964,16473376419.099759,11441266418.834002,29893854508.232405,20427423559.613715,31112386718.389404,26112246449.750269,1569,0.018159722222,3762,694422001.766772,174213129.055647457608157202688,397313.02631959,99675.91083462214525071353536,221507.700514,55570.747352883906670704256,125.135611061957,,0.07305625373997518,,
2018-05-17,3810,15543,152359,199389,1166,83404,187738,49,35062,238282,231424,222241,216453,174630,23484,193440,54777,204607,119105,4208,145505,11079,186063,31521,35,198076,75711,718,1613891960,4319,857.514007872193,7148866877.388539540796811909716,0.966860586758,0.811474288584,7454821595.857198917026095909716,,6256740768.907902045597098951736,7710337661.867132748826214810666,0.17700416,0.04241186826624415527168,0.171246,0.041032158753338038008,292.941887,70.191642507774852568476,0,0,0,0,0,0,0.571201262123,39.459049076166,6.674837789827394,33.117498236898,5.602109881297306,0.000029763239564818103,0.239609443451748,,-1.4743127221224652,0.250875013482304,0.0000301251630591453,0.000355654031977079,0.212261645243379,0.250875013482304,0.00445030731,29835497192.447517,23508764813.454436,3158406275.727575,29835497192.447517,29835497192.447517,8914657017.412505,29835497192.447517,29835497192.447517,29835497192.447517,4610173214.198871,13302651605.526298,29835497192.447517,95.8958814167,28393971471.009367,31107012916.456055,31112368465.438845,17771434393.864369,31021429126.189147,31112219230.884556,10379104383.561162,30509532404.353176,31112386424.074684,31112386358.548351,31112386116.274878,31112379450.692763,31112326574.075812,31111306050.308142,29858666069.938021,30856148473.75463,31086353104.554498,22692029838.223187,31112363353.386671,31112157519.135134,31104516561.564344,26709936653.015584,30380683821.349595,9857403422.667594,30993393099.039259,16139042427.389481,11450567196.300393,29892946978.347494,20438431084.609188,31112386425.447517,26112246156.808382,1655,0.019155092593,3908,788472787.709419,188925525.839902137345771614412,420867.59947465,100843.8512769940754474241882,250380.183489,59993.456417145833757788772,125.188477056025,,0.07309170130013923,,
2018-05-18,4001,15540,152585,199575,1165,83527,187908,49,35102,238642,231735,222476,216691,174832,23488,193614,54849,204807,119293,4188,146036,11421,186263,31682,35,198271,76121,741,1613891975,4320,835.996064814815,7250465484.867945384886564694292,0.980124620002,0.822606628237,7560241358.244985112739740694292,,6345218276.789904937839065625872,7713551117.8482526082897471573,0.17708376,0.04303096397121899167392,0.171246,0.041612401138395567432,304.584066,74.013257738899306522872,0,0,0,0,0,0,0.571467436803,47.173724488573,7.069883243630376,39.592331067937,5.93366669747007,0.0000295147877550562,0.242997799296892,,-7.363151854946314,0.239609443451748,0.0000297632395648181,0.000358672750764019,0.203574429639324,0.239609443451748,0.004453151467,29837576742.863451,23489827097.825379,3145067413.824798,29837576742.863451,29837576742.863451,8728928013.952473,29837576742.863451,29837576742.863451,29837576742.863451,4409898307.277457,13260728689.461364,29837576742.863451,95.9025663508,28391045513.840197,31107017945.493001,31112368118.578172,17779715549.307352,31021286952.147357,31112218822.915679,10393783870.496606,30508635843.790888,31112386119.481524,31112386053.395704,31112385810.833566,31112379126.413891,31112326158.683874,31111307769.092489,29856005527.992295,30855780791.692431,31086334057.879685,22677342161.119064,31112363043.478154,31112158351.326615,31104647654.97944,26851451320.165681,30384889203.462565,9871182208.360138,30994456538.877855,16246018872.830322,11465979535.932637,29893408177.332599,20457235596.630188,31112386120.863451,26112245852.224316,1720,0.019907407407,4065,659527871.885546,160263821.443150206853097523032,288455.73546625,70094.108912865188997795895,212245.0906155,51575.089931135924727517026,125.226166569472,,0.07173051524621746,,
2018-05-19,3134,15539,152774,199830,1165,83630,188148,49,35141,239052,232106,222757,216986,175053,23503,193863,54919,205072,119437,4169,146051,11289,186495,31640,35,198520,76040,736,1613892017,4320,815.159490740741,7197764266.942879874130986075941,0.97443753867,0.817833529097,7505090924.524954864698323075941,,6298931181.750195310963512941856,7701972293.442227133494479948963,0.17613136,0.04248731924674346777456,0.171246,0.041308847395079626266,239.71478,57.82524126324168560338,0,0,0,0,0,0,0.571679395797,56.517567502342,7.280275939901893,47.434504370073,6.110246709968592,0.000029312313200459423,0.241225181289371,,-10.504814120547296,0.242997799296892,0.0000295147877550562,0.000350316743934018,0.206169753450604,0.242997799296892,0.004455809068,29838361934.148671,23473611773.826078,2853092193.333085,29838361934.148671,29838361934.148671,8712299074.719115,29838361934.148671,29838361934.148671,29838361934.148671,4169303850.674773,13234114432.855799,29838361934.148671,95.9050908154,28386019492.112718,31107010534.180782,31112367839.994101,17786309962.346761,31021178173.520143,31112218428.339439,10402609575.68122,30507864783.623775,31112385879.759125,31112385812.989884,31112385570.285817,31112378871.344228,31112325834.119526,31111306139.520954,29853720045.661345,30855492854.100397,31086299532.222868,22657589366.448126,31112362739.315678,31112157594.032728,31104569044.238073,26792631884.930635,30380780005.905772,9879751539.976152,30993598605.553603,16232185958.004954,11474301690.522805,29893649157.140805,20469393153.898377,31112385881.148671,26112245612.509536,1361,0.015752314815,3151,550490533.405551,132792178.718836582521828698421,232560.37930735,56099.41965914038790089717685,229364.910294,55328.592067090466670685074,125.249720782787,,0.07151367209807721,,
2018-05-20,3746,15558,152994,200133,1158,83761,188422,49,35194,239466,232490,223082,217316,175314,23525,194149,54990,205378,119619,4127,147948,12346,187188,32561,41,199758,78137,811,1613892047,4320,847.993055555556,7596426049.484910202224346303765,1.025551579927,0.860732918229,7920548906.015142814185466303765,,6647619980.59538275649330735079,7723208721.086299571031274757858,0.17863335,0.04547623587398257389975,0.171246,0.04359557433410961531,308.142522,78.44650516421409835017,0,0,0,0,0,0,0.571108261037,44.490031380726,8.09354287217671,37.339940079055,6.792811704000402,0.000029910142007811018,0.254578643203985,,-15.265011516415713,0.241225181289371,0.0000293123132004594,0.000347682113385898,0.205156423797362,0.241225181289371,0.004460234732,29839211781.006149,23452077003.524426,2943107308.178934,29839211781.006149,29839211781.006149,8692923169.68252,29839211781.006149,29839211781.006149,29839211781.006149,4233859571.369238,13221655744.137221,29839211781.006149,95.907823304,28383049445.594122,31107000933.074471,31112367507.720922,17768540421.326555,31021053706.708943,31112217815.272253,10414092887.402918,30507053729.576427,31112385571.609985,31112385504.391175,31112385261.196475,31112378548.05403,31112325388.611835,31111304661.377215,29851508314.078376,30855025869.300326,31086268749.547275,22608612658.647666,31112366149.231048,31112173870.83411,31105234671.287134,27209195965.770459,30415027033.287173,10132634711.180023,31001393829.187166,16542782420.415297,11486657543.193441,29893288485.473448,20476919215.407152,31112385573.006149,26112245304.367014,1725,0.019965277778,4043,699311387.460256,178029744.19672822228368832016,339826.70027187,86512.62027969994512736740195,200254.768248,50980.58719570429636506828,125.293881907646,,0.06921506486651964,,
2018-05-21,3559,15569,153188,200380,1152,83884,188675,49,35241,239851,232842,223348,217584,175541,23546,194394,55066,205627,119789,4097,146909,11754,187163,31985,37,199082,76844,756,1613892068,4320,857.457175925926,7354660699.149029506299974204136,0.998892768929,0.838358502206,7668467960.876659145026886204136,,6436051510.102198489923318445776,7676968138.533295863863439185119,0.17738684,0.04372166539767821603424,0.171246,0.042208093411499995056,286.479748,70.610489962317244698528,0,0,0,0,0,0,0.570537789901,41.946087507085,8.21613647975865,35.204838987421,6.895703009719719,0.000029347236071949802,0.246476375573736,,-13.752088538221672,0.254578643203985,0.000029910142007811,0.000356756736757236,0.216418522624485,0.254578643203985,0.004464107725,29839211494.526401,23414462980.594487,3142819637.001853,29839211494.526401,29839211494.526401,8768847585.958421,29839211494.526401,29839211494.526401,29839211494.526401,4394537408.81734,13212525221.900353,29839211494.526401,95.9078232663,28379359242.621742,31106993264.416807,31112367206.651671,17750791539.922738,31020949500.583044,31112217561.191589,10418630042.264261,30506132446.347625,31112385285.124008,31112385217.256502,31112384973.906417,31112378248.589034,31112325063.969203,31111302899.483013,29849176532.391137,30854636358.585772,31086247175.326679,22575034449.597342,31112362157.582427,31112162572.400775,31104734684.027673,26964513626.931329,30389231414.918189,9976662346.32708,30995639107.836369,16324261341.690701,11491637176.534939,29892691298.897657,20482432677.487821,31112385286.526401,26112245017.887266,1615,0.01869212963,3812,741723176.953535,182817240.33454413888823835676,344185.92503746,84833.69932672673589479215056,179523.190819,44248.225404499318532729784,125.336053943905,,0.06889723458634928,,
2018-05-22,3816,15554,153343,200584,1150,83970,188872,50,35267,240147,233098,223614,217840,175716,23560,194595,55110,205847,119914,4037,144512,9735,186655,30842,34,199194,74305,641,1613892085,4320,861.178703703704,6601802502.17507395311824510496,0.904734050529,0.7593322384,6881680513.02844225852669310496,,5775710403.35822771071165304064,7606302105.026451274395834470053,0.17756739,0.03927574332741724112448,0.171246,0.037877528874231315072,287.836746,63.665981440032380211072,0,0,0,0,0,0,0.570873751772,53.616243811822,7.700773387216744,44.999458575076,6.463165048456835,0.000027622489404600593,0.221187816791232,,-21.739477035807955,0.246476375573736,0.0000293472360719498,0.000353196182231949,0.209237631758376,0.246476375573736,0.004465026166,29847044009.689655,23410619465.132117,3018086236.092351,29847044009.689655,29847044009.689655,8766294958.913578,29847044009.689655,29847044009.689655,29847044009.689655,4313234205.953869,13192338060.171763,29847044009.689655,95.9329990643,28372504940.421165,31106988600.109304,31112366866.532672,17761243950.770796,31020843797.045637,31112217171.856558,10463689576.961595,30505359392.967367,31112384997.279256,31112384929.540437,31112384684.981815,31112377941.961817,31112324719.650003,31111301034.298952,29847497731.675352,30854278064.13086,31086222242.62733,22526520357.583923,31112361419.754527,31112131942.289662,31103633059.412157,26102712519.213281,30338423623.64011,9860525323.811681,30984302146.251026,15851591250.014137,11508158418.070758,29892461658.790022,20501828711.757661,31112384998.689655,26112244730.05052,1621,0.018761574074,3877,580279086.835801,128350664.346820556235880496832,272121.08425563,60189.86852936569514183063616,195000.11647,43131.65003603526167479104,125.369964861375,,0.07143385182364363,,
2018-05-23,4864,15568,153683,201021,1151,84128,189276,50,35331,240717,233622,224122,218314,176085,23603,195025,55216,206279,120185,3957,140788,7473,185120,29373,27,198775,70857,549,1613892100,4320,886.429166666667,5961569142.79805062849411199767,0.823793107057,0.691399491528,6212277043.60441101544404999767,,5213888235.2671279744084828717,7541064607.591265923193991268029,0.17719586,0.03538108013034780564892,0.171246,0.034193058731742041412,378.31317,75.53860785537479011974,0,0,0,0,0,0,0.57119416966,41.164249539374,7.245300779369602,34.548651787495,6.080892437567286,0.00002654908564246761,0.199672160119022,,-30.493774185816736,0.221187816791232,0.0000276224894046007,0.00034363656289949,0.187818859642316,0.221187816791232,0.004476627085,29856786941.376485,23396084009.153192,2938242279.914351,29856786941.376485,29856786941.376485,8744651676.621366,29856786941.376485,29856786941.376485,29856786941.376485,4346707732.87325,13171032713.148658,29856786941.376485,95.9643155151,28364898200.005239,31106980748.865609,31112366475.050718,17771212699.385291,31020577712.856098,31112216338.067898,10458275973.953736,30504099570.479327,31112384618.955677,31112384551.113016,31112384305.520916,31112377539.713976,31112324291.733732,31111297877.49722,29845311170.555578,30853718053.15148,31086169979.513493,22439210938.223367,31112356850.125247,31112036151.046455,31101651891.608586,25024673691.677052,30262914249.316284,9512801188.250754,30966531050.664883,15420050821.299019,11510658334.233969,29891614082.64316,20508053444.851704,31112384620.376485,26112244351.73735,2135,0.024710648148,5266,755810805.942605,150914376.26385889012170073231,340210.83914891,67930.63314876799584278156602,323290.321448,64552.076829095148319383856,125.427549573377,,0.07329216821627574,,
2018-05-24,4224,15595,153967,201413,1148,84281,189634,51,35389,241323,234176,224608,218751,176405,23653,195392,55303,206680,120403,3936,143611,7921,187016,30328,31,199603,73210,593,1613892114,4320,887.826851851852,6182174388.38241880545808603066,0.85314495282,0.716034135596,6441743752.59194931334145403066,,5406476829.49318467239798481512,7550585315.312304096319299003607,0.17700387,0.03664822225504226037348,0.171246,0.035456069227678281384,346.39657,71.72057020981690512428,0,0,0,0,0,0,0.571434116236,41.178198336236,7.789698283141216,34.560358768626,6.53779859833763,0.000027330760196307156,0.207047576163404,,-33.568683026119416,0.199672160119022,0.0000265490856424676,0.000345316161483382,0.170660769156776,0.199672160119022,0.004485111924,29858714131.979915,23410857377.757322,2892697160.288887,29858714131.979915,29858714131.979915,8701743655.949499,29858714131.979915,29858714131.979915,29858714131.979915,4368212013.626093,13174858388.584176,29858714131.979915,95.9705108713,28358602872.195559,31106969999.922897,31112366088.986764,17778677811.59274,31020400411.410608,31112215545.696561,10467872820.342424,30503060967.351073,31112384272.546643,31112384204.204883,31112383957.731912,31112377172.624256,31112323742.135635,31111294292.382423,29843908049.451381,30853226569.879452,31086122960.246292,22393244236.599143,31112358645.541672,31112111539.077772,31102905973.7479,25228175971.887636,30306471356.887489,9678221636.021949,30977332873.685583,15651356653.708606,11503519732.503945,29891265422.734103,20508710624.176032,31112384273.979915,26112244005.34078,1957,0.022650462963,4865,755554772.453506,156435784.295190662039448694424,350381.34121961,72545.60743240284684600915244,274903.848213,56918.175450493970101397052,125.482339609965,,0.07174793292739762,,
2018-05-25,4491,15593,154194,201743,1146,84378,189948,51,35413,241808,234610,224964,219125,176679,23669,195719,55342,207024,120560,3924,140695,7388,185696,29214,26,199472,70486,536,1613892130,4320,893.026157407407,5866235310.319528472863557720949,0.812234210683,0.681698247709,6112460340.784136007598623720949,,5130113271.140894480069347790544,7525489889.968720949494070959579,0.17476474,0.03433496281949071150622,0.17107,0.03360907978079717921,438.484732,86.146421584436019595796,0,0,0,0,0,0,0.571786806996,58.307165549802,7.611138255895271,48.936491545608,6.387935331789405,0.000026458446144289792,0.196463902383803,,-26.930057613292227,0.207047576163404,0.0000273307601963071,0.000344728490559888,0.17648434567512,0.207047576163404,0.004488615632,29859100013.495183,23427049920.744999,2794050341.720043,29859100013.495183,29859100013.495183,8636286922.977563,29859100013.495183,29859100013.495183,29859100013.495183,4080627664.500849,13207111022.039603,29859100013.495183,95.9717525066,28355821655.597948,31106957545.715481,31112365609.476895,17789650611.323492,31020244945.377134,31112214810.23452,10491688820.487348,30502559802.079864,31112383834.050515,31112383765.109512,31112383518.682915,31112376717.154152,31112323249.584696,31111291023.165989,29843038637.542582,30852752408.481463,31086060316.354412,22384916068.416499,31112355868.532237,31112029832.973611,31101326822.72697,24962121549.600331,30249229261.756797,9452405203.747888,30963145702.143642,15389091310.02088,11526264385.079861,29893467589.377124,20527239949.837667,31112383835.495183,26112243566.856048,2509,0.029039351852,5688,533594516.936707,104832061.087985720634572956721,280881.21568251,55183.01973929256097661438553,67060.6539,13174.9977616035979487817,125.533692389146,,0.06759725657840149,,
2018-05-26,3110,15579,154447,202085,1148,84490,190262,51,35434,242254,235026,225303,219487,176955,23667,196054,55404,207364,120750,3919,140687,7344,185862,29116,26,199805,70353,530,1613892145,4320,824.084722222222,5820830001.424806462787292037752,0.807405419289,0.677645501088,6064091142.170396091948030037752,,5089517586.217419216388507947662,7510590091.789297310841944368395,0.17629356,0.03436124437116451151304,0.171246,0.033377428271256408564,242.227355,47.21235045985694482357,0,0,0,0,0,0,0.572389094293,61.844672558058,7.840425662175582,51.905477872722,6.580373440230149,0.000026604037302259976,0.194909243259734,,-33.267082630378816,0.196463902383803,0.0000264584461442898,0.000339553831712821,0.168820372328713,0.196463902383803,0.004494040898,29864309686.267828,23406209368.448871,2801345808.35111,29864309686.267828,29864309686.267828,8526572558.02637,29864309686.267828,29864309686.267828,29864309686.267828,4115415640.570463,13157170387.924145,29864309686.267828,95.9884979457,28350573971.903192,31106950073.261766,31112365361.996575,17808389066.233419,31020057727.118164,31112213997.625601,10498370595.201585,30501357432.139833,31112383591.816985,31112383522.302433,31112383275.662009,31112376462.191187,31112322942.378473,31111287921.456266,29840451676.763073,30852227401.292451,31086016604.525605,22388645839.027107,31112355574.159134,31112021615.80124,31101188603.669326,24942477343.729916,30242057554.135963,9457433019.947408,30961715207.88283,15367852942.20452,11533268965.794098,29895361274.431681,20544064518.199785,31112383593.267828,26112243324.628693,1374,0.015902777778,3231,503072977.936141,98053573.433954101502528646494,376813.87489922,73444.50720637504647353400748,341754.601835,66611.13082419155065801189,125.572825232627,,0.06527183806050726,,
2018-05-27,3578,15567,154527,202220,1153,84516,190392,52,35452,242697,235418,225671,219644,177065,23666,196190,55443,207502,120835,3919,140319,7263,185856,28984,26,199923,70004,519,1613892161,4320,837.690509259259,5726413254.851898248251473310032,0.796261781293,0.668292780787,5965728581.547908073239580310032,,5006963082.803089812909969339897,7492169939.210938372737727291667,0.17636405,0.03381740456751766029405,0.17107,0.03280228254774851307,271.776996,52.112619470218725934596,0,0,0,0,0,0,0.573385246916,52.40403028881,7.89531504482207,43.982062116893,6.626441417196825,0.0000261301003325944,0.191747720510601,,-33.165441527080155,0.194909243259734,0.00002660403730226,0.000333584532951466,0.16728624239905,0.194909243259734,0.004494368805,29864309414.490832,23344548184.325779,2670927870.250907,29864309414.490832,29864309414.490832,8447180019.363331,29864309414.490832,29864309414.490832,29864309414.490832,4101584420.954565,13136589252.042789,29864309414.490832,95.9884979106,28345605671.175696,31106941830.784293,31112365073.698356,17839381592.929357,31019945596.315376,31112213601.334349,10543057261.032044,30500926058.501049,31112383320.027688,31112383250.341513,31112382997.639519,31112376176.471772,31112322667.438811,31111286121.096919,29838717859.999999,30852147262.595347,31086007395.237532,22406139075.394908,31112355193.619209,31112014206.428021,31100947113.447723,24904013372.670042,30233892287.691582,9467537668.943002,30959630777.322077,15324133810.281388,11548123022.286557,29897892690.395896,20567454337.063911,31112383321.490832,26112243052.851697,1541,0.017835648148,3681,593702109.361125,113841026.132331266126899786125,392706.35702732,75300.54879001084631490661932,118898.337616,22798.485210367845605067216,125.61928860424,,0.06526889729953415,,
2018-05-28,4345,15572,154724,202491,1152,84668,190634,52,35489,243237,235919,226080,219962,177288,23694,196447,55534,207788,120981,3917,138046,6816,185441,28234,25,200115,67968,473,1613892177,4320,861.763888888889,5175376800.192318796541515461442,0.727140008567,0.610279720432,5391439847.928146821555541461442,,4524969557.930334119501557360632,7414582864.935549746725896158304,0.1763199,0.0305543338141123107594,0.171246,0.029675081759526161076,357.224125,61.90308162438943569475,0,0,0,0,0,0,0.573747011882,44.096783754665,7.437945645646906,37.009891554141,6.242576856908909,0.000024369777606057192,0.173289196591606,,-51.58664405353999,0.191747720510601,0.0000261301003325944,0.000336170180986318,0.164015727425868,0.191747720510601,0.004490682006,29865547893.266707,23252880785.32539,2742697751.595119,29865547893.266707,29865547893.266707,8399316356.463596,29865547893.266707,29865547893.266707,29865547893.266707,4107725958.326225,13098160777.279696,29865547893.266707,95.9924796746,28339637493.797129,31106935468.619983,31112364675.988361,17850636758.283428,31019925455.221451,31112212699.112138,10560273316.875281,30499622807.032818,31112382962.796448,31112382892.419231,31112382636.665642,31112375797.672858,31112322161.051422,31111283915.078532,29836690284.151914,30851713700.219871,31085968913.503653,22411183913.876879,31112354368.315786,31111977283.752341,31099588295.349439,24656843928.460847,30189411458.680151,9421908023.349594,30947636112.00262,15090893298.303796,11566499323.929794,29898324322.093626,20588745523.825772,31112382964.266707,26112242695.627572,2026,0.023449074074,4715,705547668.450428,122263788.622855467917171907368,321962.40619886,55792.60670290075679824276916,227736.32697300002,39464.24513587446462897256983212,125.668082604404,,0.05007496556365979,,
2018-05-29,5284,15536,155000,202893,1148,84852,191007,52,35552,243804,236441,226593,220416,177623,23713,196832,55679,208194,121196,3906,143946,7747,187719,30189,29,201032,73185,570,1613892193,4319,953.309793933781,6012845160.814978292827141210544,0.839528038911,0.704605618578,6263790917.342728320614329210544,,5257123132.752944273655275221084,7461086023.363501634151110833715,0.17805967,0.03584838102401332029332,0.171246,0.034476599090845136616,428.945743,86.358749478152433479828,0,0,0,0,0,0,0.573984180014,47.183786882097,9.023862487088214,39.600775438077,7.573617455254736,0.000027010705965324502,0.201327908919596,,-44.490837873346074,0.173289196591606,0.0000243697776060572,0.000337403005180855,0.149227262707479,0.173289196591606,0.004487612868,29865929632.320964,23205680605.199146,3028556095.150143,29865929632.320964,29865929632.320964,8335212234.847525,29865929632.320964,29865929632.320964,29865929632.320964,4013463935.196658,13067864108.109037,29865929632.320964,95.9937079663,28323467122.734933,31106920742.115323,31112364216.895235,17858015377.822726,31019873363.669553,31112211964.400391,10593448168.293273,30497743684.16609,31112382533.842228,31112382463.434458,31112382205.741562,31112375337.569421,31112321615.958823,31111280694.400346,29832110089.283459,30851278418.141313,31085912973.061085,22415026733.574396,31112356537.865694,31112075399.998948,31102517125.333729,25156490609.749636,30286729259.633031,9661368929.430079,30973877156.523593,15625438905.559967,11600549756.347786,29897339546.694079,20614338709.627031,31112382535.320964,26112242266.681829,2409,0.027881944444,5750,659387145.272266,132753035.126127185443322724536,325763.60214126,65585.30482121510175877413096,201714.488941,40610.756257276502600187836,125.728289970876,,0.05902248038971227,,
2018-05-30,4699,15511,155447,203448,1145,85145,191535,52,35658,244596,237187,227261,221022,178124,23759,197387,55860,208757,121569,3906,145368,7957,188998,30652,33,201949,74268,588,1613892211,4320,876.07337962963,6263122143.775664390333691582617,0.872646917017,0.732401886361,6524513199.457801709343708582617,,5475944143.833925329747398450352,7476693118.636361861357820339401,0.17698656,0.03711548478775530401184,0.171246,0.035911643844391036194,373.264661,78.276558667235187253379,0,0,0,0,0,0,0.574067550121,44.965121881449,9.822835240585226,37.738676942819,8.244185499693396,0.000028436249361101758,0.209707928035639,,-37.691915650894856,0.201327908919596,0.0000270107059653245,0.000357025615665683,0.174473811932958,0.201327908919596,0.004492808986,29865929259.056303,23098226840.904921,2981828525.944949,29865929259.056303,29865929259.056303,8298076469.304648,29865929259.056303,29865929259.056303,29865929259.056303,4020228738.913027,12988952523.921822,29865929259.056303,95.9937079183,28301875369.108547,31106907790.384883,31112363806.942284,17860609006.201824,31019668391.818565,31112211083.976062,10618238472.084595,30495617613.60511,31112382160.568384,31112382089.57512,31112381830.715322,31112374939.810004,31112321187.976847,31111278245.620703,29825925513.195029,30850472751.155937,31085851686.408806,22422672624.733339,31112357863.50399,31112111283.399662,31102979529.386862,25254675851.438628,30302095221.400546,9876533460.035431,30977582347.51429,15727730277.813254,11622003577.66651,29894267588.282566,20636036501.837769,31112382162.056303,26112241893.417168,2109,0.024409722222,5272,691922558.201548,145101646.041565465524288969172,234201.3312378,49113.8759170674145223839542,152477.232498,31975.684499763980232996222,125.767976946363,0.11140483188446022,0.05907000082880982,,
2018-05-31,5437,15459,155809,203926,1147,85317,191974,52,35696,245229,237770,227769,221543,178524,23771,197853,55922,209248,121861,3906,147002,9311,189714,31227,35,202520,75618,640,1613892227,4303,980.395305600744,6631019288.818168089024932213736,0.925206717604,0.776514975591,6907313471.250113194903844213736,,5797225905.808308556380030596592,7465697492.052953517023205390091,0.17907255,0.0397562053593193181748,0.171246,0.038018619509031372816,440.339412,97.760511542801603513952,0,0,0,0,0,0,0.575431143453,20.476920678272,10.730297901374232,17.186035572492,9.00581119270224,0.000029685704748392403,0.222011722954296,,-37.38008306544572,0.209707928035639,0.0000284362493611018,0.000376656063425407,0.180008877256671,0.209707928035639,0.004495220754,29867879049.716891,23050785419.667537,3905551197.632115,29867879049.716891,29867879049.716891,8529743111.345608,29867879049.716891,29867879049.716891,29867879049.716891,4874996368.494722,12955571118.942461,29867879049.716891,95.9999762052,28288464320.319663,31106896652.367625,31112363323.949641,17903033389.659107,31019385148.795058,31112210089.04129,10629123808.113952,30494341320.129278,31112381720.218301,31112381648.666209,31112381389.366501,31112374486.939252,31112320640.695743,31111274848.009321,29823300918.810724,30849510001.192456,31085796189.549357,22463822358.658424,31112357816.527449,31112123243.351539,31103557756.39692,25892635777.60878,30325801638.075369,9981893529.354573,30982785330.330723,15999334001.98727,11633846106.695867,29896394364.155396,20687876751.832981,31112381721.716891,26112251320.178002,2459,0.028460648148,5819,1519387715.10358,337321884.46573682313724597968,392673.42146057,87178.10285681957620767610872,153466.964184,34071.465135055074900934464,125.841421083186,0.11146442817296785,0.05927424140174803,,
2018-06-01,3846,15459,156106,204335,1146,85467,192370,52,35750,245806,238313,228257,221989,178885,23802,198259,55991,209667,122104,3899,147063,8989,190090,31181,35,202922,75576,631,1613892242,4320,871.365277777778,6575456006.503581820023956372974,0.921292940847,0.773294694884,6849060703.993622905694822372974,,5748814597.960413634911374378,7434183418.034334187339827758878,0.17622393,0.03879382869006314130474,0.17107,0.03765924567684480526,324.428248,71.419437048812382874864,0,0,0,0,0,0,0.575395920672,32.642450938545,10.990904397657447,27.398705688109,9.22530466246241,0.0000292744946874606,0.220139391341818,,-40.711873122088015,0.222011722954296,0.0000296857047483924,0.000385792091946321,0.189772869992787,0.222011722954296,0.004503655396,29869511160.288643,23011543705.789704,4170295235.0058,29869511160.288643,29869511160.288643,8461994516.5422,29869511160.288643,29869511160.288643,29869511160.288643,5060611318.18853,12939486185.545359,29869511160.288643,96.0052230617,28280047327.097486,31106880767.353462,31112362964.053936,17901937338.404877,31019145559.499928,31112209549.299852,10632999098.370504,30493242688.65149,31112381395.783999,31112381323.810168,31112381063.31165,31112374147.89873,31112320267.487113,31111272076.038435,29821086779.311822,30848748410.785628,31085751210.23707,22460495909.607043,31112357426.525454,31112121832.881854,31103435825.763043,25739433419.743875,30320336312.21692,9985639246.861802,30981684421.658979,15960967980.389618,11638530620.952419,29896681434.121175,20702258406.612443,31112381397.288643,26114429420.921,1841,0.02130787037,4357,953126389.187608,209820663.187584765966057791344,430326.81650926,94731.88346441069402622223468,59418.33185,13080.3154080051587063033,125.901685668597,0.11146289124702942,0.058137961865141266,,
2018-06-02,3461,15463,156396,204707,1146,85622,192726,52,35814,246315,238784,228659,222391,179212,23844,198619,56094,210038,122334,3897,148184,9719,190616,31586,35,203319,76481,665,1613892257,4320,814.159259259259,6784311938.47051399085006359578,0.947419501184,0.795224233634,7063680088.60908550818997359578,,5928957107.25696444952402603347,7455704764.130731366323316754701,0.17592301,0.0399411365574423693217,0.171246,0.03887927946955759782,279.189809,63.38658192987519153653,0,0,0,0,0,0,0.575514240631,37.451953980872,11.852567616432344,31.435600982784,9.948548649876338,0.000029726891026719116,0.22703759194117,,-37.916077124450204,0.220139391341818,0.0000292744946874607,0.000380319468239262,0.188810446399477,0.220139391341818,0.004511097823,29881888195.098834,23012053442.098007,3380702998.659532,29881888195.098834,29881888195.098834,8486729203.432979,29881888195.098834,29881888195.098834,29881888195.098834,5227063206.417912,12941226060.300217,29881888195.098834,96.0450056255,28268595981.202137,31106871625.313087,31112362664.611627,17905618393.413209,31018949109.092519,31112209052.183403,10636861902.496222,30492035948.479985,31112381116.584125,31112381044.083789,31112380783.639149,31112373849.27481,31112319908.34543,31111269329.912715,29818533069.597919,30848320655.111045,31085709065.715715,22458919805.304624,31112357244.838815,31112128960.654317,31103800178.202605,26056663364.537759,30334482629.187533,9990198923.257016,30984864905.783025,16115946883.675297,11643204632.078137,29894950432.816941,20711590097.095799,31112381118.098834,26114429141.731191,1587,0.018368055556,3755,830727847.577428,188606450.07245056740039591076,555168.87199004,126044.2038173143448445059468,147508.459314,33489.96539360260922655738,125.96869096327,0.11145805141825388,0.058803001264139454,,
2018-06-03,4022,15455,156652,205056,1144,85754,193060,52,35868,246841,239271,229069,222786,179512,23846,198958,56194,210399,122540,3901,148336,9623,190927,31584,35,203666,76507,658,1613892274,4320,873.32037037037,6757519990.126128420276656905064,0.944782779362,0.793011078218,7034817859.397979959386960905064,,5904731349.478468417552429526652,7445963255.328183468793343492967,0.17634414,0.03987315897784821857976,0.171246,0.038720418962153185464,326.765688,73.884962812656830580192,0,0,0,0,0,0,0.575367309143,42.435207096678,12.348856942851613,35.618334784691,10.365113095752669,0.00002935669712818565,0.226109917674884,,-36.91648271890326,0.22703759194117,0.0000297268910267192,0.000383631301217612,0.194775389521611,0.22703759194117,0.004518639303,29885995535.333146,22971266303.674959,3173151943.050003,29885995535.333146,29885995535.333146,8452722962.780135,29885995535.333146,29885995535.333146,29885995535.333146,5359343667.166862,12924941019.506444,29885995535.333146,96.0582082605,28262528221.222332,31106860230.559946,31112362304.682066,17901046816.927207,31018736107.733229,31112208425.506101,10642006412.377496,30490906353.316796,31112380789.809405,31112380716.732859,31112380455.83858,31112373507.820578,31112319459.085314,31111266768.367534,29813587284.496846,30847958150.488719,31085666385.544732,22468040415.574266,31112356873.640449,31112127453.936218,31103743425.328177,26012511220.573157,30330949532.679976,9996519117.684677,30984189004.131224,16089985110.246632,11648421421.959411,29894788202.187285,20724089118.365192,31112380791.333146,26114428814.965503,1853,0.021446759259,4356,733173770.554522,165777860.901467260361592025448,363104.96973546,82101.63481422610695176618664,102727.950384,23227.808404235808194955456,126.019530094515,0.11136558713746643,0.05883617378206693,,
2018-06-04,3884,15467,156953,205446,1147,85930,193424,52,35962,247434,239823,229548,223208,179849,23904,199330,56315,210795,122789,3900,146979,7965,190878,30926,35,203946,75124,590,1613892289,4320,859.088888888889,6323455832.889297169442878885564,0.889383061876,0.74651087512,6582840493.106306524433334885564,,5525360475.064618520379232385486,7401580685.849650336799785663981,0.17822027,0.03770832037325108289742,0.171246,0.036232685713234274316,328.994612,69.609558050660764886152,0,0,0,0,0,0,0.575457338673,47.709589073988,12.110318107778761,40.045429936674,10.164893571894043,0.00002826131560108972,0.211582668869546,,-41.722554180657745,0.226109917674884,0.0000293566971281857,0.000365735855535283,0.193862370228193,0.226109917674884,0.004528128918,29886454626.338534,22902170662.699321,2999160575.730985,29886454626.338534,29886454626.338534,8458981176.18376,29886454626.338534,29886454626.338534,29886454626.338534,5406685338.197512,12892817941.199417,29886454626.338534,96.0596848657,28254478607.677876,31106850119.772778,31112361951.850505,17903847660.641827,31018536607.062401,31112207853.678853,10641829028.95088,30490009601.556175,31112380460.80672,31112380387.166555,31112380124.767537,31112373162.712141,31112318968.209547,31111264263.984233,29810941735.90916,30847520618.067461,31085620301.265489,22457209275.892525,31112356016.847405,31112107951.640642,31102977429.237241,25244443766.908528,30295749315.904791,9997535324.354299,30976885469.801948,15773641091.53165,11648318801.532795,29892140956.012039,20724642999.693055,31112380462.338534,26114428485.970891,1846,0.021365740741,4263,652120067.814653,137977304.371613607722164257538,372084.90371961,78726.71697506314740925199706,94801.4195175,20058.337354134117825764055,126.070514280898,0.11138106513789388,0.05930365283311489,,
2018-06-05,3682,15462,157242,205822,1147,86060,193800,52,36007,247981,240337,229985,223625,180176,23944,199708,56399,211181,123018,3894,147939,8389,191475,31305,35,204398,75900,619,1613892303,4282,856.224894908921,6521253981.104035889252388804944,0.915371780702,0.768324715343,6787957646.513283024585856804944,,5697527208.58266678463025124766,7415519889.971618200066793058447,0.17637527,0.03848075448015939490676,0.171246,0.037361673672898563048,291.371946,63.570206392496302254648,0,0,0,0,0,0,0.575722035658,48.735565969145,12.94402327851551,40.906591878562,10.864670738738562,0.000028665242112541537,0.218175453282988,,-36.3948482766233,0.211582668869546,0.0000282613156010897,0.000358686022480807,0.180768876285932,0.211582668869546,0.004536355507,29889952709.966588,22836441945.369775,3156213156.937354,29889952709.966588,29889952709.966588,8207400235.502888,29889952709.966588,29889952709.966588,29889952709.966588,5423949887.946761,12880024795.572274,29889952709.966588,96.0709291469,28246368133.540441,31106839559.470711,31112361625.556282,17912082846.197001,31018292487.459544,31112207506.283806,10653251529.176979,30488720691.403011,31112380169.427734,31112380095.193879,31112379832.165023,31112372856.670986,31112318645.74962,31111260932.673414,29810126348.191522,30847002402.101219,31085569738.698517,22456635515.139867,31112356041.159873,31112117954.288321,31103279367.540226,25438087669.287278,30310064833.382251,10009251690.028298,30979656934.868531,15914839899.762094,11659969261.758894,29892700960.920944,20740809086.041655,31112380170.966588,26114428194.598945,1652,0.01912037037,3916,638391686.897899,139281395.661040465765109642212,367335.4661411,80143.5818322521833106376068,99996.48657000001,21816.77878411597413322569282988,126.116750615467,0.11099998040983504,0.05948063747165925,,
2018-06-06,3802,15449,157459,206095,1147,86161,194061,52,36031,248296,240598,230324,223954,180407,23962,199982,56451,211472,123175,3895,147698,8066,191597,31118,35,204599,75579,602,1613892318,4320,851.855324074074,6401121844.553689349907197663584,0.900507389231,0.755848166719,6662327225.223641318614269663584,,5592078287.7391955004978491212,7398414832.459900032687799549303,0.177169,0.037938526600847424272,0.171246,0.036670190192915905248,278.50967,59.63936424480714941296,0,0,0,0,0,0,0.575957476531,44.419687117375,13.17383724938358,37.284023957395,11.05756693690692,0.000027988991525423768,0.214137499228688,,-35.01007351136691,0.218175453282988,0.0000286652421125416,0.000359325639461337,0.186213124026308,0.218175453282988,0.004541173861,29892577748.456918,22797923599.605199,3212236392.961833,29892577748.456918,29892577748.456918,8250827378.527361,29892577748.456918,29892577748.456918,29892577748.456918,5454286092.958709,12876560214.207942,29892577748.456918,96.0793672865,28239403075.944571,31106834201.150323,31112361300.42453,17919407811.741207,31018144420.469332,31112206876.494926,10663471117.857944,30487760542.037752,31112379890.906775,31112379817.318662,31112379553.868242,31112372561.215701,31112318328.096715,31111258648.824541,29808884185.236277,30846634764.146233,31085530781.707948,22464426594.630247,31112355385.704148,31112111051.345898,31103064629.503728,25290630385.061915,30299371290.578476,10018974228.709263,30977575070.199139,15842684967.493255,11670260031.439859,29892649669.218775,20751346428.213029,31112379892.456918,26114427916.089275,1572,0.018194444444,3657,700418708.71907,149985910.69808849706547668016,302397.79046106,64754.70662161219119389888928,99711.815148,21352.038739345930434565824,126.152296075129,0.1108724953797339,0.05929647423307947,,
2018-06-07,3286,15449,157679,206365,1146,86246,194331,52,36062,248709,240970,230627,224252,180651,23977,200246,56503,211745,123342,3889,147404,7880,191708,30923,34,204846,75118,589,1613892333,4319,805.870571891642,6249699121.626795131645123515584,0.881248706341,0.739683234113,6504543316.739821517961923515584,,5459641077.863874111395197157496,7381052896.796853471858696252669,0.17630281,0.03685893777294866883096,0.171246,0.035801730317664067536,269.038094,56.246740283372197085904,0,0,0,0,0,0,0.576124839195,55.544904913049,13.351729227657009,46.622065495187,11.206881990351375,0.000027272045813489954,0.209066082230616,,-35.473474611199414,0.214137499228688,0.0000279889915254237,0.000353695217632406,0.181910910233378,0.214137499228688,0.004548156871,29893414823.418824,20359055695.336292,3191965755.134003,29893414823.418824,29893414823.418824,8095346108.987899,29893414823.418824,29893414823.418824,29893414823.418824,5367987224.763148,12815591235.20741,29893414823.418824,96.0820586058,28234896147.109805,31106829713.385413,31112361010.023137,17924614707.529484,31017941921.485552,31112206618.640277,10676026884.773842,30487005196.417369,31112379621.861037,31112379547.751688,31112379283.418747,31112372275.449732,31112317991.03936,31111256625.615362,29807228079.492961,30846275347.291359,31085489900.512317,22461119897.916865,31112354986.621195,31112103326.56024,31102818194.715757,25200154659.984183,30288078473.701254,9983125182.430228,30974816370.403601,15788790136.689091,11682815798.355757,29893383633.247121,20763950015.225552,31112379623.418824,26114427647.051181,1526,0.017662037037,3502,560130216.662042,117104229.936519229105177477872,354881.30041008,74193.64313364172488193100928,140373.585017,29347.355468170488076280472,126.192242497384,0.11085154385036122,0.05932104679483102,,
2018-06-08,2320,15441,157931,206691,1147,86386,194637,52,36132,249151,241396,231017,224618,180951,24018,200563,56602,212081,123549,3888,147192,7793,191881,30843,31,204844,74848,580,1613892350,4320,769.525231481481,6135248207.413766696599214791564,0.866643969753,0.727424629472,6384734027.779059785358036791564,,5359078175.734862995460593761138,7367193738.85349453691369663168,0.17493088,0.03589848034226956292416,0.171246,0.035142286854626773572,174.581022,35.826684153194279333604,0,0,0,0,0,0,0.576144843626,75.099148661705,13.51264349828206,63.035078181512,11.341946673590533,0.000026921938026663412,0.205215227535982,,-35.39910355172428,0.209066082230616,0.00002727204581349,0.00034719395751381,0.177309300766051,0.209066082230616,0.004555582549,29896651827.837802,20304471374.717406,2998986152.047945,29896651827.837802,29896651827.837802,8039990295.523023,29896651827.837802,29896651827.837802,29896651827.837802,4457079755.676587,12776041506.59901,29896651827.837802,96.0924633778,28223882462.920238,31106819949.199351,31112360804.032501,17925236992.381203,31017770333.107954,31112206178.791367,10678925380.242783,30486121689.957119,31112379447.276499,31112379372.915054,31112379107.803303,31112372083.346413,31112317705.532282,31111256001.141597,29804949338.739831,30845824200.570342,31085451689.143826,22457393017.52222,31112353202.893461,31112096530.948311,31102585189.053316,25154642854.77946,30280119744.23018,9841469576.122432,30972678625.468415,15743177027.331716,11685786766.824698,29891472670.123897,20767731617.619937,31112379448.837802,26114427472.470159,998,0.011550925926,2196,414284049.863042,85017395.557172276554226977244,298690.06445968,61295.74954083036167658820576,267081.544497,54809.199924613356201591054,126.21332559755,0.11060690111038009,0.05931797792665904,,
2018-06-09,2124,15445,158247,207126,1147,86556,195045,52,36178,249655,241885,231496,225084,181323,24032,200988,56713,212526,123785,3890,147073,7699,191686,30740,30,205256,74641,568,1613892366,4319,720.942116230609,6035631903.42098441848164303033,0.854131011842,0.716921776363,6280640577.38356781707302203033,,5271706491.169905752322216765733,7353252007.369670941343979979799,0.17465332,0.03525717907086593700428,0.171246,0.034569345072681746034,141.294532,28.523057085076867727228,0,0,0,0,0,0,0.575814007269,77.651093046019,13.76346402124362,65.177073295869,11.552474899303935,0.00002671584395090592,0.201869503945679,,-31.484731007732776,0.205215227535982,0.0000269219380266634,0.000341952326471538,0.174564068395242,0.205215227535982,0.004564444222,29898681006.54327,20277521803.753446,3100283020.539563,29898681006.54327,29898681006.54327,7978431726.31642,29898681006.54327,29898681006.54327,29898681006.54327,4198121076.204156,12710764330.383819,29898681006.54327,96.0989859085,28219246069.467964,31106806559.310369,31112360630.974234,17914943804.759154,31017587382.630662,31112205598.804118,10673100275.230978,30484361038.505673,31112379305.979395,31112379231.555833,31112378966.061837,31112371929.446902,31112317469.751406,31111253100.184187,29801076394.183547,30845301600.680029,31085387960.198903,22453538817.50423,31112352917.415455,31112066560.669563,31102360064.103706,25102876095.955933,30271076133.590206,9787404866.17943,30970667703.519053,15675335929.094698,11680037608.812893,29890932743.058276,20767462651.23419,31112379307.54327,26114427331.175627,809,0.009363425926,1816,400668916.393807,80882835.398870551554300009953,304557.92541055,61480.95732535283380097351345,366053.911852,73895.121602938546862287508,126.231102927285,0.11041571538828794,0.058204021399447095,,
2018-06-10,3497,15459,158798,207788,1146,86898,195686,52,36304,250423,242636,232230,225792,181936,24103,201646,56949,213191,124257,3895,141641,6664,190308,28837,26,205367,69636,468,1613892382,4320,815.189814814815,5164547342.006951021246783579304,0.741039870501,0.62210868855,5373879306.226028777140929579304,,4511413138.082992691864700585738,7251808600.518060783017462571794,0.1752266,0.0302659786150050947156,0.171246,0.029578430294859127836,236.030226,40.768272468967722348516,0,0,0,0,0,0,0.575356486094,31.414968707495,12.25248639583811,26.373108602432,10.286056859581103,0.000025608830410854913,0.172724795293666,,-33.12020094456685,0.201869503945679,0.0000267158439509059,0.00033873357933657,0.171766851192963,0.201869503945679,0.004577797444,29900439790.513044,20259987002.975456,3277130987.323188,29900439790.513044,29900439790.513044,7894897518.976996,29900439790.513044,29900439790.513044,29900439790.513044,4392381212.480586,12657183354.315123,29900439790.513044,96.1046396413,28202932340.625688,31106792577.640119,31112360371.901277,17900709096.598288,31017289862.257099,31112205030.627911,10663161454.588819,30481611194.669675,31112379069.94607,31112378995.409343,31112378729.106734,31112371670.089864,31112317193.180072,31111250466.744665,29795245756.988145,30844395348.719632,31085325727.890861,22451439533.009559,31112349860.324813,31111961335.937065,31099217223.682506,24539650539.677285,30162485588.174148,9565600628.40659,30942443232.940942,15149666655.557285,11670552743.486102,29885657314.143606,20771825409.185995,31112379071.513044,26119082268.487893,1347,0.015590277778,3372,990367979.073933,171061106.450946770211460608378,506919.87213774,87557.63114528248443450155484,451188.843171,77931.500575496947763654886,126.286044518196,0.11058218168858527,0.060047517015549556,,
2018-06-11,4504,15476,158763,207670,1138,86944,195590,52,36348,250374,242573,232158,225726,181856,24133,201539,56999,213093,124274,3892,142364,6820,190377,29106,27,205282,70322,479,1613892397,4320,876.875,5331105958.78257009181988023131,0.765480009967,0.642626373175,5545183654.46822940637059523131,,4655224452.709499389820482806975,7244060696.906279695226093320479,0.18334659,0.03267800639904466474515,0.171246,0.03052130876178718491,257.601958,45.91259882133850958343,0,0,0,0,0,0,0.574834525894,30.71408824889,13.08575252406679,25.784714009192,10.985590185647798,0.00002602117157354808,0.178230783561585,,-32.84783104581208,0.172724795293666,0.0000256088304108549,0.000331349402901566,0.146853534985118,0.172724795293666,0.004575205511,29911252434.911086,20224161562.771812,3472939324.672236,29911252434.911086,29911252434.911086,7794540966.021795,29911252434.911086,29911252434.911086,29911252434.911086,4394580339.82964,12629341237.63712,29911252434.911086,96.1393939493,28200189627.593893,31106801014.163075,31112360075.890376,17884469524.942615,31017342481.434755,31112205021.540529,10675708212.299424,30481474284.289149,31112378812.340783,31112378737.748969,31112378471.282974,31112371398.141699,31112316973.948858,31111251582.102076,29794297372.856484,30844517918.918686,31085358210.324412,22447706321.559638,31112349746.271651,31111970740.429461,31099651182.710387,24621965864.655456,30175182819.15008,9635806952.976467,30946179535.695068,15220703385.921462,11683675360.196707,29881479775.599451,20772035760.384314,31112378813.911086,26119082010.885935,1405,0.016261574074,3488,1012967683.162001,180542023.892526810425315331585,819132.57495849,145994.64067567043230573360665,449999.82893,80203.82211277310611965405,126.377878285395,0.11059450244665668,0.060147067588399813,,
2018-06-12,3911,15480,158755,207693,1137,86925,195577,51,36337,250641,242797,232315,225815,181833,24133,201529,56992,213148,124277,3900,139700,6317,189594,28266,24,205041,67772,425,1613892412,4319,832.67585089141,4842245468.41505710384590923498,0.699880462223,0.587555045793,5035943683.91941449552046923498,,4227713561.84995065851994723304,7195434014.433113398828439693089,0.17825814,0.0288534016573558530516,0.171246,0.02771839546971353124,283.965219,45.96346916065666214586,0,0,0,0,0,0,0.574277192044,38.750477209447,12.207654266702468,32.531324476415,10.24841990717927,0.000024800133650496093,0.16186302436094,,-41.897080979989084,0.178230783561585,0.0000260211715735481,0.000336683734997394,0.151603874662848,0.178230783561585,0.004578733774,29915698705.945867,20250717318.876586,3169774998.402037,29915698705.945867,29915698705.945867,7829648016.420349,29915698705.945867,29915698705.945867,29915698705.945867,4474632369.008445,12684101130.181629,29915698705.945867,96.1536858301,28202233882.07372,31106803337.032383,31112359715.491944,17867129379.990714,31017285176.807288,31112204425.982505,10654244861.376946,30481354624.626833,31112378528.366695,31112378453.274929,31112378184.727857,31112371094.887141,31112316424.006249,31111250196.875766,29794101095.789956,30844513691.814056,31085360179.898602,22451357240.426917,31112347850.118611,31111924616.007859,31098080257.567298,24324859455.920081,30125724905.325331,9467772299.605538,30931139647.207808,14888696433.137566,11693055782.274229,29883795690.013306,20768482691.922015,31112378529.945867,26119081726.920716,1593,0.0184375,3723,802890203.43629,129958236.5579682807692545126,558269.48027159,90363.1864851696848973876946,364637.129018,59021.26849714375577975692,126.444683629768,0.10246392208831,0.06082947749172395,,
2018-06-13,3515,15477,158952,207941,1136,87050,195807,51,36388,251124,243239,232693,226113,182053,24153,201781,57083,213399,124462,3882,139247,6152,189569,28125,24,205253,67407,420,1613892427,4320,845.812037037037,4731562179.09910234017490601352,0.684939670176,0.575012134634,4917914833.00915205413593401352,,4128627424.004188503290387569998,7180070080.836481613710245878783,0.17570784,0.02777403211670454954048,0.171246,0.027068751763479576612,284.646707,44.993933009091624588954,0,0,0,0,0,0,0.574796551536,45.545472954813,12.335877929086395,38.235775743482,10.35606464254915,0.00002506446774130644,0.158069395860222,,-40.5936589829083,0.16186302436094,0.0000248001336504961,0.000330443242563117,0.137999864572362,0.16186302436094,0.004581304203,29933448871.29916,20201751122.238666,3090522742.616937,29933448871.29916,29933448871.29916,7805343824.901759,29933448871.29916,29933448871.29916,29933448871.29916,4485876008.577377,12700171873.785229,29933448871.29916,96.210738489,28196770275.444093,31106797787.441046,31112359408.066765,17883287725.479119,31017145134.503252,31112203819.154487,10667337739.534594,30480388338.018973,31112378243.71131,31112378168.116906,31112377897.188894,31112370785.240678,31112316153.317319,31111248926.410852,29791238062.909786,30844172569.748172,31085347039.750566,22440219436.036925,31112347324.340955,31111908122.639905,31097669877.464416,24220132883.781199,30113026614.663207,9475845854.616518,30927954887.353784,14875184615.786019,11706850379.431877,29883466497.367959,20787336218.304481,31112378245.29916,26119081442.274009,1620,0.01875,3849,683105833.068566,107978126.341741887071477981652,455797.93784171,72047.70466897411915152145962,382842.23271400004,60515.64043488050546247834240888,126.501072834122,0.10221533055203533,0.060614294421095845,,
2018-06-14,7256,14518,159379,208480,1145,87115,196307,56,35831,251912,243995,233389,226703,182531,23334,202301,56855,213958,124784,3888,141845,6541,190816,28113,32,205969,69381,461,1613892443,4320,980.268981481481,5093734054.7233721404590754819,0.739844319716,0.621105009301,5294282116.3979318333015254819,,4444590646.329886441422206112875,7155940750.388307612101075982476,0.17765426,0.0302307904572782550715,0.171246,0.02914031975730315765,520.704644,88.6064481814039866871,0,0,0,0,0,0,0.587940530702,5.476222304416,13.287756698616617,4.597330836611,11.155174173748112,0.000025667017504381652,0.170166425827775,,-33.41855553861511,0.158069395860222,0.0000250644677413065,0.000333162758927147,0.13407144433272,0.158069395860222,0.0045222365,29933837006.594516,20189955058.060803,3814309163.150074,29933837006.594516,29933837006.594516,8008349180.359519,29933837006.594516,29933837006.594516,29933837006.594516,4932715889.817363,12790659330.722327,29933837006.594516,96.2119876262,28149812641.049032,31106785647.033804,31112358840.176772,18292227870.809611,31016574403.904838,31112202771.920612,11049945825.114509,30472186086.908796,31112377723.000665,31112377646.953704,31112377373.32041,31112370249.141025,31112315450.318609,31111246658.782105,29768201341.913127,30841757195.428783,31085271082.750798,22834201495.708516,31112347840.882104,31111952742.74615,31098987230.4406,24837146975.26227,30140605131.629156,10044048168.40356,30939191200.428243,15494790659.536868,12016584009.838482,29937772248.041659,21184942603.857059,31112377724.594516,26119080921.569365,2931,0.033923611111,6566,5681357694.24543,966776332.67887376104176081825,15344785.9655888,2611167.38285644931870526892,804999.725525,136983.926084929145921456875,129.739460186308,0.08940468187865035,0.0626675286536042,,
2018-06-15,3572,14509,159143,208288,1145,86905,196102,56,35796,251889,243951,233300,226553,182316,23339,202096,56745,213772,124579,3882,139910,6187,189996,27537,30,205606,67536,432,1613892477,4319,886.449178050475,4827367376.02761425911641693647,0.705476913131,0.592253305627,5017299244.89494613304646493647,,4212061384.010475092371391311324,7111925495.375612734799252369117,0.18487361,0.02981341508884468308806,0.171246,0.027615775341349674516,256.604571,41.381020194920826122466,0,0,0,0,0,0,0.58851051003,6.536994420308,12.603696451796566,5.487857195938,10.58090030695662,0.000025198747243595517,0.161263768738246,,-35.71947779900326,0.170166425827775,0.0000256670175043817,0.000328682865562269,0.147230676583968,0.170166425827775,0.004517598435,29934605979.989945,20170559603.015924,3956375926.70913,29934605979.989945,29934605979.989945,8055472571.075917,29934605979.989945,29934605979.989945,29934605979.989945,5055895656.449721,12806596720.182312,29934605979.989945,96.2144600193,28151186947.406909,31106780652.499732,31112358555.229505,18309961131.946054,31016597993.938157,31112202367.914913,11049805800.344095,30473895363.568263,31112377466.390671,31112377389.993762,31112377114.789858,31112369968.560601,31112315122.872759,31111245653.384873,29772116000.316516,30842438618.180072,31085293054.192581,22845107730.072475,31112346552.517981,31111915339.172319,31097959058.890041,24632109459.640703,30109267027.402742,9922008268.803685,30929291631.292876,15332353052.521418,12016900372.972178,29940982933.295554,21201413855.50086,31112377467.989945,26119080664.964794,1388,0.016064814815,3080,4759431547.216526,767523868.355838196636379453396,6149890.17636066,991754.46716623638170443180236,472125.582184,76136.750700730331857009264,130.348275602437,0.08884067800488825,0.06309196127223148,,
2018-06-16,2528,14506,159366,208573,1142,87035,196371,52,35848,252346,244377,233686,226898,182569,23364,202372,56829,214071,124786,3880,140264,6173,190367,27615,26,205894,67762,429,1613892507,4320,786.232407407407,4852536411.73503934368406255521,0.709428270186,0.595570499603,5043380520.38544711044618655521,,4233956810.641188147199207822003,7109077453.405530697575763585567,0.17517559,0.02839632441406970717263,0.171246,0.027759329770841822622,197.948415,32.087846312325263093655,0,0,0,0,0,0,0.588329284959,3.881529965868,12.597343958304558,3.258574317022,10.575567326848635,0.00002495676570630154,0.162102062359657,,-32.34738162884606,0.161263768738246,0.0000251987472435955,0.000331477941536559,0.139205191527913,0.161263768738246,0.004523622465,29935068938.04153,20082007126.71512,3434821940.471269,29935068938.04153,29935068938.04153,8026690399.919962,29935068938.04153,29935068938.04153,29935068938.04153,5038846638.764674,12767623607.065751,29935068938.04153,96.2159486503,28142075565.64026,31106773902.444961,31112358310.069,18304322672.658333,31016435705.525214,31112201931.571471,11044835275.470792,30472880693.511269,31112377268.435542,31112377191.737764,31112376915.468115,31112369742.798285,31112314829.476357,31111244097.746647,29769505325.968304,30842011585.951128,31085276544.79764,22841007366.692515,31112346338.518971,31111921326.008104,31098034740.63864,24617843730.315861,30110163027.337626,9916261394.953382,30929768391.043012,15329519045.998036,12080052091.789266,29940143787.892434,21209012305.294459,31112377270.04153,26119080467.016379,1130,0.013078703704,2538,8015493257.458365,1299327987.863926104146333180805,20655416.59707591,3348285.62928389334858095056287,361339.7904985,58573.9252524132429383190145,132.033247235128,0.0886081015139837,0.06291001426038356,,
2018-06-17,2312,14509,159566,208796,1142,87157,196586,52,35903,252716,244711,233989,227154,182768,23381,202596,56909,214306,124947,3876,140177,6074,190461,27581,26,206105,67636,426,1613892522,4320,745.956712962963,4805796707.006200328711040773592,0.703560113441,0.590644136135,4994398704.251162555067900773592,,4192836193.853951304226848378954,7098751917.342065831084541088394,0.17500562,0.02809325174017976913156,0.171246,0.027489728544139466748,182.180846,29.245074351994653271548,0,0,0,0,0,0,0.588234641717,3.580655140808,12.352767147393116,3.005987579508,10.370243197795622,0.000024885339861145035,0.160527711853938,,-33.93861495107327,0.162102062359657,0.0000249567657063015,0.000325949909385944,0.139575392001764,0.162102062359657,0.004527391395,29937489617.860684,19974418791.749408,3172895434.195872,29937489617.860684,29937489617.860684,8000567919.790894,29937489617.860684,29937489617.860684,29937489617.860684,5054029483.464688,12467819730.419934,29937489617.860684,96.2237296537,28137180554.763438,31106772638.878799,31112358088.903311,18301377989.254185,31016342082.174069,31112201623.950044,11042232288.642217,30472229834.576809,31112377086.247763,31112377009.320037,31112376731.891259,31112369547.743787,31112314642.478799,31111242524.955245,29766642487.805747,30841720217.556948,31085247220.068612,22832023688.985865,31112346049.59777,31111913580.422398,31097857525.402719,24549156871.436406,30104321607.220199,9913658408.124807,30928209790.407314,15306877007.239097,12075235581.2238,29938900683.475815,21211995455.365324,31112377087.860684,26119080284.835533,1041,0.012048611111,2235,8689018032.840502,1394828183.069491295078674596876,24342116.52028943,3907584.26668400555249764527534,347071.883014,55714.655229075070591209132,133.781897115629,0.08859274688365053,0.06270663043827186,,
2018-06-18,2818,14492,159333,208590,1139,86846,196374,53,35595,252637,244607,233844,226961,182547,23263,202390,56565,214090,124699,3865,140402,6158,190390,27563,27,205917,67703,433,1613892539,4320,812.972222222222,4900130515.257932033044646880242,0.716855366178,0.601805602496,5092131587.807860563891770880242,,4274883697.291745320121904448791,7103429545.285815188590956565364,0.18008426,0.02947421060790772422226,0.171246,0.028027661438938451046,203.135042,33.246909028885595509642,0,0,0,0,0,0,0.589670805185,5.914012739367,12.68827104614133,4.964859255725,10.651901292542776,0.00002441431603598763,0.163668999211301,,-32.15094778394404,0.160527711853938,0.0000248853398611451,0.000323755061055693,0.138411741196694,0.160527711853938,0.004523899537,29939270960.725642,19879676271.337074,3150198586.66362,29939270960.725642,29939270960.725642,7968727791.916043,29939270960.725642,29939270960.725642,29939270960.725642,4661529201.343351,12418938524.58693,29939270960.725642,96.2294557939,28165526661.666002,31106769937.837887,31112357891.671042,18346060328.832909,31016209159.720508,31112201299.191029,11106027884.217598,30473094719.434432,31112376883.107832,31112376805.874461,31112376527.23727,31112369332.502575,31112314432.797841,31111241794.212399,29777277094.916046,30841392010.182717,31085233979.464924,22863755428.830246,31112345948.210435,31111922061.290624,31098138285.601657,24639564455.239097,30120476274.066996,9978903589.248688,30930436792.769266,15403819341.124801,12117710029.032574,29958290122.780798,21257705707.65238,31112376884.725642,26119080081.700491,1128,0.013055555556,2458,5260789628.947383,861028173.631009708665827975283,16378673.5355645,2680681.1059744627116738144145,321827.78069100005,52673.23078409003838023895156505,135.075877542626,0.08832316911145378,0.06299088886225503,,
2018-06-19,3954,14492,158613,207853,1138,86401,195634,53,35646,252093,244030,233215,226269,181807,23274,201645,56378,213366,124047,3867,140096,6176,189779,27715,29,205191,67781,444,1613892555,4318,837.005326540065,4974455184.698102200088173477988,0.727165674748,0.610461185015,5169130312.063197436866133477988,,4339524712.703773544685413355064,7108600545.331517557825755608496,0.18258323,0.03033508239793823998652,0.171246,0.028451471256792487704,254.703605,42.31743980390156473802,0,0,0,0,0,0,0.589888197577,3.662479552642,12.749317523342624,3.074679795046,10.703150263698783,0.000024677852429674063,0.166143858874324,,-34.73770745914506,0.163668999211301,0.0000244143160359877,0.000316665972592995,0.140787177367719,0.163668999211301,0.004501444553,29940650340.022037,19711047262.149676,3258338021.034544,29940650340.022037,29940650340.022037,8009713978.651843,29940650340.022037,29940650340.022037,29940650340.022037,4598026206.616764,12420902519.301193,29940650340.022037,96.2338901205,28167188711.16657,31106773705.882875,31112357595.882132,18352823772.617591,31016679961.928419,31112200967.93189,11109455592.412233,30478743439.336313,31112376628.398115,31112376550.746189,31112376270.695295,31112369062.677604,31112314058.933474,31111241585.332833,29780846483.085452,30843410696.560847,31085286733.78691,22876747741.122403,31112345719.631453,31111929636.94967,31098390712.665177,24659558171.757443,30132679819.775588,10098862969.916041,30933854143.954755,15481547571.589021,12120340379.905991,29956640054.012177,21259101822.045726,31112376630.022037,26119079826.996886,1395,0.016145833333,3097,8494894287.555028,1411374517.663843692290286301072,25316435.58375041,4206170.30082754245180877347284,411578.121843,68381.177391242720096259132,137.595936885555,0.08833663140562342,0.06196063234144954,,
2018-06-20,2749,14497,158851,208097,1137,86592,195884,52,35732,252527,244436,233572,226559,182050,23321,201900,56501,213633,124266,3867,139693,5979,189853,27567,27,205428,67326,432,1613892577,4320,812.728472222222,4844266056.576426589235213225544,0.710304519968,0.596306114834,5033353392.813831493111059225544,,4225538937.001956880349972178501,7086190853.806044353699567729525,0.17487937,0.02829194591911421374141,0.171246,0.027704140121642893878,237.136429,38.363879196956550619897,0,0,0,0,0,0,0.589472637268,4.54669340736,12.40961533184925,3.816984131263,10.417967642170872,0.000023955993601327507,0.161779779508093,,-34.362967188433494,0.166143858874324,0.0000246778524296741,0.00030934958269608,0.143599328869777,0.166143858874324,0.004505825945,29943581770.885608,19660830527.259429,3266532074.487832,29943581770.885608,29943581770.885608,8045729489.734928,29943581770.885608,29943581770.885608,29943581770.885608,4547046633.142758,12444750993.342428,29943581770.885608,96.2433129272,28155431243.29205,31106771321.739039,31112357304.916754,18339894564.001223,31016599893.390067,31112200654.329636,11041438781.098341,30477554320.287862,31112376391.255511,31112376313.247802,31112376031.4305,31112368812.671359,31112313819.705804,31111240429.952148,29777392799.529726,30842900685.841499,31085269118.416475,22864999247.00087,31112345373.203684,31111918563.182837,31097997074.408337,24528174890.964066,30117651122.663413,9969162085.827949,30929890060.432723,15398902246.344462,12095065641.120309,29952966054.749514,21256147189.830787,31112376392.885608,26119079589.860457,1356,0.015694444444,3015,6842857788.15028,1107036024.17218925934276021604,17216587.9411088,2785295.8009942744957169935184,400000.068084,64711.922817851708029003812,139.264341915629,0.08799173311840223,0.061911697260288195,,
2018-06-21,2896,14500,159035,208338,1138,86720,196105,53,35791,252933,244809,233901,226835,182252,23362,202131,56581,213874,124433,3869,139239,5878,189813,27423,25,205625,66950,425,1613892630,4317,806.93907806347,4733427571.990884905938172012124,0.695729187152,0.584070009863,4918188525.920667584390296012124,,4128857138.509936447785138256782,7069113408.989509416006173030512,0.17567996,0.02777117244123156459832,0.171246,0.027070260010710046332,228.910986,36.185837393737706375412,0,0,0,0,0,0,0.589328763629,3.884837401192,12.030962986792217,3.261350912297,10.100086068145801,0.00002352223572058169,0.158078203349042,,-28.53213814292312,0.161779779508093,0.0000239559936013275,0.000302240178902237,0.139823015692665,0.161779779508093,0.004509805821,29943581541.974622,19583871392.951843,3210928849.067955,29943581541.974622,29943581541.974622,7939535387.411087,29943581541.974622,29943581541.974622,29943581541.974622,4544398355.904384,12394276056.533184,29943581541.974622,96.2433128995,28148306744.191495,31106766654.799603,31112357061.337062,18335418178.286466,31016514509.894273,31112200163.916104,11075623639.331063,30476742037.694425,31112376162.338899,31112376083.996714,31112375800.661738,31112368562.867925,31112313518.164672,31111238639.351814,29775752899.011196,30842529767.541349,31085256031.515125,22861380045.393294,31112344867.723653,31111901927.903559,31097596933.42466,24460218255.672298,30104432273.479366,9844707184.441089,30926695365.968177,15348866712.899738,12089279011.775613,29951310012.975728,21256270864.422386,31112376163.974622,26119079360.949471,1303,0.015081018519,2942,8008668819.557778,1265995978.213186583029019948676,23519516.33638112,3717922.88609356999381049888704,285713.0282,45165.0021712701713889844,141.488358769118,0.08800083320105442,0.05934206306410605,,
2018-06-22,3060,14526,159339,208687,1138,86933,196448,52,35902,253440,245287,234346,227222,182578,23405,202476,56757,214234,124703,3874,135927,5306,188978,26339,22,205685,64036,368,1613892646,4320,792.459490740741,4145029937.711615729908266471012,0.612622548373,0.514343540144,4306636680.642983543333640471012,,3615751268.570818469117551504077,7029837037.633344178487252634744,0.17643468,0.02442243776537903958036,0.171246,0.023704210405630565442,244.538466,33.849498676372798406382,0,0,0,0,0,0,0.5885635281,4.169057573887,10.512869665782556,3.500243073506,8.826359093913107,0.000022843509731689266,0.138421980108327,,-30.67537305860996,0.158078203349042,0.0000235222357205818,0.000300751220460821,0.136333165483647,0.158078203349042,0.004518756809,29944882557.436156,19784939869.108105,3618770874.776051,29944882557.436156,29944882557.436156,8120933086.127794,29944882557.436156,29944882557.436156,29944882557.436156,4570660722.77956,12604504090.626376,29944882557.436156,96.2474953214,28141293177.979481,31106760465.988712,31112356784.268421,18311609738.719716,31016386582.495363,31112199837.742624,11032204676.638221,30475281712.420224,31112375917.795684,31112375839.20969,31112375554.538533,31112368306.10505,31112313225.829121,31111237168.714863,29769921954.037476,30842173104.50676,31085229409.321792,22848401659.075873,31112342625.950736,31111821782.908356,31095140669.704778,24058068468.821733,30022804038.250118,9624729191.371982,30905449777.300886,14940109949.050413,12076301717.29281,29946344729.119207,21242421535.01871,31112375919.436156,26121221974.582251,1386,0.016041666667,3346,7462687997.955706,1033000049.607675379572427763862,20605619.26710989,2852270.62031164476973041305403,338496.915971,46855.413369267797996390517,143.704404141083,0.08835253492646956,0.061186251733214535,,
2018-06-23,2739,14525,159583,208971,1138,87096,196738,52,35964,253875,245692,234710,227537,182848,23417,202755,56864,214530,124920,3879,136038,5290,189244,26331,22,205969,64093,366,1613892669,4320,796.82662037037,4127641445.932710577426273581692,0.611396142311,0.513313877664,4287712380.885929307893869581692,,3599862865.052186516612462126712,7012985663.725839387726519450655,0.17535957,0.02416695550849093249812,0.171246,0.023600049104859450936,215.692269,29.725354986035025042804,0,0,0,0,0,0,0.588632370038,3.841234408718,10.354301137309198,3.225010419437,8.69322866056268,0.00002232081068188684,0.137813724728516,,-33.43861962443258,0.138421980108327,0.0000228435097316892,0.000298988816442423,0.118906510797596,0.138421980108327,0.004523884413,29950873572.743887,19733029531.993653,3685704043.360485,29950873572.743887,29950873572.743887,8152333076.435275,29950873572.743887,29950873572.743887,29950873572.743887,4443645781.495111,12578120468.222818,29950873572.743887,96.2667520409,28136147210.387072,31106753661.483747,31112356544.516657,18313751448.002407,31016246726.314942,31112199650.85207,11033564213.878863,30474144177.176399,31112375702.096763,31112375623.196739,31112375337.110644,31112368081.035987,31112312925.275629,31111235737.726027,29766040996.232069,30841687303.558187,31085204890.718378,22855470082.611948,31112342377.909369,31111820110.320294,31095041297.385685,24049154398.1309,30017585723.886154,9626135417.315518,30904640839.435025,14925400539.177759,12076912029.954037,29945006510.489559,21249211660.943465,31112375703.743887,26121221758.889982,1230,0.014236111111,2827,8099577477.784538,1116232940.940686237205192485608,26220684.80173457,3613570.23745943116025914199812,399904.657596,55112.350399586589037207536,146.086925734299,0.08818702455277701,0.06052189022955594,,
2018-06-24,3438,14530,159815,209229,1135,87289,196987,52,36023,254240,246038,235009,227792,183090,23420,203017,56977,214784,125126,3884,134836,5060,188898,25930,19,206155,63105,342,1613892688,4320,802.159953703704,3917812400.567400267573211540242,0.583595656232,0.48997324007,4069746115.630138886145865540242,,3416863489.716388390848098856472,6973571636.746386552336696147292,0.17704057,0.02315831439221425827338,0.171246,0.022400338557479355564,257.771074,33.718506288760404427316,0,0,0,0,0,0,0.588308190896,3.829275642695,9.732946782185126,3.214970114557,8.171554087779194,0.00002128174157142085,0.130807952054234,,-33.41883650529679,0.137813724728516,0.0000223208106818869,0.000289984439576421,0.118286736487588,0.137813724728516,0.004523911784,29950873314.972813,19685278749.463431,3238993437.035309,29950873314.972813,29950873314.972813,8125299362.571496,29950873314.972813,29950873314.972813,29950873314.972813,4433194376.522165,12535954616.171511,29950873314.972813,96.2667520099,28132552517.623203,31106751428.844532,31112356284.215536,18303665313.088382,31016233899.68931,31112199170.013234,11032906844.533191,30472540431.320867,31112375444.321038,31112375365.084623,31112375078.272174,31112367820.119299,31112312718.195174,31111234690.010375,29760496767.46031,30841208167.92301,31085187724.518908,22858260779.948281,31112341587.946671,31111775371.501688,31093975575.776629,23875862106.817487,29982288159.86075,9401580089.580745,30895967096.142679,14743260857.14805,12075411846.05266,29942427413.092916,21251861416.184191,31112375445.972813,26121221501.118908,1456,0.016851851852,3489,8124872260.193935,1062797901.05822408233047787079,23407342.26403327,3061866.50459070910891062036518,314815.12121749995,41180.3212821665983037122922883,148.711870105969,0.08824559135697732,0.06051532752086597,,
2018-06-25,3705,14545,160291,209730,1134,87642,197480,52,36176,254936,246705,235632,228355,183573,23477,203512,57215,215322,125555,3884,136201,5230,189718,26300,21,206700,64107,357,1613892704,4319,844.562630238481,4044782768.933804397133548430989,0.603133333322,0.506400574919,4201154423.891589541714824430989,,3527357713.53244772008192250004,6965548398.320963567343183670278,0.17529751,0.02367070678116117888561,0.171246,0.023123624821862713506,287.838514,38.867300883048235681854,0,0,0,0,0,0,0.587895772838,3.660285318637,9.86401241639832,3.073235199115,8.28198556222848,0.0000216274291085514,0.135031620136311,,-30.720771432902595,0.130807952054234,0.0000212817415714208,0.000287876728454222,0.11222491475703,0.130807952054234,0.004534038163,29954337842.134299,19619310824.57234,3761996478.308115,29954337842.134299,29954337842.134299,8185607092.340039,29954337842.134299,29954337842.134299,29954337842.134299,4564632173.065663,12547127817.374435,29954337842.134299,96.2778884283,28118912923.667054,31106748572.140663,31112355920.388461,18290833838.419661,31016039640.300343,31112198694.651082,11024074796.699185,30470111109.465966,31112375156.477221,31112375076.930383,31112374788.430231,31112367517.040764,31112312337.326869,31111233436.480356,29752634881.354639,30840254258.976486,31085155532.454595,22840904449.338383,31112341576.815336,31111799571.688196,31094649536.434287,23987314912.592133,29998112133.981636,9541645086.351369,30900818310.318786,14846543600.99403,12065874772.253715,29935618282.538076,21247178426.743421,31112375158.134299,26122457169.45164,1642,0.01900462963,3828,8499986326.127105,1147766924.753432950160811809655,24069242.52105802,3250108.81307225107188033976422,396327.139374,53516.695733660754575209314,151.673299527777,0.08825861239476873,0.061074396682604615,,
2018-06-26,2131,14547,160450,209930,1134,87765,197670,52,36219,255256,247004,235901,228591,183748,23495,203698,57296,215539,125707,3884,134574,4833,189149,25750,19,206736,62896,322,1613892720,4319,767.599212780736,3787118204.544441391881159338085,0.566973445314,0.476040143235,3931035611.641674888545607338085,,3300561553.793331237062080764756,6933368121.78750311588228164018,0.17568117,0.02219724259770570558327,0.171246,0.021636860716983563226,162.680764,20.554646718758241600084,0,0,0,0,0,0,0.588000943436,3.957166513765,9.118790058012596,3.322501485006,7.656284718830136,0.000020726199855766052,0.126349583155131,,-34.10634409698465,0.135031620136311,0.0000216274291085513,0.000294062062668576,0.11552905458261,0.135031620136311,0.00453622562,29973333587.453535,19598356601.302138,3713896491.885317,29973333587.453535,29973333587.453535,8211209241.709188,29973333587.453535,29973333587.453535,29973333587.453535,4523025728.340877,12538577829.928914,29973333587.453535,96.3389442041,28115238722.114442,31106744506.61606,31112355723.568044,18294105849.866665,31015969527.176766,31112198512.582267,11010221105.295063,30469129775.480212,31112374993.792615,31112374914.024573,31112374624.604712,31112367342.574593,31112312072.738436,31111232137.357834,29749990066.955736,30839963389.728606,31085145602.858715,22840371443.326731,31112340158.395566,31111741196.991533,31093279676.060143,23683381927.368388,29952169819.437409,9377680725.174166,30890666720.897281,14577554087.929758,12059969899.023214,29934188196.71277,21252353025.529254,31112374995.453535,26122457006.770876,926,0.010717592593,2085,7862286028.962314,993396562.405798590574014733134,30996503.58281378,3916395.30695504566695922450518,441911.4765265,55835.3308505917327145324715,153.750535182526,0.08837284850724808,0.06187077329050438,,
2018-06-27,4750,14511,159647,208458,1131,87409,196683,54,36102,253698,245422,234269,226953,182838,23451,202443,57112,213923,125056,3876,134105,4850,188394,25768,19,205397,62811,325,1613892736,4320,895.077777777778,3822137692.944958004587468009672,0.565669100199,0.474944993106,3964799056.787011293587809009672,,3328909887.470699485405911880407,7009043017.179053972943303719385,0.19300558,0.02459562626792177772194,0.171246,0.021822698679885486978,250.328231,31.900526471752737218833,0,0,0,0,0,0,0.589073326177,3.498013756796,9.069911624451226,2.936989344157,7.615245578066904,0.00002075759184247509,0.127434793687943,,-26.461201162891275,0.126349583155131,0.000020726199855766,0.000292142437765206,0.108463566530293,0.126349583155131,0.004498583926,29992889558.125304,20235423797.31352,4142367403.468295,29992889558.125304,29992889558.125304,8901644816.623175,29992889558.125304,29992889558.125304,29992889558.125304,5240854985.834372,13211952762.175445,29992889558.125304,96.4018009034,28123498561.514439,31106773940.583051,31112355708.368493,18327470076.377632,31016690821.109296,31112204165.660593,11097505573.813078,30471866787.48321,31112374743.459763,31112374663.320754,31112374373.617694,31112367094.778182,31112313562.917127,31111242265.114705,29757097830.336227,30841541061.78702,31085269386.105763,22868753121.282486,31112340877.913681,31111763442.48936,31093543429.22754,23731242422.933085,29964006800.068662,9368476957.694483,30892998666.947939,14653778441.559922,12099114964.301224,29932107305.16416,21269787470.51702,31112374745.125304,26122456757.158449,1297,0.015011574074,2918,8894297423.697349,1133442957.188074617014382363107,25116207.50668274,3200678.72183768022934266420382,534358.705577,68095.891400561271551758111,156.106161604263,0.08547102613386828,0.05973811127852684,,
2018-06-28,2830,14532,159849,208714,1132,87546,196928,54,36162,254112,245792,234573,227219,183055,23487,202692,57195,214172,125231,3883,132106,4507,187721,25083,17,205447,61332,292,1613892753,4319,809.206529289187,3547195587.630867032224028726859,0.528521900587,0.443755598419,3679436717.417357176663520726859,,3089315013.374531683869133882644,6961748819.353533077183084959689,0.17560296,0.02076729882937155307368,0.171246,0.020252032513202288718,236.537181,27.973550799395107950573,0,0,0,0,0,0,0.588451814881,3.91307157239,8.323331051886788,3.285478643991,6.988404354982042,0.000020186065612013574,0.118262806215633,,-41.25861295124095,0.127434793687943,0.0000207575918424751,0.000288526055457197,0.110221330519038,0.127434793687943,0.004505152637,29994177384.588123,20164676759.29503,4197831167.441672,29994177384.588123,29994177384.588123,8860258252.858352,29994177384.588123,29994177384.588123,29994177384.588123,5259942668.907844,13184910646.387179,29994177384.588123,96.4059409105,28119510187.405036,31106768891.612259,31112355466.039989,18308133244.825984,31016591580.565934,31112203736.781708,11095527925.434867,30471190358.365094,31112374506.913359,31112374426.290473,31112374135.900423,31112366846.899902,31112313242.908476,31111239909.04148,29755163430.110406,30841124101.462271,31085245702.787783,22862152844.222608,31112338963.273912,31111688929.549517,31091754353.554744,23438251484.585687,29903495391.025515,9200707369.058976,30879888061.988259,14372737287.707763,12095219292.129853,29930687290.346873,21260750906.755765,31112374508.588123,26122456520.621268,1347,0.015590277778,2979,7950883067.949594,940293743.508080421591938803002,21784820.48614653,2576334.00359549896085241470349,522391.869423,61779.528422194506917289759,158.192052449246,0.08408203700122496,0.05261833982622256,,
2018-06-29,3376,14560,160077,208973,1129,87714,197188,55,36243,254575,246220,234930,227521,183304,23543,202957,57318,214443,125448,3888,134207,4820,188692,25764,20,205896,62849,318,1613892772,4320,814.630787037037,3776798196.232581315204655501164,0.561580809207,0.471512395867,3916317810.667272489104242501164,,3288204232.778515320112988133909,6973738679.201341991100832439649,0.17607165,0.02216328891836921176365,0.171246,0.021555852825341581326,285.236079,35.904528803017322991999,0,0,0,0,0,0,0.587543537388,4.119989146616,8.746027124113807,3.459210004358,7.343306850933718,0.00002023441235286198,0.125876533322481,,-39.97531018422499,0.118262806215633,0.0000201860656120135,0.000281717993672436,0.102250846671322,0.118262806215633,0.004512368385,30003989596.352044,20090859592.427739,3260352065.290012,30003989596.352044,30003989596.352044,8828743695.503279,30003989596.352044,30003989596.352044,30003989596.352044,5254226129.645816,13097537273.859318,30003989596.352044,96.437479766,28111334671.080102,31106763648.78351,31112355145.63288,18279874407.712503,31016493756.193411,31112203406.106157,11122309186.287619,30470125909.193096,31112374221.670752,31112374140.487657,31112373848.581918,31112366542.315207,31112312970.752724,31111239026.967086,29753000813.547256,30840752707.776959,31085230593.257978,22849007470.671414,31112340168.74058,31111747015.563542,31093278022.085121,23677386013.519954,29952352933.084234,9435559252.185146,30890906122.410925,14575227636.534639,12091824965.846629,29927702553.201163,21248368701.612685,31112374223.352044,26122456235.385189,1620,0.01875,3672,7551567034.807922,950565079.493948431246319494482,21175105.01983344,2665448.81263609870656442756464,512996.55775499996,64574.22829656530132132882210076,160.691219828653,0.08398907658800629,0.053586112264511876,,
2018-06-30,3261,14579,160323,209261,1129,87884,197454,54,36303,255070,246678,235312,227850,183562,23575,203223,57400,214749,125659,3876,136589,5268,189869,26484,22,206324,64528,358,1613892790,4320,843.213888888889,4099155895.50073318395707218334,0.607207224033,0.509821076146,4250518376.11856249611978218334,,3568804465.62958769297053283979,7000111671.739223729761968717951,0.17571774,0.0240062517994395210774,0.171246,0.02339533046377002246,283.43271,38.7220835213195886771,0,0,0,0,0,0,0.58770374607,4.408578661016,9.340583746890944,3.701514455487,7.842506263419979,0.00002142849595438595,0.13661825948501,,-38.46349297819077,0.125876533322481,0.000020234412352862,0.000288220828951687,0.107677420586479,0.125876533322481,0.004514223266,30004451168.919334,20048008056.901005,3158680922.88264,30004451168.919334,30004451168.919334,8763353716.517964,30004451168.919334,30004451168.919334,30004451168.919334,5232642680.248636,13080463803.356761,30004451168.919334,96.4389642104,28106532730.393562,31106760453.606419,31112354815.362484,18284858713.627381,31016423798.793067,31112202930.66205,11092994575.361076,30468921651.443341,31112373938.230318,31112373856.466404,31112373563.036455,31112366246.479397,31112312518.120722,31111237777.983376,29750061948.572936,30840117242.46507,31085202961.199382,22830186842.99576,31112340965.068876,31111816062.819174,31094906624.404801,24010751826.163299,30001904638.981324,9586784352.217609,30902472635.032183,14886511232.867376,12092466183.874816,29926242217.87471,21255072127.113579,31112373939.919334,26122455951.952479,1613,0.018668981481,3588,7057234617.36915,964147110.2023337950800614415,16739301.68833687,2286894.2616550724967695953187,233861.628754,31949.76868070104784797754,162.621662684569,0.08424941363804202,0.054946257506320866,,
2018-07-01,3266,14620,160641,209623,1131,88115,197808,54,36410,255446,247017,235598,228225,183893,23639,203580,57559,215109,125940,3858,138473,5460,190731,27051,25,206818,66030,386,1613892805,4320,840.480324074074,4308545263.319975232070662219732,0.636300347604,0.534248135696,4467639506.500876840393074219732,,3751102897.081957247904706491672,7021274659.558305659303410992229,0.17659958,0.02535914710084525201176,0.171246,0.024590389764411365112,274.435753,39.408115410343748678916,0,0,0,0,0,0,0.587537762827,4.573564455315,9.675727050305756,3.840039209376,8.123898026455297,0.00002257314642213576,0.143596870959972,,-34.77002453549796,0.13661825948501,0.000021428495954386,0.000302437851193118,0.116801228280205,0.13661825948501,0.00452128539,30004450894.483581,19732562523.702479,3169139412.859079,30004450894.483581,30004450894.483581,7879448016.690113,30004450894.483581,30004450894.483581,30004450894.483581,5200168376.577002,13053221782.522213,30004450894.483581,96.438964179,28098594919.528167,31106755607.542579,31112354535.731876,18279694419.665578,31016292889.436084,31112202626.841784,11076380731.804013,30467267463.738052,31112373663.786969,31112373581.602683,31112373290.950883,31112365964.754848,31112312210.273179,31111235912.083757,29745743217.127419,30839516382.489646,31085173260.126724,22799920179.264739,31112341622.227061,31111852252.311789,31096019061.137687,24128732514.299484,30033570208.35472,9783434948.528732,30911445239.765764,15070067414.246938,12075151273.962361,29919837380.119804,21250765604.384799,31112373665.483581,26122455677.516726,1554,0.017986111111,3397,6802653372.323196,976839738.490912337132363110512,16416845.62856896,2357407.66329539736690380166912,256777.9501725,36872.51017628660245799517,164.414135024644,0.08415834933071555,0.056243737462374155,,
2018-07-02,3959,14720,161055,210085,1132,88353,198269,54,36568,256144,247679,236205,228739,184337,23742,204046,57752,215596,126242,3860,140708,5768,191799,27832,27,207407,67881,410,1613892820,4320,859.435648148148,4641309531.78147085183963000171,0.683630030872,0.573986907426,4812411210.97352164280913000171,,4040578827.00884800684447869256,7039496501.978815560600259618754,0.17652047,0.0273038986827471765131,0.171246,0.02648805225720123558,349.687054,54.08902374372978262342,0,0,0,0,0,0,0.585917902773,4.262460623891,10.268291913153039,3.578831357674,8.621425118291004,0.000023406443218395076,0.15467837063173,,-31.87103100009523,0.143596870959972,0.0000225731464221357,0.000317833922724152,0.122987328862995,0.143596870959972,0.004538953127,30006196165.796527,19671423241.384283,3549205332.159027,30006196165.796527,30006196165.796527,7948525287.333836,30006196165.796527,30006196165.796527,30006196165.796527,5338268538.449001,13074797992.020811,30006196165.796527,96.444574836,28094913794.300056,31106748029.907839,31112354116.728793,18229296523.494932,31016105308.443706,31112202073.307649,11022029313.791398,30466281460.941516,31112373314.092038,31112373231.482778,31112372938.656546,31112365594.128643,31112311808.536692,31111234310.430057,29741042470.437576,30839150065.596165,31085080931.354173,22751296839.81508,31112342047.841023,31111892585.140146,31097237915.132156,24285234616.803934,30074735633.050955,9859415593.993647,30922127383.498003,15169440424.264472,12020088237.932482,29912624359.482983,21209297532.220413,31112373315.796527,26122455327.829672,1981,0.022928240741,4502,7299157942.107933,1129021857.46890648727705451409,16176345.28606694,2502130.7316251005976548680062,263773.820154,40800.10471672770438588642,166.754874615037,0.08181307893683427,0.057979499471291114,,
2018-07-03,3287,14717,161339,210438,1134,88549,198613,55,36647,256685,248194,236675,229140,184658,23778,204397,57887,215961,126500,3861,140072,5620,191818,27528,25,207706,67115,395,1613892834,4319,826.378559851818,4480543468.3521370749282587679,0.665662301017,0.558901281482,4645653855.6248250919915247679,,3900569236.481513965280782759218,6978994977.67781136398014604858,0.17568728,0.02623336665316277445744,0.171246,0.025570201245574024908,264.057977,39.428749357001957540346,0,0,0,0,0,0,0.585789460433,4.283834156571,9.776790139913574,3.596779322049,8.208757698361417,0.000022978063634169707,0.149318531501898,,-33.961971665215415,0.15467837063173,0.000023406443218395,0.000324961763537082,0.132998069353066,0.15467837063173,0.004544650465,30006613534.73855,19585336219.349841,4238123455.766521,30006613534.73855,30006613534.73855,8427709011.025562,30006613534.73855,30006613534.73855,30006613534.73855,5601520509.210031,13043639359.204136,30006613534.73855,96.4459171431,28083186638.869308,31106738402.453842,31112353815.273844,18225300222.762449,31015978034.813198,31112201645.987386,11018610704.054261,30464892215.526936,31112373050.029503,31112372967.057925,31112372672.504489,31112365306.838245,31112311508.102299,31111232298.189791,29737662611.975521,30838717810.533042,31085052961.929915,22747992872.304492,31112341395.352872,31111870969.934687,31096624631.622059,24184450352.797632,30049020067.245058,9677778792.24775,30915775929.077392,15054641248.827584,11998868302.482371,29910651807.691938,21210655840.581184,31112373051.73855,26122472523.994341,1503,0.017395833333,3534,7262739852.805512,1084461649.501229887186252861776,17442005.96973193,2604414.71784771016359134620314,383289.829018,57232.274408581331162476164,168.736082960266,0.08127352509797348,0.05809744492912043,,
2018-07-04,3104,14710,161556,210717,1138,88703,198883,55,36686,257124,248605,237054,229453,184908,23764,204671,57980,216256,126687,3861,140615,5666,192157,27665,26,208004,67516,402,1613892851,4320,795.325,4542482213.493330085896078787696,0.690536830125,0.579786354274,4708967796.809969141841220787696,,3953728682.086507249662071834775,6819285505.676769544942424880876,0.17664757,0.02673623525019688600733,0.171246,0.025918688503075450974,246.423366,37.297049059442871547254,0,0,0,0,0,0,0.585999358802,4.440812975948,9.768254641765104,3.728581377575,8.20159113792086,0.00002300438850928983,0.151353541122569,,-28.46600247022692,0.149318531501898,0.0000229780636341698,0.000323374087541314,0.128142631845562,0.149318531501898,0.004546197029,30012394687.315184,19823314938.182045,4351102744.423227,30012394687.315184,30012394687.315184,8692538598.021286,30012394687.315184,30012394687.315184,30012394687.315184,5918561581.42541,13252900972.18477,30012394687.315184,96.4644994296,28080367011.811709,31106729840.702423,31112353529.816571,18231830514.721621,31015896862.448923,31112201202.477604,11007929360.546473,30463465525.877912,31112372803.601222,31112372720.392194,31112372424.152212,31112365047.850879,31112311185.752718,31111230791.939078,29732882524.676942,30838245759.608881,31085023292.485892,22752430813.456538,31112341236.714307,31111875493.758311,31096833941.177066,24220164081.347986,30054729162.504851,9734450783.880448,30917392554.577989,15087162163.079094,11986895125.073153,29910745369.410428,21221241016.460964,31112372805.315184,26122472277.570975,1395,0.016145833333,3211,7006008353.385671,1060384173.419220082377139308799,14982530.1584444,2267658.9944562447306107716636,239347.610718,36226.108441395449736094542,170.282379227038,0.08017796513298715,0.05743242482300276,,
2018-07-05,3074,14706,161791,211003,1140,88883,199146,55,36764,257499,248960,237366,229712,185167,23786,204945,58112,216496,126894,3868,140147,5580,192275,27480,25,208253,67101,391,1613892867,4320,830.587268518519,4418630718.535148631934680720384,0.673556817662,0.565529648954,4580443519.151269512453498720384,,3845817527.960544140578659367503,6800381792.662231921337841762421,0.17756771,0.02614197502273419255939,0.171246,0.025211276615231111214,240.781808,35.448517135602976396272,0,0,0,0,0,0,0.585960854948,4.98924197845,9.385637869573975,4.189051599858,7.880339639377571,0.000022527291521140737,0.147222572295009,,-32.521019170726056,0.151353541122569,0.0000230043885092898,0.000324981893566445,0.129872786915208,0.151353541122569,0.004550578315,30013269362.533376,19739371855.75887,3651962059.523032,30013269362.533376,30013269362.533376,8680402053.122084,30013269362.533376,30013269362.533376,30013269362.533376,5257800826.535513,13167843818.661786,30013269362.533376,96.4673115182,28069481226.319812,31106724292.747308,31112353345.175919,18230632427.380142,31015808027.426251,31112200849.097688,10998594681.427739,30462015790.886679,31112372562.814855,31112372479.269207,31112372181.707619,31112364798.914808,31112310928.333132,31111230248.103081,29727599712.126058,30837835253.822187,31085003055.115613,22754712268.785086,31112340820.892199,31111865573.223691,31096361736.692495,24159500534.484603,30036066652.555547,9661942551.284522,30913364936.319224,15007042969.762967,11976431662.614581,29906831297.518994,21220278046.451908,31112372564.533376,26122472036.789167,1356,0.015694444444,3182,6235891684.331178,918064014.320292294852672490602,13335114.90969451,1963229.91885475241087378770059,210091.89688150003,30930.26947723221404179160235027,171.646221748387,0.08006356595251435,0.05695234198579861,,
2018-07-06,2643,14589,161879,211135,1136,88907,199264,55,36695,257783,249216,237588,229879,185276,23695,205070,58085,216639,126953,3859,139833,5504,192160,27269,25,208314,66767,387,1613892881,4320,798.101388888889,4349069731.088936436419429981199,0.664353834197,0.557802668332,4508335169.382233323927067981199,,3785274138.220634640759335060628,6786045232.701738878602128208733,0.17686102,0.02562802821067529442738,0.171246,0.024814384305627670074,203.920755,29.549116373309421711345,0,0,0,0,0,0,0.588192836594,5.593651814195,9.129646731115963,4.696524272259,7.665405158223682,0.000021960414807230732,0.144904898833419,,-32.330909179681825,0.147222572295009,0.0000225272915211407,0.000315212162678693,0.126017457769015,0.147222572295009,0.004538087278,30013269158.612621,19702104317.808859,3466001383.01025,30013269158.612621,30013269158.612621,8718137131.330281,30013269158.612621,30013269158.612621,30013269158.612621,5225712173.765485,13158336059.449042,30013269158.612621,96.4673114951,28063006956.745868,31106719486.086752,31112353107.042277,18300074551.960955,31015717379.658296,31112200417.118552,11090804205.57133,30460929781.173636,31112372358.888013,31112372275.0732,31112371976.072248,31112364581.955724,31112310665.961003,31111229576.205156,29725296934.503476,30837489143.655084,31084979154.657194,22814772053.819848,31112340119.783812,31111849393.326539,31096084318.566528,24174075812.884968,30025621181.975373,9726803417.952159,30910927967.731666,15069783313.634255,12068841184.974472,29914257246.315394,21298616584.490828,31112372360.612621,26122471832.868412,1153,0.013344907407,2664,5562085984.983359,805973506.956791307111228074421,12861509.21323618,1863695.69138907505979572389942,444608.670592,64425.974432594673252114048,172.747490888173,0.08006408901283182,0.0569451708301955,,
2018-07-07,2090,14599,162097,211382,1137,89032,199499,55,36739,258160,249567,237911,230154,185498,23723,205310,58179,216900,127121,3861,140222,5547,192521,27375,25,208568,67044,389,1613892898,4320,739.918055555556,4386878380.60265522502627289639,0.670028014172,0.56256680482,4547101479.81345741416754289639,,3817822981.40763534805879909916,6786434870.839696422537926878782,0.17555404,0.0256573825406802880388,0.171246,0.02502775857827787162,168.882984,24.68240164168018254648,0,0,0,0,0,0,0.588111114235,6.177281312089,9.117473805377992,5.186549422883,7.655184556818433,0.000021691010812390347,0.14615090909147,,-30.093438623748508,0.144904898833419,0.0000219604148072307,0.000309286849606368,0.12358103777273,0.144904898833419,0.004542854822,30016086850.729637,19589571608.934317,3221581016.568284,30016086850.729637,30016086850.729637,8609878081.312999,30016086850.729637,30016086850.729637,30016086850.729637,5203030623.191971,13147396293.909114,30016086850.729637,96.4763685191,28057248868.27776,31106717788.338209,31112352899.553699,18297531876.165486,31015622506.06808,31112200045.15594,11087890356.675197,30459696871.150745,31112372190.000064,31112372105.98389,31112371805.790629,31112364402.996654,31112310407.65511,31111228505.622913,29722910301.693234,30837200794.466945,31084947040.622869,22809834485.428474,31112339966.268138,31111857999.883004,31096206390.294071,24197140702.615262,30028770847.843193,9722934942.275026,30911917900.259049,15079810741.250906,12065409161.630341,29912747374.629352,21297111495.539886,31112372191.729637,26122471663.985428,962,0.011134259259,2145,5036580110.224239,736100761.82128870636546214133,13169361.0623676,1924714.091418831888523164372,355593.19998050004,51970.2694438949731227526986588,173.655435434439,0.07966954455990569,0.05703911166848717,,
2018-07-08,2483,14609,162279,211634,1138,89153,199724,55,36788,258508,249880,238186,230420,185714,23721,205548,58260,217154,127270,3859,140186,5507,192638,27320,25,208801,67001,387,1613892914,4320,795.880787037037,4353372858.478828991292244668118,0.665438442894,0.558713322755,4512372227.917286955904105668118,,3788663711.712692504964988424429,6781051314.523194437015445839218,0.17619773,0.02555477750065771249333,0.171246,0.024836605033887954366,211.437279,30.665733435893228817159,0,0,0,0,0,0,0.588083392251,6.270433227207,8.961771581579333,5.264761332777,7.524454337726248,0.000021631079620869637,0.145034657941721,,-29.325586759252104,0.14615090909147,0.0000216910108123904,0.000304143034221426,0.124359756291437,0.14615090909147,0.004546137559,30016086639.292358,19559202265.075351,3056264565.000899,30016086639.292358,30016086639.292358,8579299828.433539,30016086639.292358,30016086639.292358,30016086639.292358,5173383567.312703,13129172129.026512,30016086639.292358,96.4763684952,28054665410.695898,31106710477.835036,31112352676.342729,18296669255.159199,31015550405.128589,31112199500.423863,11084714613.429018,30458703839.366304,31112371978.55649,31112371894.251439,31112371594.394969,31112364182.016548,31112310099.465344,31111227587.017524,29719145731.090771,30836869628.89163,31084922200.632928,22802569402.284197,31112339635.890258,31111850254.172618,31096054873.060986,24164149592.20073,30021450528.102236,9719865326.855547,30910766733.396646,15061954759.17722,12061224461.867883,29911896965.483144,21297546305.010337,31112371980.292358,26122471452.548149,1200,0.013888888889,2573,4961757960.406578,719626868.577179289005789040738,12716698.66863114,1844362.04155285623634096579194,164256.8264275,23822.9326355051007076317275,174.707110389096,0.07927403261848173,0.057030014432545934,,
2018-07-09,2466,14611,162426,211846,1139,89266,199907,55,36836,258884,250226,238491,230673,185882,23737,205734,58353,217375,127420,3859,139049,5318,192452,26913,24,208866,66025,369,1613892932,4320,759.322222222222,4190678366.352454254794906192397,0.642327375668,0.539308880846,4343534377.064337103808513192397,,3646904604.333057506123837977614,6762181625.136829638917379950252,0.17524994,0.02446628448694972482078,0.171246,0.023907302640173186802,202.939427,28.331956944467804855949,0,0,0,0,0,0,0.588106351572,5.695498886129,8.53820001417019,4.782036772053,7.1688165077765715,0.00002094949626628682,0.139607947865487,,-30.84247737436654,0.145034657941721,0.0000216310796208696,0.000298344157347876,0.123515531700457,0.145034657941721,0.004548889346,30017477016.352931,19470757044.713134,3044203702.041378,30017477016.352931,30017477016.352931,8543317133.674023,30017477016.352931,30017477016.352931,30017477016.352931,5127535248.088766,13124179720.864503,30017477016.352931,96.4808380125,28049635168.128026,31106704962.912275,31112352440.126448,18297383454.739564,31015478646.756929,31112199050.509182,11081268951.276183,30457804673.899037,31112371775.611679,31112371690.987729,31112371389.777097,31112363963.563814,31112309721.622743,31111226271.13279,29716220714.466141,30836736841.95592,31084915060.93624,22801937279.722759,31112338419.07763,31111824133.458569,31095144649.155445,24029697102.051863,29989050876.778644,9648510106.719252,30903126160.865909,14932705864.743331,12057778799.715048,29910836028.218075,21300392958.746088,31112371777.352931,26122471249.608722,1158,0.013402777778,2499,5462624503.908845,762625796.950437819605769532515,13175963.34020089,1839469.20307633380389327768343,277380.904546,38724.578860739593994803902,175.765427899498,0.07930202506443804,0.05723109965240756,,
2018-07-10,2505,14608,162611,212074,1138,89388,200130,55,36890,259284,250602,238824,230952,186097,23725,205959,58440,217624,127571,3861,136982,4854,191799,26228,20,208992,64395,325,1613892950,4320,796.356944444444,3854944321.32759683888329492815,0.593990654415,0.498724555105,3995501825.97821099125921292815,,3354690609.641868217053229122768,6726539881.194098802032330421078,0.17566197,0.02255879852391087423006,0.171246,0.021991692408013194708,205.524506,26.393794414239528420188,0,0,0,0,0,0,0.587960892137,6.043634921249,7.798732342831118,5.074337643045,6.547946990663834,0.00002035503748958199,0.128421641428198,,-25.649562235777406,0.139607947865487,0.0000209494962662868,0.000295954136831886,0.118805022986228,0.139607947865487,0.004551733551,30017871430.828425,19414828822.68005,3074726702.91811,30017871430.828425,30017871430.828425,8571908525.858247,30017871430.828425,30017871430.828425,30017871430.828425,4949930138.519312,13127981416.112552,30017871430.828425,96.4821063593,28046688619.600638,31106699078.643384,31112352179.964517,18292857745.871858,31015399999.632014,31112198676.755919,11088375439.079323,30456796750.640941,31112371570.082657,31112371485.131522,31112371182.60557,31112363741.287593,31112309455.155698,31111225443.110645,29711589500.768328,30836406393.616469,31084884117.300803,22802658412.523831,31112337413.793809,31111758562.540615,31093458328.756345,23679067105.018718,29934275483.813188,9355708322.075326,30890001355.822297,14606999376.769082,12064377926.68681,29910524651.020027,21304316499.95166,31112371571.828425,26122471044.084216,1170,0.013541666667,2649,5147956813.61233,661109064.00557136810870248134,13679962.4388782,1756803.2310768331995289674836,262750.274576,33742.821546759641288894048,176.930181815509,0.07894717175095801,0.052277673237856044,,
2018-07-11,2519,14620,162848,212364,1137,89612,200418,55,37020,259727,251019,239204,231278,186360,23781,206250,58620,217935,127815,3861,137750,5055,192228,26490,20,209319,64955,339,1613892970,4320,792.440509259259,3937562254.677448974539324832768,0.606451717195,0.509187072578,4080943132.435014794498684832768,,3426428564.787967756048969027776,6729213582.426906575310150107192,0.17487395,0.0229378415743137665376,0.171246,0.022461971141127282048,210.198489,27.571285716609792013632,0,0,0,0,0,0,0.587399202011,6.703652322894,7.955754583513596,5.628499359624,6.679785499272177,0.000020565748168733998,0.131167858759488,,-26.405609548271503,0.128421641428198,0.0000203550374895819,0.000296497827896975,0.109583454893971,0.128421641428198,0.004554837266,30019261516.629936,19360605887.395638,3080212453.372392,30019261516.629936,30019261516.629936,8495708782.957519,30019261516.629936,30019261516.629936,30019261516.629936,4269581581.035384,13087440084.38085,30019261516.629936,96.4865749631,28035025757.154029,31106692090.832503,31112351922.806177,18275382110.490177,31015364834.677691,31112198387.671032,11077322562.622296,30455651974.26033,31112371359.87839,31112371274.630363,31112370971.041084,31112363522.328099,31112309194.960197,31111223631.215727,29705198294.267378,30836126244.412249,31084880296.303267,22788448022.434596,31112337426.089731,31111769675.870208,31093857658.248396,23819392248.282604,29944158959.198417,9357012537.202199,30892655853.296387,14701304589.01071,12053325050.229783,29903489714.640567,21297473716.006749,31112371361.629936,26122470833.885727,1202,0.013912037037,2635,4641107543.029456,608764138.691682060065603478528,11462621.45317558,1503527.51178361156873705490304,221325.214684,29030.754499584271521921792,177.900986784649,0.07567304418516507,0.05203224558999984,,
2018-07-12,2411,14617,162945,212504,1137,89693,200551,55,37035,260001,251270,239403,231430,186474,23777,206390,58669,218066,127919,3859,136154,4716,191692,25928,20,209224,63837,313,1613892987,4320,764.556018518519,3731126271.648453654862131890112,0.576743883523,0.484243874626,3866882330.586408313773633890112,,3246699507.320382426694859764318,6704678525.525529880228887146023,0.17592971,0.02186588362584014288086,0.171246,0.021283756492241254236,205.485904,25.539352413043592917664,0,0,0,0,0,0,0.587406976632,7.321740804534,7.53911408610468,6.147456847802,6.329967114690112,0.000020178307481076674,0.124287612512066,,-23.214327050435063,0.131167858759488,0.0000205657481687339,0.000293869649853882,0.112099350183871,0.131167858759488,0.004555948424,30020097709.144032,19183256406.864957,3034312782.035902,30020097709.144032,30020097709.144032,8375619772.692929,30020097709.144032,30020097709.144032,30020097709.144032,3920237148.033202,13052603958.007551,30020097709.144032,96.4892632531,28032570328.808253,31106688102.937591,31112351724.76204,18275623876.679949,31015312568.641212,31112197982.818442,11079712087.629763,30454861394.176253,31112371154.388266,31112371068.751205,31112370763.800006,31112363304.085174,31112308965.47899,31111221995.604176,29703110566.164652,30835861979.549862,31084876939.882892,22788739644.963598,31112335350.082693,31111717032.765522,31092516925.325114,23557193033.560142,29898299183.724433,9360317955.232066,30883220103.952574,14493255814.697044,12047781241.25265,29904074233.337643,21303706380.787462,31112371156.144032,26122470628.399823,1168,0.013518518519,2518,4249313378.708562,528137014.655267719515722509092,12858058.96585479,1598097.45040545621027087889614,207427.83696649998,25780.71062510834927633553875868,178.941621999164,0.07571331606796862,0.050153093776884254,,
2018-07-13,2781,14620,163190,212800,1138,89862,200837,55,37114,260492,251739,239825,231775,186751,23782,206681,58802,218380,128114,3858,139321,5265,193148,26945,22,209792,66176,360,1613893003,4320,821.578009259259,4115768020.105697187118997757034,0.633206406304,0.531650758551,4265116065.511696832602219757034,,3581063250.41187702141937695908,6735743705.451997995576211712259,0.17677896,0.02423417953244965516176,0.171246,0.023475680070828981276,245.015643,33.588573440643567676758,0,0,0,0,0,0,0.5872350323,6.541353545546,8.277377683175208,5.492230558349,6.9498256496900135,0.000022078882877581838,0.137087465230306,,-13.273872855483026,0.124287612512066,0.0000201783074810767,0.000293212941742348,0.106656541668793,0.124287612512066,0.004560135169,30022934724.128389,19113962746.595901,3304704050.592164,30022934724.128389,30022934724.128389,8261139866.160186,30022934724.128389,30022934724.128389,30022934724.128389,3920129920.34814,13053004539.221895,30022934724.128389,96.4983826205,28026129575.539361,31106680994.297738,31112351422.906694,18270274136.913393,31015239576.831482,31112197581.260802,11070339889.357523,30453369943.120752,31112370909.368301,31112370823.365871,31112370516.561008,31112363039.956738,31112308686.64225,31111221119.644207,29695999903.73582,30835534865.747067,31084835962.602662,22778538992.189072,31112337226.465595,31111806822.496979,31094765917.437119,23968930579.569121,29969513846.888025,9512189190.739169,30899859687.279295,14843844977.225924,12037794684.241412,29900809533.849645,21300099818.93557,31112370911.128389,26122470383.38418,1386,0.016041666667,3161,4756258883.501572,652023474.318355787418693041032,13606124.73336525,1865229.1513044152044336672665,221855.821628,30413.652233569419875858168,180.323998297278,0.07591719678494746,0.05370419621762853,,
2018-07-14,2523,14625,163419,213082,1138,90020,201105,55,37176,260941,252164,240202,232090,187003,23786,206955,58905,218672,128316,3859,139493,5255,193372,26963,22,210069,66253,358,1613893019,4320,763.37037037037,4110487563.701908768009601153456,0.632804030616,0.531312916463,4259643999.295119940664493153456,,3576468806.875144313556632384812,6731379373.72369493905628767462,0.17551199,0.02402962481387753223484,0.171246,0.023445561359524622136,210.438873,28.811519739735288988068,0,0,0,0,0,0,0.587186373687,6.34848287395,8.233893389879944,5.330293088676,6.913315496063549,0.000021887949401812035,0.136911585435716,,-19.54253915265056,0.137087465230306,0.0000220788828775819,0.000317807568932169,0.117373319619602,0.137087465230306,0.004564236044,30022934513.689516,19052689705.89252,3282663874.55709,30022934513.689516,30022934513.689516,8226697547.669481,30022934513.689516,30022934513.689516,30022934513.689516,3789678376.520044,13045308236.081872,30022934513.689516,96.4983825968,28021309250.287039,31106674890.909874,31112351179.88221,18268760128.52935,31015138402.944334,31112197176.875063,11070912462.185527,30452348210.897007,31112370698.924753,31112370612.549743,31112370304.087612,31112362814.85927,31112308402.556489,31111219571.917986,29690979297.699272,30835085236.0497,31084811359.805866,22774548051.706556,31112336967.480265,31111803393.19669,31094721065.934969,23955890859.199485,29965936092.306221,9513423562.901086,30899246324.610714,14829671842.711048,12037966917.334516,29899321084.384674,21303082665.342409,31112370700.689516,26122470172.945307,1199,0.013877314815,2741,4900756813.624717,670970385.188247755451752192372,11919966.01342849,1631981.44523834576156365794884,267853.236622,36672.211290006006717991352,181.374148576866,0.07590792398126854,0.05162990642958264,,
2018-07-15,2298,14620,163611,213300,1138,90137,201323,55,37226,261262,252458,240465,232299,187212,23801,207174,58980,218877,128468,3859,140733,5405,193951,27299,24,210323,67172,375,1613893034,4319,782.714054179208,4278283791.884834271594565285698,0.657292682258,0.551874000001,4433098658.635423558702851285698,,3722104254.584481144017847914664,6744481991.502417956359099444711,0.1758876,0.0250616417394765913176,0.171246,0.024400275524359922796,180.988343,25.788429720386803560118,0,0,0,0,0,0,0.587059619316,5.704362680966,8.54507778089853,4.789478926475,7.174591141138288,0.000022447317560449664,0.142486688882426,,-11.643706458515098,0.136911585435716,0.000021887949401812,0.000315523235428176,0.117373225723226,0.136911585435716,0.004567695755,30025848908.701173,18984896647.419741,3038591644.933513,30025848908.701173,30025848908.701173,7766476326.768351,30025848908.701173,30025848908.701173,30025848908.701173,3771077182.368366,13031794898.862368,30025848908.701173,96.5077504772,28013655171.82008,31106670059.906428,31112351017.59136,18264816393.326162,31015057381.324469,31112196968.332626,11065620169.389581,30451526748.166485,31112370517.931747,31112370431.318979,31112370121.331825,31112362629.952909,31112308232.300771,31111218863.786666,29687775236.666304,30834762959.95578,31084783957.900322,22772022822.250589,31112337053.638579,31111829305.349488,31095473854.155212,24061327306.487431,29985942987.97193,9652333582.310725,30904975367.063991,14947557039.989013,12033008722.47407,29897610757.951548,21304645406.028389,31112370519.701173,26122469991.956964,1029,0.011909722222,2321,5454136116.469939,777141795.949855376384134392014,12868717.56680244,1833620.95625678939352192991944,270250.767203,38507.136986690797163874478,182.334163059859,0.07405770226235985,0.05155329618253907,,
2018-07-16,3205,14615,163793,213544,1136,90257,201557,55,37269,261727,252893,240851,232608,187431,23822,207414,59055,219167,128631,3861,143705,5828,195107,28377,27,210809,69789,420,1613893049,4319,839.578374623755,4727778828.706813280853894792038,0.722128595245,0.606311322857,4898796306.910218505126399792038,,4113111831.894761543018202054335,6783828170.176237768508346585526,0.17576793,0.02767552840758406784031,0.171246,0.026963528202699669282,281.404459,44.308521463928750299453,0,0,0,0,0,0,0.586765625357,4.766736017627,9.365428574712885,4.00223179028,7.863371462716106,0.000023462890095514543,0.157454937357367,,-2.8667895612453065,0.142486688882426,0.0000224473175604497,0.000317534603043841,0.122105965564075,0.142486688882426,0.004571710714,30026234223.296714,18925939683.682254,3094713089.287745,30026234223.296714,30026234223.296714,7548858273.722049,30026234223.296714,30026234223.296714,30026234223.296714,3797130780.314549,12995992100.012201,30026234223.296714,96.5089898112,28004983413.288052,31106662008.791167,31112350664.736867,18255669379.223062,31014959923.592047,31112196511.469785,11064947735.887773,30450677736.891482,31112370236.521767,31112370149.521815,31112369837.626204,31112362338.04321,31112307873.738728,31111217400.497641,29685505965.821376,30834419852.668214,31084767305.504382,22769300487.382647,31112338366.843348,31111890752.23001,31097341624.724011,24341052429.999495,30054706789.742269,9854564065.650018,30921669842.654639,15246651629.641091,12032536287.178562,29897403244.818522,21307191287.67869,31112370238.296714,26122469710.552505,1601,0.018530092593,3572,6526975717.397686,1027704552.715908184275040852762,12035374.83854643,1895029.19127575910715173204981,146476.512791,23063.450145832471113581297,183.715941751218,0.07444160269531098,0.054932065272966187,,
2018-07-17,4051,14599,164021,213841,1135,90402,201830,55,37316,261742,252875,240767,232942,187683,23831,207698,59153,219476,128796,3860,146465,6152,196192,29259,28,211309,72308,467,1613893067,4320,856.46412037037,5151391923.282579030771567102019,0.782108324032,0.65667131141,5337665465.678239298523759102019,,4481593755.637246451366122285776,6824713791.767425136436069506991,0.17919078,0.03074212734407496384306,0.171246,0.029379113920724388042,314.479817,53.952433162885895488859,0,0,0,0,0,0,0.586819806771,5.113333561379,10.083066860749907,4.293240913377,8.465912630039231,0.000023435373887663548,0.171560876871427,,6.873059417633711,0.157454937357367,0.0000234628900955146,0.000329841616141455,0.134343084545401,0.157454937357367,0.004574910103,30026612227.816897,18737113220.358851,3116009257.928666,30026612227.816897,30026612227.816897,7555558951.404551,30026612227.816897,30026612227.816897,30026612227.816897,3812354318.528517,12878471055.610325,30026612227.816897,96.5102057521,27994813655.376763,31106655119.367305,31112350328.080066,18257354906.893809,31014885779.841065,31112195873.690402,11068607435.911819,30449201869.131256,31112369922.036192,31112369834.528247,31112369531.513806,31112362017.840327,31112307481.937092,31111215363.768069,29681427116.62963,30834077682.903062,31084720119.558918,22768283369.459954,31112339278.552909,31111939613.627688,31098876824.893397,24538402884.363331,30104183175.951369,9914193936.609717,30936032263.685819,15535740366.698132,12036395985.404808,29892961913.159833,21308428315.071631,31112369923.816897,26122469396.072688,1755,0.0203125,3967,6084557080.102687,1043871948.036666474316456224349,11476749.78562118,1968961.25685513148038818802386,177676.163857,30482.278470458265173413939,185.179292961235,0.07473247930482783,0.05713128781995918,,
2018-07-18,4713,14558,164211,214061,1138,90522,202032,55,37350,262295,253382,241197,233251,187874,23817,207899,59231,219729,128931,3861,147878,6346,196751,29713,30,211608,73590,486,1613893081,4320,939.642361111111,5426441410.855631102026826233833,0.820240838245,0.688688010402,5622660703.184644341601610233833,,4720880541.779149330614301927872,6854889979.89453798439929572819,0.17870206,0.03229522745278967258574,0.171246,0.030947760313341772734,400.82872,72.43819507178901514488,0,0,0,0,0,0,0.587383485314,5.754536318993,10.515848213563537,4.83160552795,8.829283115660349,0.00002450110227936877,0.180721069767129,,10.418631896082747,0.171560876871427,0.0000234353738876636,0.000343507333999673,0.14700128322373,0.171560876871427,0.004573347633,30026611826.988177,18691116199.312016,3230509048.199394,30026611826.988177,30026611826.988177,7573217792.546646,30026611826.988177,30026611826.988177,30026611826.988177,3907141629.936955,12868222417.3917,30026611826.988177,96.5102057071,27983146318.216255,31106652987.310284,31112349833.492104,18274892046.798749,31014836988.524725,31112195287.976052,11071970917.507379,30448282998.166201,31112369521.198499,31112369433.103722,31112369126.720964,31112361582.785659,31112306877.499258,31111213758.049309,29677748214.457124,30833743841.992554,31084684499.090143,22781124494.882744,31112339257.966254,31111959387.736952,31099573743.930649,24659055795.044091,30127355169.337212,10026767824.959333,30942612120.713732,15650861080.970464,12040228696.70349,29894675425.089262,21326289249.03231,31112369522.988177,26122468995.243968,2243,0.025960648148,5318,5406581486.035615,977083189.939510363673450299335,8520025.15696497,1539748.06080956055259031047113,131851.000262,23828.253817214646057987798,186.63561302636,0.07486305520673325,0.057776491351199576,,
2018-07-19,3460,14541,164366,214247,1135,90618,202195,55,37408,262547,253585,241336,233462,188027,23858,208076,59304,219909,129046,3862,148246,6389,196986,29858,30,211805,73937,491,1613893096,4309,816.036435367835,5467027204.974590858228637248433,0.827261144001,0.694582376107,5663587120.501030751914671248433,,4755243042.629642400186111562002,6846190180.178494497853933039805,0.17745732,0.03230371122644368676988,0.171246,0.031173024210461284914,267.78309,48.74629917032884388331,0,0,0,0,0,0,0.586896813405,9.339306270837,10.563293075446865,7.841438689382,8.86911860549483,0.000024378689429346558,0.182036510110959,,9.565596552477245,0.180721069767129,0.0000245011022793688,0.0003772869532032,0.155205701469283,0.180721069767129,0.00457647186,30032586329.205087,18658246810.842708,3619498637.526926,30032586329.205087,30032586329.205087,7763712480.867726,30032586329.205087,30032586329.205087,30032586329.205087,4295389209.024942,12864834013.98478,30032586329.205087,96.5294095183,27969823174.972522,31106652364.924472,31112349552.571574,18259750373.368198,31014767337.062713,31112194675.292558,11069260851.275338,30447696827.981796,31112369253.406011,31112369164.840474,31112368859.799258,31112361301.532931,31112306497.00342,31111212745.687007,29676632832.158807,30833490218.647306,31084660427.992121,22779118376.840658,31112339033.130832,31111962856.038535,31099692828.180414,24680071722.384902,30131730635.529512,10020490413.319426,30943917286.35979,15672309918.577687,12038518625.280379,29892283512.840899,21326891354.64162,31112369255.205087,26122468727.460878,1509,0.017465277778,3520,3331336220.588198,606424819.602107446809225861882,3955799.83496351,720099.99665426493163781610609,128999.829018,23482.678679347139208008262,187.083167029166,0.07450165695967004,0.057739654432127537,,
2018-07-20,3682,14496,164558,214476,1137,90719,202404,54,37448,263054,254046,241726,233763,188226,23878,208301,59379,220159,129193,3869,144936,5922,196106,28674,28,211751,70636,431,1613893112,4320,882.27037037037,4841063002.92712243014322888204,0.739576960685,0.620961259109,5014990190.25264586941085688204,,4210670137.797261600850042543836,6780890234.338280022632336830501,0.1760258,0.0283735276689985899448,0.171246,0.027603073635826864776,341.137997,54.987896074474639340332,0,0,0,0,0,0,0.586785610614,5.808207949922,9.267142396826925,4.876669114206,7.780848670228062,0.000021998628332208626,0.161189596462556,,-0.3648064346060388,0.182036510110959,0.0000243786894293465,0.000388630216298404,0.15638427352505,0.182036510110959,0.00458070865,30033346501.06709,18637252482.050563,3489712464.744516,30033346501.06709,30033346501.06709,7793855942.509922,30033346501.06709,30033346501.06709,30033346501.06709,4350341665.76971,12918182214.646383,30033346501.06709,96.5318538875,27953111530.636228,31106649884.587593,31112349154.190776,18256290390.885894,31014657322.210969,31112194023.276616,10995958751.275559,30446813819.668031,31112368912.259398,31112368823.138023,31112368515.661351,31112360928.952484,31112306064.400042,31111211320.686709,29674368825.864306,30833275690.053301,31084632492.730214,22785926175.893832,31112336968.620623,31111898200.719038,31097643626.18207,24410499176.929386,30059332856.433951,9853075537.417967,30923910058.430156,15302559456.834961,11986637498.16306,29892558694.283718,21331108203.496711,31112368914.06709,26122468386.322881,1938,0.022430555556,4476,5356621040.829976,863431583.974220538291846378656,7312157.39685628,1178643.70006995772012313345168,379392.739154,61154.162525057029636117624,188.135137080688,0.07432618657682696,0.06187982221360744,,
2018-07-21,2697,14491,164764,214724,1137,90840,202647,54,37506,263493,254455,242084,234050,188456,23901,208548,59468,220417,129364,3870,145549,5979,196502,28861,27,212012,71147,440,1613893128,4320,819.78912037037,4926807359.339606263506752006095,0.752529936082,0.63131300048,5103619964.320691477714962006095,,4281532838.09818335734623419619,6781949421.034653441729182593277,0.17478523,0.02867147143928636747035,0.171246,0.02809090217801603307,259.206499,42.519792621813126717955,0,0,0,0,0,0,0.586616599179,6.120605336841,9.340533411454743,5.134702999425,7.835967569309361,0.000022135732308075505,0.164038296824545,,3.7703448984316394,0.161189596462556,0.0000219986283322086,0.000360153559016309,0.137456924639359,0.161189596462556,0.004585262963,30034494716.860591,18600718630.695564,3333582304.281061,30034494716.860591,30034494716.860591,7767040286.760132,30034494716.860591,30034494716.860591,30034494716.860591,4140266200.022452,12915694121.3755,30034494716.860591,96.5355452362,27947106212.735363,31106643549.583305,31112348856.29603,18251031892.710507,31014549169.445433,31112193630.057963,11006493331.604843,30445862887.891481,31112368653.047553,31112368563.539193,31112368254.530984,31112360651.043134,31112305766.882496,31111210233.138468,29671490410.283112,30832963377.25805,31084608957.316773,22784562487.89182,31112336754.990913,31111907394.031013,31097892825.667655,24442776132.238059,30066718281.878843,9811977073.731701,30926229016.243695,15358318408.314409,11998005875.753524,29891397370.68525,21333451584.508414,31112368654.860591,26100812560.116382,1483,0.017164351852,3215,5083217581.044038,833842354.38304753484120431271,8418611.76102256,1380974.7349052241944501067352,320597.105586,52590.20316720626188140837,189.005076810375,0.07413838425717287,0.06180341593211434,,
2018-07-22,3062,14488,164869,214835,1136,90905,202743,54,37528,263840,254759,242314,234220,188548,23900,208657,59499,220551,129462,3868,146835,6110,196899,29294,27,212246,72423,460,1613893145,4320,806.545138888889,5082345850.923708053157535346658,0.774795342629,0.649991911586,5264285460.559381034835025346658,,4416318453.89094566700072760848,6794420630.739833378341698358302,0.17564713,0.02971990500359821237746,0.171246,0.028975223519144203932,276.292942,46.749411672167206396764,0,0,0,0,0,0,0.586533509659,7.501594071684,9.569986637224321,6.293243134436,8.028460634612422,0.00002286677604431606,0.169202337684642,,22.236611231992747,0.164038296824545,0.0000221357323080755,0.000355071393794289,0.139935413095143,0.164038296824545,0.004587667417,30037090033.567649,17530286345.151728,3146885516.51253,30037090033.567649,30037090033.567649,7752539771.317174,30037090033.567649,30037090033.567649,30037090033.567649,4138195233.570702,12888917720.889866,30037090033.567649,96.5438878458,27945119576.607346,31106643828.509709,31112348520.411666,18248446618.881703,31014482152.116784,31112193045.655302,11004780697.956288,30445251459.27428,31112368376.745811,31112368286.686245,31112367976.122105,31112360351.005903,31112305458.62469,31111209620.308022,29669332840.698665,30832642337.795879,31084603041.067333,22779730358.524794,31112337176.471024,31111925050.136656,31098601813.491195,24519949407.527123,30090940496.179134,9821800423.429807,30933448686.285352,15480200170.964718,11999398457.32027,29892149254.780914,21336818378.038433,31112368378.567649,26100812283.82344,1573,0.018206018519,3438,4147434276.136797,701755574.915757081777437971674,6185428.42432405,1046588.9489766609925909162401,143420.141285,24267.02317648363541464497,189.688584889376,0.07419023792098692,0.05656896210404603,,
2018-07-23,4144,14496,165079,215048,1136,91031,202954,55,37587,264273,255127,242589,234460,188767,23928,208873,59573,220763,129621,3871,146089,5993,196899,29001,27,212339,71519,443,1613893159,4319,912.197499421162,4970854888.185518244981349935122,0.75856327957,0.63637449505,5148803307.371053938067054935122,,4319438065.463044775628442921921,6787572567.825112445900727643584,0.17616457,0.02915357395019393382473,0.171246,0.028339597029498669294,399.012751,66.032844988914731940239,0,0,0,0,0,0,0.586570421894,8.972222966828,9.355751131918085,7.526984252682,7.848733998510394,0.000021447273370923266,0.165490563455489,,20.082788402602535,0.169202337684642,0.000022866776044316,0.000370136250387618,0.144277706102237,0.169202337684642,0.004590845667,30037089634.554898,17503957807.237202,3203494215.368801,30037089634.554898,30037089634.554898,7749204934.422269,30037089634.554898,30037089634.554898,30037089634.554898,4365216588.470425,12833631561.392939,30037089634.554898,96.5438878014,27939324741.017757,31106643655.873119,31112348105.736373,18249594811.890587,31014395063.941345,31112192610.246413,11030002571.592606,30444391513.277044,31112367977.719665,31112367886.924216,31112367575.382837,31112359932.046768,31112305031.084723,31111209753.355404,29666445923.068586,30832209389.267117,31084569631.481965,22781356232.193193,31112336013.776035,31111912008.195385,31098032142.435545,24444929574.630531,30069140872.0602,9834162561.370079,30927221146.039869,15380778060.426681,12003881995.612353,29890528048.561153,21340929913.18464,31112367979.554898,26100811884.810689,2265,0.026215277778,4977,3467632056.691391,573860382.918174471713437995199,3871827.71931872,640750.95087263588528412445408,179453.789137,29697.908678504641091222993,190.307957939343,0.0738274533042399,0.056781921751015055,,
2018-07-24,4139,14486,165233,215265,1137,91119,203157,54,37613,264404,255205,242576,234693,188951,23943,209085,59629,220960,129733,3870,147784,6191,197595,29561,27,212770,73124,472,1613893175,4320,883.477777777778,5201530745.10927509989910191245,0.79110696925,0.663676070984,5387736982.31624925419598691245,,4519884479.479881597361406713253,6810377346.855042621225404102686,0.17900765,0.03099880239638138250745,0.171246,0.029654715399988359318,356.762248,61.780613444402007895784,0,0,0,0,0,0,0.58647542642,10.299936295558,9.770954701424506,8.640830529539,8.197056881140321,0.00002062135913455927,0.173170266166733,,32.38512142972412,0.165490563455489,0.0000214472733709232,0.000368612255732464,0.141825806923525,0.165490563455489,0.004594458301,30037089277.79265,17462609957.514693,3345134064.960043,30037089277.79265,30037089277.79265,7732541663.41015,30037089277.79265,30037089277.79265,30037089277.79265,4362406443.801291,12756691785.685306,30037089277.79265,96.5438877618,27931624055.926902,31106635357.322534,31112347764.175136,18246639068.499222,31014322171.25692,31112192041.374263,10990754890.063433,30443525050.741356,31112367620.947454,31112367529.455094,31112367222.175445,31112359558.111668,31112304659.27457,31111207696.993853,29664400813.641881,30831923884.317353,31084535205.096059,22776623064.300739,31112336944.439815,31111940648.692548,31098941271.306113,24559923460.427168,30099830239.290877,9857823087.263069,30936175440.308841,15545737588.676703,11993843404.161929,29888390030.466889,21339937184.253183,31112367622.79265,26100811528.048441,1993,0.02306712963,4418,3020636898.133969,523084495.642914167302325053277,4348950.88970076,753108.98311553089829463681708,260619.601428,45131.565747554627852894724,190.925517270036,0.07390212331467748,0.056118707663681745,,
2018-07-25,3569,14486,165444,215526,1135,91281,203404,53,37675,264925,255684,242977,235030,189192,23970,209339,59728,221256,129926,3867,147971,6175,197830,29600,28,213026,73217,472,1613893192,4320,875.929861111111,5194199624.947807308994700007756,0.790455497834,0.663129536727,5379792881.261862778473296007756,,4513219998.865845068337361621905,6805940240.792700723271095140994,0.1762319,0.0304731270419754735141,0.171246,0.029610990481462958394,330.611046,57.167586607409879850594,0,0,0,0,0,0,0.586295607087,11.458586784144,9.737432867804722,9.612846474641,8.168934701865659,0.000021080193384218003,0.172914932211339,,28.055141482258552,0.173170266166733,0.0000206213591345592,0.000362252860370331,0.14812597567644,0.173170266166733,0.004597114648,30039046128.181604,17347356737.942158,3178292828.63861,30039046128.181604,30039046128.181604,7709016528.397657,30039046128.181604,30039046128.181604,30039046128.181604,4390242692.100793,12714962990.040773,30039046128.181604,96.55017841,27922968812.626766,31106628347.2475,31112347351.596503,18241044269.494836,31014243231.26897,31112191511.273215,10968428297.187874,30442565094.314639,31112367290.328224,31112367198.226008,31112366889.033154,31112359204.995777,31112304202.633885,31111206604.111653,29661304094.404054,30831509068.568309,31084515595.997869,22770223305.726536,31112336509.970453,31111939426.221121,31098921128.00132,24545043575.177962,30097745468.912523,9933519423.3312,30935759985.834544,15548673880.588079,11989421906.283097,29887333963.10386,21344706067.364291,31112367292.181604,26100811197.437395,1876,0.021712962963,4066,2715201087.034077,469498811.904651388670458799103,3391818.89722199,586496.13468627900367467814461,229282.06169200002,39646.29215474823003822423222678,191.3687879035,0.07389220309937997,0.05598871612776469,,
2018-07-26,3031,14487,165620,215751,1135,91373,203609,53,37701,265363,256100,243343,235311,189385,23986,209553,59782,221490,130051,3862,146298,5964,197432,28981,26,213030,71501,432,1613893207,4319,836.083121092846,4920169998.33486590160865952232,0.751623221952,0.630552332774,5095893771.64005938921809952232,,4275051131.240670087242117089128,6779851423.965803436795426453408,0.17561311,0.02876366664883272836568,0.171246,0.028048377817271212848,277.468714,45.446593337913705535632,0,0,0,0,0,0,0.586303418207,13.158195475092,9.218522849512633,11.038683491389,7.733610295312998,0.000020696412210285196,0.163789973589288,,29.6323814445735,0.172914932211339,0.0000210801933842181,0.000365805393336514,0.147490638390646,0.172914932211339,0.004601110354,30039506634.71289,17245748035.375809,3362379064.677933,30039506634.71289,30039506634.71289,7491387885.848417,30039506634.71289,30039506634.71289,30039506634.71289,4353101671.934086,12733464585.548986,30039506634.71289,96.5516594109,27918849002.545117,31106624077.295623,31112347032.462491,18241287129.246436,31014144715.793692,31112190952.420971,10976376436.508926,30441651812.030168,31112367012.855199,31112366920.352916,31112366609.235637,31112358899.929235,31112303803.08083,31111205047.924971,29660173624.52641,30831209493.61478,31084477279.120537,22760138150.794028,31112334883.843467,31111903043.73892,31097818597.923958,24413670800.727992,30058687678.032864,9829172283.334423,30924912726.467397,15312648070.221647,11995371003.760096,29888402903.635316,21347520783.861164,31112367014.71289,26100810919.968681,1580,0.018287037037,3420,2364485850.176667,387279074.952681470838898743096,2941674.84403294,481816.84501242813920110314672,445496.433104,72967.849012226168262989952,191.692150669846,0.07397510910090101,0.055467706522811716,,
2018-07-27,2789,14513,165888,216103,1137,91550,203947,52,37802,265825,256538,243751,235671,189695,24013,209904,59917,221829,130288,3864,146883,5995,197875,29171,27,213388,71991,442,1613893225,4319,791.736281546654,4983543062.657532650360661725436,0.761165548024,0.638557587426,5161056648.998917852054743725436,,4329717616.499352776542143813353,6780465382.855181182032406743806,0.17850809,0.02961170942286333846283,0.171246,0.028407041898368053002,226.348262,37.547648191822229034994,0,0,0,0,0,0,0.585809947448,16.405416243395,9.369722666112565,13.762844422336,7.860454951032134,0.000020294713176342962,0.165884411305187,,30.171993459963385,0.163789973589288,0.0000206964122102852,0.000353427256770059,0.140711793836487,0.163789973589288,0.004608487982,30042262702.364628,17190324658.208826,3445886761.084346,30042262702.364628,30042262702.364628,7501521865.466283,30042262702.364628,30042262702.364628,30042262702.364628,4313279943.735395,12667357706.783614,30042262702.364628,96.5605185447,27911931463.260794,31106613645.425563,31112346809.194856,18225933953.279422,31014031662.099273,31112190447.346971,10926969021.803915,30440731867.291251,31112366786.503306,31112366693.781408,31112366381.39532,31112358660.908404,31112303558.305344,31111202983.230543,29654620836.428949,30830821827.978169,31084453191.333848,22746825737.106302,31112334692.776947,31111909244.207909,31098005110.683874,24417602622.326248,30063758227.009654,9878787100.132575,30926724579.298563,15349810550.467935,11978531073.873991,29884609335.459369,21337828513.594657,31112366788.364628,26100810693.620419,1268,0.014675925926,2835,1896469210.337167,314594678.515193808098805985229,2238108.45639092,371267.30372556855542869570204,309307.92966150003,51309.36382392412098263653965561,191.896091466322,0.07397160139191984,0.05547263604695327,,
2018-07-28,2383,14520,166095,216368,1137,91697,204187,52,37851,266080,256786,243989,235910,189913,24011,210156,59997,222101,130463,3861,146645,5957,197970,29012,26,213634,71686,431,1613893242,4320,774.011805555556,4902308678.492221747363828880456,0.749987531065,0.629180116207,5076928700.554819559282530880456,,4259140928.990156730968257257843,6769350809.533967709933571000886,0.17811226,0.02906443137421975767682,0.171246,0.027943992261451494822,161.54782,26.36143928578979377174,0,0,0,0,0,0,0.58558047666,19.029535253121,9.250737173175573,15.964272345872,7.760635541975809,0.000019923471926857394,0.163180408660357,,37.98117420182306,0.165884411305187,0.000020294713176343,0.000353463121630769,0.142323965933522,0.165884411305187,0.00461287784,30042262540.816808,17129703044.16052,3269495269.204589,30042262540.816808,30042262540.816808,6860454576.155849,30042262540.816808,30042262540.816808,30042262540.816808,4205547058.02854,12609975774.119716,30042262540.816808,96.5605185268,27907845695.620586,31106609798.31089,31112346659.593341,18218794479.349133,31013955554.003372,31112189996.46388,10924365504.116646,30439698915.649341,31112366624.954267,31112366532.160644,31112366219.948617,31112358523.391935,31112303334.376816,31111200828.636093,29650728577.653986,30830345800.823245,31084430670.189224,22737031126.693197,31112334442.813429,31111900032.082601,31097733167.470843,24388146195.610926,30050727273.117461,9817185907.76811,30923951271.087555,15277873645.950574,11975673773.042528,29883127191.019663,21333986337.013116,31112366626.816808,26100810532.072599,907,0.010497685185,2096,1634951469.543292,266792048.939925609796335675244,2519287.56737403,411098.37477705088413265232871,398352.171815,65003.270187512445643237955,192.065813615876,0.07387262422482745,0.053431413160503094,,
2018-07-29,2252,14518,166385,216760,1138,91854,204554,51,37902,266563,257259,244442,236353,190246,24001,210545,60111,222516,130704,3858,146905,5957,198313,29030,26,214024,71827,432,1613893257,4320,738.93912037037,4903661332.311695626948138487316,0.750133230424,0.629302345777,5078265267.451669313032414487316,,4260262198.329697549902451838838,6769817762.346670316280834911085,0.17554344,0.02865279166181972649648,0.171246,0.027951349027454292132,166.94181,27.24880463534890870902,0,0,0,0,0,0,0.585685510343,17.807574956704,9.281235566754297,14.939144459076,7.786221269744403,0.000019833680018301785,0.163223368881342,,29.6694185747734,0.163180408660357,0.0000199234719268574,0.00034918211113018,0.139995982518757,0.163180408660357,0.00461944256,30042642581.874998,17096782548.399411,3225186304.859098,30042642581.874998,30042642581.874998,6916754023.895166,30042642581.874998,30042642581.874998,30042642581.874998,4128684809.084056,12639663075.734311,30042642581.874998,96.5617405562,27904775580.808592,31106598728.369532,31112346440.300549,18222062228.018909,31013776809.550366,31112189356.004796,10887231824.096548,30438333787.143897,31112366458.009161,31112366365.095339,31112366052.365753,31112358342.958655,31112303095.796855,31111198270.315959,29645792204.46724,30829907262.79405,31084391077.690747,22734398381.322448,31112334212.282475,31111898281.121393,31097708882.430358,24386831976.325484,30047905345.546322,9824130752.610771,30923709496.821357,15286703568.428107,11974525585.849205,29882832827.997404,21342326275.099193,31112366459.874998,26100810365.130789,951,0.011006944444,2139,1747142243.428339,285174442.887279197333371150938,2431303.38150363,396845.52870162117768701227146,1136015.5672,185424.2879800325616271824,192.232968692413,0.07295226943575674,0.052556917708284204,,
2018-07-30,2209,14521,166596,217013,1137,91986,204793,51,37946,266938,257614,244778,236659,190480,23996,210788,60178,222787,130889,3864,145481,5711,197999,28493,25,214191,70396,408,1613893274,4319,777.986339430424,4608392065.97203460074331625264,0.709006308535,0.594800116271,4772482393.44446353700676825264,,4003734590.721278600275862329734,6731226980.627626310568576042702,0.177174,0.027177611229876766716,0.171246,0.026268285485858403564,166.012038,25.465421722394530412892,0,0,0,0,0,0,0.585349174104,24.977226032327,8.767011777781686,20.953913624334,7.354828246235174,0.000018771175165664343,0.153395031042234,,12.28003608043681,0.163223368881342,0.0000198336800183018,0.000349575518505348,0.13996782755121,0.163223368881342,0.004626521094,30042642415.86296,17054913063.026251,3176255996.007168,30042642415.86296,30042642415.86296,6946321566.667667,30042642415.86296,30042642415.86296,30042642415.86296,4193060738.851414,12647130598.549362,30042642415.86296,96.5617405378,27899599415.58574,31106593810.881431,31112346224.795611,18211597914.518949,31013655837.481814,31112188963.912534,10887757352.423609,30437432656.346302,31112366291.993538,31112366198.939211,31112365885.023344,31112358159.042538,31112302807.370361,31111197490.925435,29641003697.313698,30829447248.309624,31084371468.53144,22729208287.490996,31112333454.094493,31111862845.006564,31096672425.739123,24223041439.810359,30010302660.925765,9769062097.148878,30913742258.327871,15127165090.747615,11964492718.177163,29881685992.118035,21335784357.074623,31112366293.86296,26100810199.118751,937,0.010844907407,2186,1245629368.673525,191073355.67479370701083265485,1436019.79567017,220278.30113408825297560395978,249980.120469,38345.708339283649946887746,192.333866552661,0.07307028658790865,0.052212638640449796,,
2018-07-31,2898,14469,166879,217384,1135,92113,205150,52,37977,267401,258061,245210,237066,190810,24019,211159,60266,223168,131091,3865,143399,5395,197636,27679,22,214341,68538,374,1613893289,4318,812.484251968504,4259162130.10798131457849201028,0.659325931869,0.553122215813,4410817480.56635212343278201028,,3700326379.525212984595404493285,6689889275.345809487770800012511,0.17759087,0.02517715663074781876285,0.171246,0.02427764087415665553,220.390264,31.24485057491898257252,0,0,0,0,0,0,0.585231452465,16.546261854052,8.134272525473872,13.881002669196,6.8240101380013005,0.000018351859670237104,0.141770557409555,,-1.2718338068286343,0.153395031042234,0.0000187711751656644,0.000336469591467637,0.130955921987553,0.153395031042234,0.004633614376,30042642195.472696,16989963852.804388,3213154018.217825,30042642195.472696,30042642195.472696,6949927787.602652,30042642195.472696,30042642195.472696,30042642195.472696,4199107817.041817,12608370482.080431,30042642195.472696,96.5617405135,27882074373.552845,31106582910.17758,31112345968.237477,18207935186.814716,31013457896.465961,31112188503.686042,10933944511.141921,30435998006.650229,31112366071.600504,31112365978.43328,31112365663.770343,31112357923.997469,31112302547.589055,31111194983.747612,29639150632.605796,30829069070.978454,31084312341.451604,22734111360.598357,31112331677.114504,31111813509.732728,31095061760.723443,24012887299.41258,29951584811.175017,9563817952.812867,30900095984.762501,14908450732.430632,11990926265.489112,29881786955.393096,21345793795.338967,31112366073.472696,26100809978.728487,1241,0.014363425926,3006,1880325982.261303,266574862.616853953520798950165,1967279.63043279,278902.32978691999840593130845,393213.669769,55746.121144207815855242795,192.523941616179,0.07196821576039181,0.053572016662540925,,
2018-08-01,2506,14471,167221,217798,1136,92282,205545,52,38025,267908,258549,245672,237497,191178,24056,211563,60363,223588,131354,3866,143262,5332,197884,27583,22,214743,68332,364,1613893305,4320,756.094907407407,4194303947.970537556137004436852,0.650644604124,0.545839269017,4343420236.168793244403096436852,,3643785427.12457480407454689756,6675564830.075325548596831234463,0.17506741,0.02444016422237961039308,0.171246,0.023906678932564426248,200.277117,27.959547864818102061996,0,0,0,0,0,0,0.58483912862,15.705483544507,8.02425500932496,13.175656269424,6.731714150758814,0.000018376971872780517,0.139604305692188,,-9.745425218779602,0.141770557409555,0.0000183518596702371,0.000328325711270337,0.121238587394103,0.141770557409555,0.004645039231,30044230564.195579,16966372937.671784,3251398323.853971,30044230564.195579,30044230564.195579,6937138724.561854,30044230564.195579,30044230564.195579,30044230564.195579,4143059662.627682,12549297677.457701,30044230564.195579,96.5668464001,27873078779.354058,31106576144.172466,31112345744.615484,18195728946.592017,31013234233.364618,31112188000.566933,10937403424.780728,30434457433.160114,31112365871.319554,31112365777.956986,31112365462.213361,31112357713.168231,31112302257.772311,31111192634.134269,29636591019.015129,30828433884.668108,31084254095.043761,22724600447.331424,31112331387.773872,31111802791.793666,31094722963.259561,23958101649.128894,29939664600.613597,9568487851.238206,30897331459.218312,14821857321.523563,11994318929.425681,29880300770.88864,21341399912.1425,31112365873.195579,26100809778.45137,1144,0.013240740741,2674,1980987454.797407,276554378.211926664398442556516,2828010.96879966,394802.50778916847500779905608,619206.708368,86443.922601659777291829184,192.767000595349,0.07195944061111816,0.051727010098505596,,
2018-08-02,2883,14411,167521,218171,1133,92421,205904,53,38081,268403,259021,246122,237920,191518,24047,211936,60442,223976,131588,3868,141670,5026,197490,26953,19,215031,66929,330,1613893321,4318,805.208893006021,3923767943.967981532626950494177,0.612322872992,0.513690372336,4062668199.973940467108792494177,,3408256709.60829717120067527236,6634846384.432739281555200706702,0.17664403,0.02306626539763265852939,0.171246,0.022361387952273293598,216.03565,28.21004275236519369845,0,0,0,0,0,0,0.584898525872,16.400995899188,7.521012178174778,13.759136007716,6.30953328147111,0.000017312181362930865,0.130580497951913,,-12.549034176475818,0.139604305692188,0.0000183769718727805,0.000333168655743756,0.119540009806319,0.139604305692188,0.004651328023,30048652023.159929,16909228535.152119,3323675974.298106,30048652023.159929,30048652023.159929,6766866863.714489,30048652023.159929,30048652023.159929,30048652023.159929,4243685503.931347,12504544872.029883,30048652023.159929,96.5810583299,27858130846.090256,31106565436.045503,31112345478.94952,18197576809.270689,31013015955.951252,31112187534.85363,10959176007.032117,30433307348.943245,31112365655.278945,31112365561.739953,31112365245.217972,31112357477.907128,31112302008.205412,31111190815.930506,29631259496.417471,30827831554.657086,31084197263.350748,22738752721.315506,31112330495.200729,31111746717.550909,31093316662.802981,23741992557.326377,29888426228.441078,9338685367.051698,30885770514.033333,14580185312.712629,11999202103.719226,29879720066.900185,21359426969.252968,31112365657.159929,26100809562.41572,1223,0.014155092593,2991,1896980271.710228,247708628.484876793607814266164,1855734.1469956,242322.6889810539638822225828,386316.25721,50445.36923340110071954273,192.945403695241,0.07146260486159248,0.052708510030837104,,
2018-08-03,2738,14387,167926,218634,1133,92669,206351,53,38179,269012,259608,246680,238440,191952,24076,212394,60613,224473,131920,3880,141811,4903,197811,26932,19,215478,66987,321,1613893337,4318,762.084298286244,3898099187.414111382504885906189,0.608104334066,0.510151351768,4033244514.541121757763216906189,,3383572564.51124115398220884753,6632487697.590708923513107709415,0.17436398,0.02260363542979616344298,0.171246,0.022199436791996109546,212.54969,27.55383137891318667419,0,0,0,0,0,0,0.58421670994,17.740729114829,7.500539668668124,14.88306600082,6.292358459903869,0.00001749139849407148,0.129634775656051,,-14.34969099859363,0.130580497951913,0.0000173121813629309,0.000317734045826702,0.112728195261062,0.130580497951913,0.004662831269,30069857163.610239,16881163905.098521,3433631100.406022,30069857163.610239,30069857163.610239,6180857409.459483,30069857163.610239,30069857163.610239,30069857163.610239,4267829631.955131,12495472065.328333,30069857163.610239,96.6492156218,27840291603.493389,31106559506.33778,31112345207.005728,18176363778.494405,31012815965.030171,31112187121.895757,10941067664.241655,30431334687.967414,31112365442.725651,31112365348.972996,31112365031.297668,31112357252.187055,31112301711.727541,31111189684.155816,29625002733.579874,30827176269.068185,31084146820.565158,22736205624.442147,31112330114.851248,31111736912.005962,31093120461.978882,23635566673.220283,29878600617.310303,9327228874.948336,30884266352.542198,14496578492.212873,11981632475.860364,29876204940.942196,21349577933.931879,31112365444.610239,26100809349.86603,1219,0.014108796296,2839,1753725297.490944,227343785.502579825121831302144,2335057.91875127,302704.70944120625006893943477,379078.597352,49141.768923737008671376952,193.158478797281,0.07072138072920962,0.052600184011459765,,
2018-08-04,2252,14368,168149,218894,1130,92789,206601,51,38213,269364,259943,246988,238721,192191,24078,212654,60685,224734,132091,3878,141285,4809,197744,26724,19,215657,66589,313,1613893353,4320,783.025462962963,3797271871.27734598788149276609,0.594466560649,0.498710339945,3928757864.06760313683078276609,,3295916540.38445865825499300252,6608879496.56258131091510528695,0.17643764,0.0222799121738313338372,0.171246,0.02162433050067956358,177.672706,22.43587187726471216938,0,0,0,0,0,0,0.58398552201,18.039980794574,7.313101057346478,15.134114431653,6.135112310397294,0.00001803379741456453,0.12627641229973,,-14.227546543139102,0.129634775656051,0.0000174913984940715,0.000310685894828712,0.111996351980366,0.129634775656051,0.00466811048,30071109893.937533,16875286911.217341,3099200114.047872,30071109893.937533,30071109893.937533,5881804740.154122,30071109893.937533,30071109893.937533,30071109893.937533,4235854756.780187,12293837471.630393,30071109893.937533,96.6532426446,27830918248.079142,31106555683.756166,31112345029.957346,18169170871.377811,31012679084.318368,31112186788.017255,10877353379.852489,30430249653.537808,31112365265.049639,31112365171.10063,31112364852.836971,31112357066.513358,31112301534.950388,31111188692.84159,29621313807.184045,30826753437.247669,31084108869.215725,22734531714.311566,31112329304.415962,31111711979.528032,31092538758.185361,23562026997.055295,29858721483.610533,9328643288.370251,30880179445.385415,14447694328.573936,11979173782.961938,29875324743.49555,21354717939.790016,31112365266.937533,26100809172.193324,1007,0.011655092593,2281,1724634057.054816,217780601.25481001772123199968,1701360.55915356,214841.7074381741142218165388,373442.42659,47156.9698302904936018207,193.283214982432,0.06876993778501474,0.05257979452763568,,
2018-08-05,1664,14366,168313,219075,1129,92911,206778,51,38259,269641,260195,247217,238924,192366,24097,212834,60764,224916,132234,3879,142348,5026,198340,27041,19,215928,67270,329,1613893369,4318,749.320287169986,3924739879.532841133843436980412,0.613656286899,0.514808999287,4060639635.799685025699160980412,,3406554894.00277137069723648432,6617123824.015715478015161996739,0.17586731,0.02295337453620561288628,0.171246,0.022350222880119485448,132.955684,17.352750841355337873392,0,0,0,0,0,0,0.583628688791,20.860611452181,7.6023547614638165,17.500400037425,6.377773242985554,0.000018561284243150305,0.130515298927388,,-9.930375040372597,0.12627641229973,0.0000180337974145646,0.000310704824606463,0.109009031371821,0.12627641229973,0.004670942671,30071109760.981849,16841536039.446605,3069289741.836653,30071109760.981849,30071109760.981849,5852974676.578614,30071109760.981849,30071109760.981849,30071109760.981849,4117748335.818975,12280553933.49067,30071109760.981849,96.6532426303,27823669394.807421,31106553912.653397,31112344879.251033,18158068868.319718,31012625350.107276,31112186572.607323,10875295638.227956,30429342447.567155,31112365132.089206,31112365037.966839,31112364718.94062,31112356920.456133,31112301375.232499,31111188398.735864,29618721936.378322,30826437931.226156,31084090552.229788,22730803294.888446,31112329856.891327,31111744539.693852,31093238267.524503,23724982220.126603,29879334559.43458,9326515806.963718,30884558144.066329,14564251898.574386,11972182446.504481,29873410389.672785,21353245136.745796,31112365133.981849,26100809039.23764,756,0.00875,1676,1491440708.979276,194655829.964905699183120811088,1562144.77595477,203883.79240159436055460224076,250279.985841,32665.367167580551127113308,193.367367387154,0.06783773076223512,0.05299097629221076,,
2018-08-06,2148,14361,168456,219256,1130,92984,206933,51,38303,269948,260486,247484,239156,192520,24099,213006,60821,225121,132341,3880,142230,4889,198377,26964,19,216095,67184,320,1613893384,4320,737.471759259259,3891468902.826697147289850704452,0.609119111708,0.511002668304,4026033860.469948968835182704452,,3377523387.195321426244862912881,6609600295.056561486341933606914,0.17550581,0.02271098113117221805439,0.171246,0.022159748869787944074,164.448941,21.280188935581410938279,0,0,0,0,0,0,0.583585437279,24.385889341389,7.598787766975737,20.457828826726,6.374780810784946,0.000018672898410366175,0.129403015952419,,-11.459315062193127,0.130515298927388,0.0000185612842431503,0.000319147386108149,0.11277554964021,0.130515298927388,0.004675499101,30072474541.532908,16794182797.828556,3166609107.05908,30072474541.532908,30072474541.532908,5836679397.384049,30072474541.532908,30072474541.532908,30072474541.532908,4033807434.420987,12131266991.268323,30072474541.532908,96.657629759,27818190098.966435,31106550516.396974,31112344654.972407,18156723115.541827,31012535740.467662,31112185999.217687,10871127408.485798,30428710268.367857,31112364967.636131,31112364873.342794,31112364553.259683,31112356739.351987,31112301084.468599,31111187811.194212,29615802570.484318,30826221810.921421,31084066368.191797,22726398486.646421,31112329535.528491,31111734916.329677,31093041978.232556,23614736080.819702,29870326151.059605,9323323446.29366,30883257181.811379,14490131886.826609,11967320045.447152,29872640996.746189,21351566306.813998,31112364969.532908,26100808874.788699,937,0.010844907407,2082,1275834747.463044,165096864.178610749021664903436,1321140.45083459,170959.55883473447933227937321,121622.404112,15738.305899476686181946928,193.455777452425,0.06752656211219527,0.052948921980152525,,
2018-08-07,1440,14329,168493,219299,1130,93010,206972,52,38321,270098,260615,247595,239237,192557,24089,213048,60848,225178,132350,3876,140729,4713,197845,26474,18,215913,66138,302,1613893399,4318,739.581982399259,3724404072.240843328465630840448,0.584362016386,0.490233426732,3852529964.817410027072647840448,,3231967364.888617482322409932255,6592711122.195289165661224399045,0.17723687,0.02194659119266131930199,0.171246,0.021204763745706411342,112.899884,13.979978318545597202668,0,0,0,0,0,0,0.583925408367,51.966805159656,7.3493059074578655,43.596031664219,6.1654852952227985,0.00001841946977086089,0.123826330224977,,-14.622937729315774,0.129403015952419,0.0000186728984103662,0.000319215616192043,0.11199436217952,0.129403015952419,0.004672532174,30077642335.633024,16758952504.223406,3206218437.093061,30077642335.633024,30077642335.633024,5815977423.284363,30077642335.633024,30077642335.633024,30077642335.633024,3934551842.706326,12064724418.754419,30077642335.633024,96.6742402072,27810737815.022995,31106550197.676973,31112344501.946691,18167300354.166971,31012558568.123067,31112185723.501815,10907789525.766861,30428592165.883359,31112364854.731712,31112364760.296478,31112364439.183665,31112356608.933113,31112300919.997397,31111187493.0958,29613807215.693951,30826207137.731303,31084045806.976918,22729013556.193774,31112327596.164365,31111689494.29278,31091826407.436438,23481218187.272442,29830472777.891136,9245902224.033217,30874744018.823267,14358549975.064321,11978647389.692174,29872790405.160767,21360214287.575681,31112364856.633024,26100808761.888815,637,0.007372685185,1329,598696894.31643,74134439.34029441679452747211,1515970.73420316,187717.09274484132507162432732,97612.83858,12087.03958420445498521266,193.520534566073,0.06629197092850499,0.053448808879232805,,
2018-08-08,2441,14272,168710,219579,1130,93166,207232,51,38386,270485,260972,247929,239545,192798,24090,213314,60954,225477,132546,3876,138315,4345,196979,25537,17,215929,64337,269,1613893414,4320,759.511805555556,3382087080.762100913559312470162,0.533751746856,0.447775420504,3498331722.362922839187126470162,,2934823103.189840624290886613748,6554230019.793760442127278945434,0.18016511,0.02025809757287537760706,0.171246,0.019255216378823940516,168.454377,18.941321135062908869742,0,0,0,0,0,0,0.584115878932,36.10487300962,6.698162988811504,30.28912746296,5.619227977390696,0.000017940780756616068,0.112441846109246,,-19.458850424773583,0.123826330224977,0.0000184194697708609,0.000327098612027084,0.106771711441326,0.123826330224977,0.004674199628,30078544579.178647,16683969720.378675,2983086127.986696,30078544579.178647,30078544579.178647,5851059816.071726,30078544579.178647,30078544579.178647,30078544579.178647,3948619307.29862,12027771602.527661,30078544579.178647,96.6771406823,27792847723.875265,31106544313.060059,31112344290.910152,18173226245.498846,31012468897.988282,31112185344.940414,10867305434.729595,30427380677.773458,31112364686.273139,31112364591.658135,31112364269.844723,31112356430.748796,31112300635.598341,31111186070.66978,29608824903.645439,30825798009.167592,31084027163.517352,22734715758.738854,31112325158.279122,31111594054.225949,31089595119.444395,23176401992.841121,29746155863.683542,9151540554.608201,30858185544.204203,14078075500.338651,11970186691.817949,29870893167.970465,21371742358.454883,31112364688.178647,26100808593.434438,935,0.010821759259,2452,861722036.243939,96893616.588287093042899359994,1073451.03768114,120700.81638475317304695382044,199999.829018,22488.349996317468548900428,193.605135481823,0.06659198046565522,0.05569800510515028,,
2018-08-09,3110,14266,168801,219588,1127,93275,207271,52,38467,270684,261140,248058,239625,192864,24122,213344,61026,225527,132656,3870,140870,4684,198046,26461,18,216189,66206,299,1613893431,4314,829.793463143255,3699001932.474692718914097005246,0.581644377479,0.487953541827,3826028930.746885064536873005246,,3209735089.301228792562141701987,6577952231.448270176283737694178,0.17825486,0.02192081069210596204186,0.171246,0.021058899307319741946,232.979101,28.650499449148454259551,0,0,0,0,0,0,0.583930212493,29.644915550345,7.35059276690856,24.86973501341,6.166564853053658,0.0000187515599283693,0.122974547185451,,-4.241570332047605,0.112441846109246,0.0000179407807566161,0.000317301413068888,0.0970038987003479,0.112441846109246,0.004675281404,30079410879.199546,16661540418.550913,3136649043.762435,30079410879.199546,30079410879.199546,5909671339.582843,30079410879.199546,30079410879.199546,30079410879.199546,4022115146.679815,11905487090.396192,30079410879.199546,96.6799258299,27781288234.883068,31106549771.273238,31112343967.439809,18167449587.486825,31012449467.545873,31112185342.10574,10894437393.86203,30427436869.672869,31112364453.2883,31112364358.373534,31112364035.391025,31112356182.912835,31112300436.554923,31111187545.57469,29605626760.228405,30825488669.215467,31084039700.092821,22722774412.572924,31112326945.182779,31111681002.382592,31091687975.075671,23456428221.1791,29818876842.396843,9228254928.650081,30873164872.653902,14341102929.490792,11971717041.890572,29867059292.35012,21370903485.314661,31112364455.199546,26100808360.455337,1307,0.015127314815,3067,1049500863.052298,129061893.404596368412917716398,1262984.04204174,155314.89067253358517246272474,119999.828754,14756.924603354812680258054,193.729639589136,0.06696003462185902,0.05647896137385847,,
2018-08-10,2474,14232,169001,219837,1129,93412,207507,51,38525,271098,261529,248410,239918,193075,24097,213580,61118,225796,132834,3871,139060,4395,197517,25718,17,216311,64852,273,1613893448,4318,801.919407132932,3440321293.938332843177693942622,0.543697079724,0.456118765457,3558464971.088426787734669942622,,2985270125.711323946527016804688,6544940379.11020034441124042367,0.17716399,0.02026306479158020949874,0.171246,0.019586196908857971396,208.344849,23.829363824324543714574,0,0,0,0,0,0,0.583879584781,22.866368385263,6.850516059218884,19.183071065374,5.74704011517544,0.000018640686082655048,0.114374624276526,,-12.802857835587911,0.122974547185451,0.0000187515599283693,0.000336915509974058,0.10682136099827,0.122974547185451,0.00467888549,30079410670.854697,16628694517.877096,3383975144.748531,30079410670.854697,30079410670.854697,5911473385.482504,30079410670.854697,30079410670.854697,30079410670.854697,3886321479.176234,11712812341.525137,30079410670.854697,96.6799258076,27771043656.018557,31106544939.764955,31112343707.941867,18165874318.019707,31012356205.289485,31112184972.261243,10862002358.406424,30426472009.604189,31112364244.938977,31112364149.729387,31112363825.21668,31112355960.091935,31112300097.228858,31111185578.674828,29599954181.379586,30825152580.401393,31084021102.113939,22721761119.481564,31112325645.027118,31111616609.411532,31089992663.675465,23212716252.492974,29752723602.346668,9143802456.732586,30860641863.465934,14117202385.233688,11970516000.0321,29866543276.502114,21374329799.590769,31112364246.854697,26100808152.110488,1176,0.013611111111,2686,1360616767.938838,155620031.617345763617967116788,968051.82526098,110720.56379442978840363775548,158301.339291,18105.656203878987732783066,193.813214965941,0.06688710972697348,0.05776038413714603,,
2018-08-11,2965,14176,169258,220130,1128,93600,207791,52,38598,271583,261983,248811,240258,193352,24120,213871,61251,226099,133065,3874,138555,4312,197418,25498,17,216471,64461,266,1613893462,4320,790.841435185185,3346093323.010948807744129725224,0.531986288019,0.446448228409,3461001129.192002605814625725224,,2904506859.385107249242646965444,6505808903.608582949576958706968,0.17693866,0.01968300775718053801336,0.171246,0.019049744958993915816,241.698203,26.886987866561193491588,0,0,0,0,0,0,0.583535857852,9.152728813349,6.645365609025208,7.681061816547,5.576857468128504,0.000017619005678097913,0.111241984974796,,-10.496321615320692,0.114374624276526,0.000018640686082655,0.000345916801139618,0.100450204595772,0.114374624276526,0.00468412684,30079410429.156494,16593119813.23371,4051262815.670663,30079410429.156494,30079410429.156494,6489240364.568822,30079410429.156494,30079410429.156494,30079410429.156494,4562662843.668648,11663255443.827044,30079410429.156494,96.6799257818,27746688673.91611,31106539950.305213,31112343423.208622,18155180019.537376,31012241536.606239,31112184549.636563,10930679232.707745,30424813139.822802,31112364003.234482,31112363907.614668,31112363581.570166,31112355691.580326,31112299792.281079,31111184778.101123,29595204064.270246,30824696046.370415,31083991054.385854,22718560854.392499,31112324181.225232,31111582466.424422,31089311015.825849,23132998485.177309,29726440897.007775,9127193055.277549,30855541770.949133,14052275212.388089,11987742932.148073,29863912115.059459,21374841453.770936,31112364005.156494,26109807911.492939,1366,0.015810185185,3189,3399244601.21458,378138716.85396872921228772568,6053183.11855068,673368.10552350353897984866128,345269.0820315,38408.418035609730583978074,194.433664373327,0.06675727566266618,0.057185594113731385,,
2018-08-12,2236,14151,169484,220397,1129,93756,208053,52,38656,272000,262373,249172,240579,193597,24132,214140,61349,226396,133270,3876,138891,4322,197730,25549,17,216749,64635,267,1613893477,4315,770.352723059096,3359606687.22568343303536464327,0.534227024903,0.448328676753,3474978554.97218624370795664327,,2916236851.88585399776843841696,6504685073.919801344059994803447,0.17526071,0.01957508635923264630382,0.171246,0.019126678413394272732,176.838059,19.751262427979881525078,0,0,0,0,0,0,0.583364873351,11.82676925481,6.669885091992869,9.925143362476,5.5974344576262745,0.000017687521102573112,0.111691241917442,,-18.525561961626845,0.111241984974796,0.000017619005678098,0.000344506867359193,0.0975836395366361,0.111241984974796,0.004689275858,30079410252.318435,16500340161.051789,3801065058.321081,30079410252.318435,30079410252.318435,6486746078.378618,30079410252.318435,30079410252.318435,30079410252.318435,4534539728.542731,11606889754.784646,30079410252.318435,96.679925763,27731389292.091726,31106535015.51216,31112343183.633408,18149860184.364266,31012133590.540803,31112184232.132579,10923084651.738436,30423516224.463323,31112363826.390713,31112363730.546045,31112363403.61411,31112355500.688217,31112299571.197071,31111183360.030145,29591349792.176233,30824246739.558426,31083971497.066613,22714072117.689455,31112324040.030152,31111587087.425813,31089409529.498482,23135746005.137578,29726089647.650387,9124918094.145212,30855774503.12205,14051438490.082946,11974406217.893253,29862439671.852511,21374353058.681965,31112363828.318435,26109807732.65488,1009,0.011678240741,2247,2630673107.591446,293823146.465705121899397401132,8275446.91138275,924294.9429541989387655629255,340735.932303,38057.219444819513226928926,195.031335565903,0.06668657995500869,0.053901065404070955,,
2018-08-13,2810,14081,169734,220683,1130,93925,208332,52,38723,272467,262811,249561,240905,193860,24139,214431,61465,226697,133486,3881,136383,3973,196765,24516,17,214568,62751,244,1613893495,4319,787.699930539477,3060586549.761414866019527056507,0.490317565793,0.41147941773,3165689802.099115956437935056507,,2656678624.953986080082585387192,6456407077.681263197274247697099,0.17712312,0.01802231620930165671096,0.171246,0.017424317963561569518,234.865256,23.897591179573751775848,0,0,0,0,0,0,0.583096147166,9.429288470185,6.061666539554508,7.913153433623,5.087011341589765,0.000016238858341060706,0.101750218770433,,-25.6818051981381,0.111691241917442,0.0000176875211025732,0.000351280427045655,0.0980632388815538,0.111691241917442,0.004695492226,30079410017.453179,16417516736.023308,3154093453.6985,30079410017.453179,30079410017.453179,6631876441.020648,30079410017.453179,30079410017.453179,30079410017.453179,4693309086.837006,11565414134.633156,30079410017.453179,96.6799257379,27706700339.736898,31106531808.214464,31112342904.93312,18141499340.575711,31012011295.053625,31112183734.729134,10922121776.601804,30422156597.15935,31112363591.519649,31112363495.303807,31112363166.855018,31112355249.391124,31112299300.978657,31111181695.324247,29586671879.045791,30823879709.368953,31083946099.416163,22712764058.732643,31112300656.306117,31111470299.243182,31086835639.856944,22804348893.099278,29624236217.488754,9127532070.655106,30836708380.404457,13814625064.919212,11963380464.479756,29860820630.309255,21372050801.18723,31112363593.453179,26109807497.789624,1326,0.015347222222,3096,3299545208.72149,335729446.83034562257574370517,6649540.87151825,676592.23839991765074491990225,335490.484296,34136.230172516516815620168,195.693034709476,0.06656155293406359,0.05614169917916908,,
2018-08-14,4376,14025,170168,221144,1132,94254,208776,52,38857,273225,263514,250193,241442,194320,24106,214883,61695,227182,133909,3884,129146,3544,191804,22681,15,213744,58385,211,1613893547,4318,914.110467809171,2794541133.417163065542304117348,0.45002921336,0.37766902753,2890471469.232820710975581517348,,2425712634.826302805782470918349,6422852969.143527040242273937437,0.17765415,0.01650482955164720261547,0.171246,0.0159094850382125993628,369.165319,34.2970353716728065682542,0,0,0,0,0,0,0.582621745445,9.922049551987,5.520922926655381,8.32668345556,4.633213868962588,0.000015021316054746228,0.0929042724397218,,-34.79792872695464,0.101750218770433,0.0000162388583410607,0.000357782059714776,0.0893376698388907,0.101750218770433,0.004705553497,30079791381.28786,16365582176.888103,3219084393.399501,30079791381.28786,30079791381.28786,6647604789.787968,30079791381.28786,30079791381.28786,30079791381.28786,4689766438.364405,11534735676.009574,30079791381.28786,96.681152648,27678366588.188542,31106528013.781672,31112342470.142182,18126739366.652757,31011807701.536271,31112183002.597101,10917699572.516224,30419509604.62936,31112363222.344583,31112363125.575663,31112362794.628062,31112354845.025404,31112298799.673225,31111182323.714497,29573522432.455816,30823056730.750762,31083935955.509654,22704360337.01864,31112287354.530108,31110926946.645349,31079068839.538696,22356757107.312619,29428166658.247772,8931571471.744531,30789264718.820743,13446347874.420276,11952359899.127763,29856534262.222062,21369541928.992704,31112363224.28786,26109807128.624305,2078,0.024050925926,5002,3135679081.350369,291317983.6573112587500986873442,5538082.57858466,514511.532674506267671408147588,327161.325271,30394.6848947174245505496078,196.583406202682,0.06684749864075228,0.05721211332854652,,
2018-08-15,3817,13966,170392,221399,1136,94357,209031,51,38828,273683,263931,250554,241731,194571,24099,215139,61750,227459,134086,3888,129680,3572,192163,22769,15,214024,58685,210,1613893563,4320,865.01712962963,2827400402.1411076878443068964664,0.455505225802,0.382264551306,2924458724.0229604408825662964664,,2454235074.8710287815183941434016,6420252849.7283558933135052397714,0.17706748,0.016643754703515118716584,0.171246,0.0160965549289917607668,307.920352,28.9434898317185684945216,0,0,0,0,0,0,0.582652558514,12.071540846242,5.579524481524158,10.130558078738,4.682392871943529,0.000014990981951710374,0.0939966768799958,,-40.30249005996134,0.0929042724397218,0.0000150213160547462,0.000336314625487275,0.0818122188462253,0.0929042724397218,0.004713108765,30079791073.367508,16324521244.18152,3137960429.766348,30079791073.367508,30079791073.367508,6651332722.523415,30079791073.367508,30079791073.367508,30079791073.367508,4710290080.776396,11513417158.056889,30079791073.367508,96.6811526152,27657906907.872991,31106521873.100111,31112342117.753325,18127697854.647565,31011652257.977802,31112182568.049935,10884606683.429399,30417494124.5756,31112362914.416346,31112362817.252275,31112362484.492172,31112354527.90792,31112298439.845107,31111181747.739624,29569859664.406131,30822698928.60763,31083904844.682177,22702867452.81314,31112287249.231376,31110937964.05376,31079420449.9773,22380929595.013438,29434734851.158924,8940985083.431303,30791532458.280929,13411533164.861718,11935756851.789276,29857311435.164161,21368201629.732721,31112362916.367508,26109806818.003952,1739,0.020127314815,4070,2577331536.433635,242260599.642775511866405778733,5033050.79213931,473090.049029325627202825814898,220917.454051,20765.5065455831661875729858,197.241812551023,0.06685389117499885,0.053274809486108604,,
2018-08-16,2507,13968,170656,221688,1137,94546,209313,51,38901,274150,264364,250948,242065,194845,24122,215427,61887,227770,134323,3891,129952,3574,192438,22784,15,214319,58832,204,1613893578,4317,775.235811906416,2830829913.597809872238645312858,0.456663565496,0.383236641065,2928005963.640547658057097412858,,2457211950.5636483617526822514648,6411735432.5385838809861154491618,0.17643615,0.016604528060666855109405,0.171246,0.0161160794558085532362,221.427368,20.8386826926092303176696,0,0,0,0,0,0,0.582362172736,14.444590187407,5.58127061713548,12.122044855865,4.683858240064251,0.000014960169227410043,0.0941106913785347,,-45.14443322118005,0.0939966768799958,0.0000149909819517104,0.000334329709176623,0.0828887541728002,0.0939966768799958,0.004719805677,30079790851.94014,16285276225.35471,3176969540.273802,30079790851.94014,30079790851.94014,6627526422.704612,30079790851.94014,30079790851.94014,30079790851.94014,4646324674.774589,11481342660.07578,30079790851.94014,96.6811525916,27650456951.350644,31106520548.425836,31112341858.656732,18118663137.961781,31011527109.89448,31112182180.906542,10886220346.636189,30415981222.996829,31112362692.983101,31112362595.513872,31112362261.296504,31112354291.98131,31112298183.948501,31111180901.924597,29565656145.689311,30822290401.540682,31083885200.831824,22695548383.757072,31112287067.740275,31110937260.674015,31079438144.707784,22372617897.714468,29429731011.781068,8949945742.389516,30791233583.278367,13336886676.785758,11935467707.043064,29855175488.688462,21364350979.049526,31112362694.94014,26109806596.576584,1255,0.014525462963,2831,2153911069.215675,202706059.8917660826936597714225,4883423.01480567,459582.316217209900300529851749,279423.558162,26296.7442460760227037852214,197.68617013213,0.06671613171842548,0.04975816656168163,,
2018-08-17,2979,13958,170932,222009,1137,94742,209621,50,38998,274671,264850,251379,242431,195141,24137,215740,62034,228108,134569,3894,139246,4187,198824,25236,17,217024,64586,252,1613893594,4316,834.626506024096,3264607704.55208569860283292249,0.523465147774,0.439316510317,3376674375.52624498097794792249,,2833863552.22025448602967155794,6450619281.7005200517799136282455,0.17656341,0.01916270883104603965005,0.171246,0.01858560183268611603,269.612322,29.26145583475210656021,0,0,0,0,0,0,0.581761700491,11.089057518699,6.413184303199719,9.306457311513,5.382245141027658,0.00001653669087382944,0.108531596841305,,-39.94524435852715,0.0941106913785347,0.00001496016922741,0.000329327456532157,0.0828888165173467,0.0941106913785347,0.004726358681,30079790582.327818,16262434925.902982,3738237472.631789,30079790582.327818,30079790582.327818,6614226182.269974,30079790582.327818,30079790582.327818,30079790582.327818,4591928444.830713,11452901649.220521,30079790582.327818,96.6811525628,27635234588.026691,31106515316.787672,31112341555.795644,18099980870.859342,31011424870.543477,31112181719.94283,10842141001.521722,30414678641.839213,31112362423.363283,31112362325.46198,31112361989.759371,31112354005.60793,31112297827.122852,31111179539.479791,29558954708.408198,30821888687.827068,31083856907.293173,22684827487.240034,31112310368.372881,31111542442.569379,31088440909.707715,22967348754.943098,29665202899.047192,9154748707.893031,30846770855.472752,13806019876.510721,11923805105.908092,29851728522.732473,21356304418.550847,31112362425.327818,26110954180.135508,1527,0.017673611111,3410,2805681400.142867,304505082.585453773872926721435,4069227.63673341,441639.77332544677074436150005,277808.32798,30150.9814514823914512139,198.132170321707,0.06710150485350647,0.056560122613901996,,
2018-08-18,3122,13816,170733,221860,1144,94555,209460,50,38909,274710,264862,251339,242328,194965,24075,215577,61882,227979,134337,3900,131950,3740,193281,23292,16,214573,60136,217,1613893609,4320,806.21412037037,2973196976.0932352340229987681856,0.479318372001,0.402266464344,3075260170.2399147801239513681856,,2580902606.4574336476140172584436,6415902977.8095137585794623021068,0.17917591,0.017710405152639806343262,0.171246,0.0169265837174704806972,243.85841,24.103861065801482339762,0,0,0,0,0,0,0.58277138421,18.632748785913,5.842320972879611,15.637476910865,4.903149844876239,0.000015446043696644384,0.0988436735308882,,-45.70118188343714,0.108531596841305,0.0000165366908738295,0.000344598668127541,0.0949708145291587,0.108531596841305,0.004714266185,30079790338.469408,16234131897.283727,3786079732.621345,30079790338.469408,30079790338.469408,6607775945.612319,30079790338.469408,30079790338.469408,30079790338.469408,4584406821.052253,11442327778.794947,30079790338.469408,96.6811525368,27617989204.034302,31106509658.408663,31112341285.49787,18131394374.548634,31011579922.546096,31112181444.317989,10846141838.54147,30416180021.995069,31112362179.499688,31112362081.221603,31112361743.899142,31112353746.871125,31112297457.519335,31111178191.329836,29562102450.849658,30822181042.865048,31083829264.158201,22713110526.722065,31112287416.417067,31111009506.832411,31081436982.863875,22552787838.311309,29483644180.970211,9058070365.533763,30804680097.922116,13465581717.12844,11925570135.733802,29859826415.407833,21378143483.242493,31112362181.469408,26110953936.277098,1361,0.015752314815,3099,1669767705.181043,165045973.9233353915126335923926,2254349.52285298,222828.188261393542553817416836,318272.78356,31459.251111971681053157992,198.35672021113,0.06736811081537042,0.05804246947204757,,
2018-08-19,2182,13769,170940,222089,1145,94699,209682,50,38989,275072,265200,251641,242588,195197,24109,215801,61988,228215,134517,3900,137394,3989,198092,24494,17,215877,63273,239,1613893650,4314,779.03361149745,3057244636.570932646152750335816,0.492451860726,0.413288703772,3162192999.305346707022709335816,,2653860712.058064244647449715786,6421324095.810778305264543045955,0.1758681,0.0178748522704121474853,0.171246,0.017405072050582218198,176.571576,17.946352045389988582488,0,0,0,0,0,0,0.582504502373,27.985886410623,6.016341858095941,23.48706876955,5.049196330210925,0.000015658954922918796,0.101637831252013,,-36.94516675856109,0.0988436735308882,0.0000154460436966444,0.000334571200815418,0.0866426721218951,0.0988436735308882,0.004719731561,30079790161.897832,16184375511.704739,2924893853.732721,30079790161.897832,30079790161.897832,6535861203.549225,30079790161.897832,30079790161.897832,30079790161.897832,4353855284.476542,11384560456.699813,30079790161.897832,96.681152518,27593212280.942029,31106504382.27568,31112341080.415017,18123090947.31113,31011496986.238166,31112181210.488564,10843174358.147292,30415473363.904061,31112362002.922602,31112361904.355464,31112361565.96093,31112353554.936131,31112297203.274736,31111178310.904578,29558730270.254684,30821865802.335857,31083806525.80352,22702090533.7095,31112297958.925074,31111465924.961266,31086676581.566695,22790721844.694079,29597090323.230418,9154951690.518601,30834685847.69366,13678492782.115211,11918475099.617152,29856830577.199698,21370922764.702886,31112362004.897832,26110953759.705522,1004,0.01162037037,2198,1111716153.935637,112992418.853847181385128687281,2460798.09907359,250110.18193891590832512263667,313559.828103,31869.540896142917552721339,198.530569732586,0.06724174207458752,0.05540587215999793,,
2018-08-20,2458,13705,171142,222325,1148,94832,209914,50,39060,275464,265572,251977,242877,195420,24137,216028,62091,228464,134683,3905,129717,3547,192782,22622,15,214861,58659,205,1613893684,4314,792.020862308762,2781681547.8899716143766174592407,0.450898617932,0.378415272578,2877170447.4534900148104831592407,,2414656412.3876303897633495499717,6380969763.5589614727293144624041,0.17623657,0.016297787167288639715843,0.171246,0.0158362754180333309754,200.204739,18.5142858040449348961761,0,0,0,0,0,0,0.582316346926,31.825323083899,5.47845676535318,26.709304111218,4.597777921067117,0.000014742142180918456,0.0924767610223499,,-43.624895641739776,0.101637831252013,0.0000156589549229188,0.000338719362178274,0.0888716797018373,0.101637831252013,0.00472528063,30079789961.693093,16197895212.195393,2963811267.376671,30079789961.693093,30079789961.693093,6499874011.564357,30079789961.693093,30079789961.693093,30079789961.693093,4409175562.451625,11364955759.023384,30079789961.693093,96.6811524966,27564465836.832908,31106499547.469142,31112340840.350602,18117236870.344815,31011414894.983405,31112181023.450407,10840126616.658648,30414584604.816394,31112361802.71414,31112361703.870087,31112361364.365581,31112353328.372093,31112296910.968935,31111177130.828942,29555237146.141469,30821622869.635144,31083779295.437632,22694841392.697631,31112285161.08236,31110908688.43269,31078696061.119217,22327949934.270839,29400401392.052055,8949799725.650941,30786517322.051949,13320879323.876251,11911222897.97239,29854218656.891019,21363156521.798388,31112361804.693093,26110953559.500783,1136,0.013148148148,2579,977597673.4839,90405066.42677586789049781661,1891767.00279153,174944.485027119455970020416347,258491.676333,23904.4729785134605298749167,198.687385434254,0.0674811699019956,0.05686626114728071,,
2018-08-21,2657,13703,171351,222589,1149,95012,210161,50,39131,275898,265984,252344,243200,195647,24132,216278,62198,228755,134880,3906,130595,3598,193317,22811,15,215180,59246,205,1613893706,4319,773.678860847418,2842099857.5981739454562734944027,0.460948355526,0.386849483298,2939662783.1687198293480105944027,,2467102908.8301631861145980227957,6377423301.171353468987970029364,0.17658995,0.016685165555455126921515,0.171246,0.0161802404990174620062,217.912002,20.5894946450274702984594,0,0,0,0,0,0,0.582196217348,34.705649033618,5.605301274158722,29.126608730061,4.704231777033967,0.000014596671285827962,0.0944853631560297,,-44.15835830109464,0.0924767610223499,0.0000147421421809185,0.000340467367674477,0.0806300773330339,0.0924767610223499,0.004727109936,30079789743.781091,16172269189.0846,2982405681.004502,30079789743.781091,30079789743.781091,6340234641.138955,30079789743.781091,30079789743.781091,30079789743.781091,4291841965.961497,11333374800.204547,30079789743.781091,96.6811524734,27558714804.042941,31106493893.52003,31112340564.752584,18113499228.575273,31011375015.995641,31112180643.274651,10839342060.39291,30413166873.142856,31112361584.797663,31112361485.606799,31112361144.946556,31112353089.270128,31112296564.174164,31111175253.013856,29548035448.798663,30821134301.792783,31083765656.336193,22691310646.963712,31112285554.543248,31110939780.778462,31079411397.387499,22378063119.262482,29413970609.959435,8947494699.385203,30791163894.808588,13313792557.249876,11909797715.053407,29851327057.4086,21363279498.968305,31112361586.781091,26110953341.588781,1234,0.014282407407,2850,896463902.941095,84702717.4256611225292131705215,1338926.41947916,126508.948983690991088487491052,214651.50138149998,20281.425060018036459897767429406,198.810037119863,0.06741620970692982,0.056603302079424316,,
2018-08-22,4722,13617,170042,220900,1137,94375,208537,52,38919,274325,264389,250727,241520,194128,23983,214610,61817,227039,133862,3875,127808,3443,191039,22246,15,213323,57637,192,1613893724,4320,994.74537037037,2698876473.5170869144947059137681,0.447050633271,0.37518586225,2791097717.3103188047312997137681,,2342420132.6597856642360422151091,6243359274.2922633326361657965157,0.20701336,0.018571220304696374536504,0.171246,0.0153625214928062389494,251.935262,22.6011753691810081692518,0,0,0,0,0,0,0.58477163692,9.676286377343,5.307176399203959,8.120793435177,4.454031389861959,0.000014094283040687373,0.0897102501244189,,-45.79131990897612,0.0944853631560297,0.000014596671285828,0.000336317669615642,0.0817467490257448,0.0944853631560297,0.00466937411,30084371292.845829,16276987260.929857,3265202418.348677,30084371292.845829,30084371292.845829,6479464762.222552,30084371292.845829,30084371292.845829,30084371292.845829,4520496419.004186,11442259350.106423,30084371292.845829,96.6958790722,27576902634.124557,31106541694.845918,31112340332.943917,18193626466.232213,31012277953.988869,31112181288.775083,11024264420.956563,30418525593.647202,31112361332.858351,31112361233.481074,31112360891.095066,31112352814.404789,31112296473.647037,31111183224.612089,29556210422.831062,30823513170.555824,31083995547.246079,22741366100.698171,31112283397.133926,31110865133.37744,31077712903.107665,22293313307.124344,29376781914.351157,9013529373.038528,30780160306.884258,13326271156.346742,12061194635.56634,29859031668.897303,21434003463.644456,31112361334.845829,26110953089.653519,1217,0.014085648148,3152,3215320436.122463,288447200.5547018181556271117507,4178421.46674187,374847.234906654445795910049343,265647.628754,23831.3152204801142571810506,199.233355504754,0.06745842257260433,0.056911711219219334,,
2018-08-23,2766,13619,170223,221118,1138,94496,208753,52,38968,274690,264736,251041,241778,194329,23986,214831,61904,227258,134021,3872,128977,3504,191684,22496,15,213662,58397,201,1613893739,4319,786.332021301227,2768177343.6715271775378361814325,0.458779021117,0.385028874962,2862766615.2082464637061051814325,,2402568030.3561160372309024966375,6239968445.4623277653125486672393,0.1778267,0.01636251065239279767815,0.171246,0.015756995429705758647,226.729044,20.862201219821519097258,0,0,0,0,0,0,0.584651100785,9.840029563347,5.422133711765085,8.258214386414,4.550508952772354,0.000014120323173814477,0.0920138013717445,,-46.86512678617059,0.0897102501244189,0.0000140942830406874,0.000332160398757711,0.0774764939958936,0.0897102501244189,0.004673207806,30084371066.116785,16259366008.510824,3308157951.207332,30084371066.116785,30084371066.116785,6436262011.136051,30084371066.116785,30084371066.116785,30084371066.116785,4558732726.770387,11383833845.216225,30084371066.116785,96.6958790481,27573215499.098891,31106536549.988736,31112340071.280308,18189876169.865836,31012192198.352614,31112180921.435623,11022264539.202129,30417676202.724001,31112361106.126487,31112361006.484755,31112360662.409502,31112352564.475701,31112296214.09726,31111181689.693437,29552581423.99094,30823181587.994056,31083974725.774292,22734732808.090556,31112284432.976875,31110912354.763047,31078803875.546543,22356981602.931728,29400368649.659159,9041573206.873546,30787245771.045118,13426454005.483816,12059065768.757366,29858101980.24202,21434721911.199528,31112361108.116785,26110952862.924475,1275,0.014756944444,2953,3161815816.48955,290930692.512509612072549519975,4567293.07107905,420253.997448812641030795902725,649999.843298,59808.956472887222444893361,199.666857210524,0.06736405093684569,0.05622750011173504,,
2018-08-24,2405,13612,170335,221273,1139,94537,208899,51,38944,275006,265033,251308,241988,194453,23947,214980,61912,227445,134104,3875,129690,3556,192052,22636,15,213872,58842,208,1613893754,4314,798.923041261011,2826326129.8937130582996669362388,0.468968875791,0.393580678495,2922902359.7872268442671817362388,,2453036764.9616858881267273701828,6232614808.0843707061510690023438,0.17692414,0.016621431842967422597316,0.171246,0.0160879895608411562724,199.924283,18.7822184334971505591402,0,0,0,0,0,0,0.584577381118,12.278837216701,5.519770432525077,10.304976155871,4.632450262935961,0.00001402663777297112,0.0939466589633694,,-45.668857072131566,0.0920138013717445,0.0000141203231738145,0.00033434260150562,0.0797861733347206,0.0920138013717445,0.00467709553,30084370866.192502,16227942848.3488,3580572288.161662,30084370866.192502,30084370866.192502,6408337724.154106,30084370866.192502,30084370866.192502,30084370866.192502,4769958534.259962,11377867770.677456,30084370866.192502,96.6958790269,27573194047.023689,31106532043.208212,31112339799.886363,18187582460.099811,31012085420.570447,31112180552.212948,10991861604.134629,30416853665.671897,31112360906.198734,31112360806.315944,31112360460.6349,31112352350.33786,31112295879.498091,31111179667.20689,29550647792.221409,30822873937.075057,31083947883.538142,22738327362.903941,31112284757.793148,31110936583.410007,31079454747.649139,22413400687.605824,29417572619.827913,9019492093.993663,30791641409.049174,13498634739.797814,12046113636.552837,29861616435.111523,21439691999.980363,31112360908.192502,26110952662.171262,1130,0.013078703704,2486,2533819803.871627,238043904.9889592818364929800138,3136704.38671924,294682.897288017205311002207256,928111.571885,87192.981323836798469909319,199.917493510567,0.0670633633372141,0.05664056311179207,,
2018-08-25,2122,13616,170411,221371,1141,94562,208987,52,38924,275232,265240,251491,242120,194535,23914,215076,61908,227549,134164,3879,129918,3571,192225,22693,15,213987,58964,204,1613893769,4320,786.1625,2841756291.9512851002483828297001,0.471657920153,0.395837450228,2938859774.6881578602088970297001,,2466428973.3812551734096940353761,6230913653.9826157398211622158174,0.17809743,0.016823004127394460486393,0.171246,0.0161758210929814752546,176.494551,16.6715968890490564823601,0,0,0,0,0,0,0.584488992305,21.310908851426,5.547104510584632,17.885114319829,4.655390298345055,0.000014003470590102503,0.0944595558026551,,-42.32885338908631,0.0939466589633694,0.0000140266377729711,0.000333516814229786,0.080867826400176,0.0939466589633694,0.004680769141,30084370689.697951,16201177065.546972,3544674741.233487,30084370689.697951,30084370689.697951,6345540497.274466,30084370689.697951,30084370689.697951,30084370689.697951,4172702894.833901,11351845595.446055,30084370689.697951,96.6958790081,27575161242.314466,31106529347.331685,31112339603.833886,18184832372.28463,31012006844.207368,31112180192.835558,11023004653.612339,30416303131.180264,31112360729.700499,31112360629.628837,31112360282.47243,31112352160.336055,31112295678.90794,31111178799.823113,29549713171.000242,30822631698.907815,31083933825.525774,22741583599.720488,31112284759.197024,31110945331.281866,31079619003.734469,22428214836.345993,29426053392.299664,9015286689.025449,30792737702.074727,13455815513.604386,12059888200.687176,29864797331.393768,21439614831.418855,31112360731.697951,26110952485.676711,991,0.011469907407,2235,1459926507.527444,137904009.4055639674195113165644,1614576.11078954,152512.142234758396718089307654,219408.82893,20725.260519908541675692043,200.033479980481,0.06706969591100458,0.05645707675833485,,
2018-08-26,2094,13623,170540,221545,1139,94643,209151,52,38955,275530,265518,251744,242329,194680,23921,215247,61954,227733,134284,3881,129416,3531,192088,22570,15,214116,58574,201,1613893784,4319,745.10928455661,2787075954.063690549966470250766,0.463224412638,0.388759654727,2882310997.303109342356091450766,,2418970584.354032844567196750902,6222277839.1281924819510595360007,0.1765022,0.01635151505568041638492,0.171246,0.0158645702275951720956,172.089641,15.9427268087204457871426,0,0,0,0,0,0,0.58409849058,32.474963421305,5.444194512809225,27.254512548304,4.569023396264076,0.000013848101574739735,0.0926419900470386,,-44.15268480134649,0.0944595558026551,0.0000140034705901025,0.000339265240237707,0.0812384568243699,0.0944595558026551,0.004684791929,30084370517.60831,16179670809.509422,3443271722.581329,30084370517.60831,30084370517.60831,6331559525.892324,30084370517.60831,30084370517.60831,30084370517.60831,4156456415.737465,11344360403.833768,30084370517.60831,96.6958789899,27573331373.64128,31106525703.273344,31112339399.114361,18172682841.254144,31011930648.357554,31112179819.55701,11039619856.900383,30415837463.541003,31112360557.607066,31112360457.355655,31112360108.785973,31112351971.162768,31112295456.972058,31111176984.785863,29547863580.120749,30822347808.37509,31083925609.934988,22737853259.286393,31112284088.784666,31110913434.305679,31078945472.203378,22379488802.987581,29410309569.97534,9031947810.409032,30787795418.102274,13432851119.67525,12076587615.78942,29864752591.516772,21437432606.458887,31112360559.60831,26110952313.58707,975,0.011284722222,2174,958041435.05815,88754865.09130770956562629459,1456808.47469037,134961.636212706741753870438282,331234.605686,30686.2330431971672630214796,200.135276693771,0.06705796446412184,0.056151605050832096,,
2018-08-27,3038,13624,170704,221725,1119,94747,209325,54,38959,275807,265775,251976,242484,194851,23839,215421,62021,227861,134428,3891,136806,3940,196105,24095,18,215456,63033,231,1613893803,4314,845.149745016226,3019542080.519668394248747867264,0.502819053831,0.421997414825,3122678472.118380899776587867264,,2620748423.361961567493308284256,6210342365.3691289931356278840871,0.17754582,0.01781987945668392550848,0.171246,0.017187580521125732544,272.532834,27.353514996120159072576,0,0,0,0,0,0,0.581946110535,9.178572147301,5.872638368519285,7.703235763314,4.928687946162781,0.000014675456259446436,0.100367778056864,,-38.492752358667595,0.0926419900470386,0.0000138481015747397,0.000338987915338189,0.0796740628027269,0.0926419900470386,0.004688443499,30084775602.075476,16210852184.67938,3992343295.402798,30084775602.075476,30084775602.075476,6415255605.625394,30084775602.075476,30084775602.075476,30084775602.075476,4871722151.805148,11326677405.657945,30084775602.075476,96.6971818418,27573718108.491352,31106523649.332787,31112339160.932983,18105717058.641263,31011866690.783156,31112179577.480115,11075724516.13134,30414574712.775572,31112360285.071664,31112360184.632434,31112359833.303354,31112351682.946705,31112295171.914405,31111176443.760617,29540851757.03393,30822087196.351641,31083915449.702004,22743153761.030987,31112295521.462959,31111301607.761559,31086291262.994453,22792127258.456726,29566441071.659776,9244953685.054744,30832203463.718291,13766382650.28816,12089168928.375895,29866429459.087775,21434319578.970633,31112360287.075476,26111452042.678079,1535,0.017766203704,3317,3389673228.882745,340213970.32179691667779841168,2021278.11425699,202871.19316294216595732947936,577610.693684,57973.501906946968637646976,200.350774135513,0.06710820219936485,0.05902109235629306,,
2018-08-28,3372,13646,170827,221889,1109,94808,209478,54,38982,276142,266089,252255,242688,194991,23829,215583,62060,228044,134521,3908,138632,4128,198465,24736,18,216830,64211,244,1613893823,4316,836.251621872104,3194071341.365064917168266492586,0.530507697967,0.445243993486,3303169008.191848820542931492586,,2772280526.753232932438869305399,6226429929.0130750868830680316738,0.1784693,0.0189479120450392314737,0.171246,0.018181021307669096214,293.403522,31.150366637627497516698,0,0,0,0,0,0,0.580893554438,13.511490508305,6.199204153329556,11.33991083432,5.202862134217847,0.000014968196769355661,0.106169027642509,,-34.954762684937364,0.100367778056864,0.0000146754562594464,0.000353154299878326,0.0859402788911412,0.100367778056864,0.004696956285,30084775308.671954,16152394549.472157,4241155593.128902,30084775308.671954,30084775308.671954,6378976724.90817,30084775308.671954,30084775308.671954,30084775308.671954,4890037573.346996,11290298282.359063,30084775308.671954,96.6971818107,27576594291.750388,31106519373.442559,31112338824.505132,18072969383.6738,31011763581.415244,31112179107.239793,11103033894.729495,30413862730.753994,31112359991.663614,31112359890.950385,31112359536.720202,31112351373.91603,31112294835.588012,31111175353.095148,29538569388.75703,30821804646.126926,31083891314.541727,22744435634.015447,31112307034.478034,31111518892.473555,31087948915.145634,22958883654.507994,29627156906.186813,9250873846.643161,30842956836.091066,13917943515.336323,12117980534.25395,29867449991.712278,21417361829.606121,31112359993.671954,26111951746.304211,1644,0.019027777778,3758,2302659353.129681,244471104.513706994910385209629,1045047.05384506,110951.62954739876647555565554,608482.7443745,64602.0213074860282168156205,200.47700517722,0.06726874378896147,0.06042562579495052,,
2018-08-29,5677,13629,168567,219664,1108,92506,207228,54,36546,274115,264040,250182,240544,192745,22165,213354,59691,225855,132239,3889,136250,4097,196204,22958,19,214590,61795,244,1613893838,4320,1889.430787037037,3182207962.874938824800977313254,0.533834786921,0.448036348175,3290900422.322620510793267313254,,2761983751.431528494585006968592,6164642138.2624912429739341489586,0.29533816,0.03123930460208535066544,0.171246,0.018113493887443153164,488.489323,51.669810484576247562382,0,0,0,0,0,0,0.596579162781,7.038617522307,6.159452576927471,5.907364166137,5.169499453641915,0.000015038853984978005,0.105774697729834,,-31.044247645341773,0.106169027642509,0.0000149681967693557,0.000357922203775455,0.0907845670200974,0.106169027642509,0.004605240076,30084774820.182631,16152904296.096658,1418183876.843586,30084774820.182631,30084774820.182631,6517320407.504381,30084774820.182631,30084774820.182631,30084774820.182631,5400446860.88711,11306051108.145294,30084774820.182631,96.6971817588,28021620910.280015,31106516008.786991,31112338246.082056,18560985385.733681,31011699567.495987,31112178069.184525,11584396814.064269,30412054686.30531,31112359503.169968,31112359402.284979,31112359045.543338,31112350857.30742,31112294220.284628,31111174506.892,29592201452.878956,30821318900.810971,31083875612.418096,23186918329.707656,31112306315.0406,31111516627.00841,31087838819.912492,23390077621.186054,29669885439.726079,9810307386.779432,30842028344.588739,14411343557.755527,12602171247.625652,30010117760.269788,21857696019.186283,31112359505.182631,26111951257.814888,1654,0.019143518519,3706,4420237270.540513,467549261.185569236907225764842,1486486.71868255,157232.6833480595132803101967,437090.314566,46233.095903856709142962044,200.654073641263,0.06722618523452017,0.05977077530633328,,
2018-08-30,2724,13631,168774,219904,1109,92682,207468,54,36602,274476,264385,250489,240782,192966,22167,213602,59803,226085,132434,3891,134805,3941,194211,22415,19,213636,60807,231,1613893854,4299,839.540590835078,3018744816.20930894653876954373,0.508832282878,0.427052269922,3121853979.70792865894474454373,,2620106611.277961199723533485125,6135330018.8603602456608602089246,0.17979678,0.0180410392020832411833,0.171246,0.01718304298441800081,239.489313,24.030664421871090237555,0,0,0,0,0,0,0.596244779763,24.527669389464,5.853102005380006,20.585558819951,4.912385832413344,0.000014402440512730336,0.100341280873235,,-29.222764792154052,0.105774697729834,0.000015038853984978,0.000366509878588083,0.0903518309461647,0.105774697729834,0.004608367194,30084774580.693318,16158980993.792251,1171740794.824196,30084774580.693318,30084774580.693318,6586749449.617693,30084774580.693318,30084774580.693318,30084774580.693318,5366810754.738742,11280400565.703174,30084774580.693318,96.6971817334,28017978077.365174,31106512002.090874,31112338006.562325,18550581798.272691,31011651655.946224,31112177736.632529,11577053353.178538,30410470408.876357,31112359263.677097,31112359162.50764,31112358803.693283,31112350612.625089,31112294004.877315,31111172835.360358,29587417898.695534,30820889447.604326,31083865699.129827,23182223130.935975,31112294344.461869,31111297102.32356,31086234542.200094,23232195816.252736,29612207876.595379,9802422736.853481,30830925927.957341,14272299685.105016,12595237237.201627,30007877752.7759,21853208630.856917,31112359265.693318,26111951018.325575,1332,0.015416666667,3040,1268459663.724013,127278867.394100405608678492055,782064.94559633,78473.39836719259827021122755,248999.32888599997,24984.91159699714002952778380295,200.730491037604,0.06731394834526518,0.058955759591107854,,
2018-08-31,2572,13632,168919,220078,1109,92770,207634,54,36642,274814,264703,250771,241007,193114,22158,213776,59876,226281,132548,3890,135542,3987,196093,22599,19,214858,61251,233,1613893872,4318,788.620194534507,3071415946.59995503564993665312,0.517850067755,0.43462070714,3176324162.00757763820928165312,,2665822289.803334159862776903829,6133675285.1646171832725801014411,0.17765632,0.01813729589312196835584,0.171246,0.017482853255733117702,230.775558,23.560347193650811912446,0,0,0,0,0,0,0.596093816513,29.384782686091,5.9652321439193505,24.662032169947,5.00649430033634,0.000014532383317743241,0.102092038679637,,-26.870422675401862,0.100341280873235,0.0000144024405127303,0.000353458362071199,0.085979976396408,0.100341280873235,0.004611515407,30084774349.91776,16116360797.493562,1077636259.963401,30084774349.91776,30084774349.91776,6577945191.170669,30084774349.91776,30084774349.91776,30084774349.91776,5309634901.303554,11260369922.829308,30084774349.91776,96.6971817089,28014159710.46484,31106509585.622019,31112337730.469525,18545884837.852537,31011584328.609395,31112177296.417333,11594968000.162593,30409798413.486087,31112359032.898371,31112358931.459233,31112358570.835424,31112350366.2028,31112293720.650282,31111171313.875228,29583348297.369984,30820728885.979553,31083847057.193417,23174998076.474796,31112304337.637513,31111467183.813436,31086831885.07859,23271479768.016834,29627214746.944132,9816926889.09586,30834433533.708551,14301997996.658286,12613398902.138382,30007100825.021672,21852839556.229919,31112359034.91776,26111950787.550017,1299,0.015034722222,2919,1058791530.544282,108094185.889998898071240185634,1242297.56013578,126828.69056100072379764111186,341816.832978,34896.777333740996078668986,200.847046419909,0.06728654726801729,0.05918338476582565,,
2018-09-01,2780,13658,169120,220324,1104,92903,207861,54,36716,275218,265091,251124,241292,193329,22192,214018,59976,226544,132717,3899,137033,4144,196915,23092,19,215272,62294,243,1613893886,4320,831.179398148148,3217465904.890092056497499904834,0.542288855408,0.455147445817,3327362647.932101913416989904834,,2792682525.944556940088541473998,6135775453.8911127490129528278377,0.17749372,0.01898235933558161756888,0.171246,0.018314186590832676684,253.283539,27.087826831765094118206,0,0,0,0,0,0,0.595237973194,23.329646368348,6.25190760168439,19.580761895563,5.247276885762594,0.000014869495425178491,0.106946653298954,,-18.099061516569115,0.102092038679637,0.0000145323833177433,0.000361751720553076,0.0878202196833263,0.102092038679637,0.004618760386,30084774096.634221,16084658862.117069,1073642286.227617,30084774096.634221,30084774096.634221,6561709883.216623,30084774096.634221,30084774096.634221,30084774096.634221,2489425410.711029,11174968311.202423,30084774096.634221,96.697181682,28009732757.214237,31106506319.541172,31112337449.211135,18519257382.462415,31011495852.020221,31112176705.701681,11602499422.448615,30408937922.867173,31112358779.612814,31112358677.899297,31112358314.868159,31112350099.194014,31112293396.45759,31111170010.849717,29580028009.074696,30820393978.680714,31083821257.399253,23165218013.295173,31112305660.687524,31111524077.247144,31088071432.405916,23403148200.961943,29667805515.233081,9824584202.022005,30843116626.03277,14403967900.031246,12619623733.390412,30004368623.49114,21837662311.079103,31112358781.634221,26112855707.022587,1427,0.016516203704,3183,1333597530.387166,142623792.722657513954762824364,638363.53783874,68270.84395993342982826267796,506361.286306,54153.644930580165804323924,200.912356865396,0.06739630965683537,0.059075038797149516,,
2018-09-02,2361,13657,169289,220502,1104,93036,208044,53,36803,275547,265404,251413,241518,193514,22206,214197,60070,226742,132872,3895,136525,4065,196849,22875,19,215383,61890,237,1613893902,4312,773.574907235622,3145498438.446225766538407516849,0.530674718997,0.44539960612,3252767550.357473945550618516849,,2730074250.511954002932688882671,6129494083.5085009391233427905585,0.17809359,0.01861951574970604030503,0.171246,0.017903606716413322782,207.657124,21.710355161332084861508,0,0,0,0,0,0,0.595363105141,34.63175487196,6.11737417359943,29.066713425492,5.134361879088239,0.000014347991919285623,0.104549050584617,,-19.35107685764184,0.106946653298954,0.0000148694954251785,0.000362604443777233,0.0920678112520301,0.106946653298954,0.004621948286,30086341490.977097,16049414567.150647,1068385340.709902,30086341490.977097,30086341490.977097,6532982581.403408,30086341490.977097,30086341490.977097,30086341490.977097,2491868218.684217,11153095912.092641,30086341490.977097,96.7022201786,27999754951.546545,31106503936.710282,31112337205.511502,18523150408.862957,31011437305.413211,31112176550.157993,11581235991.147387,30408655208.936395,31112358571.952837,31112358470.059894,31112358104.793019,31112349875.486715,31112293169.194816,31111170299.084224,29574941160.558348,30820125545.715714,31083808189.649357,23153639558.415464,31112304789.016879,31111500632.40307,31087431391.630724,23320731975.915607,29640889519.7578,9828963351.981227,30838136007.210318,14357242761.170191,12629565933.06137,30001337690.937521,21835222359.7386,31112358573.977097,26112855499.365463,1166,0.01349537037,2623,898376610.974676,93924421.744828189035982159092,507926.52771006,53103.23623882793129327214702,400301.63223600003,41851.15559774631826938512953851,200.955180137695,0.06728247017638996,0.059147463504364346,,
2018-09-03,2471,13638,169418,220670,1104,93113,208197,52,36835,275863,265701,251683,241731,193647,22203,214353,60121,226917,132966,3888,136377,4023,196859,22786,19,215453,61745,235,1613893916,4319,801.991664737208,3115243704.825301178184572295654,0.525749991948,0.441266242118,3221214994.618467474359809295654,,2703591930.57216311253293538162,6126894995.6257181337173383918135,0.17701728,0.01832746684926488562528,0.171246,0.017729937936393636846,203.215843,21.039932518610147340643,0,0,0,0,0,0,0.595569285934,37.843362347804,6.064898436808219,31.762241651107,5.090318560197982,0.000014265976928869962,0.103534902633601,,-18.009309301684695,0.104549050584617,0.0000143479919192856,0.000355865610960617,0.0901360242614539,0.104549050584617,0.004622167807,30088826333.761254,16028823859.33281,1181500913.534352,30088826333.761254,30088826333.761254,6528575602.848146,30088826333.761254,30088826333.761254,30088826333.761254,2460409497.683594,11133106431.783157,30088826333.761254,96.7102074847,27995120689.215471,31106501777.983506,31112336979.493762,18529565058.593244,31011389352.913245,31112176149.200449,11556217867.238815,30408010988.812864,31112358368.733418,31112358266.638268,31112357899.623068,31112349651.181883,31112292875.964322,31111168604.563685,29571514704.680647,30819926232.840026,31083786369.36893,23149592880.441478,31112303667.837769,31111487136.827787,31087177049.270651,23283025749.538287,29629211028.032578,9824251864.015541,30836052440.44742,14344405261.059814,12635715527.950993,30000881014.964942,21844515836.29597,31112358370.761254,26112855296.14962,1148,0.013287037037,2529,822135149.747511,85119682.680769529144094717111,654250.91699514,67737.80498903598963531769914,304661.1628715,31543.0638341404085495452715,201.008362907919,0.06658182716252065,0.059040552121682785,,
2018-09-04,2605,13646,169608,220898,1101,93234,208415,51,36884,276262,266078,252030,242023,193852,22236,214573,60221,227168,133122,3896,137012,4091,197241,23013,19,215786,62229,239,1613893933,4317,808.120454018995,3169066586.380128704557249436408,0.535381393075,0.449349956489,3276868770.702408351975203436408,,2750302604.04862628451707143992,6120625059.2326354936771612330683,0.17657274,0.01859729483364472390308,0.171246,0.018036262851685511532,221.95193,23.37679916563833921706,0,0,0,0,0,0,0.595023853502,24.635000792275,6.17187425362227,20.676356476494,5.180104245663598,0.000014312596992922532,0.105323703045242,,-19.301642098035813,0.103534902633601,0.0000142659769288699,0.000358696423435991,0.0891662575868683,0.103534902633601,0.004628412593,30088826111.809324,16022526102.245591,1236676880.632088,30088826111.809324,30088826111.809324,6561631455.69982,30088826111.809324,30088826111.809324,30088826111.809324,1855602304.744151,11126648008.592248,30088826111.809324,96.7102074613,27989274945.997856,31106498380.660936,31112336700.936722,18512595237.246012,31011292662.031171,31112175793.338859,11539355539.657044,30406896444.471228,31112358146.777446,31112358044.471265,31112357675.553572,31112349404.208893,31112292545.620711,31111167488.051152,29569233148.663291,30819659998.882504,31083760136.560962,23145493710.946154,31112304421.920709,31111502960.566117,31087609413.141387,23336389824.076887,29645491972.082707,9842987629.493222,30839462000.763684,14380952123.692567,12637513993.447841,29999215289.879553,21835885358.633084,31112358148.809324,26112855174.36876,1257,0.014548611111,2873,1262933109.324918,133016791.772541813663431940156,1576875.27266324,166082.34295736809986355030408,465594.665689,49038.154308476960232101738,201.153977304966,0.06596716192306226,0.05874327025945723,,
2018-09-05,3425,13659,169919,221247,1091,93496,208755,51,37021,276801,266593,252504,242415,194183,22206,214921,60431,227527,133428,3905,126566,3402,190749,20584,16,213588,55722,182,1613893948,4320,861.840277777778,2636901791.1014270112658454808908,0.446836951769,0.37503388611,2726233210.2228559228008368808908,,2288149695.8207346276580201938741,6101181201.4010033699605869727914,0.1811287,0.01587147716894535016903,0.171246,0.0150055014985102605774,300.311392,26.3149097945394478135648,0,0,0,0,0,0,0.593419881891,29.125390667219,5.137296926915941,24.445177157243,4.311775073601498,0.000012903362972720836,0.0876254131396369,,-32.28487566946937,0.105323703045242,0.0000143125969929225,0.00036916047852218,0.0909151675011846,0.105323703045242,0.004635338122,30092888542.497932,15982971106.245817,1137441965.72749,30092888542.497932,30092888542.497932,6583044565.99138,30092888542.497932,30092888542.497932,30092888542.497932,1808011233.280362,11063202896.028122,30092888542.497932,96.7232656844,27984168013.198955,31106493582.20225,31112336371.315272,18462691719.803988,31011192136.249098,31112175286.477292,11524949765.337053,30404979611.107975,31112357846.461969,31112357743.85704,31112357372.362889,31112349086.357169,31112292228.248489,31111166382.152902,29556287228.72673,30819265338.923431,31083750385.226175,23137769357.287066,31112278656.489056,31110809602.4929,31076561943.939601,22609605836.479611,29387505898.421305,9513652448.647281,30770036809.72364,13762148402.081279,12612761404.011876,29993382441.937341,21824883014.568905,31112357848.497932,26112854865.225189,1658,0.019189814815,4107,1068221134.060708,93603318.1965609932471256769252,434470.70261595,38070.674813790941191463148555,209187.6931605,18330.15803691640877758342245,201.211331736063,0.06731444690896174,0.06703312551079126,,
2018-09-06,3305,13656,170248,221600,1092,93757,209106,51,37152,277330,267108,252976,242808,194518,22214,215262,60633,227886,133745,3906,126966,3407,191151,20609,16,213936,55966,180,1613893963,4314,878.964070468243,2643516071.009645931057882254661,0.448318943442,0.376277733105,2733071565.696187128753902054661,,2293889179.1164885712370217738041,6096266075.0230222571622826226031,0.18110446,0.015909159216254925556818,0.171246,0.0150431407329603643218,286.507262,25.1682904317832074113346,0,0,0,0,0,0,0.593092563489,36.26654957227,5.1512246058159255,30.438809825505,4.323464680102444,0.000013539485400334997,0.0878452094236383,,-29.057730077250525,0.0876254131396369,0.0000129033629727208,0.000374145110587034,0.0753397758637732,0.0876254131396369,0.004641507414,30092888255.99067,15948564707.208496,1077025493.731595,30092888255.99067,30092888255.99067,6604052782.241427,30092888255.99067,30092888255.99067,30092888255.99067,1779425500.201227,11055012654.859261,30092888255.99067,96.7232656543,27971504406.808889,31106490843.203553,31112336064.815436,18452507902.626518,31011077973.098568,31112175041.183311,11534975874.451763,30403241124.118995,31112357559.952743,31112357457.017101,31112357083.187581,31112348781.172679,31112291828.027687,31111164981.245983,29546197285.304208,30818788751.03385,31083733717.42683,23125729038.087335,31112278334.825566,31110815837.210884,31076640156.861357,22602337101.313445,29379304379.808239,9503002392.12265,30770035901.616833,13740400272.667227,12620403948.178885,29987374732.04575,21820408728.578192,31112357561.99067,26112854578.717927,1582,0.018310185185,3786,857880276.147896,75360672.5186205808210892100168,500379.86680458,43955.974190820568384538703414,210197.544535,18464.8473200116132459816905,201.272223805089,0.0671892957725969,0.06682795185799235,,
2018-09-07,2737,13654,170471,221878,1096,93930,209362,52,37201,277770,267531,253361,243132,194761,22230,215532,60751,228171,133953,3902,125193,3136,190552,20247,14,214027,54901,165,1613893980,4319,802.306783977773,2494117313.8989402249147903841386,0.423421479356,0.355381088618,2578575779.5360153164321222841386,,2164219606.9269003606597552807857,6089855865.2707780458897622201033,0.17916814,0.014849361024942509649842,0.171246,0.0141927782365620640338,236.143608,19.5714577877769017487624,0,0,0,0,0,0,0.593514229541,37.350309702985,4.861240720670608,31.348418466312,4.0800788424220285,0.000012932431350083833,0.0828794730187103,,-26.291255536496216,0.0878452094236383,0.000013539485400335,0.000383444863357207,0.0756167044342867,0.0878452094236383,0.004642828151,30093305652.847062,15875813726.031266,1016410879.387352,30093305652.847062,30093305652.847062,6604069695.14864,30093305652.847062,30093305652.847062,30093305652.847062,1728316616.789159,11010413710.07676,30093305652.847062,96.7246079674,27966250064.907958,31106486247.339588,31112335799.592434,18465626787.439455,31011006938.395699,31112174487.390703,11575533778.39146,30401818941.754092,31112357323.806524,31112357220.574084,31112356845.14585,31112348522.966826,31112291504.80715,31111163682.439808,29543446748.933531,30818442829.372086,31083721208.355712,23119237176.601389,31112275897.215648,31110715754.316746,31074300684.868451,22284597989.77154,29332072118.756977,9254497830.265305,30755787385.780305,13575939769.469926,12630780116.865625,29985790568.746723,21829450531.847911,31112357325.847062,26112854342.574319,1318,0.01525462963,3063,832987934.323897,69037601.0277086488138614100391,424776.06322269,35205.216270858916418085496707,180591.4610835,14967.32512627940940981061005,201.314044378091,0.06698888942237013,0.06550192490948119,,
2018-09-08,2568,13646,170686,222119,1097,94093,209588,52,37239,278164,267905,253695,243410,194987,22240,215768,60868,228412,134148,3899,123346,2873,189789,19826,14,214194,53721,147,1613893995,4320,821.116666666667,2328985251.7288891869043150877933,0.396334460279,0.332646732934,2407819476.5800811876465545877933,,2020902451.468625771716063310871,6075221102.1058986958545283118445,0.17875017,0.013833671916181730452137,0.171246,0.0132529159606307317806,218.075209,16.8770798615674678817449,0,0,0,0,0,0,0.59368325994,42.669956701461,4.550249810984141,35.81324137494,3.8190616394852754,0.000012507064989853318,0.0773910979563361,,-37.067385302401696,0.0828794730187103,0.0000129324313500838,0.000384985188056807,0.0718553340633523,0.0828794730187103,0.004645134306,30093709912.771853,15794264963.313949,949897175.746658,30093709912.771853,30093709912.771853,6647185239.35629,30093709912.771853,30093709912.771853,30093709912.771853,1718287190.083114,11042023640.56617,30093709912.771853,96.7259080002,27960591610.227941,31106483172.462171,31112335554.412022,18470885592.150988,31010914749.359719,31112174006.992073,11586088346.739633,30399983811.533354,31112357105.727879,31112357002.19259,31112356625.199764,31112348279.118768,31112291234.68519,31111163216.750855,29541083476.218185,30818036973.377332,31083705499.118112,23113710794.49665,31112274762.746198,31110591755.595423,31071737301.029611,21959740225.930399,29275929423.951908,9246948072.965793,30739236489.083475,13360198950.212488,12640802188.541852,29984393065.303933,21838412353.894116,31112357107.771853,26112854124.49911,1220,0.01412037037,2806,729139645.61643,56428917.737749323967908762123,395812.98182692,30632.401248956646300967547812,199999.828974,15478.2063553773009196621614,201.349743863178,0.06715376537183036,0.0635323039197291,,
2018-09-09,2780,13650,170825,222279,1077,94179,209721,52,37248,278458,268177,253936,243580,195127,22259,215913,60907,228555,134267,3875,122797,2828,189675,19703,14,214252,53327,145,1613894011,4317,824.461894834376,2287431951.2371414561707155730096,0.389964927085,0.327300731506,2364573318.3109706290674267730096,,1984605596.6300290953001237686872,6063553807.2239123980606236669593,0.17810793,0.013536398438371860675624,0.171246,0.0130148842164266782128,229.759231,17.4619540843011291011608,0,0,0,0,0,0,0.591902723566,44.797267787134,4.480543620985251,37.598710801484,3.760556662503489,0.0000121616424326061,0.0760010990996968,,-33.55073332005245,0.0773910979563361,0.0000125070649898533,0.00039354989847999,0.0671021467612607,0.0773910979563361,0.004646999442,30097353569.012622,15735837461.93639,1002302235.464242,30097353569.012622,30097353569.012622,6668390029.406697,30097353569.012622,30097353569.012622,30097353569.012622,1754054658.91275,11013866634.778137,30097353569.012622,96.7376199978,27959426787.948706,31106483751.092713,31112335330.618421,18415488772.644041,31010829214.732422,31112173474.45426,11594838779.504816,30398962459.806398,31112356875.964867,31112356772.211267,31112356392.618066,31112348039.322061,31112290899.417236,31111163149.759169,29542380028.750147,30817646578.443069,31083690921.136138,23090720608.32329,31112273308.721222,31110558672.24788,31070853830.511809,21906612521.200993,29258775631.24346,9258968982.318413,30733206622.039152,13342647983.578332,12649482911.679735,29984895622.538151,21848004189.464735,31112356878.012622,26112853894.739879,1290,0.014930555556,2911,694514608.030365,52783873.551102849345016693332,395886.40913208,30087.802212670324309879153344,391493.854733,29753.9632504850361035449544,201.38678610988,0.06715874576885333,0.06261731927964682,,
2018-09-10,3037,13645,171023,222496,1074,94301,209930,52,37282,278792,268493,254218,243806,195333,22257,216127,60970,228780,134438,3865,121871,2741,189345,19485,15,214428,52727,138,1613894027,4315,805.338818076477,2199523127.2994251807189879813875,0.376077116574,0.315644578752,2273699857.3472446436365702813875,,1908334759.1552329311049814771352,6045834104.6044062531337308619145,0.17844069,0.013040496296230929783543,0.171246,0.0125147063079859296762,248.210997,18.1393301441632310646759,0,0,0,0,0,0,0.591713185085,24.976644569291,4.311884548741342,20.963100668113,3.6189997264756837,0.000011608542153509344,0.0730802839656747,,-34.305124110979826,0.0760010990996968,0.0000121616424326061,0.000388575863191711,0.0658599405344033,0.0760010990996968,0.004652601581,30097353320.801625,15712955601.151336,1384163449.304146,30097353320.801625,30097353320.801625,6680307891.972262,30097353320.801625,30097353320.801625,30097353320.801625,1911469862.668039,10951553450.924562,30097353320.801625,96.7376199718,27956335540.416818,31106482022.711096,31112335075.598548,18409591636.929818,31010708667.686439,31112173143.543031,11601488395.435227,30398028054.933547,31112356627.750621,31112356523.738052,31112356142.603275,31112347800.218677,31112290646.640174,31111162665.055052,29539186847.978688,30817198199.19558,31083671359.986497,23077899685.347902,31112272549.50974,31110486605.96713,31069365390.487163,21784927185.258439,29226639423.026475,9402389886.224631,30723915738.596258,13254274754.549603,12656320680.564146,29984155903.173893,21847553534.469124,31112356629.801625,26112853639.862216,1391,0.016099537037,3292,1245657980.337941,91033038.9272055603827500737927,700442.5998214,51188.54409660335890595049858,464679.138573,33958.8833998399438967402031,201.460901582792,0.06671157899854915,0.06274084849089043,,
2018-09-11,3400,13666,171156,222658,1066,94405,210075,52,37319,279132,268805,254496,244017,195467,22258,216276,61054,228952,134564,3830,120572,2617,188692,19220,14,214426,51949,133,1613894041,4317,848.528144544823,2101079267.9020390111794445646198,0.360348264842,0.302443225236,2171657916.5083260675016179646198,,1822690126.3583656809977922777039,6026552999.9381324570450140274118,0.17873902,0.012476072311284988394402,0.171246,0.0119530557962011267746,265.784927,18.5519198242308921499177,0,0,0,0,0,0,0.591323703904,32.526875188632,4.121949968700107,27.300070511535,3.45958608498184,0.000011117517585316417,0.0698004963397751,,-37.505846347944605,0.0730802839656747,0.0000116085421535094,0.000372626437932822,0.0631603879761548,0.0730802839656747,0.004653857592,30101208130.016698,15710208114.964746,1495363225.302501,30101208130.016698,30101208130.016698,6735327785.03546,30101208130.016698,30101208130.016698,30101208130.016698,1986433963.719239,10911780499.546644,30101208130.016698,96.7500107605,27957302724.724834,31106480594.101109,31112334775.849962,18397473802.356922,31010662626.898165,31112172613.386379,11633561245.104531,30397012484.173964,31112356361.960324,31112356257.692731,31112355874.606577,31112347515.338786,31112290252.137556,31111161287.711663,29536236314.076268,30817044998.028932,31083664623.169911,23037196045.410748,31112270034.399423,31110375173.60777,31067369556.682873,21610412309.439949,29186237085.941909,9293460868.640911,30711719384.463676,13215577413.058205,12688593206.07615,29983424356.562181,21851493111.573384,31112356364.016698,26112853374.077289,1487,0.017210648148,3540,956512305.088881,66765033.6503062819977810506631,652333.31505457,45533.189169779870422718027207,600000.315192,41880.3198044231023263933192,201.535126545168,0.06663328504057399,0.06290824781135901,,
2018-09-12,4000,13664,171407,222942,1072,94601,210347,51,37424,279650,269296,254941,244364,195734,22294,216553,61220,229247,134788,3829,118520,2482,187665,18784,14,214437,50702,123,1613894057,4320,869.315277777778,1984865993.3655769352056095967466,0.34201111747,0.287052707918,2051540851.0005417071329829967466,,1721874894.1297800562783257896307,5998462465.7208528050878791281932,0.17962361,0.011844335204197601908111,0.171246,0.0112919177294010655746,341.823732,22.5397700366772850722732,0,0,0,0,0,0,0.591837156606,16.306295543249,3.9642685471222334,13.686006251587,3.327242780249327,0.000010421077356532645,0.0659397459175751,,-35.19449224345438,0.0698004963397751,0.0000111175175853164,0.000378725400635683,0.0602243876849001,0.0698004963397751,0.004657435692,30101207788.192966,15717666958.343583,1365606755.631184,30101207788.192966,30101207788.192966,6854584214.105287,30101207788.192966,30101207788.192966,30101207788.192966,2149735389.537631,10972097965.445693,30101207788.192966,96.7500107247,27946752952.683885,31106475992.694977,31112334382.391321,18413448323.475729,31010588687.729383,31112172135.323003,11650996949.865533,30395831452.674461,31112356020.131306,31112355915.540449,31112355528.976951,31112347141.566117,31112289840.763886,31111160608.605627,29532555129.435396,30816778348.987854,31083645626.922514,23028125862.15158,31112265682.382143,31110182839.39517,31063976703.968779,21401912865.221057,29112660297.313313,9354035196.646987,30690571595.04453,13089869517.562081,12717144886.524139,29980076158.904161,21850507705.033869,31112356022.192966,26112853032.253557,1903,0.022025462963,4757,1907996573.450699,125812809.2649430088154374799949,1413685.39369667,93218.055667745543638911344917,784943.251044,51758.9585335567258510234044,201.75127765576,0.06672623470009358,0.061702376113285946,,
2018-09-13,3166,13685,171667,223223,1075,94794,210629,51,37530,280102,269720,255335,244690,196009,22339,216835,61349,229529,135019,3840,121010,2608,189224,19274,14,214983,52204,131,1613894073,4318,853.194997684113,2101060051.2935705295522412305516,0.361819593811,0.303678122437,2171638055.8289324998603204305516,,1822673450.2115731964223923923824,6001991304.43652155843959746823,0.17792531,0.012419161616352765671028,0.171246,0.0119529467176645397448,274.894609,19.1876050497543127799292,0,0,0,0,0,0,0.591974770201,23.567539321566,4.258081815701291,19.780427080349,3.5738426361960944,0.000010753474391065866,0.0697998593699388,,-24.869053341732613,0.0659397459175751,0.0000104210773565326,0.000360979896658619,0.0567775866890842,0.0659397459175751,0.004666353239,30101207513.298357,15668211505.864527,1354665803.146231,30101207513.298357,30101207513.298357,6818956543.060895,30101207513.298357,30101207513.298357,30101207513.298357,2118124131.593286,10319864087.033148,30101207513.298357,96.750010696,27938593786.76729,31106472500.053496,31112334070.760906,18417729643.905092,31010487064.748499,31112171813.35249,11657413097.78015,30394975764.151582,31112355745.231007,31112355640.415204,31112355251.458549,31112346835.959843,31112289554.357006,31111159775.314746,29527976726.882764,30816338999.136215,31083621843.111693,23011102031.436727,31112269316.526905,31110372452.800259,31067305869.033922,21563905641.940442,29174713867.122554,9362283506.186688,30710535720.04759,13216452111.198654,12724041030.438756,29976023080.089263,21830469603.794729,31112355747.298357,26112852757.358948,1545,0.017881944444,3660,1320135943.035365,92145303.173070015616906285662,784859.66322176,54783.094118016375712502028288,564950.347605,39433.454813827041347576574,201.843608877833,0.0659616014087313,0.06128495398336833,,
2018-09-14,2793,13703,171946,223531,1067,94983,210921,51,37621,280565,270161,255750,245040,196291,22392,217140,61485,229850,135260,3826,120641,2566,189189,19175,14,215247,51919,130,1613894087,4318,821.452292728115,2052388743.283702648967650928596,0.353619409758,0.296795640955,2121331800.426401189364051928596,,1780450999.0458146109918947385575,5998912225.6510326223176574788404,0.17713216,0.01207739104718608517024,0.171246,0.011676055366040973819,237.888493,16.2199363209187405139645,0,0,0,0,0,0,0.591192477871,30.461639261775,4.273943490233971,25.566701090937,3.5871554631495464,0.000010498250151714294,0.0681829377973265,,-27.462395415984048,0.0697998593699388,0.0000107534743910659,0.000328312389775523,0.059779688469479,0.0697998593699388,0.004674308612,30101207275.409864,15632292624.035084,1097494361.822767,30101207275.409864,30101207275.409864,6736234376.53229,30101207275.409864,30101207275.409864,30101207275.409864,2029245504.3425,10145282563.645153,30101207275.409864,96.7500106712,27929857329.856998,31106470298.708997,31112333797.442977,18393390546.016638,31010352442.398167,31112171260.090057,11666655270.864726,30393885253.523354,31112355507.339496,31112355402.342577,31112355011.176206,31112346581.98384,31112289263.103972,31111158835.759151,29524483982.208409,30815842586.739544,31083594901.559817,22980604528.813758,31112268445.88478,31110325575.006592,31066396888.559691,21489729448.699941,29149870051.246267,9370857899.259019,30704052778.045996,13211387371.481776,12733523201.523332,29972390149.412346,21822065138.004577,31112355509.409864,26112852519.470455,1343,0.015543981481,3121,1021361826.329932,69639449.873217544991536526798,729010.31997153,49706.065300227918670390114545,775349.824747,52865.6288718927039801388955,201.916740249201,0.06594444532062321,0.061201038236413284,,
2018-09-15,2297,13703,172089,223713,1062,95105,211084,51,37658,280859,270435,256000,245241,196442,22393,217317,61569,230032,135403,3828,121199,2587,189547,19283,14,215449,52251,131,1613894106,4320,764.600462962963,2085636910.640605066799642026962,0.359436908168,0.301678314226,2155696827.954231266708322826962,,1809293843.3999587289234845838712,5997427584.5509232590534533810397,0.17724413,0.012280799861561754898956,0.171246,0.0118652045238000506952,196.918229,13.6439686856889757016748,0,0,0,0,0,0,0.591167832871,41.003520274159,4.477726065625793,34.414587351861,3.7581918282343336,0.000010620129493634647,0.0692874842262012,,-26.376606938832165,0.0681829377973265,0.0000104982501517143,0.000322076735998232,0.0587050953983234,0.0681829377973265,0.004675110606,30101207078.491635,15347424474.036414,800983949.066454,30101207078.491635,30101207078.491635,6721937188.888617,30101207078.491635,30101207078.491635,30101207078.491635,1979084418.76671,10138464770.606379,30101207078.491635,96.7500106506,27925962462.240444,31106467483.641374,31112333591.488267,18392623665.598204,31010315112.6467,31112170791.930959,11684966690.675627,30392767713.980061,31112355310.417981,31112355205.242884,31112354812.360272,31112346373.885014,31112289039.074063,31111157706.295846,29521059946.312062,30815571501.007375,31083587976.687936,22982138091.038556,31112268602.782954,31110354517.955531,31066994100.678374,21521403080.403388,29162073357.098948,9390372772.510035,30707450711.354808,13244365701.094131,12751954620.334233,29971158897.102208,21826264326.314215,31112355312.491635,26112852322.552226,1111,0.012858796296,2509,758772785.957577,52573457.4383063557772150664924,619864.18119123,42948.829676674471187793655476,738000.30865,51134.18474451849201700038,201.966729360475,0.0645063450150296,0.06136068592562914,,
2018-09-16,2335,13713,172301,223945,1061,95254,211307,51,37714,281241,270797,256327,245527,196666,22416,217547,61669,230300,135573,3830,121529,2603,189874,19323,14,215682,52440,133,1613894156,4315,793.152723059096,2099049205.8644631805426455248214,0.363391700137,0.304997602843,2169559664.3422674357074771248214,,1820929032.2268768023479079190448,5970306045.859947801528917672604,0.17666895,0.01231966614233564103273,0.171246,0.0119415072552953373204,202.109274,14.0936977321132948005276,0,0,0,0,0,0,0.591004964001,30.416380239223,4.590181620241137,25.528714763253,3.8525766831239716,0.000010732447990338422,0.0697330580293574,,-35.74861141007522,0.0692874842262012,0.0000106201294936347,0.000310966958636964,0.0596330751229375,0.0692874842262012,0.004679002095,30101206876.382361,15312767130.409146,1024166644.635205,30101206876.382361,30101206876.382361,6996649400.202143,30101206876.382361,30101206876.382361,30101206876.382361,2191520346.140153,10130287836.987394,30101206876.382361,96.7500106295,27920603681.937011,31106464808.101862,31112333316.063663,18387556311.991179,31010242084.340729,31112170341.658242,11659154265.977674,30391541427.936645,31112355108.305469,31112355002.851889,31112354608.739666,31112346161.236808,31112288732.530605,31111157144.446834,29517759403.608157,30815205345.212337,31083557820.67961,22977928589.838727,31112268338.312625,31110368978.650947,31067193643.22047,21535796477.723996,29161415383.225973,9364558485.693202,30708389499.071838,13259058581.045732,12734967532.628326,29969210529.878559,21823676068.863157,31112355110.382361,26112852120.442952,1144,0.013240740741,2602,1022881581.098274,71328660.6518867882708264691276,566882.90410825,39530.47844803124369756753855,488070.248395,34034.630953731415420231373,202.014140433362,0.06419551575542531,0.054300040765186124,,
2018-09-17,2715,13695,172474,224117,1060,95370,211479,51,37755,281556,271087,256575,245720,196840,22395,217723,61741,230473,135720,3814,118320,2338,188149,18633,14,215555,50498,120,1613894172,4316,788.47312326228,1909039504.749313121119406980859,0.331107845059,0.277901500909,1973037514.544493579940138980859,,1655986394.83679930701522258754,5958896909.2370576992497827948994,0.17810302,0.01129467509629516651282,0.171246,0.010859826697717770786,224.766012,14.253880019721061169892,0,0,0,0,0,0,0.591764171838,40.944264444242,4.312596235894699,34.364853362617,3.619597012434284,0.000010132710127324115,0.063416527671991,,-35.841591670332214,0.0697330580293574,0.0000107324479903384,0.000316936045566817,0.0599998718008723,0.0697330580293574,0.004678150621,30103185633.616349,15329087627.721346,1295812622.003636,30103185633.616349,30103185633.616349,7031030752.216633,30103185633.616349,30103185633.616349,30103185633.616349,2226231444.022243,10092289231.711047,30103185633.616349,96.7563713653,27914975073.690235,31106464063.986659,31112333081.095993,18411176922.829451,31010156215.479509,31112170011.728698,11661609425.878287,30390562686.553447,31112354883.536216,31112354777.786124,31112354381.96624,31112345926.791141,31112288512.953308,31111156829.859263,29513249587.203087,30814861710.439469,31083540604.520748,22975473794.719052,31112263570.318812,31110083465.589852,31062131636.219393,21156244356.570781,29055504461.235392,9370238813.278824,30677762979.192336,13073047431.215773,12741240271.941229,29968159322.125748,21845955467.757662,31112354885.616349,26112851895.67694,1262,0.014606481481,2862,759870895.421397,48188373.666631602113338991427,515814.36565237,32711.15599300400610809176867,337221.41595349996,21385.41125640311748584731162036,202.06159123308,0.06450535400335661,0.05437306387686707,,
2018-09-18,3062,13698,172727,224398,1063,95543,211754,51,37822,281871,271389,256843,245941,197106,22440,217994,61843,230733,135935,3820,121575,2579,190096,19283,14,216126,52402,130,1613894187,4319,841.428108358416,2075447404.1641984956497903907296,0.359738702329,0.301931611247,2145024018.0041879851541887907296,,1800336059.8311548676760567719068,5962727958.1469531503905564092811,0.17798345,0.01227097015294227108074,0.171246,0.0118064604029798959032,255.228261,17.5965707649692141675412,0,0,0,0,0,0,0.591213675287,26.441650716286,4.808320545330337,22.19269195423,4.035662441225078,0.000010873921610091843,0.0689444448511492,,-32.16655255049659,0.063416527671991,0.0000101327101273241,0.000322219351541915,0.0544278842434495,0.063416527671991,0.004685830952,30103185378.388088,15330945602.583158,1164596831.691676,30103185378.388088,30103185378.388088,7040633202.745403,30103185378.388088,30103185378.388088,30103185378.388088,1970688769.525642,10083734108.788735,30103185378.388088,96.7563713387,27904152573.312813,31106462219.109679,31112332867.997262,18394049527.864957,31010040764.080798,31112169722.183805,11679798593.140863,30389599468.920331,31112354628.30436,31112354522.297165,31112354125.979779,31112345683.455069,31112288199.514609,31111156143.780635,29510565112.750806,30814339631.615237,31083517039.01346,22969304231.552081,31112267747.555415,31110336971.664317,31066701257.549725,21504498448.70266,29144652494.914561,9398130443.535291,30704554230.73045,13217983911.731321,12743819269.905422,29964899041.213468,21834732698.064193,31112354630.388088,26112851640.448679,1434,0.016597222222,3340,1176641918.623663,81122923.8680995185013678635196,1536947.85482305,105964.01661593983770855514906,492183.997588,33933.3524783240168718281296,202.226588626171,0.06482208801862473,0.05677816567502156,,
2018-09-19,2964,13721,172983,224693,1059,95711,212034,51,37919,282326,271827,257258,246291,197383,22492,218280,61958,231044,136173,3815,123053,2670,191043,19575,15,216545,53308,130,1613894204,4320,841.530092592593,2163458201.807980657721603792692,0.37510990648,0.314832787065,2235985261.236520554580973392692,,1876680566.0668163366953542777088,5960880324.9649583867095758111532,0.17695788,0.012717623583628994320224,0.171246,0.0123071217184684330608,271.276423,19.4961164477519449163704,0,0,0,0,0,0,0.590386471934,37.436284585691,5.16747407445663,31.420577302402,4.337102904615725,0.000011257616639996671,0.0718680828659848,,-22.2852508333249,0.0689444448511492,0.0000108739216100918,0.00032905902615018,0.0591258891472163,0.0689444448511492,0.004696517607,30103185107.111665,15278102030.35434,964269412.481481,30103185107.111665,30103185107.111665,7064967394.33732,30103185107.111665,30103185107.111665,30103185107.111665,1892554959.597582,10007989064.729834,30103185107.111665,96.7563713104,27897143008.574997,31106458379.93329,31112332554.495721,18368313123.640067,31009872594.151459,31112169228.244587,11694516244.668132,30388680588.857743,31112354357.025769,31112354250.849542,31112353852.151222,31112345391.708481,31112287821.42175,31111155645.754787,29506803285.401943,30813860323.194653,31083498011.439243,22942835527.169397,31112269246.015993,31110431999.668201,31068443451.244088,21613443184.531998,29175745358.570977,9554695714.01897,30715295906.063911,13234267310.25859,12759656920.432691,29961214049.827576,21820798629.738709,31112354359.111665,26112851369.172256,1533,0.017743055556,3416,831074843.655911,59727755.7316983738010973561528,643535.34801848,46249.651718582487802073799104,408188.828754,29335.7485698617510587669392,202.29724774707,0.06465730128271159,0.05545849294564222,,
2018-09-20,3809,13720,172983,224741,1052,95620,212070,52,37913,282298,271776,257182,246315,197401,22465,218320,61898,231113,136163,3808,126640,2999,192841,20287,16,216785,55508,158,1613894218,4316,897.441380908248,2438923302.5879143980560022960522,0.422954702207,0.354989311549,2520652683.9130978211431185960522,,2115604239.0541359920183615929653,5959627995.0580774197742150521332,0.18666875,0.015123480682663353654375,0.171246,0.0138739642976307960486,294.376623,23.8497293808855134811243,0,0,0,0,0,0,0.590836625419,30.105603301851,5.970899932477022,25.267876995176,5.01142473484536,0.000012466939593975789,0.0810177422983941,,-14.253658352771168,0.0718680828659848,0.0000112576166399967,0.000343726417325949,0.0616544446820688,0.0718680828659848,0.004699738125,30103570321.735042,15256586740.661648,1358108030.054709,30103570321.735042,30103570321.735042,7088535165.627986,30103570321.735042,30103570321.735042,30103570321.735042,2154723521.499857,10050557842.396969,30103570321.735042,96.7576103663,27901651384.421243,31106452246.505824,31112332266.640128,18382318284.440792,31009709882.150558,31112168807.840192,11739528449.760376,30389633040.863179,31112354062.645424,31112353956.275859,31112353564.991272,31112345125.011651,31112287491.28492,31111153718.338097,29507092419.891818,30813931301.715129,31083484768.536068,22954220906.837464,31112271535.414566,31110663692.061175,31073143513.649049,22064112031.813224,29272336401.640624,9701345976.250997,30744866283.386732,13631789712.704673,12787354426.791928,29962414949.45046,21840404689.847141,31112354064.735042,26112851074.795633,1577,0.018252314815,3645,1033440644.015343,83727027.7775214940898846606763,470482.55893364,38117.434715574660379580467524,229782.83404,18616.486432847379638815164,202.352369531662,0.06529154360925825,0.06000668924382233,,
2018-09-21,4187,13721,173259,225078,1052,95813,212372,52,37980,282861,272316,257694,246734,197705,22528,218644,62013,231478,136395,3813,129450,3315,194233,20873,16,217296,57192,176,1613894243,4316,921.108897126969,2637353998.115002781873088269072,0.457250235477,0.38377382992,2725732879.432457930205273069072,,2287729705.3526421054177938204696,5961140460.847548664515571414582,0.18055792,0.015818560809823202390912,0.171246,0.0150027496131932851056,349.199022,30.5930970197141740878192,0,0,0,0,0,0,0.590693236606,37.090477668469,6.638896105509726,31.130338628612,5.572079328069359,0.000012996215133698676,0.0876093433609736,,-2.341880398874767,0.0810177422983941,0.0000124669395939758,0.000362248986028126,0.0689094932145867,0.0810177422983941,0.004702314544,30103569972.53602,15242533731.485895,1387144723.46887,30103569972.53602,30103569972.53602,7095810318.635859,30103569972.53602,30103569972.53602,30103569972.53602,2074393713.304521,10035670943.230203,30103569972.53602,96.7576103299,27891157054.530124,31106445828.215875,31112331842.40546,18377856914.645817,31009627159.35354,31112167819.182516,11737808378.515859,30388176152.666284,31112353713.442557,31112353606.876919,31112353211.822883,31112344744.868493,31112286993.053696,31111152900.849632,29508121862.432156,30813370709.339766,31083442677.128072,22959456599.888032,31112273265.511914,31110792252.620376,31076166436.77038,22436280099.485285,29335808106.744351,9700463336.645119,30762964313.532929,13837757460.832114,12784755905.379719,29961004864.101779,21845955905.988603,31112353715.53602,26112850725.596611,1934,0.022384259259,4623,838823214.77852,73488751.042687063314535567072,284714.74087515,24943.67149326164151322004604,240883.878952,21103.6784612289695032676672,202.394677706747,0.0655421351550674,0.06120109357885109,,
2018-09-22,3002,13759,173466,225330,1048,95987,212606,52,38081,283294,272723,258067,247037,197918,22602,218891,62152,231749,136603,3806,127786,3083,193671,20587,16,217368,56215,160,1613894290,4320,796.243287037037,2498456483.8276702046130564672136,0.435160221429,0.365233501481,2582180849.6152819956983900672136,,2167245319.5866761407337512364768,5933862339.5709592084970709848009,0.17746661,0.014728904459285526531272,0.171246,0.0142126227183514086192,243.839127,20.2375151304157431818904,0,0,0,0,0,0,0.590031970317,51.020348223169,6.466385596653661,42.821791861256,5.427289851165273,0.0000123772503664358,0.0829953559110952,,-9.801187785095324,0.0876093433609736,0.0000129962151336987,0.000355077024426964,0.0745679301964043,0.0876093433609736,0.004708033216,30103569728.696893,15222257283.858822,1256751012.707951,30103569728.696893,30103569728.696893,7160064560.366528,30103569728.696893,30103569728.696893,30103569728.696893,2204078555.385396,10119282622.493438,30103569728.696893,96.7576103045,27882765044.583041,31106443315.242712,31112331549.700336,18357283220.113652,31009565544.365494,31112167230.956463,11735757607.406138,30387139148.226091,31112353469.597173,31112353362.790126,31112352965.344813,31112344481.21051,31112286652.609272,31111151126.191911,29505847860.364282,30813108589.283083,31083442998.955346,22932722026.4452,31112270857.741889,31110699330.83555,31073965555.233971,22146455083.466528,29291235402.701806,9706344311.357325,30749574028.429262,13647037512.443581,12782945132.269998,29956909454.423691,21832455852.372253,31112353471.696893,26112850481.757484,1374,0.015902777778,3220,609802844.457423,50610804.1113420488016696996696,387485.01556815,32159.45677729487369931673788,413326.3237235,34304.1653448564339206269772,202.434782390663,0.06532153031310256,0.06174753985104144,,
2018-09-23,3544,13753,173645,225499,1049,96106,212774,52,38148,283677,273077,258396,247275,198090,22644,219060,62240,231940,136753,3801,130677,3372,194948,21127,18,217738,57945,184,1613894308,4317,885.081306462821,2711243217.9420937873444244429833,0.471774794611,0.395964408839,2801422886.6425224871759648429833,,2351256934.214076404942107483412,5938051202.9068964738016916176076,0.1797126,0.01618170724273790767782,0.171246,0.0154193564529693284622,299.940324,27.0072689019020072936868,0,0,0,0,0,0,0.590675733171,42.066517830453,7.2330127421212165,35.306769363062,6.0707262178305434,0.000013432836428267012,0.0900421408556657,,-4.156101079896953,0.0829953559110952,0.0000123772503664358,0.000345560191369835,0.0706297456270964,0.0829953559110952,0.004709571138,30110825799.756569,15213878790.96972,1203240495.150895,30110825799.756569,30110825799.756569,7009908648.114163,30110825799.756569,30110825799.756569,30110825799.756569,2265511801.920986,10108218524.627303,30110825799.756569,96.7809333917,27871408596.664759,31106444790.972112,31112331186.317544,18377312020.397861,31009482576.715693,31112166840.106542,11754381963.280435,30386507892.186187,31112353169.652303,31112353062.660283,31112352661.678531,31112344152.562567,31112286295.495445,31111150868.361593,29503788837.550714,30812873005.942811,31083426592.114338,22928769682.669534,31112272860.372467,31110827432.227587,31077128455.701901,22483628763.159462,29347170838.819818,9946545822.97308,30768379368.775826,13942530071.503325,12801689487.144295,29954803875.373704,21842879538.213919,31112353171.756569,26112850181.81716,1669,0.01931712963,3903,739598967.928686,66595074.4469397234400166562702,506164.58369892,45576.142741567545314744971044,394188.486438,35493.5752195320644999117766,202.498281961963,0.06541131824371339,0.06353755184197625,,
2018-09-24,2848,13738,173839,225739,1050,96217,212988,51,38212,284083,273460,258749,247559,198297,22678,219285,62336,232193,136921,3811,127874,3042,193938,20590,16,217757,56226,158,1613894327,4318,825.638490041686,2479608252.5348598387130378408833,0.432944717722,0.363374010051,2562050104.9862763334432222408833,,2150349415.275030693469234402779,5917730370.9078221126451991639561,0.17738054,0.014606990096077179829458,0.171246,0.0141018210114414621642,240.70539,19.821685331448393611553,0,0,0,0,0,0,0.590553026517,27.264050668597,6.790178574526535,22.882938666635,5.699051903367982,0.000012521517527980464,0.0823483235313027,,-12.82160620853986,0.0900421408556657,0.000013432836428267,0.000368043666678992,0.0766784278444514,0.0900421408556657,0.004715422243,30111217159.051179,15249969821.425864,1484517888.51403,30111217159.051179,30111217159.051179,4344084628.109152,30111217159.051179,30111217159.051179,30111217159.051179,2457320428.00158,9955991149.309755,30111217159.051179,96.7821920309,27859551473.240387,31106441250.682568,31112330907.90163,18373494185.504762,31009354598.68312,31112166262.183783,11720302776.654522,30385841821.445432,31112352928.943263,31112352821.729712,31112352418.766004,31112343892.543631,31112285929.644518,31111150013.820235,29501322609.915188,30812712093.014953,31083406308.216679,22933191045.630459,31112270066.638277,31110684643.10319,31073651144.820551,22094159010.876443,29278294833.316557,9723478002.385321,30747090431.280144,13631342841.564816,12795758773.297331,29952932520.666651,21842865188.028813,31112352931.051179,26112849941.11177,1357,0.015706018519,3260,1141149321.838906,93971733.5523169010508177228462,690449.64423845,56857.370685820729817277928815,384893.792306,31695.3585340045139034170262,202.570629899929,0.06569109182311551,0.06550978791013398,,
2018-09-25,3258,13698,174175,226128,1051,96466,213353,51,38331,284661,274016,259278,248004,198657,22737,219663,62519,232592,137231,3813,127636,2968,194080,20470,16,218110,56075,157,1613894345,4314,821.766573945294,2436803024.9537230483305464977032,0.426216628207,0.357727069383,2517787319.3749505623656713361248,,2113199296.9866354503303297168676,5907294912.3738288585539052668133,0.17762972,0.014374800310512691212176,0.171246,0.0138581936287128996168,279.233923,22.5971863438510003194484,0,0,0,0,0,0,0.590332425975,39.293843784659,6.889832748771244,32.97964145846,5.782692449445396,0.000012612227018148084,0.0809256486499708,,-12.646901681536498,0.0823483235313027,0.0000125215175279805,0.00036149381240806,0.0701243015379729,0.0823483235313027,0.004723483412,30111627964.817256,15242729128.702862,1326629688.695288,30111627964.746654,30111627964.817256,4368103932.148637,30111627964.817256,30111627964.817256,30111627964.817256,2447295341.995486,9949713766.343108,30111627964.817256,96.7835132937,27834419123.319366,31106436189.481026,31112330596.616575,18366630618.743814,31009212626.451423,31112165764.170034,11722667356.6131,30384215226.269766,31112352649.704094,31112352542.292816,31112352136.253052,31112343587.566371,31112285555.044675,31111149198.356797,29495516184.676454,30812236512.802944,31083382857.669948,22920828551.729465,31112269408.267463,31110657300.105812,31072958094.580138,21988385513.349529,29250824380.918272,9725760133.117686,30742543130.012806,13613008194.354562,12792243351.913417,29947987601.349555,21835585387.970053,31112352651.817256,26112849661.877847,1572,0.018194444444,3794,791786948.162202,64075872.3726070020834409637016,409956.44944458,33175.991589541597998493218264,341640.1732385,27647.4526242140077599664358,202.620623911763,0.06533808462830364,0.06549515131945734,,
2018-09-26,3660,13726,174468,226492,1051,96680,213668,50,38449,285001,274334,259562,248397,198956,22780,219995,62694,232977,137493,3810,127194,2842,194018,20357,16,218416,55784,145,1613894361,4320,871.109722222222,2386536591.1526392008837412328448,0.418723099619,0.351437689466,2465850340.3404722740065106175466,,2069608165.7925669754494841008585,5888976133.8282293950267694674443,0.17846533,0.014144504080287898690197,0.171246,0.0135723266010993928014,304.818782,24.1588128391513774024638,0,0,0,0,0,0,0.590055174455,38.761559062529,6.932498466039688,32.532890517428,5.818502120724466,0.000012262609089516725,0.0792563131465809,,-21.03410608364995,0.0809256486499708,0.0000126122270181481,0.000371861756004202,0.0689108676835909,0.0809256486499708,0.004730535095,30111627659.998474,15237639424.727734,1426177938.60952,30111627659.727872,30111627659.998474,4463151914.093564,30111627659.998474,30111627659.998474,30111627659.998474,2481992372.298075,9393392885.417816,30111627659.998474,96.7835132615,27824326909.398025,31106433127.455707,31112330240.558654,18358004491.802254,31009092663.147074,31112164881.580557,11694591065.091887,30382906673.942919,31112352344.882333,31112352237.197736,31112351838.213638,31112343283.962881,31112284995.8196,31111147128.082738,29489402167.642419,30811933779.369664,31083354686.501375,22901484410.903046,31112268532.824176,31110610180.559506,31072051369.606509,21818249632.860502,29225679098.665933,9730708969.445555,30736474881.257179,13462175035.471236,12791371277.165267,29942159067.669879,21828330576.899462,31112352346.998474,26112849357.059065,1708,0.019768518519,3864,802659983.227436,63615870.9809030405389304735724,299184.51941665,23712.261959495325933610031985,225775.8421835,17894.16084902850558101539515,202.657783131728,0.06535064770250472,0.06356314636364391,,
2018-09-27,3166,13697,174676,226763,1051,96795,213920,50,38495,285438,274749,259944,248727,199190,22800,220264,62774,233276,137651,3796,130079,3129,195468,20959,16,218866,57554,164,1613894376,4318,821.200324224178,2588734738.7989831181665692781059,0.454388094977,0.381371608349,2674768307.4385753507697695684815,,2244954704.2370071147696560922564,5886528139.7212868481940330542311,0.17858635,0.015353294663605483116265,0.171246,0.0147222354786006016794,269.665389,23.1834749850299126841471,0,0,0,0,0,0,0.590385404733,41.177944303219,7.733802616452616,34.56098216703,6.491043174529047,0.000012873996326225104,0.0859712663571739,,-19.024155852067086,0.0792563131465809,0.0000122626090895167,0.000368580421610178,0.0675498983848696,0.0792563131465809,0.004733124474,30111627390.333085,15236312163.120339,1431766942.186301,30111627390.061881,30111627390.333085,3893897418.806372,30111627390.333085,30111627390.333085,30111627390.333085,2500993193.297604,9392660573.335886,30111627390.333085,96.7835132336,27812076801.716245,31106426116.318443,31112329912.042636,18368278573.366179,31008968753.747583,31112164358.028651,11707882678.346788,30381936562.653579,31112352075.211769,31112351967.281714,31112351566.551081,31112342992.521446,31112284686.628211,31111145657.337584,29486790271.638946,30811634106.7446,31083314342.531729,22891755321.950334,31112270415.452925,31110756292.307935,31075317956.752676,22176211398.6371,29293786788.069566,9745946441.756795,30756676839.655624,13707759429.849536,12804533698.33047,29941195276.263589,21842511043.52726,31112352077.333085,26112849087.393676,1510,0.017476851852,3427,755558651.695517,64956334.0933824733193514194063,797405.83169181,68553.989151140378319567375759,376037.9685655,32328.46035595518670361704045,202.587284476921,0.06546467194864977,0.06459397444564771,,
2018-09-28,4118,13667,175349,227566,1051,97200,214688,50,38647,286407,275698,260856,249566,199918,22842,221054,63051,234069,138227,3784,129914,3054,195821,20867,16,219596,57382,160,1613894392,4316,894.199721964782,2522600593.3750646856049566791808,0.443403766974,0.37216450126,2606436272.1620130975394965130125,,2187674367.1289635543310523400059,5878245667.4924174157433735017073,0.17904032,0.014999097075441575902752,0.171246,0.0143461281670020926406,321.73546,26.953377860092353086706,0,0,0,0,0,0,0.590509277167,18.943979860709,7.741808250713689,15.900353902881,6.497974128968498,0.000012648855836330353,0.0837749679817461,,-20.798669455221535,0.0859712663571739,0.0000128739963262251,0.000376346064768838,0.0739178920476042,0.0859712663571739,0.004747937395,30111627068.597625,15213632463.723774,1438344289.421343,30111627066.508928,30111627068.597625,3882217325.252492,30111627068.597625,30111627068.597625,30111627068.597625,2470800690.059997,9418510798.482482,30111627068.597625,96.7835131945,27786365206.122501,31106412178.010519,31112329557.721059,18372132346.171467,31008564094.939704,31112163516.244246,11695994031.005614,30378480956.102462,31112351753.472545,31112351645.268583,31112351242.248833,31112342638.673074,31112284215.528531,31111142022.2471,29476947047.465039,30810523441.75676,31083240962.991175,22880600534.638324,31112269246.607569,31110708586.56695,31074374208.548121,22092494935.355714,29268081338.251723,9735028167.60124,30750285184.727338,13654150794.060091,12793513070.132242,29935690582.669719,21859525943.582201,31112351755.597625,26113699829.830319,1797,0.020798611111,4764,1642334503.328205,137586520.4316372575821372787505,727130.3121472,60915.31861868872728469622592,395926.486262,33168.7287097242871284220782,202.522843025567,0.06546043367874535,0.06468140860032126,,
2018-09-29,2979,13665,175684,228004,1053,97432,215103,50,38725,286995,276269,261402,250056,200321,22882,221477,63200,234533,138536,3778,130423,3064,196351,20942,16,220022,57656,159,1613894409,4320,831.044907407407,2541660244.922621830397985737099,0.448071761077,0.376163608601,2625828929.3956020946219128949855,,2204426548.2745692618044310082955,5860286582.4130842772661750502886,0.1779034,0.0150147408233331963691,0.171246,0.014452867719405680529,243.549748,20.555179630114503127702,0,0,0,0,0,0,0.590405476596,32.019011498598,8.036751543178639,26.880486465379,6.746985024552786,0.0000128177219414328,0.0843982791972115,,-15.888776321447306,0.0837749679817461,0.0000126488558363303,0.000379000185032338,0.0723638852859645,0.0837749679817461,0.004757044809,30115435097.047877,15194554143.358947,1612441631.954677,30115071884.150426,30115435097.047877,4088615113.215516,30115435097.047877,30115435097.047877,30115435097.047877,2635035512.979647,9666848569.499196,30115435097.047877,96.7945861388,27771052969.001708,31106398466.134926,31112329261.398275,18368902722.49618,31008390780.865835,31112163034.922171,11700644003.487935,30376428189.418321,31112351509.919995,31112351401.526918,31112350996.832573,31112342378.536135,31112283817.597546,31111140646.95878,29472357110.610345,30809819423.169128,31083208760.650758,22862468507.74641,31112268888.661163,31110722647.317191,31074580002.893865,22092609669.045149,29267696203.161481,9740950834.145869,30751083745.86222,13640170337.505322,12796615024.000371,29932661777.977623,21854057584.817568,31112351512.047877,26119330503.451817,1369,0.015844907407,3249,971683698.399307,82008432.0688837652795279324305,808805.87495512,68261.82405080715004719164788,319878.964465,26997.2341522319661355893475,202.378524610612,0.06541190814524596,0.0641698488921994,,
2018-09-30,3072,13644,176002,228412,1051,97629,215478,50,38796,287568,276820,261926,250518,200659,22913,221869,63340,234970,138810,3775,130856,3078,196783,21008,16,220450,57883,161,1613894423,4315,796.875782155272,2523807256.8575263550797144806174,0.451755986491,0.379256575821,2641593477.5852553010317042832752,,2217661142.2517711540233972249272,5847390087.9650056790065739455101,0.17728024,0.015051974750815762950192,0.171246,0.0145396377406652661468,246.419533,20.9222448526909241279514,0,0,0,0,0,0,0.590093131143,45.337669936824,8.390529988588126,38.061719092008,7.043987834040048,0.000012855654441431758,0.0849049772880258,,-16.834869411848935,0.0843982791972115,0.0000128177219414328,0.000364845539453905,0.0728670667895804,0.0843982791972115,0.004763697714,30115434850.628344,15222329783.697476,1293293186.533101,29725080171.636303,30115434850.628344,4077928853.360762,30115434850.628344,30115434850.628344,30115434850.628344,2608064874.528619,9694034342.521762,30115434850.628344,95.5410920822,27754091817.090479,31106391638.675415,31112328953.740425,18359184775.553264,31008236245.694884,31112162293.689981,11701647850.525634,30374972506.998198,31112351263.495508,31112351154.900162,31112350748.195196,31112342115.220269,31112283409.819585,31111137359.643099,29468368579.349835,30809405204.092376,31083174101.681121,22853167906.251722,31112268903.414609,31110730565.479747,31074735065.202225,22103447928.368367,29267854059.630481,9741181302.893387,30751729681.786732,13665476049.246993,12798240020.03807,29930674762.440643,21855924996.039853,31112351265.628344,26119330257.032284,1390,0.016087962963,3264,686236220.542029,58264870.7193416361889273363482,427053.12753744,36258.936094346728540353185952,314435.081556,26697.1034580707201252321448,202.130290111842,0.06487041868676405,0.06406278903934041,,
2018-10-01,3305,13631,176286,228764,1053,97812,215803,50,38858,288130,277348,262424,250960,200960,22917,222200,63447,235353,139061,3779,130708,3052,196829,20950,16,220734,57729,159,1613894438,4288,838.233208955224,2435665181.8817627095104440590007,0.446203306056,0.374595008727,2608031584.1170090785197813187256,,2189485377.5236169516384636624036,5844940072.6532936841363499309857,0.17757771,0.014885672775676957638177,0.171246,0.0143549092965754333002,262.459856,22.0010244144228158153072,0,0,0,0,0,0,0.590107340183,58.900241841857,8.599623575469668,49.447721043996,7.219525325293549,0.000012774858902027705,0.0838262458485187,,-21.618635775170574,0.0849049772880258,0.0000128556544414318,0.000365629504376691,0.0731601403518562,0.0849049772880258,0.004768394136,30115434588.168488,15210230457.262374,1094241379.308848,29056116699.812861,30115434588.168488,4055329822.440262,30115434588.168488,30115434588.168488,30115434588.168488,2610321305.715652,9674755759.271313,30115434588.168488,93.3909388489,27746169510.821246,31106386689.001941,31112328614.443558,18359626697.328078,31008107876.233436,31112161717.160061,11702101075.615853,30373746066.432338,31112351001.027492,31112350892.234588,31112350483.564866,31112341822.534905,31112282938.307763,31111135008.490161,29463498022.550679,30808855233.397519,31083151361.433248,22855415459.691138,31112267884.427341,31110698132.749258,31074242704.451853,22070508937.704424,29255744426.7982,9742021751.83709,30748107077.435863,13637115493.726949,12794796890.513508,29929375286.901447,21861264810.577817,31112351003.168488,26119329994.572428,1478,0.017106481481,3418,528221107.932003,44278792.4558850146337578739561,396462.90568945,33233.997002141918949084717715,108544.061649,9098.8411971858440881293363,201.527392983768,0.06437897037240752,0.0632939340070339,,
2018-10-02,3506,13630,176560,229156,1052,97975,216150,50,38927,288446,277625,262673,251391,201283,22946,222570,63561,235767,139290,3778,130018,2986,196821,20791,16,220988,57265,156,1613894453,4314,813.015299026426,2348547725.557637480874039870352,0.437462862937,0.367257262511,2554465037.3155856770974945199174,,2144515377.7967036280794046695294,5839272893.1665349701533943373786,0.17925314,0.014717495396910612451772,0.171246,0.0140600729043817851108,252.567675,20.736951075004407564465,0,0,0,0,0,0,0.590003505014,56.880519697472,8.7484763241892,47.752131035813,7.344489642821564,0.000012614541942154874,0.0821045332701598,,-21.467930305394475,0.0838262458485187,0.0000127748589020277,0.000364591689866036,0.0725453265378913,0.0838262458485187,0.00477466714,30115434335.600813,15192343817.068996,1094200379.359595,28604361196.84024,30115434335.600813,4087524778.048028,30115434335.600813,30115434335.600813,30115434335.600813,2296656388.805991,9699392521.386443,30115434335.600813,91.9389262037,27741077301.304266,31106376265.086348,31112328318.500622,18356395992.084386,31007959603.468371,31112160912.305133,11706423068.913881,30372552746.613917,31112350748.451698,31112350639.435056,31112350236.786934,31112341563.901362,31112282495.284995,31111132504.455391,29460216083.38571,30808446795.77446,31083108802.96834,22852780544.612532,31112266060.67406,31110656030.032259,31073095602.6845,21989452915.488312,29229944317.353875,9742360397.02197,30740748404.314284,13604661630.5141,12799241316.626008,29926196077.147177,21863544424.802741,31112350750.600813,26119329742.004753,1409,0.01630787037,3371,546977258.929362,44909312.5537866138748506520476,329812.78432859,27079.124723830756350125008682,207904.730254,17069.9208421631417264745892,200.224072174335,0.06436757954190411,0.0632796728966142,,
2018-10-03,3239,13636,176808,229465,1053,98105,216442,50,38942,288960,278112,263123,251781,201563,22947,222862,63640,236110,139487,3780,129520,2901,196768,20603,15,221267,56869,153,1613894470,4320,835.977083333333,2263041848.9629601418182439763774,0.431698664932,0.362418122996,2498463917.2233224719669013120491,,2097501513.9238515912828026730111,5787518285.7357350942437515876964,0.17749034,0.014253285368981647023682,0.171246,0.0137518363325949520758,252.746246,20.2966785131902734995758,0,0,0,0,0,0,0.590284453721,43.227790167,8.846274747425586,36.290440175591,7.426593014772355,0.00001242247749227566,0.0803045696401373,,-22.43719982591125,0.0821045332701598,0.0000126145419421549,0.00036435758076513,0.0711751309987518,0.0821045332701598,0.004779149978,30115434082.854567,15145759927.636095,1510532654.070631,28180735655.569238,30115434082.854567,4488360081.975753,30115434082.854567,30115434082.854567,30115434082.854567,2714106154.033555,10047350656.448558,30115434082.854567,90.5773276677,27746665668.161954,31106369803.636855,31112327985.155444,18365136817.592081,31007798280.325495,31112160443.491302,11704378794.642645,30370871808.210971,31112350495.700137,31112350386.425542,31112349981.767954,31112341288.747178,31112282085.082288,31111131477.104312,29458592099.66295,30807921304.595505,31083064739.311942,22860789054.985705,31112265482.319462,31110614331.296985,31072198962.406624,21891705796.550326,29205202829.45826,9620026341.995481,30734404010.818873,13568396648.23287,12797935957.227402,29927019241.071012,21876739172.008738,31112350497.854567,26119329489.258507,1424,0.016481481481,3362,719730302.605326,57797632.2076864941724503512598,852753.22749946,68479.980943582231650530075858,265027.95008900005,21282.955474504937050735701706865,199.561740175494,0.06434190164987993,0.06333172557611313,,
2018-10-04,2555,13644,177016,229730,1057,98245,216696,50,38970,289379,278508,263500,252107,201792,22961,223124,63723,236400,139670,3783,129987,2948,197124,20678,15,221535,57167,154,1613894484,4317,802.941394486912,2244952871.4360514741690313802235,0.436116284953,0.366740750698,2523671595.5038082387451427149883,,2122216590.8096264638351873472415,5786694243.2025089222649646624064,0.17681361,0.014342197910011772910009,0.171246,0.0138905824234790300574,211.29226,17.138926182060668999194,0,0,0,0,0,0,0.59010274022,21.107200394256,9.183518784531552,17.74955621882,7.722643453794544,0.000012392856298974581,0.0811147847160169,,-22.985251780243726,0.0803045696401373,0.0000124224774922757,0.000366711551290528,0.0700303369975376,0.0803045696401373,0.004784284813,30115844496.562307,15123885571.982817,1689700787.765887,27676247669.221315,30115844496.562307,4482617967.568608,30115844496.562307,30115844496.562307,30115844496.562307,2620359813.53974,10029520077.455653,30115844496.562307,88.9558243408,27744273982.531855,31106364189.47808,31112327714.060327,18359483158.769604,31007703604.842371,31112160014.846688,11676580272.340806,30369343832.074892,31112350284.401086,31112350174.990347,31112349768.764153,31112341057.937632,31112281778.468376,31111129411.186964,29456925349.430107,30807525188.706772,31083043074.178205,22856701755.8046,31112265259.812124,31110628076.531315,31072530092.330948,21941221127.603873,29211161886.177244,9593989960.996924,30736684967.991581,13548998640.174411,12768839405.334333,29926644481.870573,21873004182.074476,31112350286.562307,26163129178.478535,1195,0.013831018519,2734,1474015961.635012,119564487.3959966246178282237028,1574351.70963266,127703.199994146365886317351954,410624.82893,33307.744597708218193488917,199.379836187566,0.06430260864597828,0.06324606465288622,,
2018-10-05,2516,13649,177253,230018,1054,98371,216957,50,39018,289813,278924,263884,252441,202043,22965,223397,63826,236702,139863,3785,130787,3005,197612,20837,15,221827,57637,156,1613894501,4318,765.925891616489,2280164916.5685645920851879936172,0.444817371649,0.373943327788,2573047873.4820806253373920468497,,2163076682.0154889416449612360885,5784504017.7865671657347491552899,0.17610762,0.014564420110293309177402,0.171246,0.0141623553041446362366,209.21585,17.302530879311800527785,0,0,0,0,0,0,0.589549779185,32.981479932286,9.61914529140958,27.72644493526,8.086498931949256,0.000012558836470919054,0.0827018167089721,,-5.618913799377722,0.0811147847160169,0.0000123928562989746,0.000367143363652363,0.0705655087806779,0.0811147847160169,0.00479135105,30115844287.346457,15152973161.736898,1734705957.172995,27570916907.333132,30115844287.346457,4501559565.562228,30115844287.346457,30115844287.346457,30115844287.346457,2629109189.158666,10054673787.834165,30115844287.346457,88.6172752582,27740384970.497596,31106360272.011282,31112327475.745897,18342279118.039963,31007548298.66465,31112159419.006238,11687776215.786821,30368289979.412905,31112350075.182567,31112349965.54918,31112349557.734301,31112340831.163768,31112281438.565031,31111127965.039353,29453065970.731579,30807250851.006598,31083012143.210401,22852768458.700863,31112265153.160306,31110655599.497241,31073242334.84157,22004633217.479249,29226193367.800267,9605196392.914355,30740921345.250438,13583331247.076549,12779948357.356308,29925678547.921669,21873116283.500953,31112350077.346457,26155128969.262685,1188,0.01375,2716,943327896.177577,78014930.7661382359214307386017,797876.67354707,65985.850412054151264800666747,421437.0896445,34853.61294214208287514941845,198.84720761235,0.0641695597175894,0.054041982983748967,,
2018-10-06,2559,13666,177465,230276,1050,98519,217198,50,39086,290215,279305,264240,252746,202283,23002,223649,63931,236984,140052,3781,130282,2925,197598,20702,15,222052,57290,154,1613894517,4320,789.156712962963,2223246003.258477261173966849496,0.436804580349,0.366909599494,2517428567.1441212653591313488316,,2114603987.4157460893955080840588,5763283354.6175337609903920394147,0.1766,0.01428943447420748984,0.171246,0.0138562202489815164504,196.732398,15.9184298424388936907352,0,0,0,0,0,0,0.589401124341,53.206336769288,9.681590093823345,44.692561829374,8.1323971945503,0.000012352399488010604,0.0809141249955124,,-7.890110882086203,0.0827018167089721,0.0000125588364709191,0.000365075844785673,0.0718947801590029,0.0827018167089721,0.004796878662,30115844090.614059,15178947487.982791,1597412113.915794,27476611820.02254,30115844090.614059,4657624483.429449,30115844090.614059,30115844090.614059,30115844090.614059,2435822742.471889,10211631246.596085,30115844090.614059,88.3141643928,27733904944.455013,31106354346.855915,31112327228.22758,18337654000.518425,31007443205.212054,31112158942.302827,11688586520.216573,30367337464.545529,31112349878.444758,31112349768.627093,31112349358.635027,31112340621.014102,31112281160.711012,31111127425.726073,29450692629.381557,30806945157.383884,31082990273.285476,22839169660.895549,31112264555.33071,31110624202.795382,31072373076.789231,21898294306.221092,29202815840.185185,9607177144.730126,30735110427.987278,13572696002.359032,12792806114.221411,29923520354.358592,21869778829.265064,31112349880.614059,26133928872.530287,1114,0.012893518519,2547,584748956.041134,47314450.1201077022026198070616,541843.73582567,43842.811768633662639858723308,416665.657763,33714.1371135727735692227612,198.421587357331,0.06414995943101444,0.05415594972406396,,
2018-10-07,2366,13644,177633,230472,1054,98602,217380,50,39111,290535,279611,264525,252992,202450,23017,223846,63975,237197,140199,3784,131889,3058,198401,21051,17,222363,58261,157,1613894533,4315,752.442178447277,2306536143.1882445977429571575671,0.454523309895,0.381793078445,2618180988.1511348467681766401914,,2199234577.485242315517877027419,5760278804.5310623956823018987309,0.17699825,0.014894839430260684419525,0.171246,0.0144107734007224430982,180.184217,15.1629464137766759163789,0,0,0,0,0,0,0.589710199631,59.137970594837,10.387936878979131,49.675049342679,8.72571838095796,0.000012819192958484498,0.0841524672151317,,1.5359583622521467,0.0809141249955124,0.0000123523994880106,0.000361756683435568,0.0701265145468502,0.0809141249955124,0.004800636779,30115843910.429842,15211378004.8001,1179719547.462574,27409013894.883163,30115843910.429842,4694989440.793982,30115843910.429842,30115843910.429842,30115843910.429842,2463363929.865904,10269426979.790185,30115843910.429842,88.0968945091,27725064017.900842,31106353031.326055,31112327001.724529,18347269952.844835,31007320986.382108,31112158452.848549,11682275151.194295,30366725650.152414,31112349698.257363,31112349588.287725,31112349177.145451,31112340419.992964,31112280919.288465,31111125759.633771,29449468587.475674,30806629574.874328,31082974732.737258,22847984036.082386,31112265700.120473,31110699231.656508,31074127011.196388,22064456414.553829,29242048936.078493,9839109915.187414,30746023255.991992,13593480899.899947,12783590841.215041,29923477637.781588,21878079695.299717,31112349700.429842,26133928692.34607,1018,0.011782407407,2247,526097689.648251,44272418.5800809742253176396567,605592.7063834,50962.12036965194627966169378,301420.3925975,25365.26970603324450666759075,198.141943915115,0.06418644376710654,0.05363495205769766,,
2018-10-08,3373,13424,177666,230565,1056,98524,217453,51,38943,290814,279872,264752,253143,202503,22780,223924,63840,237309,140187,3783,132559,3124,198716,20971,17,222496,58519,166,1613894548,4319,867.372771474878,2352512667.9885485606580797684036,0.466107945859,0.39152400629,2682138220.8584743379514971787745,,2252957734.3231442829976670851269,5754328465.5091181492012903259882,0.18030025,0.015543351775953205015825,0.171246,0.0147628015947004097118,271.171577,23.3772011572417746639041,0,0,0,0,0,0,0.592809986866,19.889119768888,10.894442771985885,16.706576068199,9.151176070422808,0.000013052575670494297,0.0862081543201033,,11.392856021685809,0.0841524672151317,0.0000128191929584845,0.000375042492266603,0.0730727101787697,0.0841524672151317,0.004788531333,30115843639.258265,15226778533.722337,1600928782.535452,27288748802.733092,30115843639.258265,4755899558.122457,30115843639.258265,30115843639.258265,30115843639.258265,2506698696.64992,10329783434.370746,30115843639.258265,87.7103442952,27719950046.142261,31106347337.74881,31112326700.488457,18443711456.527753,31007140365.620608,31112157979.52639,11732306661.434208,30365594794.540427,31112349427.083015,31112349316.864417,31112348903.397961,31112340126.02116,31112280512.918237,31111123960.972132,29443484340.158956,30806136206.846284,31082939414.013379,22935880561.384628,31112265944.796906,31110728286.645884,31074892625.898191,22230972868.479255,29254044627.264372,9843697349.473846,30750150234.858442,13760087729.205027,12829061690.637821,29934533619.686184,21971050478.800857,31112349429.258265,26133928421.174493,1504,0.017407407407,3423,1564289912.815903,134854546.2054143027221448427799,2104283.32812875,181406.381884543849296495699875,203370.25929999998,17532.174697853821599622603597934,198.044592073417,0.06398525535628098,0.05217091576647028,,
2018-10-09,2855,13423,177917,230852,1059,98714,217738,51,39022,291248,280285,265128,253465,202778,22800,224208,63959,237608,140398,3783,132618,3108,198947,20974,17,222767,58560,166,1613894565,4320,813.535648148148,2334614580.4082836286494211646405,0.464084091355,0.389823996926,2669147722.890200084656979672908,,2242045898.801738512114943704806,5751431200.9624842511317731648764,0.17708084,0.01519187502469344308594,0.171246,0.014691300484449098811,223.830177,19.2025296228491616408945,0,0,0,0,0,0,0.592772925075,16.034019278904,11.062502241326808,13.468346789982,9.292343607642323,0.000013017456792981801,0.0857906198360785,,12.880762057848656,0.0862081543201033,0.0000130525756704943,0.000378721592671027,0.0751864435401394,0.0862081543201033,0.00479187847,30117172177.428088,15194431180.492106,1614885048.993325,27212935223.793333,30117172177.428088,4732167312.036392,30117172177.428088,30117172177.428088,30117172177.428088,2492600803.931284,10331106382.284588,30117172177.428088,87.4666681198,27713069241.350743,31106342172.407839,31112326446.075847,18442558244.447321,31007078351.710791,31112157717.722216,11723497856.241079,30364399350.177741,31112349203.248745,31112349092.752582,31112348677.316098,31112339886.832964,31112280244.12381,31111123009.352551,29439193120.377846,30805679605.28765,31082906999.35454,22928832265.693048,31112265528.643113,31110722294.803137,31074684812.866189,22205135585.824478,29247699963.510534,9840818482.042261,30748794074.970429,13745516539.378926,12814601009.88317,29931735836.378915,21968598407.287217,31112349205.428088,26133928197.344316,1264,0.01462962963,2891,1940396145.485642,166467788.048750781515815334897,3307868.4892872,283784.0880321814814973082452,245111.835585,21028.2963039961129431534225,198.092955985815,0.06069789193321091,0.05203649689760316,,
2018-10-10,2250,13427,178038,231008,1060,98810,217883,51,39056,291512,280533,265346,253623,202907,22805,224364,64015,237729,140501,3785,132164,3060,198846,20875,16,222875,58285,161,1613894582,4320,760.336574074074,2283220991.0766381599426146309632,0.455223190514,0.382380966555,2617398178.5393007323229552063488,,2198577019.4159519876808386318976,5749703075.5026609416387688604456,0.1777922,0.01495717922734534062912,0.171246,0.0144064650415821402816,187.92636,15.809738830289643344256,0,0,0,0,0,0,0.592581099701,22.393724193173,11.057435686350855,18.81040790581,9.288087763264185,0.000012884972957697895,0.0841273083259296,,15.116285488769595,0.0857906198360785,0.0000130174567929818,0.000378990317734755,0.0748239563263297,0.0857906198360785,0.004793065294,30117171989.501728,15160740923.983335,1224372817.290782,27140069455.578992,30117171989.501728,4718235953.46843,30117171989.501728,30117171989.501728,30117171989.501728,2663987160.932948,10314222953.14772,30117171989.501728,87.2324665692,27711328458.744896,31106339581.658191,31112326273.777947,18436589995.081769,31007059190.567297,31112157384.850484,11724637072.11826,30363668561.055558,31112349015.31896,31112348904.596199,31112348487.093971,31112339674.021873,31112280091.504506,31111121491.356411,29437127767.33248,30805407756.971384,31082893251.022434,22926265753.397929,31112264813.312886,31110693726.557973,31074016158.995673,22143609532.158491,29233388392.104701,9733569117.417307,30744626062.463702,13679182471.126493,12809253395.256568,29931025102.068107,21967117175.290542,31112349017.501728,26133928009.417956,1057,0.012233796296,2384,1389333402.03356,116880879.480390008447917397376,1602650.91336351,134826.707527364692863283468896,122497.973409,10305.4247782804684460060064,197.907630312359,0.06052823700378698,0.051596047832349334,,
2018-10-11,2937,13433,178291,231294,1063,98989,218159,51,39103,291945,280948,265728,253940,203168,22807,224641,64134,238018,140725,3791,126394,2554,196258,19582,14,222697,54624,129,1613894599,4318,829.346225104215,1899866224.9436558275273150095452,0.381508906854,0.32046202255,2186707217.2351575105244389732735,,1836802771.7612726611767186548203,5731733068.2257648935385626347101,0.17913531,0.012590385828873181066761,0.171246,0.0120358918163661690426,233.055043,16.3800922929970079883233,0,0,0,0,0,0,0.592662992739,31.552192239413,9.497731989031813,26.503389984589,7.977958962863414,0.00001141116254102066,0.0702842216248331,,0.6930112397816138,0.0841273083259296,0.0000128849729576979,0.000376177252541666,0.0730802149080873,0.0841273083259296,0.004796945382,30117588424.446685,15190286516.057831,1282069999.220299,27031191084.179092,30117588424.446685,4774202152.947977,30117588424.446685,30117588424.446685,30117588424.446685,2744286960.66966,10421934319.957652,30117588424.446685,86.8825149508,27715603403.539086,31106336320.017834,31112326012.570122,18439137741.727427,31006959998.967854,31112157042.76247,11708560418.566829,30361688810.855557,31112348782.259891,31112348671.293513,31112348251.875719,31112339420.171642,31112279787.33322,31111119966.325463,29435023501.188182,30804878282.679799,31082870931.931442,22931216675.789198,31112258563.099648,31110321273.234137,31066221714.327872,21486063541.18293,29063652078.77075,9464007942.490416,30695099565.686306,13249927734.705297,12791110840.394591,29929758068.175861,21969978200.959142,31112348784.446685,26133927776.362913,1301,0.01505787037,3269,986059813.161988,69304446.4436186832347737642028,802635.39285527,56412.603835374778382146205437,166922.085895,11731.9888791236071832391245,197.77135965629,0.06190639813765375,0.061046963213607384,,
2018-10-12,2461,13427,178429,231458,1062,99093,218302,51,39103,292283,281261,266024,254171,203306,22809,224797,64188,238192,140866,3786,127492,2627,196919,19810,15,222983,55269,130,1613894614,4315,785.053534183082,1950856676.2669712098176500748794,0.392896757926,0.330027654084,2251479666.4785485356218865318759,,1891210699.8984158575995664311107,5730461300.7283645203279484591475,0.18042812,0.013056881334231740688292,0.171246,0.0123924070203793547586,204.244636,14.7803899713933516379076,0,0,0,0,0,0,0.592935902377,31.658089496076,10.070596048517062,26.592342131592,8.45915656484639,0.000011687642661411663,0.0723661108602791,,9.745813929487959,0.0702842216248331,0.0000114111625410207,0.000368939899587215,0.0607149183301224,0.0702842216248331,0.00479875839,30117588220.202049,15188022222.130491,1040640102.343703,26958152829.762934,30117588220.202049,4748876721.10966,30117588220.202049,30117588220.202049,30117588220.202049,2504779732.56326,10424963279.270777,30117588220.202049,86.647759041,27713592873.740883,31106336058.82126,31112325748.153193,18447628480.483924,31006884952.81897,31112156534.241175,11736748052.139494,30360273319.850043,31112348578.011252,31112348466.925418,31112348045.574904,31112339174.360182,31112279473.637072,31111119320.759976,29435531761.329735,30804478243.758263,31082868280.812578,22928922372.985413,31112260092.261405,31110393993.114654,31067559655.987054,21592745207.630992,29095543345.725199,9611309199.629096,30703015190.848444,13293068391.161008,12819970230.625602,29930822191.076283,21977273870.552912,31112348580.202049,26133927572.118277,1132,0.013101851852,2653,982761407.129717,71118620.9375529835311565240147,733064.22672997,53049.007099245782530154534627,181036.270942,13100.8908527202958533399122,197.56011334401,0.06146164176999839,0.060287544175013134,,
2018-10-13,2173,13420,178537,231587,1064,99144,218435,51,39115,292572,281532,266273,254366,203433,22804,224931,64221,238336,140950,3787,127473,2622,197015,19785,15,223105,55261,129,1613894630,4320,785.711342592593,1938966416.0815232297370250023966,0.391834103652,0.329135039355,2244418615.5574005464616362383677,,1885279516.1936946248687269999785,5727981803.1119253866225919889358,0.17836092,0.012866806577119466603412,0.171246,0.0123535422395522526906,171.404842,12.3650009676767925859662,0,0,0,0,0,0,0.593148877434,57.590824379765,10.421330326764378,48.375468271062,8.753768330181876,0.000011639692857625678,0.0721391579339211,,3.3514373597574774,0.0723661108602791,0.0000116876426614117,0.000372572405216568,0.0628153808185221,0.0723661108602791,0.004801109771,30117588048.797207,15176178704.284612,1003132808.554852,26878140411.031706,30117588048.797207,4732370203.021188,30117588048.797207,30117588048.797207,30117588048.797207,2392860904.956205,10418423159.698081,30117588048.797207,86.3905869717,27712197612.537479,31106331964.123526,31112325517.259474,18454254533.008254,31006806062.172865,31112156362.720816,11742337598.510763,30359554772.819098,31112348406.602464,31112348295.357126,31112347872.216809,31112338967.784852,31112279291.473151,31111118623.778355,29433960858.237235,30804286738.958073,31082850556.476549,22931700094.274335,31112259746.089298,31110389281.661199,31067402250.887899,21587559611.659114,29091177842.891866,9616204964.096315,30702244795.248958,13283308563.583627,12825669750.865871,29931251642.145583,21982906382.127747,31112348408.797207,26133927400.713435,961,0.011122685185,2244,540230995.889842,38971809.1332967926787307194662,476543.41194654,34377.440456781072149645777994,105825.850304,7634.1877285717482523470144,197.294462741509,0.060751068115343136,0.0594307574756153,,
2018-10-14,2018,13416,178664,231726,1064,99235,218575,51,39154,292833,281772,266492,254534,203560,22825,225071,64279,238480,141058,3784,126688,2549,196640,19597,14,223115,54732,128,1613894650,4319,779.566103264645,1882026921.436641789124904700867,0.382360009236,0.32117693531,2185002835.4467421123855812484106,,1835371109.3742390802902244150722,5714517163.5842028036638929168518,0.17856954,0.012540839031651921295788,0.171246,0.0120265109089392564612,164.819684,11.5751943264889166761848,0,0,0,0,0,0,0.593150970353,43.027978365345,10.683928232228824,36.142885997851,8.9743468035598,0.000011358695102017919,0.0702294413238222,,3.00148921799017,0.0721391579339211,0.0000116396928576257,0.00036685734150563,0.0628322624492402,0.0721391579339211,0.004801874373,30117587883.977523,15176189669.291177,924259839.841808,26798261326.880985,30117587883.977523,4655133280.290198,30117587883.977523,30117587883.977523,30117587883.977523,2374639223.612334,10448705575.716538,30117587883.977523,86.1338434397,27706082409.177159,31106330486.928124,31112325332.648763,18454319550.876186,31006774304.010952,31112156220.464032,11745257673.618134,30358934031.901684,31112348241.778356,31112348130.37438,31112347705.700278,31112338790.424363,31112279126.773891,31111117634.149221,29432170141.203344,30804033617.311818,31082837092.569313,22927670582.116021,31112257761.544342,31110317829.427366,31066139190.063736,21484674806.361781,29060227031.673653,9478246541.699963,30693741550.210553,13269737448.773536,12825789825.451726,29930091809.667833,21985985420.521522,31112348243.977523,26133927235.893751,923,0.01068287037,2224,723072508.306263,50780978.2949636376882353584386,508748.39905745,35729.11584019366621471138539,199349.828754,14000.2271013930466307435388,196.971158617505,0.06070520903752888,0.05948224788954653,,
2018-10-15,3987,13412,178874,232131,1067,99381,218971,51,39226,293414,282334,267027,255006,203950,22839,225471,64386,238900,141231,3786,128170,2660,197753,19875,15,223672,55647,130,1613894665,4315,858.242410196987,1954714617.9337058382314102203854,0.399276364377,0.335386430823,2277082405.146307263243198917919,,1912716626.0969334257559573174702,5703023289.8923844560473654761534,0.17728138,0.012975051332492918012652,0.171246,0.0125333277554816091684,337.721038,24.7174734544191352689252,0,0,0,0,0,0,0.593115891604,26.327337848103,11.745075968218485,22.114586942102,9.865695693933223,0.0000113599655085085,0.0731890248851454,,5.630945765337571,0.0702294413238222,0.0000113586951020179,0.000365621119985837,0.0608898773684062,0.0702294413238222,0.004805589019,30121057102.256485,15132695936.849179,989137236.030538,26707755992.120601,30121057102.256485,4681089652.125541,30121057102.256485,30121057102.256485,30121057102.256485,2342424194.999408,10463289471.351532,30121057102.256485,85.8429459345,27702720857.755667,31106303989.594415,31112324947.902562,18453227968.317948,31006679491.684595,31112155678.954131,11738365682.907769,30357983280.829195,31112347904.053684,31112347792.445252,31112347365.685954,31112338428.210361,31112278691.065159,31111116503.725656,29427920935.430427,30803688567.817775,31082786897.616631,22925196750.294334,31112259520.325282,31110417582.297077,31067918047.336139,21634260889.811137,29093440110.013299,9616165169.858435,30704730590.104944,13291351504.511194,12819761996.997055,29928892131.324392,21988649912.982498,31112347906.256485,26133926898.172713,1905,0.022048611111,4383,1181750623.088469,86491175.7612580397381481283926,1265457.49258156,92617.599915645495251541958824,120000.592645,8782.726361327101056995583,196.875584854931,0.060497620070541616,0.05987940054392706,,
2018-10-16,3116,13421,179252,232558,1066,99622,219382,50,39347,293987,282887,267552,255471,204347,22880,225902,64571,239336,141573,3785,129048,2715,198452,20046,15,224115,56231,131,1613894682,4313,828.915603987943,1991219361.4951709709776629259482,0.40803063019,0.342739888239,2325904388.2860970762219410428175,,1953726389.9119266501157252114603,5700318104.0609550288256189139241,0.17610328,0.013165171477282020695528,0.171246,0.0128020497676059010146,266.09206,19.892574395225438662106,0,0,0,0,0,0,0.592477706618,22.256690255324,12.628419487597561,18.69530120108,10.607691588723457,0.000011569013954901202,0.0747582411712151,,7.206314026472362,0.0731890248851454,0.0000113599655085085,0.000357288741259645,0.0631900634221537,0.0731890248851454,0.004815583558,30121056836.164425,15117978462.526525,965672448.620976,26635449554.448182,30121056836.164425,4677963987.646182,30121056836.164425,30121056836.164425,30121056836.164425,1700364144.869399,10454093604.537335,30121056836.164425,85.6105423561,27691306976.786186,31106298375.643039,31112324646.872577,18433372377.358739,31006518154.279975,31112154988.908006,11700122662.135571,30356299987.626682,31112347637.958376,31112347526.135711,31112347097.522434,31112338141.736675,31112278415.50479,31111114942.136537,29420626545.006008,30803228448.340819,31082758798.996074,22905857824.259432,31112259421.628055,31110456954.536567,31068635689.328603,21690485562.853528,29103840887.507251,9612649531.98042,30709690837.161376,13291611819.478973,12806550161.820712,29923602107.115922,21976461339.261054,31112347640.164425,26133926632.080653,1511,0.017488425926,3367,1397887434.441059,104503605.9541558258937883607909,2517458.94970377,188200.803300588302087995950927,211693.503086,15825.8339580825560262197986,196.901292073053,0.06048036878010504,0.05997939537857066,,
2018-10-17,4314,13419,178036,231397,1064,98392,218205,52,38926,292983,281860,266497,254357,203148,22896,224734,63751,238178,140333,3772,128539,2747,197573,20193,15,222967,55866,138,1613894698,4320,951.071990740741,2035103703.9716105669913571498205,0.419605700235,0.352462780774,2379786921.4772551807806050852855,,1998986943.0364284849264154841475,5671483776.664227170258361263972,0.19793015,0.015139699260147688808725,0.171246,0.013098625649014317009,278.289788,21.286416937946326859602,0,0,0,0,0,0,0.593770498265,19.442251890796,13.309610709208153,16.331213236856,11.179882444302775,0.000011872312401014963,0.0764901115880915,,20.61542061041395,0.0747582411712151,0.0000115690139549012,0.000363470523022192,0.0647284631068027,0.0747582411712151,0.004806676151,30121056557.874637,15137694978.709953,1160490672.787458,26606101909.366927,30121056557.874637,4795662662.284202,30121056557.874637,30121056557.874637,30121056557.874637,1854895296.087982,10543605301.285866,30121056557.874637,85.5162151538,27722756947.610268,31106293588.72455,31112324332.370118,18473593995.242793,31006568429.812838,31112154446.623857,11786080639.302778,30366931266.11425,31112347359.664478,31112347247.635788,31112346817.1773,31112337840.692602,31112278060.785149,31111112907.782268,29453910774.817048,30805598725.883486,31082741530.255391,22932397619.38943,31112259340.648877,31110497316.72048,31069584139.294644,21776263333.244798,29154791694.705912,9617100908.503125,30717964925.840426,13441214516.829494,12856272025.565315,29948526112.24945,22006669211.838929,31112347361.874637,26133926353.790865,1406,0.016273148148,3148,1600244021.969686,122402843.808637628021331594269,2261677.63287965,172995.974515255069777792687975,292637.696858,22383.890087550513339766507,196.790974759429,0.05989950965862623,0.057183198387729464,,
2018-10-18,2972,13412,177950,231357,1064,98496,218151,52,38948,293108,281967,266586,254385,203084,22903,224685,63807,238169,140199,3772,127446,2698,197059,20006,15,222894,55377,132,1613894713,4317,834.813296270558,1968420065.558319862645682386512,0.407253449604,0.342087066607,2307734234.753113896749826949368,,1938463715.0226522857024856191088,5666579956.5287407613293353330308,0.17965896,0.013326064112639198134656,0.171246,0.0127020393251358692256,230.143132,17.0706884427895265823552,0,0,0,0,0,0,0.593795503711,21.765995267402,13.544113379868838,18.283124378803,11.376861314291396,0.000011596100843764373,0.0741742249461936,,7.5854988844068325,0.0764901115880915,0.000011872312401015,0.00037570812916885,0.066630581781121,0.0764901115880915,0.004785465107,30121513477.731505,15122694469.940748,1232313378.414046,26537790815.96367,30121513477.731505,4791010778.725366,30121513477.731505,30121513477.731505,30121513477.731505,1718064684.669929,10528801284.864257,30121513477.731505,85.2966531377,27718984399.292746,31106288484.121652,31112324035.023216,18474371836.729108,31007027968.353595,31112153936.342381,11787378158.70354,30366593345.944031,31112347129.517325,31112347017.344342,31112346584.835096,31112337584.703406,31112277715.18682,31111112016.551836,29452693823.404459,30805732207.727608,31082703579.154711,22931709266.067571,31112258670.657063,31110436924.393762,31068274625.471211,21710306985.445837,29128081547.127903,9630289593.096163,30710901485.502687,13363337068.363478,12858144416.628377,29947661557.937407,22008135262.845854,31112347131.731505,26133926123.647733,1281,0.014826388889,2827,1429401538.937527,106024751.2875874376768868472272,1416487.06136473,105066.829923040220665634791728,274169.596004,20336.3172874077179495703744,196.371234668451,0.05984036849611449,0.055640695615853226,,
2018-10-19,2468,13414,178032,231465,1064,98556,218242,52,38944,293355,282202,266795,254534,203175,22909,224785,63832,238267,140258,3774,127906,2723,197313,20127,15,223002,55648,135,1613894728,4317,798.817002548066,1994492325.7688785564047724504683,0.413292728189,0.347159973704,2340423537.6229179717381809473167,,1965922258.8724425181510711300331,5662871320.9622452875009971134203,0.17646545,0.013274597823882163929335,0.171246,0.0128819651605939012098,208.935096,15.7171240641961982544648,0,0,0,0,0,0,0.593499391852,23.504844691997,14.426758826859581,19.743732973335,12.118270836531519,0.000011785053102043236,0.0752249113006663,,4.670819508210777,0.0741742249461936,0.0000115961008437644,0.000372539790546914,0.0648645455792744,0.0741742249461936,0.004786715177,30121513268.796409,15087703009.967243,1051644204.540913,26513721203.300541,30121513268.796409,4790086509.01891,30121513268.796409,30121513268.796409,30121513268.796409,1687654674.362151,10497695071.610729,30121513268.796409,85.2192901715,27716090466.235985,31106286735.244278,31112323808.365947,18465158977.76527,31007008556.837791,31112153497.377738,11780383708.555981,30365789920.182214,31112346920.580725,31112346808.215468,31112346373.950917,31112337341.830364,31112277452.731658,31111111617.794801,29453934779.179444,30805512256.867257,31082686935.668201,22930331933.752913,31112258524.954903,31110458455.210807,31068793664.167404,21738868771.343562,29143892744.169378,9631933597.677875,30713977234.846501,13396482031.449089,12851542937.738118,29948826040.640466,22006399391.688561,31112346922.796409,26133925914.712637,1184,0.013703703704,2569,1323656775.038808,99571963.4948203383669387577704,1764752.70032613,132753.365349644465046496300419,323682.9325645,24349.01989170406396681772635,196.268022728648,0.05986129940600923,0.05519946824812421,,
2018-10-20,2916,13419,178007,231494,1065,98673,218246,52,38990,293256,282079,266638,254500,203176,22934,224805,63901,238242,140196,3774,128125,2731,197378,20172,15,223026,55801,135,1613894745,4320,793.815277777778,2002687517.9596463318398404016701,0.415564976881,0.349068629621,2352635250.9316416720020409605298,,1976179920.6571773100966052505894,5661293376.037912604460378165825,0.18116202,0.013699003752705826858914,0.171246,0.0129491799475180395222,209.423295,15.8360483290538459799315,0,0,0,0,0,0,0.593577720938,44.740772423817,15.176829964081325,37.581608140755,12.748319835116318,0.00001180000517580695,0.0756174155747757,,-6.665609989141157,0.0752249113006663,0.0000117850531020432,0.000375776170155281,0.0655920554094719,0.0752249113006663,0.004778776719,30121895726.373114,15067553158.286218,970880986.975166,26484474545.142993,30121895726.373114,4782131159.089565,30121895726.373114,30121895726.373114,30121895726.373114,1622021634.842689,10319468050.679305,30121895726.373114,85.125287363,27712246679.914059,31106281486.465313,31112323652.411101,18467595855.166781,31007196188.545905,31112152972.346689,11780799618.923696,30365138160.292999,31112346711.153311,31112346598.554061,31112346170.615335,31112337136.13126,31112277249.540278,31111110872.393429,29452304548.774122,30805385997.391027,31082659243.165416,22928751738.597769,31112258390.768307,31110466422.350708,31069119627.29735,21747956870.965659,29145012466.810455,9635847366.437765,30714965390.48832,13398171735.130659,12853175645.813933,29945067654.194422,22003648842.892014,31112346713.373114,26133925705.289342,1156,0.01337962963,2519,695391362.908413,52583697.6761551302020321179641,731229.66368119,55293.697359184013726970559083,179410.856569,13566.5852998045498070465733,196.101642289082,0.05984253419950974,0.05049402284002724,,
2018-10-21,2359,13426,178033,231530,1064,98799,218283,52,39042,293418,282225,266752,254565,203209,22954,224829,63995,238282,140331,3773,128061,2717,197316,20150,15,223049,55778,135,1613894759,4314,787.192396847473,1986890182.3900690851857171856416,0.413035713097,0.346944083877,2337240004.1355706444325880087188,,1963248131.63367403107575473513,5658687445.2332773712124021014937,0.17827536,0.013392506499367520420544,0.171246,0.0128644427810477589384,181.127767,13.6067866965094104204868,0,0,0,0,0,0,0.593353089297,38.095178592339,15.652516291306572,31.999404452826,13.14788952349748,0.000011709836510146437,0.0751225884461404,,-14.252766241363634,0.0756174155747757,0.000011800005175807,0.000373197094448971,0.0659010830238653,0.0756174155747757,0.004776601417,30121895545.245347,15008415125.669477,957739687.453506,26448638465.307704,30121895545.245347,4675460659.630723,30121895545.245347,30121895545.245347,30121895545.245347,1604076831.326928,10317284306.862553,30121895545.245347,85.010105033,27706633576.93927,31106280239.137137,31112323437.581893,18460606930.184457,31007267211.027268,31112152921.612881,11782418106.773013,30364250656.068422,31112346530.02289,31112346417.183067,31112345987.814253,31112336932.789498,31112276965.667668,31111110511.67923,29448784828.419469,30805240185.559603,31082760022.190474,22919879463.67256,31112258074.493577,31110453553.239243,31068952312.802646,21722238595.416579,29136106828.156112,9639212779.680421,30713277893.753655,13399165033.979976,12854168944.66325,29942019767.359546,21998762730.010559,31112346532.245347,26133925524.161575,1016,0.011759259259,2270,816700372.117494,61352645.9383922200511196201576,750512.62716158,56380.451213890987455958165832,222268.3883845,16697.3766651956867872161838,195.995043110952,0.05947020742032128,0.04815028166058079,,
2018-10-22,2630,13427,178259,231806,1063,98948,218548,51,39100,293828,282619,267118,254877,203469,22982,225107,64095,238567,140509,3773,128270,2721,197581,20167,15,223329,55884,135,1613894776,4312,767.300092764378,1987246654.3507255353409830151759,0.414402777611,0.34809239804,2340475372.0478305970751732412297,,1965965791.7993397406807301994773,5647827424.1811981168010380132462,0.17615309,0.013251394305193028461303,0.171246,0.0128822507126448099882,211.559856,15.9149241776335411060752,0,0,0,0,0,0,0.593145520465,28.065214475078,16.204355864696172,23.574378203877,13.611426844565251,0.00001173941696856943,0.0752265787968467,,-9.360496173509315,0.0751225884461404,0.0000117098365101464,0.000371530210643043,0.0653142876830895,0.0751225884461404,0.004779702243,30121895333.685491,14981169804.960886,1627618700.509886,26416815520.979477,30121895333.685491,4676414743.934976,30121895333.685491,30121895333.685491,30121895333.685491,2305108318.404226,10325659049.20537,30121895333.685491,84.9078216368,27700664586.309598,31106273009.394354,31112323194.553801,18454148851.26492,31007192497.957864,31112152441.463376,11746247907.872383,30363233986.267059,31112346318.46073,31112346205.418433,31112345774.607435,31112336699.756384,31112276737.882098,31111109508.236743,29446066685.117283,30804924375.521514,31082721528.273422,22916026481.540727,31112257871.233674,31110453557.900085,31068959015.569208,21723927324.683422,29132262919.888725,9633881670.885366,30713085455.226645,13394057559.501453,12849061470.184727,29940265991.630827,22000078118.201954,31112346320.685491,26133925312.601719,1201,0.013900462963,2655,1108573260.621714,83394173.7422366411493447492438,872936.48656585,65668.025391288425790891905195,206656.017428,15546.0251788899669066442876,195.924467863752,0.05854307287401177,0.04726155728959054,,
2018-10-23,2789,13400,178408,232005,1063,99048,218712,51,39151,294185,282959,267427,255138,203629,22997,225287,64177,238780,140637,3774,127920,2697,197499,20063,15,223484,55630,132,1613894791,4318,812.33487725799,1952889545.4069569252768484346281,0.408780722053,0.343369951426,2302906900.2098719926718461341729,,1934408810.8930341853526661628845,5633599570.5562621855383695540745,0.17702123,0.013102946680804065157681,0.171246,0.0126754695315413464362,221.630584,16.4048895434037293180648,0,0,0,0,0,0,0.593226592694,38.241164748589,16.462573584970407,32.122030648196,13.828326012588484,0.000011572734829717994,0.0740190692427347,,-17.795080681850294,0.0752265787968467,0.0000117394169685694,0.000374285853454426,0.0657671024338251,0.0752265787968467,0.00478187453,30121895112.054907,14951819429.660511,1796523538.868647,26383600407.115923,30121895112.054907,4726026549.016096,30121895112.054907,30121895112.054907,30121895112.054907,2425150933.032705,10367166995.133796,30121895112.054907,84.8010636135,27689439742.476126,31106269138.910693,31112322915.844491,18456671067.064498,31007122140.53219,31112151759.900416,11745122129.488328,30362620400.475854,31112346096.826416,31112345983.554827,31112345551.425621,31112336449.171689,31112276323.325195,31111108254.046793,29444019760.084302,30804765788.113835,31082704971.825719,22917908295.763404,31112257143.515097,31110419684.93877,31068301750.463005,21692791506.591157,29114419402.038318,9635157363.371011,30708458899.172971,13358390658.865245,12849475105.792116,29939259006.765258,22004751035.117511,31112346099.054907,26133925090.971135,1252,0.014490740741,2804,813582596.231011,60220626.5251070705701145857817,611498.93439408,45262.581966773891101986690576,202030.82528699999,14954.133646085288829601666472653,195.903544912136,0.058157971400733866,0.044504447493533286,,
2018-10-24,2915,13394,178508,232042,1060,99159,218740,51,39209,294393,283152,267585,255248,203679,23030,225320,64265,238851,140733,3769,127925,2686,197548,20054,15,223513,55641,132,1613894806,4320,812.256481481481,1944107290.617108253642168994894,0.40760350132,0.342381102407,2293856001.181704783250761619762,,1926806182.7321879302024387699908,5627665105.3098585558069528304603,0.17726104,0.013069130241199905705184,0.171246,0.0126256524123096595416,221.753562,16.3494820025201152164552,0,0,0,0,0,0,0.592902357492,43.015469770779,16.84468632342109,36.132378433855,14.149295220550806,0.000011495231797986798,0.0737281595617396,,-10.467928914528969,0.0740190692427347,0.000011572734829718,0.000368059592688099,0.064598345121383,0.0740190692427347,0.004780670261,30122666764.301345,14902613858.679697,1633351522.26675,26368585655.378015,30122666764.301345,4724333285.577855,30122666764.301345,30122666764.301345,30122666764.301345,2469759115.272909,10362129992.287261,30122666764.301345,84.7528044313,27679495302.130566,31106278457.023073,31112322607.549012,18446583217.743233,31007145480.32237,31112151391.289644,11746973756.350243,30361841156.193834,31112345875.069656,31112345761.528442,31112345327.629341,31112336202.850531,31112276002.273862,31111109654.292076,29441505635.000025,30804618462.717068,31082708906.876604,22910304574.173508,31112256779.314702,31110420364.298333,31068179730.422581,21676095089.069484,29106399801.776059,9636602729.232217,30707258121.46272,13362192802.363917,12853277249.290788,29936208068.529417,22005365615.625157,31112345877.301345,26133924869.217573,1251,0.014479166667,2768,723282717.661638,53326303.6160058991706034654648,636158.32362739,46902.782390928988926130607644,201351.075818,14845.2442458374318515729928,195.7928854299,0.058153527179832055,0.04166724784438913,,
2018-10-25,2784,13383,178729,232297,1061,99309,218987,51,39289,294773,283509,267920,255536,203918,23051,225571,64382,239090,140917,3772,127990,2678,197699,20041,15,223761,55671,132,1613894823,4315,786.063731170336,1931029355.7769415379586525219974,0.406381101245,0.341354303397,2284296020.480625167340511507995,,1918775933.3143336731043647419814,5621068532.6695738804484912592714,0.17774234,0.013050000292150340910492,0.171246,0.0125730332459310329748,218.80082,16.064550319989790583916,0,0,0,0,0,0,0.592790648673,28.153379719552,17.100217602261157,23.648435650635,14.363937815184382,0.00001146784782008536,0.0734208871794438,,-9.273650067344517,0.0737281595617396,0.0000114952317979868,0.000367632367292165,0.0647997591656083,0.0737281595617396,0.004784441007,30134819567.500525,14888999438.149125,1785594667.211267,26300817518.827073,30134819567.500525,4436800358.397864,30134819567.500525,30134819567.500525,30134819567.500525,2339184937.716049,10376546649.588179,30134819567.500525,84.5349875175,27670371010.60616,31106274095.658302,31112322386.363203,18443107564.65314,31007059913.496262,31112151080.819042,11743189876.471857,30360994418.33117,31112345656.26397,31112345542.544984,31112345107.085956,31112335955.304094,31112275744.32667,31111108929.418871,29437263778.704005,30804333488.011034,31082687234.19566,22909409480.615768,31112256486.989422,31110407803.731123,31067999056.27647,21660519184.937069,29097795291.934898,9642813601.163997,30705826854.699846,13357080057.581126,12848122505.507997,29933420614.937361,22005861261.711951,31112345658.500525,26133924650.416753,1231,0.014247685185,2722,1105101624.33156,81137541.681867552149947586328,851498.44552511,62517.771302370873731688733818,198394.503871,14566.3004857344172507269498,195.724922947094,0.055569143711245474,0.041586712682431186,,
2018-10-26,2524,13366,178883,232491,1062,99406,219170,51,39312,295094,283811,268196,255758,204092,23040,225760,64434,239291,141049,3773,128037,2661,197855,20021,15,223946,55674,132,1613894838,4317,819.11582117211,1926340835.6360870785578712095585,0.405538771338,0.340646757098,2278554176.0021130982858420769259,,1913952859.2182634036172003554966,5618585292.0632637174162596213637,0.17779461,0.013021025751612774586341,0.171246,0.0125414295509896570926,224.732386,16.4585764738727579023266,0,0,0,0,0,0,0.592898287713,31.454555224204,17.33750868081649,26.421375686767,14.563258868653476,0.000011435836095971145,0.0732363357450081,,-7.59558092292172,0.0734208871794438,0.0000114678478200854,0.000367356544255721,0.0646139859646162,0.0734208871794438,0.004787673015,30153231341.768139,14860083145.978265,1427806870.878007,26303075052.022785,30153231341.768139,4440058318.645573,30153231341.768139,30153231341.768139,30153231341.768139,2325420970.454269,10418311356.434861,30153231341.768139,84.542244197,27665853678.028084,31106268989.302213,31112322118.470702,18446456334.421282,31006972864.967391,31112150648.312174,11750319082.166814,30360046126.626699,31112345431.527645,31112345317.627736,31112344880.280251,31112335717.223055,31112275453.272673,31111107828.113816,29434340275.146295,30803972202.408595,31082665809.439129,22910059524.494852,31112256144.596221,31110404434.686858,31067863205.580835,21636872942.673365,29093657855.72528,9649493168.307375,30704827931.222971,13363134548.201249,12854176996.12812,29933287791.742567,22009140654.353926,31112345433.768139,26133924366.208086,1264,0.01462962963,3684,989120501.371048,72439561.1306808160265718654888,763563.36155755,55920.582709615742802853366155,190280.64399,13935.457129027997695766319,195.681126198046,0.05554672249618273,0.04145365932822428,,
2018-10-27,2384,13373,179062,232757,1060,99517,219420,51,39363,295485,284186,268553,256062,204344,23059,226014,64508,239571,141192,3767,127806,2623,197847,19967,15,224177,55533,132,1613894854,4320,757.146064814815,1903300839.9833658024683550534367,0.401023666384,0.336854133218,2251801989.5787493181823199931879,,1891481403.6221038522962476115388,5615134911.8202101766368286011403,0.17460616,0.012637379006126198616952,0.171246,0.0123941824577270756562,200.622482,14.5203487791251532692654,0,0,0,0,0,0,0.592795846766,34.751472479527,17.459245996345675,29.190738904981,14.66551645135076,0.000011292229921595827,0.0723764786198047,,-15.813176091752174,0.0732363357450081,0.0000114358360959711,0.000365045180641229,0.064380319194699,0.0732363357450081,0.004790812429,30166487063.145657,14842449818.971964,1312189327.764318,26297229103.690561,30166487063.145657,4428782789.274589,30166487063.145657,30166487063.145657,30166487063.145657,2329743029.214979,10348587145.37765,30166487063.145657,84.5234549393,27662344872.222579,31106259466.749011,31112321892.839785,18443269037.355143,31006894828.788769,31112150294.654491,11753659097.629993,30359434355.089167,31112345230.902361,31112345116.868346,31112344678.047769,31112335508.678154,31112275175.25298,31111107738.405965,29432419966.303017,30803677038.146191,31082634751.974507,22899680635.977625,31112255555.698729,31110370799.258638,31067319914.977539,21582427610.727278,29081990014.173091,9652338229.541184,30701615150.340673,13365724003.344937,12856766451.271808,29932494335.577468,22010964927.108172,31112345233.145657,26133924165.585604,1149,0.013298611111,2551,895281351.070084,64797311.5644338002997400925948,717368.01636809,51920.570899196773961639112023,218586.834578,15820.5453594054037135669166,195.636931758033,0.055327394592568406,0.038317948696408546,,
2018-10-28,2368,13364,179213,232943,1057,99617,219594,51,39404,295791,284479,268826,256289,204508,23063,226190,64574,239781,141328,3763,128058,2630,198085,20001,15,224367,55660,133,1613894868,4316,788.575996292864,1909213528.4749220003100709829824,0.402550346192,0.338136521986,2259711026.5848611721801596019244,,1898124879.1633943645549012725226,5613486730.190817906945007753103,0.17621861,0.012798878887336572988066,0.171246,0.0124377148017501600876,190.139883,13.8099905235283956079998,0,0,0,0,0,0,0.592680683366,54.144216122434,17.74891564489472,45.480365620073,14.90883478789888,0.000011336795030604413,0.0726306880262906,,-13.302637081143097,0.0723764786198047,0.0000112922299215958,0.000359333963448037,0.0636322216866365,0.0723764786198047,0.004794610461,30166486873.005774,14827343196.0916,1203218261.336886,26286595657.524704,30166486873.005774,4374435929.247874,30166486873.005774,30166486873.005774,30166486873.005774,2315161936.334232,10329550806.766832,30166486873.005774,84.4892778773,27655701173.21959,31106255817.455923,31112321655.385321,18439685921.221944,31006797024.475424,31112149963.186401,11760314850.905274,30358740584.179887,31112345040.760396,31112344926.584119,31112344486.282914,31112335311.949242,31112274884.468038,31111106371.876096,29429490678.509751,30803379313.384155,31082621728.402285,22894640602.363799,31112255460.645381,31110379675.999954,31067467700.538202,21591577426.699971,29082981964.527599,9659671391.897094,30702187824.630955,13388509216.73811,12864348946.473367,29931530216.480495,22013888173.015058,31112345043.005774,26133923975.445721,1079,0.012488425926,2416,574619918.268887,41735040.0174801342274960005622,471517.029057,34246.6062365223668201259642,193152.052545,14028.766470033584312639577,195.57134532819,0.05514860521253272,0.03816059144688518,,
2018-10-29,2715,13352,179424,233191,1057,99764,219836,51,39481,296191,284853,269169,256571,204744,23100,226442,64684,240033,141514,3762,126762,2510,197342,19710,14,224450,54833,131,1613894885,4319,797.702245890252,1821266917.567065565749977838398,0.38453716063,0.323005703829,2155940240.1509547087121342075848,,1810958903.2797324844472118962171,5606584904.879276364332125093729,0.17593134,0.012191220478763453647806,0.171246,0.0118665482915455903614,214.988102,14.8976717382638375101718,0,0,0,0,0,0,0.592771739102,40.983873058094,17.256081785432688,34.425865997215,14.494861389508866,0.000011064165650530149,0.0692953312284409,,-17.894852966705503,0.0726306880262906,0.0000113367950306044,0.00035875669183342,0.063868221308558,0.0726306880262906,0.00479782649,30169204942.017672,14792807367.332779,1488704855.124563,26282678577.04622,30169204942.017672,4198649461.769152,30169204942.017672,30169204942.017672,30169204942.017672,2349220181.186101,10336377148.172005,30169204942.017672,84.4766883446,27641380676.751514,31106249557.966335,31112321417.383449,18442518751.252089,31006702496.068902,31112149503.206085,11764328073.642363,30357774940.119393,31112344825.767004,31112344711.361605,31112344268.990577,31112335076.984005,31112274657.662464,31111105662.072586,29426120539.31806,30803043966.98765,31082603841.255492,22892846471.807231,31112252871.423709,31110241284.698443,31065363511.604152,21423884166.590536,29033756486.947305,9519252274.140897,30688631206.97103,13365855475.203249,12866764134.697312,29928787350.672496,22018789583.612652,31112344828.017672,26133923760.457619,1222,0.014143518519,2805,759136277.430802,52604599.7920930286244040966018,519132.85002268,35973.482793886143585826039612,233658.168175,16191.4201579173731552483575,195.528553550664,0.05506672852414829,0.0388494189253723,,
2018-10-30,2669,13347,179647,233448,1055,99931,220076,50,39551,296605,285257,269538,256890,204977,23130,226692,64811,240320,141715,3762,127001,2508,197582,19730,14,224701,54966,131,1613894899,4318,777.683649837888,1822189779.3080351450777268240927,0.386316894935,0.324500654708,2158750160.792494702159511412855,,1813319193.9354609330398094967314,5588029384.924936948416856869234,0.17741891,0.012310325861146056800919,0.171246,0.0118820145068967994614,215.031722,14.9201151574168136159298,0,0,0,0,0,0,0.592480286383,43.750674181638,17.6349152267005,36.749939238942,14.8130760311149,0.000011062466759619215,0.0693856470042909,,-18.27846938947784,0.0692953312284409,0.0000110641656505302,0.000356601736146564,0.0610104856312897,0.0692953312284409,0.004802066807,30169983544.98595,14816105697.52543,1556770653.110711,26261768218.365803,30169983544.98595,4224162253.300664,30169983544.98595,30169983544.98595,30169983544.98595,2342475798.792433,10390043684.880577,30169983544.98595,84.4094797259,27632845639.171948,31106246716.9335,31112321135.1832,18433450846.338837,31006608638.665807,31112148950.351494,11734135361.743789,30356474382.39616,31112344610.733558,31112344496.072308,31112344052.264041,31112334847.407711,31112274327.700533,31111104660.069957,29422468332.044642,30802731201.365489,31082586718.535813,22886545957.800213,31112252550.217286,31110241426.398491,31065402231.467638,21415409246.214583,29028690696.933946,9521025981.152037,30688466410.655971,13372893741.694722,12873802401.188785,29926155130.124898,22018847003.282338,31112344612.98595,26133923545.071546,1212,0.014027777778,2755,711128347.047129,49342100.4629569657818075258261,457907.03909026,31772.176175096814812252396634,199999.304882,13877.0811696460056713181738,191.733049296298,0.05507061714938641,0.03880660311087634,,
2018-10-31,2891,13428,179931,233780,1054,100161,220383,50,39708,296946,285585,269825,257198,205278,23258,227011,65016,240616,141988,3736,127433,2502,197987,19876,14,225021,55273,131,1613894915,4320,848.835416666667,1834751877.9259430370961320454689,0.390885936599,0.32833858376,2173389395.4910362825760268985756,,1825615938.7143097875616578017832,5560162676.6195528016665282508965,0.18363958,0.012828358764032987077998,0.171246,0.0119625906621306414726,227.713074,15.9071645041487903911194,0,0,0,0,0,0,0.592181187106,34.412231920563,18.05697932719269,28.90578154621,15.167603804982182,0.00001107717491052926,0.0698561756895381,,-16.665508538012933,0.0693856470042909,0.0000110624667596192,0.000354625464143691,0.0612287677846648,0.0693856470042909,0.00481090657,30172857421.272876,14827971330.664383,1525654869.765052,26264705443.941469,30172857421.272876,4405106506.405794,30172857421.272876,30172857421.272876,30172857421.272876,2496405846.419755,10600928782.610091,30172857421.272876,84.4189210517,27620968127.243232,31106242719.104072,31112320963.708877,18424145031.713634,31006510917.501771,31112148511.135747,11731949940.710981,30355364874.954292,31112344383.018803,31112344268.047126,31112343826.203708,31112334619.388883,31112274081.964574,31111103727.197885,29419343861.762892,30802501829.699937,31082573498.76351,22831608185.590705,31112252338.014107,31110255558.6855,31065622918.458587,21388127964.482806,29028464548.752297,9523602515.250104,30689749530.12716,13367374039.386764,12868282698.880827,29917751087.606593,21998653732.499519,31112344385.272876,26133923317.358472,1240,0.014351851852,2757,904107134.262386,63157466.8131980478892805439066,809245.61810878,56530.804074595790660553754518,203986.7834905,14249.73658585613795065073805,191.471024035946,0.05507743432261424,0.038865409844553146,,
2018-11-01,2619,13497,180227,234119,1054,100403,220707,50,39858,297418,286035,270246,257582,205586,23383,227348,65212,240982,142264,3695,128007,2501,198460,20042,14,225360,55624,132,1613894930,4313,759.990261998609,1852375423.5998958475522006853599,0.396319629554,0.332902807505,2195045405.3127151590966766766568,,1843806674.051076348464323368442,5538573519.0099257349726887921659,0.19216679,0.013557796455834513498823,0.171246,0.0120817879711465081902,220.991812,15.5914661711425117224644,0,0,0,0,0,0,0.592930832534,27.921821729132,18.490776033131567,23.453929987614,15.53198679888564,0.000011122888993652103,0.0705522346282337,,-14.070232399852983,0.0698561756895381,0.0000110771749105293,0.000354783694330807,0.0618369831996123,0.0698561756895381,0.004812734634,30175325927.281064,14883849915.254663,1592043105.159721,26255375656.926527,30175325927.281064,4577769785.452608,30175325927.281064,30175325927.281064,30175325927.281064,2665252958.228695,10758889304.008151,30175325927.281064,84.3889342387,27608115079.864574,31106238391.163775,31112320687.483449,18447468127.419924,31006435968.456233,31112148023.794755,11736572000.312965,30354229749.053694,31112344162.023226,31112344046.842465,31112343604.119038,31112334385.07781,31112273786.34843,31111102227.549237,29416083667.198138,30802164419.960393,31082559554.889908,22785052744.255336,31112252098.784523,31110277776.541611,31066032317.100267,21393335784.07383,29031569060.452753,9527755844.813797,30691641137.967332,13395620209.846842,12878248973.114287,29910326986.854323,22005824938.380028,31112344164.281064,26133923096.36666,1150,0.013310185185,2526,1114266270.521337,78613975.3561482919316784724569,988663.13152635,69752.393223731319538285507995,197880.494764,13960.9110949406981594183468,191.38590751122,0.05507136276180716,0.03886940288414291,,
2018-11-02,2772,13475,180427,234363,1056,100525,220939,50,39906,297816,286418,270608,257883,205801,23411,227584,65288,241258,142430,3698,128973,2574,199282,20260,15,225727,56245,136,1613894946,4316,812.561862835959,1897414166.894653239581090585414,0.407913372664,0.342858501486,2249911049.4871397108215718074088,,1891090566.2825159175117767654776,5515658961.594173348518884630961,0.17610244,0.012734971893851334388024,0.171246,0.0123837750171687888516,226.643836,16.3899085178754549875656,0,0,0,0,0,0,0.592843930763,14.214883128601,19.059103036083634,11.947864068419,16.019517732294347,0.000011391585286786015,0.0723157038247246,,-9.948208241713496,0.0705522346282337,0.0000111228889936521,0.000356650066392357,0.0619755487269646,0.0705522346282337,0.004816618849,30179179227.637228,14679989307.745166,2175179815.562232,26237927124.28709,30179179227.637228,4751114166.157277,30179179227.637228,30179179227.637228,30179179227.637228,3040662726.960837,10979217748.061982,30179179227.637228,84.3328525066,27596198574.177183,31106233601.539677,31112320399.954293,18444764275.232068,31006335217.34944,31112147658.828199,11727884587.616077,30353275418.3258,31112343935.376068,31112343820.049909,31112343374.872832,31112334148.482178,31112273456.026506,31111100807.862182,29413907216.247006,30801777854.574963,31082535619.916261,22787018261.929231,31112253612.617185,31110361539.615722,31067132439.165192,21492400113.729536,29056470620.464989,9659314098.956405,30698912008.427668,13419947413.085895,12847836129.482339,29908925341.834142,22008949349.724608,31112343937.637228,26150482761.891556,1287,0.014895833333,2871,2188716126.342107,158278547.1489543180172646587322,1696190.53144777,122661.212102479152904359534142,319999.829018,23141.0128592282006409384428,191.414628218835,0.05501199040201795,0.039098772679309425,,
2018-11-03,2230,13473,180593,234578,1054,100628,221133,50,39946,298149,286731,270903,258130,205985,23429,227780,65352,241487,142571,3699,128508,2527,198985,20124,15,225794,55888,133,1613894961,4320,781.403472222222,1867292479.7605074122519392618784,0.401546976933,0.337507431383,2214309247.3314091293457066809552,,1861166611.3431173541380805643024,5514446315.2045571499101391211137,0.17591352,0.012520012543366504438848,0.171246,0.0121878185826839257104,182.59823,12.995772752409945249352,0,0,0,0,0,0,0.592508176438,26.308176571748,18.954635486636178,22.112493952535,15.931710866683087,0.000011239186141051683,0.0711714059463224,,-12.258404931365213,0.0723157038247246,0.000011391585286786,0.000361849231942128,0.0636272229958671,0.0723157038247246,0.004821196531,30184662939.038998,14683926896.818244,1817056272.258822,26236554623.760316,30184662939.038998,4733496046.633082,30184662939.038998,30184662939.038998,30184662939.038998,2929495294.168286,10980996298.424861,30184662939.038998,84.3284415675,27590859686.919593,31106228846.450405,31112320185.125061,18434318063.024795,31006243542.545264,31112147310.940151,11744920438.407942,30352630322.54719,31112343752.775067,31112343637.312004,31112343190.700162,31112333955.23164,31112273147.882785,31111099866.361892,29412180803.680316,30801448129.506214,31082515955.96205,22782519601.102243,31112251500.6635,31110293615.365466,31066271538.085742,21421318729.208595,29033329186.018621,9676351981.065733,30692754119.010285,13387701258.07939,12859454224.59377,29908202841.927936,22007029127.875865,31112343755.038998,26150482579.293326,1038,0.012013888889,2311,1182611180.603435,84168100.411386667471651057444,1585656.91900285,112853.43227394669467163261884,249172.6003805,17733.9642923813328088156732,191.453447673618,0.05496390182956394,0.0390765273216418,,
2018-11-04,3024,13489,180701,234738,1051,100726,221276,51,40030,298468,287029,271178,258337,206117,23484,227932,65446,241659,142693,3705,130982,2708,200447,20679,15,226135,57433,142,1613894977,4313,803.51959193137,2010236507.2171085829008655265942,0.432622919025,0.363627317182,2384071360.0905837865223954792364,,2003854706.9923378299856502346516,5510737538.9774376269649804043828,0.17865062,0.013689609285331972633858,0.171246,0.0131222093249716065114,244.930002,18.7684544819132372889318,0,0,0,0,0,0,0.591660619305,17.78356609172,20.4682315151287,14.94740602842,17.203915433068733,0.00001193501450488428,0.0766278297009659,,-7.344442056672796,0.0711714059463224,0.0000112391861410517,0.00035880881099357,0.062688466070938,0.0711714059463224,0.004827031699,30184662694.108996,14636016103.239198,2088070035.211494,26233765396.487138,30184662694.108996,5048835068.4548,30184662694.108996,30184662694.108996,30184662694.108996,3379918957.804162,10989489393.943743,30184662694.108996,84.3194772132,27581852075.536634,31106223163.19851,31112319902.676587,18407948429.215476,31006186599.559121,31112146803.00057,11743398359.131621,30352273925.613195,31112343507.841049,31112343392.213188,31112342943.48737,31112333691.466568,31112272829.110977,31111098820.500183,29409915761.07182,30801385548.145394,31082519412.665936,22771257788.745423,31112253807.597632,31110473875.334885,31069461566.765392,21648478774.257115,29099356563.1534,9665659718.867201,30712398062.383373,13482386633.636566,12840380745.08345,29904886881.566057,21992171828.283245,31112343510.108996,26150482335.363324,1371,0.015868055556,3136,1749499698.184589,134060364.9343799268149697945151,1322111.63952383,101310.545559096861964367067397,374769.260944,28717.7551047736828659458096,191.513914827314,0.05530195694067591,0.04141446975970084,,
2018-11-05,2982,13504,180945,235000,1053,100901,221540,51,40078,298883,287424,271545,258640,206373,23504,228193,65562,241925,142909,3695,130943,2691,200594,20645,15,226394,57399,138,1613894993,4316,819.833873957368,1993949106.1033900589414470224496,0.429633089449,0.361114311297,2366512733.2960018137869335011196,,1989096363.493700546389780151734,5508218038.6299624947653164386203,0.17666148,0.013437484870567620819504,0.171246,0.0130255646796643093608,245.736119,18.6915414792998703919412,0,0,0,0,0,0,0.591639842835,25.419709608264,20.280796411138745,21.365721481855,17.046372843287976,0.000011879447094881021,0.0760634682250348,,-5.9948207692372835,0.0766278297009659,0.0000119350145048843,0.000364912546333506,0.0672820860133282,0.0766278297009659,0.004832275891,30184662448.372877,14599676037.116482,2316567878.519982,26214280687.336852,30184662448.372877,4949949090.855821,30184662448.372877,30184662448.372877,30184662448.372877,3432816891.787703,10974139549.904257,30184662448.372877,84.2568509372,27578197281.389856,31106219230.343915,31112319631.046338,18407301879.162151,31006095438.130991,31112146543.559128,11739569457.426458,30350662915.551103,31112343262.10211,31112343146.267122,31112342695.244737,31112333422.556337,31112272547.683251,31111097889.371676,29406155590.486006,30800928154.35266,31082501804.555848,22749457922.001443,31112253494.961073,31110458671.446009,31069113048.324411,21617217474.789889,29088671607.261178,9663417951.855236,30710020170.175366,13422992297.624769,12837538216.378287,29902981057.707784,21987119245.638066,31112343264.372877,26150482089.627205,1391,0.016099537037,3150,1223945660.427906,93097551.8511272612432697411288,801275.28629102,60947.777278302662252802427496,398633.517851,30321.4479184933812308962148,191.514038260724,0.055294979540509555,0.04126585145432689,,
2018-11-06,3780,13508,181199,235318,1050,101110,221829,52,40163,299395,287924,272015,259043,206653,23545,228502,65706,242291,143139,3691,133080,2842,201717,21084,15,226837,58745,152,1613895009,4316,838.255792400371,2111710675.3904720763176158353408,0.455750195135,0.383066205965,2504944013.0541533055558305175984,,2105450331.076734905931994043544,5496309249.6546184716982799497766,0.17743293,0.014285634364483157330136,0.171246,0.0137875068758673080592,306.249235,24.657004737579873717572,0,0,0,0,0,0,0.591165540826,27.797842665022,21.481009358010144,23.364584891831,18.05517330087615,0.000012499775569842195,0.0805128696487352,,-4.325003991970953,0.0760634682250348,0.000011879447094881,0.000365556917660732,0.0665966806470075,0.0760634682250348,0.004834516611,30212725693.123642,14664365239.503541,1530742885.223071,26228237604.789504,30212725693.123642,5020094553.342262,30212725693.123642,30212725693.123642,30212725693.123642,3506120520.846334,11061648657.573915,30212725693.123642,84.3017115107,27566384702.945425,31106213500.695302,31112319241.515506,18392545051.200197,31006043244.740783,31112145708.619257,11782164839.615092,30349166120.040273,31112342955.850563,31112342839.78668,31112342386.26412,31112333098.22601,31112272095.305501,31111096431.540036,29401887352.354683,30800536812.655442,31082476793.157786,22739304275.850172,31112254779.525132,31110565173.922727,31071526980.443371,21804122653.69762,29135476195.998896,9676400413.379672,30725039689.261275,13612223801.249689,12851086108.039402,29899789033.701136,21987661213.33142,31112342958.123642,26150481783.37797,1726,0.019976851852,3953,1119235882.188542,90112892.6888332292257582320784,511582.39395047,41188.966598722090254366945544,184610.539821,14863.5243283908119218843992,191.483592512118,0.055273160533063165,0.041992346084368894,,
2018-11-07,3235,13490,181427,235616,1049,101229,222092,52,40172,299896,288401,272456,259402,206899,23508,228787,65771,242602,143329,3688,132321,2748,201575,20880,15,227086,58238,142,1613986745,4320,850.091898148148,2051159101.5928082196820256393728,0.444186022801,0.373346311277,2435549064.3329795974047409217792,,2047122629.7710468399284711785728,5483173578.885699517728060638054,0.17855841,0.013977982074619963934592,0.171246,0.0134055490209078941952,269.266076,21.0787964769133914214912,0,0,0,0,0,0,0.591434805368,32.898610977523,20.996007276204875,27.651872017847,17.647520330996826,0.00001204183579514567,0.0782824067184512,,-9.19373308031008,0.0805128696487352,0.0000124997755698422,0.000369173092935505,0.0705747531461106,0.0805128696487352,0.004838725634,30213183366.857566,14608009162.355183,1598506468.813328,26202044464.089644,30213183366.857566,5003431203.840041,30213183366.857566,30213183366.857566,30213183366.857566,3520896368.632955,11075501646.163271,30213183366.857566,84.2175233351,27562221294.557467,31106209320.528426,31112318920.82507,18400922342.740886,31005894939.260219,31112144862.169625,11798433230.355979,30347582127.088336,31112342686.580178,31112342570.248804,31112342113.804505,31112332802.883526,31112271704.274415,31111094723.949638,29397270187.839496,30800052691.495584,31082450322.074455,22741685789.383906,31112253941.535755,31110514767.223038,31070309289.977469,21691369484.30532,29109610568.630105,9695308239.527963,30717364085.424958,13503318371.006748,12867609313.780289,29900910050.527095,21999129036.943327,31112342688.857566,26150481514.111894,1508,0.017453703704,3438,945703838.685289,74031972.5351623574733863043968,531852.35063787,41634.682026798057853818466944,239262.3161475,18730.029945057249035950752,191.45612989287,0.054502806501122825,0.041976712926274244,,
2018-11-08,3013,13502,181695,235927,1047,101417,222391,52,40241,300295,288776,272809,259695,207183,23526,229100,65882,242877,143572,3687,131597,2691,201379,20683,15,227294,57690,139,1613986771,4317,827.707204076905,1994761523.2560159556612438286125,0.432478297726,0.363505758015,2369136820.6312260374068629899125,,1991301945.9094347529106593910125,5478047876.8239008992048418597137,0.1771878,0.0134924633836941882975,0.171246,0.013040008310979057075,249.303233,18.9838958590212228261625,0,0,0,0,0,0,0.591084744567,34.094056228774,20.593388896843383,28.656665128448,17.309112342540022,0.000011885554712510979,0.0761478125677625,,-11.239931925822034,0.0782824067184512,0.0000120418357951457,0.000361109433636233,0.0685559385587397,0.0782824067184512,0.00484503189,30214684950.554333,14507397553.642588,1463811534.423436,26195913657.807509,30214684950.554333,4995722071.462541,30214684950.554333,30214684950.554333,30214684950.554333,3440971362.888566,11087303836.207291,30214684950.554333,84.1978186268,27556123835.606323,31106205073.060506,31112318701.008096,18390030983.758644,31005760508.873817,31112144355.917775,11804655651.751376,30346137783.419474,31112342437.272114,31112342320.778523,31112341862.068476,31112332542.248657,31112271515.887311,31111093115.06747,29393055081.533926,30799421842.93073,31082427988.687472,22734968269.178363,31112252387.680059,31110451152.798458,31069037474.588972,21612013484.357395,29077590840.925422,9702294986.31842,30708206421.993412,13470743496.437575,12873830516.00444,29898150898.984309,21998189711.965313,31112342439.554333,26150481264.808661,1407,0.016284722222,3162,912544469.064859,69488265.1900992280559450079875,431135.02252651,32829.988886746746723327633875,227448.744909,17319.7243961033571393961125,191.433545451942,0.05446550730137858,0.04221300488854145,,
2018-11-09,2683,13495,181861,236146,1052,101499,222590,53,40230,300667,289128,273136,259967,207366,23543,229305,65917,243115,143710,3693,130689,2630,201089,20458,16,227462,57099,134,1613986824,4315,786.060950173812,1927967716.507217227580524093155,0.42298535797,0.355540261435,2290479039.278382553900257936255,,1925261716.72664901506753930268,5415031504.3257718380301978191328,0.17911337,0.01318625954510885469165,0.171246,0.01260706669782222807,214.219594,15.77076667214649323973,0,0,0,0,0,0,0.591278458359,4.719167522736,19.705609845090514,3.966695355224,16.5635465720992,0.00001162774018348936,0.073619627307045,,-12.490214209844087,0.0761478125677625,0.000011885554712511,0.000361501569817408,0.0670713287373667,0.0761478125677625,0.004849451409,30216012464.334739,14477372881.975605,4401342931.349323,26188229783.699559,30216012464.334739,7861533848.433489,30216012464.334739,30216012464.334739,30216012464.334739,6265678249.523917,11088343104.123267,30216012464.334739,84.1731220171,27553484683.917962,31106200243.066168,31112318439.955081,18396057746.921789,31005633063.232998,31112143929.192001,11798285967.997763,30344970645.269491,31112342223.049005,31112342106.359711,31112341645.915538,31112332310.725741,31112271143.576283,31111091450.836141,29394881474.984933,30799028614.515654,31082403625.280712,22743429642.243969,31112251539.415769,31110386353.664669,31067619279.907351,21530974038.624683,29047310878.519705,9700586082.737539,30699478273.5243,13382106879.210029,12847834646.317699,29899940898.460195,22004378040.805656,31112342225.334739,26151473284.386104,1196,0.013842592593,2746,6592760709.477565,485356586.356267912209793945425,3662447.08830498,269627.9896727847560710625841,309098.88129499997,22755.74444196244076363445578865,191.648141890174,0.05434321981769511,0.042472490513922136,,
2018-11-10,2302,13499,182056,236389,1050,101614,222817,53,40297,301039,289491,273477,260266,207586,23574,229539,66001,243380,143869,3689,131200,2657,201464,20581,16,227699,57433,135,1613986856,4320,775.466203703704,1951966781.960620775393318967244,0.42859049243,0.360251655737,2320345361.6125642490599300495632,,1950365846.1063087151711822124642,5413898354.243135286374002254944,0.17583481,0.013113686047205753040794,0.171246,0.0127714545307598443404,178.648171,13.3235053252625429595854,0,0,0,0,0,0,0.59106016513,82.633861545563,20.482882608790923,69.457876381962,17.216883025648983,0.000011739061118927553,0.0745795786807274,,6.1114101523700315,0.073619627307045,0.0000116277401834894,0.000353765578935779,0.0650887483619787,0.073619627307045,0.00485393565,30217531308.686568,14428466848.182184,4241779447.222289,26172939248.11406,30217531308.686568,7864676323.870592,30217531308.686568,30217531308.686568,30217531308.686568,6015391183.884304,11083314920.554326,30217531308.686568,84.1239762948,27546329086.731499,31106194508.580512,31112318203.144866,18389266027.685034,31005522975.69628,31112143572.888689,11798773494.012674,30344281035.812404,31112342044.398832,31112341927.546804,31112341465.93939,31112332112.933425,31112270882.533155,31111090814.226311,29392668002.944055,30798697509.284263,31082375164.808157,22736841683.768765,31112251325.133419,31110406756.988078,31068069351.17505,21565127854.649173,29057721857.902143,9700223871.52945,30702531461.552239,13395806138.405762,12848018754.36931,29897943808.304669,22006692856.527361,31112342046.686568,26151473105.737933,1016,0.011759259259,2317,376508388.507679,28079836.9846623259664842057046,243040.21359215,18125.83673217654380672892991,195148.011481,14554.0564766347334886312794,191.482833716435,0.05428726358677733,0.026674998905877483,,
2018-11-11,2610,13491,182251,236626,1051,101738,223037,53,40336,301420,289854,273813,260554,207787,23601,229771,66095,243641,144034,3685,131764,2680,201865,20689,16,227944,57756,138,1613986886,4317,769.167014130183,1977298558.0666108213495991063354,0.434510540002,0.365227750114,2352209531.227404174704512182653,,1977149265.1995553928041502542095,5413469443.6087832200231523602093,0.17650163,0.013344184071407896404203,0.171246,0.0129468387656947792926,209.860438,15.8662348556117267361478,0,0,0,0,0,0,0.591177228128,59.719141379368,21.385767414289948,50.196912702311,17.975802651742676,0.000011933512425009398,0.0756037441207081,,4.473963326121067,0.0745795786807274,0.0000117390611189275,0.000354188143308378,0.065938755933204,0.0745795786807274,0.004857258808,30220997835.82613,14412279679.40872,1206905826.791895,26153447571.454634,30220997835.82613,7816113177.918583,30220997835.82613,30220997835.82613,30220997835.82613,6039158286.795954,11101479728.630288,30220997835.82613,84.0613275228,27536753350.130831,31106191127.693507,31112317951.456793,18392908007.667242,31005423297.722262,31112143103.135776,11804836930.69305,30343052801.682676,31112341834.53406,31112341717.469889,31112341254.339168,31112331884.756483,31112270599.970471,31111089244.885606,29390788249.063837,30798448697.218935,31082356529.197372,22732937551.489859,31112251232.424735,31110431731.901695,31068585536.011694,21596810590.284935,29066657359.722176,9706722109.372174,30705366484.865672,13441695429.546525,12853813337.491886,29896840865.030247,22012114923.14211,31112341836.82613,26151472895.877495,1189,0.013761574074,2630,520977715.32219,39387865.881809960438242442739,293617.37477959,22198.572872230174221592227679,201763.613358,15254.0845971877147695787998,191.454651373523,0.05425171100206366,0.02627603719776365,,
2018-11-12,2829,13472,182414,236847,1053,101844,223241,53,40347,301773,290182,274103,260801,207980,23601,229984,66157,243850,144168,3686,131798,2676,202029,20668,16,228149,57754,138,1613986903,4318,852.063455303381,1969930969.270627058621471670418,0.433398672924,0.364293169942,2344187817.5263572158357242459154,,1970406612.5166976392584789502744,5408848628.2417392364144393872019,0.18254903,0.013754323530606447271298,0.171246,0.0129026864033308293636,232.019811,17.4817447455303411432426,0,0,0,0,0,0,0.591534180952,39.261448250426,21.82344488988883,33.001202664407,18.34369234300792,0.00001192058442092563,0.0753459140845966,,4.445236460360203,0.0756037441207081,0.0000119335124250094,0.000361629225464116,0.0668139528388951,0.0756037441207081,0.004858225374,30221766833.806319,14381603867.15432,1760136878.512417,26145159869.70223,30221766833.806319,7761932604.117617,30221766833.806319,30221766833.806319,30221766833.806319,5468038324.669035,11107655407.808069,30221766833.806319,84.0346901619,27530709930.572912,31106184365.267236,31112317710.877017,18404013508.694128,31005360295.956571,31112142648.792817,11826699828.370808,30341856771.497543,31112341602.511986,31112341485.194307,31112341020.849816,31112331630.847995,31112270300.732025,31111087992.555494,29389542565.821082,30798155839.861448,31082334638.221553,22738961421.984037,31112250835.801979,31110426910.800061,31068432192.244424,21596473140.477318,29062580052.968022,9730317606.53485,30704248607.78251,13462399507.503684,12875511375.473044,29897284799.683264,22020655820.596528,31112341604.806319,26151472663.857684,1271,0.014710648148,2872,792439988.620866,59707115.2998264769828879526556,777948.50581178,58615.241281134674633676827948,207651.188169,15645.6685833458759710576254,191.382083666548,0.05424505434375788,0.026277745243790143,,
2018-11-13,2385,13468,182600,237075,1052,101973,223454,53,40400,302137,290532,274431,261080,208182,23630,230203,66259,244107,144331,3688,130814,2573,201606,20432,16,228324,57121,134,1613986921,4317,785.814222839935,1892832798.0167137723285910514112,0.417124938176,0.350614284969,2253870166.7740090864373445804728,,1894490126.6094228818157565363018,5403345521.9240999303859057162752,0.17638371,0.012777758400538857320766,0.171246,0.0124055674702537845516,189.965251,13.7616454590717168053246,0,0,0,0,0,0,0.591342763722,59.21636619549,21.4353894569264,49.774304990964,18.017512403697644,0.000011557702405320325,0.0724429619976746,,3.151841495714082,0.0753459140845966,0.0000119205844209256,0.000361736649218209,0.0672304882589261,0.0753459140845966,0.004862453851,30222237080.841068,14363153217.642432,1754107349.002824,26128594770.565472,30222237080.841068,7763954900.572983,30222237080.841068,30222237080.841068,30222237080.841068,5483834237.416688,11048806999.028815,30222237080.841068,83.981447819,27520512211.92934,31106179658.421642,31112317465.753227,18398057958.107341,31005266676.422013,31112142214.909222,11820837574.62344,30340693115.745213,31112341412.543937,31112341295.041595,31112340829.147544,31112331429.378036,31112269998.726128,31111086564.850068,29386741504.649265,30797893650.650425,31082313613.405528,22736250877.776595,31112249936.416623,31110340801.394593,31066858792.108318,21452589325.072196,29024120761.291168,9725386610.266329,30694059536.518636,13403120414.203451,12869242145.73512,29895079137.010494,22020720750.572822,31112341414.841068,26151472473.892433,1077,0.012465277778,2464,525401057.405826,38061608.8351883038777204922196,360168.56041387,26091.677334819152712553586702,225780.993156,16356.2439069973369505150376,190.939980010598,0.05422040909234755,0.02683277294378002,,
2018-11-14,3489,13302,182711,237215,1041,102028,223586,55,40324,302433,290811,274680,261275,208303,23538,230343,66238,244268,144425,3629,125758,2214,198723,19159,13,227952,53912,121,1613986937,4320,817.365046296296,1636812464.2873676219054626026708,0.362630620946,0.304809096803,1950423898.9716184496481194871132,,1639428422.9969253779441613984258,5378541651.7888842941542610593731,0.17762681,0.011135374665462916096182,0.171246,0.0107353634846105862612,274.078162,17.1818827433282223713964,0,0,0,0,0,0,0.594243339369,13.406155898333,18.662309899810325,11.268541692113,15.686600899762231,0.000011246288615647342,0.0626897182101222,,-14.345465992339193,0.0724429619976746,0.0000115577024053203,0.000355775631818514,0.0642518485616885,0.0724429619976746,0.004842737015,30224410390.762906,14344226591.854484,2281645148.431886,26109743527.656814,30224410390.762906,7924824637.425142,30224410390.762906,30224410390.762906,30224410390.762906,5883578676.049226,11046063589.244349,30224410390.762906,83.9208576736,27502179166.621884,31106177785.031555,31112317132.706714,18488301495.078564,31005182705.929901,31112141612.560449,11953611676.673845,30339092357.521188,31112341138.461723,31112341020.754053,31112340553.048691,31112331135.190296,31112269633.737363,31111085306.056604,29385143457.590073,30797349645.675334,31082296507.199996,22775569795.502969,31112242001.26468,31109894639.214749,31059195425.481977,21026376416.174117,28847447027.573972,9295384753.387155,30646276134.792215,13312464673.43906,12961678228.206645,29900340215.626862,22127659316.124364,31112341140.762906,26151472199.985339,1543,0.017858796296,3787,2320750361.00631,145487186.167524941626020071082,3323861.9412026,208371.96846334075844856095772,239295.602054,15001.3738616867991259109988,191.286714669303,0.05516343538709516,0.036821407789154784,,
2018-11-15,3716,13311,182902,237407,1041,102221,223784,55,40398,302833,291192,275019,261524,208507,23542,230534,66366,244468,144617,3630,125466,2181,198704,19037,13,228069,53727,115,1613986954,4318,869.335803612784,1618427572.354073597748724327986,0.358898257791,0.301671859141,1929566526.7567559142526280584308,,1621896759.9528684273787700149344,5376360806.637252108861357813324,0.17881291,0.011089856833929149977692,0.171246,0.0106205621472355168152,300.405697,18.6309599895594761455764,0,0,0,0,0,0,0.594311075718,12.052070883628,18.750601395491003,10.130365782067,15.760814270358825,0.000011197734243572985,0.0620193297784212,,-17.040143258077197,0.0626897182101222,0.0000112462886156473,0.000354833317810433,0.0555899431495758,0.0626897182101222,0.004842253122,30224410090.357209,14321015861.066843,1829386653.318795,26095534700.814905,30224410090.357209,7906361046.691854,30224410090.357209,30224410090.357209,30224410090.357209,5900175100.459726,11039441620.098388,30224410090.357209,83.8751890599,27506482202.264386,31106175791.127986,31112316796.418306,18490408752.930199,31005170394.518571,31112141483.48874,11968516601.864402,30337586194.087191,31112340838.052914,31112340720.019066,31112340249.893844,31112330805.275547,31112269266.709069,31111085591.730196,29380976213.449224,30796865831.254908,31082294931.656179,22776539960.770786,31112240475.824963,31109859534.088057,31058415426.975617,20974444898.328258,28824281106.638414,9272254951.039996,30640829578.463344,13224618309.617555,12972503079.799373,29897800814.631413,22132351022.751898,31112340840.357209,26151471899.929912,1680,0.019444444444,4186,2581493350.04498,160102487.397240930752453385576,2857695.94925033,177232.387483014629679150978996,211840.278981,13138.1921224753879217247972,191.607521422913,0.05516395638646154,0.03649288105322948,,
2018-11-16,3316,13308,183140,237688,1041,102390,224060,55,40482,303485,291823,275617,262072,208770,23573,230814,66484,244993,144831,3626,124640,2106,198372,18770,12,228292,53177,109,1613986972,4317,811.45008107482,1562228049.166261419578589125589,0.347155880369,0.291801805642,1863767887.1637310722551431470515,,1566589723.883389397129357237665,5368677278.8771568442193071747934,0.17667336,0.01058352180955707299412,0.171246,0.010258398752360913507,278.260542,16.669046850052389965739,0,0,0,0,0,0,0.594148929491,19.310517896801,18.246212505823173,16.231451946536,15.336850263535018,0.000010899614396445297,0.0599044576361545,,-21.683396203227886,0.0620193297784212,0.000011197734243573,0.000349235664881423,0.0547232165224182,0.0620193297784212,0.004847163162,30224409812.096667,14302931563.239606,1500884567.021428,26078661101.563842,30224409812.096667,7926464544.124111,30224409812.096667,30224409812.096667,30224409812.096667,5867918162.023869,11066677386.109897,30224409812.096667,83.8209553843,27498534912.039092,31106169377.986267,31112316186.372801,18485363838.938385,31005059378.630932,31112140753.236612,11975068114.760778,30336685601.508536,31112340559.788245,31112340441.504414,31112339969.700623,31112330516.064012,31112268649.093577,31111083996.234794,29377247352.416137,30796456201.175419,31082277353.41388,22765678461.504621,31112238916.564325,31109760511.044338,31056696003.731601,20845686715.118413,28772876006.959087,9107281431.252273,30629603827.571784,13132324778.379647,12979091118.570249,29896017223.261043,22132777436.542458,31112340562.096667,26151471621.66937,1575,0.018229166667,3603,1611160339.0632,96515686.2764637845989804644,2288554.22821238,137094.59981199077534899249271,100501.633821,6020.4958655944068095813445,191.797798003945,0.055007799250531446,0.036422579493600546,,
2018-11-17,2369,13313,183222,237803,1042,102466,224166,54,40493,303485,291807,275573,261976,208868,23556,230927,66529,244880,144916,3634,124717,2106,198467,18710,12,228405,53202,109,1613986995,3914,802.422074603986,1561554672.7531699368579959098496,0.34716503939,0.291809503945,1863444279.45519641637269465696,,1566317713.8234951665001891580416,5367603496.9754894493830255697739,0.1792207,0.01073425476878708376704,0.171246,0.0102566176347693818112,174.381742,10.4444299439344835412224,0,0,0,0,0,0,0.594223387103,25.371785279489,18.321861469384995,21.326249007139,15.400436968315525,0.000010887666121545438,0.0598940567065472,,-19.252197444604676,0.0599044576361545,0.0000108996143964453,0.000348226615545268,0.0524192281043162,0.0599044576361545,0.004847581644,30224409637.714925,14277902527.736275,1229345907.542665,26071947011.438143,30224409637.714925,7921653630.80256,30224409637.714925,30224409637.714925,30224409637.714925,2762762875.696594,11071002637.466944,30224409637.714925,83.7993757028,27504733190.456622,31106165153.109559,31112316301.309008,18487680285.878292,31005040275.361533,31112140707.460952,11940538122.925495,30335805538.557406,31112340385.404102,31112340266.917897,31112339793.443218,31112330336.083137,31112268763.296232,31111083333.1366,29375808126.33922,30796205654.158192,31082274530.124716,22775969029.393468,31112239024.124906,31109759487.15344,31056680407.64909,20847519490.230894,28765693017.451421,9105925882.027484,30629086757.456474,13128159994.99923,12974926335.189832,29895019791.155292,22134771570.659916,31112340387.714925,26151471447.287628,973,0.011261574074,2190,1226257436.951703,73445532.4656105273347702898816,2294881.91920172,137449.787803497687318921501184,190598.663185,11415.727140994480157104832,191.823059454389,0.05498064255287199,0.03619548865251567,,
2018-11-18,409,13313,183279,237882,1042,102505,224234,54,40510,303586,291904,275669,262069,208934,23564,231000,66555,244967,144967,3634,125347,2149,198914,18897,13,228510,53605,114,1613987014,3816,690.446016771488,1589661773.432427824216404423062,0.353949095992,0.297511841303,1899932155.6351843753200472586928,,1596987590.5171350504105119014846,5367811860.9360617011901898144535,0.17614413,0.010756564525639513847178,0.17107,0.010446703466082869942,28.887637,1.7640765626634930660122,0,0,0,0,0,0,0.59414985986,919.213142551933,18.862657540323728,772.644421718797,15.855002994041444,0.000010992384907085126,0.0610668350153906,,-18.820994322861104,0.0598940567065472,0.0000108876661215454,0.000347562841910857,0.0524274663443235,0.0598940567065472,0.004849301529,30224409608.827288,14237961365.622813,1189450701.80493,26031507495.54627,30224409608.827288,7880916802.160412,30224409608.827288,30224409608.827288,30224409608.827288,2708790325.955439,11062110083.95443,30224409608.827288,83.6693967581,27502441890.743028,31106163616.329825,31112316254.138941,18485392664.113123,31005007488.753168,31112140549.854863,11938619022.651009,30335505187.05581,31112340356.516156,31112340238.027951,31112339764.412022,31112330302.212063,31112268681.126786,31111083119.377161,29375063797.097166,30796080468.308344,31082269388.830024,22773760565.882251,31112239491.056264,31109822599.512102,31057631349.986466,20916327301.116496,28794657614.523271,9270926866.354769,30635212038.919947,13208734470.702554,12972811960.618746,29894338840.538349,22133676249.49019,31112340358.827288,26151471418.399991,164,0.001898148148,330,33846709.66785,2066911.43510042192456401221,102845.34235776,6280.439553862692415691341056,23715.219353,1448.2133875834492099742818,191.676379780606,0.05449960008686708,0.03631588431260138,,
2018-11-19,1064,13317,183316,237928,1032,102522,224269,51,40482,303703,292013,275771,262166,208966,23574,231042,66542,245019,144993,3625,120187,1776,196019,17488,11,227612,50479,76,1613987031,4320,690.925694444444,1353561373.3884051479454141633348,0.278370741459,0.233984470512,1599282408.1046368072923627053624,,1344276505.133839577379203643318,5745152668.4226769155902533826254,0.17741549,0.009119772719607382877548,0.171246,0.0088026394941156822792,83.917526,4.3136524567936162869352,0,0,0,0,0,0,0.593925506048,40.368097308618,15.957147969490961,33.93139603983,13.412777502975812,0.000010726487798799146,0.0514034750833052,,-32.021645155970845,0.0610668350153906,0.0000109923849070851,0.000349177779389865,0.0534917770086991,0.0610668350153906,0.004848521237,30224409524.909762,13976730140.536118,1039181988.83229,26332098582.728199,30224409524.909762,7890950918.976381,30224409524.909762,30224409524.909762,30224409524.909762,2724150393.455648,10816719838.671,30224409524.909762,84.6355444497,27503571636.247112,31106163960.411374,31112316133.287086,18478412442.098711,31004989608.698354,31112140329.490113,12061172803.026257,30334920213.502891,31112340272.598061,31112340154.08138,31112339680.166567,31112330192.431095,31112268528.554815,31111082776.78618,29376528444.647583,30795901707.144904,31082264337.439637,22768100859.065058,31112222177.364652,31109299471.847793,31048368205.79971,20252584108.532518,28543824710.548995,9245193404.700307,30579459209.258405,12681816285.670951,13119086922.807123,29895827262.057968,22140908735.547961,31112340274.909762,26151471334.482465,473,0.005474537037,925,770716044.332064,39617482.9811267977386914579328,1598475.87581185,82167.21485355888870843132662,89493.649554,4600.2845849630865248258808,191.661641543482,0.05542329960190193,0.04711584741008076,,
2018-11-20,2672,13329,183543,238213,1035,102637,224526,50,40528,304119,292418,276162,262538,209207,23619,231315,66594,245349,145175,3629,113077,1404,191273,16005,10,226462,46319,64,1613987050,4318,796.812644742937,1143002639.9452021999352871308172,0.23659787914,0.198872299259,1350942130.4537871769436908525304,,1135534133.3798134152635570773468,5709865766.1775410620903277203277,0.17393069,0.007552318356422283236972,0.171246,0.0074357452917819754248,221.065904,9.5989965011826621829952,0,0,0,0,0,0,0.593031997779,20.116381258078,13.818289519210271,16.908820180889,11.614960448910624,0.000010057004339764114,0.0434214246860188,,-42.199243151545495,0.0514034750833052,0.0000107264877987991,0.000350070785528414,0.0439924612898442,0.0514034750833052,0.004859107348,30230805453.843858,14002433626.77086,753335207.562054,26323471609.010469,30230805453.843858,7976428434.953086,30230805453.843858,30230805453.843858,30230805453.843858,2960077829.964985,10904012111.360343,30230805453.843858,84.6078165881,27496394084.966602,31106161085.384448,31112315820.66332,18450613177.702438,31004840031.377302,31112139642.148573,12011532679.976934,30333994119.559225,31112340051.52831,31112339932.92736,31112339458.077684,31112329947.443426,31112268128.012424,31111081191.610923,29375233543.990112,30795394840.378017,31082230037.245795,22750686845.897797,31112192408.427134,31108261215.99699,31033146452.926987,19442972794.901051,28225354287.14341,9045209003.275848,30490850832.988873,12400985948.013634,13086439858.042638,29894551308.961589,22123409665.733077,31112340053.843858,26151471113.416561,1271,0.014710648148,2721,1546617140.264709,67156319.6741098363494433505292,3299282.9519572,143259.56621627534261493599536,453846,19706.6399080508883048,191.570302356303,0.05661192660701391,0.05501139417656543,,
2018-11-21,1667,13333,183694,238367,1036,102747,224670,50,40555,304339,292632,276368,262727,209341,23624,231466,66654,245511,145334,3637,115749,1529,193087,16537,10,226999,47840,65,1613987067,4320,718.674768518519,1241533270.146612570922658267712,0.276255478162,0.232206485882,1468054477.023867840887153212608,,1233972891.544921411271329394145,5314118969.8415261688357449182794,0.17464433,0.00824069778135230011077,0.171246,0.008080345535783818374,134.825426,6.361818840085324948794,0,0,0,0,0,0,0.592715885907,21.853617787191,15.408013847297918,18.369053978328,12.951202899948843,0.0000103720074159217,0.047185601624469,,-37.27535881713274,0.0434214246860188,0.0000100570043397641,0.000342711361819067,0.0381745822641584,0.0434214246860188,0.004863817368,30232815041.018432,14541992250.599733,1380156832.560919,26311697369.622848,30232815041.018432,8564220697.573394,30232815041.018432,30232815041.018432,30232815041.018432,3010755484.178838,11475043867.783175,30232815041.018432,84.56997268,27493631604.938157,31106163811.287377,31112315665.30495,18440778117.752465,31004755869.873864,31112139323.241472,11988123212.14636,30332924566.527305,31112339916.701519,31112339798.062183,31112339322.407337,31112329799.32173,31112267961.634688,31111080554.023162,29372500090.695842,30795012974.625756,31082238895.475648,22753161443.592842,31112200851.873688,31108631575.269739,31038732979.368888,19709282487.289564,28339277096.450629,9030406633.275848,30522879723.74376,12396650158.524232,13056432445.119504,29893300791.344733,22119261682.248511,31112339919.018432,26151470979.762205,772,0.008935185185,1564,1423669994.688687,67176725.214090281909136682203,2363003.39666569,111499.73691233434684211676861,547966.954041,25856.150396752339464029229,191.563966501834,0.05692731581691551,0.05796426621143201,,
2018-11-22,1378,13333,183779,238469,1034,102815,224761,50,40587,304505,292787,276519,262855,209436,23636,231560,66716,245627,145423,3640,113530,1412,191675,16067,10,226791,46549,65,1613987085,4317,742.642344220524,1150017765.8552975575469794858605,0.256115634248,0.215277944029,1360006497.6967196761687533549942,,1143153183.7184395975766673167019,5310126817.099470634631743845977,0.17620011,0.007702194564036632625939,0.171246,0.0074856367020032915454,117.349274,5.1296616119958457918026,0,0,0,0,0,0,0.5924811118,41.78778451546,14.624462242721762,35.124713735037,12.292588749576396,0.00001015721959836371,0.0437127681931449,,-40.94390994056507,0.047185601624469,0.0000103720074159217,0.000349795456093152,0.0414489979200863,0.047185601624469,0.004866254751,30232814923.669158,14534995428.234014,1130224807.010777,26308509238.626645,30232814923.669158,8510854642.796658,30232814923.669158,30232814923.669158,30232814923.669158,2954943788.203472,11289182859.588488,30232814923.669158,84.5597258398,27489832779.822004,31106161947.467607,31112315522.6961,18433473676.38675,31004710790.065688,31112139115.470742,11989898392.296172,30332288674.451522,31112339799.350288,31112339680.677038,31112339204.184089,31112329674.454918,31112267777.984639,31111080651.761127,29370389199.831194,30794915575.915117,31082240685.108636,22751954665.822959,31112194062.982146,31108300005.979305,31033655544.076989,19446383053.862313,28232182527.835472,9030406634.275848,30493113317.270369,12403363435.187782,13068018721.902477,29891853950.62961,22117422353.218942,31112339801.669158,26151470862.412931,666,0.007708333333,1337,744531928.706559,32545551.6119448985621474673991,1659988.38072995,72562.687290162264798848119755,302455.383117,13221.1620509622525825946533,191.568831319418,0.05715597803055097,0.059021718022346924,,
2018-11-23,1427,13333,183874,238581,1031,102886,224860,51,40610,304679,292954,276676,262997,209532,23657,231668,66756,245744,145506,3635,112825,1361,191210,15879,9,226769,46082,66,1613987104,4314,743.12401483542,1120353633.7049352458662518619664,0.249622332222,0.209820000179,1325123735.9532259358541528085145,,1113832484.6219379432558912635957,5308514363.1187780832805672797295,0.17573392,0.007484785490769169858832,0.171246,0.0072936378825001869966,123.892413,5.2767737454373161414573,0,0,0,0,0,0,0.592356485634,40.198963434616,14.430290509055473,33.789230474689,12.129377729360188,0.000009928355432524865,0.0425915810150321,,-42.23159608457863,0.0437127681931449,0.0000101572195983637,0.0003497494130234,0.0383622219799561,0.0437127681931449,0.004867828505,30232814799.776745,14533373928.051766,545702904.522992,26304579614.208784,30232814799.776745,8472465525.498742,30232814799.776745,30232814799.776745,30232814799.776745,2574416496.588702,11293225551.546151,30232814799.776745,84.5470957396,27485788033.291911,31106161580.467329,31112315377.611025,18429596191.387903,31004670943.890888,31112138725.325838,12031387991.302269,30331884011.724763,31112339675.456171,31112339556.71081,31112339079.651466,31112329537.557515,31112267614.261266,31111080085.94489,29370415061.393963,30794719185.379377,31082230356.689487,22746048424.405085,31112190896.885299,31108169878.151377,31031821927.21907,19331322075.384928,28184824838.537014,8797062999.275849,30481344147.871029,12446652032.993879,13092434662.799925,29891274415.547394,22118432023.338505,31112339677.776745,26151470738.520517,705,0.008159722222,1444,773958754.642554,32964127.0006516901335363359834,2143694.72004509,91303.347340297007788479797389,408997.828754,17419.8641583482163356130034,191.597338086764,0.05716805980618648,0.05898354596632992,,
2018-11-24,1457,13337,184030,238766,1030,102997,225033,51,40643,304902,293168,276877,263189,209702,23676,231849,66822,245928,145654,3637,108770,1229,188349,14888,9,226144,43785,62,1613987121,4320,725.63587962963,991233957.6974197076299533310324,0.222666343809,0.1871621495,1173532768.0744634559143712962892,,986412726.883131257038016440194,5270364384.669883384923163338413,0.17907713,0.006754647291095230702942,0.171246,0.0064592632795203601764,126.786607,4.7822902428674483151938,0,0,0,0,0,0,0.592023218501,22.494930655906,12.836324131897337,18.90810933703,10.789569609442015,0.000009909633773705525,0.0377192067523934,,-48.6260542450188,0.0425915810150321,0.00000992835543252486,0.000350650367702869,0.0376414865685609,0.0425915810150321,0.004872397595,30233392048.990138,14551876778.490219,1030814588.162586,26279289599.178086,30233392048.990138,8482529863.230328,30233392048.990138,30233392048.990138,30233392048.990138,3368265240.140554,11321459886.798317,30233392048.990138,84.4658099598,27482469458.474414,31106157812.390175,31112315249.51801,18419227396.061435,31004573376.185529,31112138470.158791,12041015539.126592,30331105017.206857,31112339548.668663,31112339429.849224,31112338952.342165,31112329404.652353,31112267464.878918,31111079563.501402,29368942218.363335,30794395701.520805,31082219397.787321,22744312501.482324,31112170823.946332,31107412493.43232,31021320687.187331,18996506650.699785,27932512515.732391,8797062799.106229,30422320107.406908,12358352998.226776,13102485365.967698,29890097578.480475,22117689025.206378,31112339550.990138,26151470611.73391,708,0.008194444444,1471,1383082260.928044,52168765.7555126075924021805096,2299734.57280742,86744.163827350187640642279028,753640.4670845,28426.7205949305883142950423,191.634665022495,0.05737158527420189,0.061835213748983237,,
2018-11-25,3373,13338,184530,239311,1037,103367,225570,52,40753,305550,293802,277491,263780,210222,23652,232391,67065,246481,146114,3647,108538,1209,188429,14739,9,226562,43564,60,1613987137,4316,818.144578313253,971575856.815207208091061980536,0.219371067618,0.184392305517,1150944443.0830591846468538286805,,967426113.6040900608171258323545,5246564442.5314005138581351737897,0.17802419,0.006585681330364846461605,0.171246,0.006334934511425994957,229.295159,8.4823576378543780899905,0,0,0,0,0,0,0.591885828795,32.368597011443,13.073308466196691,27.207417523747,10.988766727541684,0.000009372835094863379,0.0369931823892295,,-49.48793926824634,0.0377192067523934,0.00000990963377370552,0.000339177344333163,0.0333569063751214,0.0377192067523934,0.004882418932,30233391819.694979,14529589123.39116,1861467484.679791,26263646273.862608,30233391819.694979,8528474382.83614,30233391819.694979,30233391819.694979,30233391819.694979,3391758708.178101,11329013630.213546,30233391819.694979,84.4155304502,27479092696.354086,31106151736.299916,31112314982.866256,18414952745.1868,31004369369.566254,31112138083.201034,12058445692.529844,30327813057.332217,31112339319.371025,31112339200.408013,31112338722.003017,31112329152.154844,31112267177.524995,31111077996.373459,29357353507.003532,30793415846.974857,31082188828.8827,22745308668.118952,31112167235.916258,31107293991.73913,31019510237.29032,18920068645.231387,27889039284.561053,8782149677.610435,30410182617.679246,12293393727.614836,13091438826.27095,29884983840.790958,22114028646.267344,31112339321.694979,26151470382.438751,1288,0.014907407407,3524,961188997.802299,35557439.9062211599455079386205,650986.98314585,24082.080200528699551067622575,346593.89217400004,12821.61106818572650166722856918,191.64405617185,0.05613404301783716,0.06172654986192018,,
2018-11-26,3692,13344,185067,239952,1032,103755,226161,50,40902,306378,294619,278301,264573,210795,23644,232998,67340,247251,146593,3659,107320,1156,187809,14306,8,226953,42889,55,1613987153,4317,813.387769284225,917226428.1115564905359326572096,0.206449425555,0.173531021667,1086906194.3568218177162897678412,,913598775.36789048130093458615,5264757658.8460040175108379685226,0.17732433,0.006194806259253656091732,0.171246,0.0059824604591606328984,271.660876,9.4904432744177368107504,0,0,0,0,0,0,0.590323610696,18.024688864469,12.63970832975758,15.150648472209,10.624304204933868,0.000009441132858480183,0.0349348916714004,,-51.731705745295805,0.0369931823892295,0.00000937283509486337,0.000323570273274911,0.0326420025640513,0.0369931823892295,0.004895289018,30233391548.034103,14503033821.859665,1397988200.155109,26255310499.859024,30233391548.034103,8533339532.910759,30233391548.034103,30233391548.034103,30233391548.034103,2652960232.89708,11070174808.964065,30233391548.034103,84.3887386854,27469402158.490233,31106141796.1253,31112314512.021859,18366348325.209233,31004140723.114059,31112137152.130139,12000024803.806392,30324633371.927376,31112339047.70878,31112338928.69179,31112338449.694562,31112328869.142225,31112266521.778014,31111075514.162536,29344272694.455032,30792534759.111261,31082138430.855661,22737965666.321631,31112160736.131324,31106962163.477206,31014810705.307655,18738027266.734057,27757605084.355801,8750425101.383144,30384137602.166857,12149859912.012483,13072690329.250398,29878913524.248685,22102541141.502123,31112339050.034103,26151470110.777875,1532,0.017731481481,3964,1726095761.428826,60300968.4399794252295843479304,620940.80377588,21692.499714262660260527342352,169373.762383,5917.0540408276170664511532,191.636580011174,0.05611988383039439,0.062005294622066894,,
2018-11-27,3276,13361,185538,240503,1024,104132,226686,51,41038,307054,295285,278951,265198,211307,23668,233533,67593,247865,147020,3679,108666,1184,188951,14597,8,227623,43498,57,1613987190,4316,828.555607043559,945727844.882792014444722532352,0.213278377437,0.179270969136,1121631633.2204453410849622416896,,942786569.9166439430612555908352,5259003030.2195347654817390804602,0.1769054,0.00637762059570060554752,0.171246,0.0061735934376867291648,247.490661,8.9222914441116926055168,0,0,0,0,0,0,0.588367498195,34.287372618407,13.820025645804154,28.820223560875,11.61641147491332,0.000009546005310006952,0.0360510227257088,,-50.363925077153084,0.0349348916714004,0.00000944113285848017,0.000329648486410834,0.0308398954051496,0.0349348916714004,0.004907249841,30233391300.543442,14448931591.827438,1424398306.503838,26233037882.95504,30233391300.543442,8530913324.361399,30233391300.543442,30233391300.543442,30233391300.543442,2729476899.450425,11025423760.97816,30233391300.543442,84.3171516273,27459324433.194859,31106132647.926884,31112314167.366557,18305488944.259371,31004000798.646345,31112136526.108453,12006611446.290509,30321521047.376464,31112338800.216766,31112338681.093073,31112338201.157004,31112328615.630718,31112266088.601322,31111074072.979222,29334023028.668749,30791529838.782835,31082101793.452691,22727536709.529842,31112164181.811643,31107142168.789494,31017402187.431565,18778877450.946213,27824732521.447148,8719596944.82575,30394352864.984944,12182070911.125668,13046483774.381469,29872567637.818268,22077132287.505903,31112338802.543442,26151451432.869379,1399,0.01619212963,3442,907399325.95012,32712673.721120622978710445056,608051.37313475,21920.8738712793135504716608,169872.172125,6124.0655377438919362272,191.485690181967,0.055981624861700094,0.06264367503989923,,
2018-11-28,3746,13404,186073,241162,1022,104494,227305,51,41119,307800,296015,279675,265911,211896,23584,234174,67816,248552,147476,3703,113753,1324,192898,15842,8,228983,46254,64,1613987211,4320,856.275231481481,1085457366.793893098700449945792,0.245322043338,0.206205246451,1290162722.8340078788333776338768,,1084445240.2435939739616976456456,5259057462.9199621452405534262233,0.177445,0.007358267982740823068,0.171246,0.0071012085940569471504,288.88046,11.979260275902059954704,0,0,0,0,0,0,0.587471552476,37.032029969326,16.10031310038398,31.127243041543,13.533105242562005,0.000009853421355480121,0.0414678800909624,,-40.15775759227091,0.0360510227257088,0.00000954600531000695,0.000330928122384577,0.0319518134880285,0.0360510227257088,0.004923188953,30233890891.662982,14408418934.679063,1478225039.71347,26175858626.31208,30233890891.662982,8546810780.500761,30233890891.662982,30233890891.662982,30233890891.662982,2445409125.367859,11001126854.117196,30233890891.662982,84.1333691931,27461041840.071397,31106120452.638174,31112313812.519935,18277613807.768076,31003764004.650991,31112135605.331661,11965249879.188534,30318088578.461321,31112338511.332212,31112338392.177631,31112337911.83536,31112328313.928329,31112265602.929844,31111071346.096529,29320519491.670028,30790503193.250007,31082042788.81723,22722056801.876508,31112182336.46233,31108009447.453442,31029349980.466406,19113882508.823937,28137030798.051083,8691937872.247921,30459889512.765608,12323621615.275898,13008109328.04112,29870261116.470558,22053695285.963235,31112338513.662982,26151451143.988919,1628,0.018842592593,4176,840146719.999786,34839103.4437664878769885340464,415362.38277909,17224.197483379729836504696216,213921.431961,8870.8682894457195426092664,191.311857160205,0.05708835777137778,0.06917112528472305,,
2018-11-29,3958,13432,186505,241751,1026,104802,227857,51,41213,308508,296711,280366,266576,212414,23463,234749,68035,249181,147898,3722,114149,1327,193419,15890,8,229544,46394,64,1613987230,4316,834.543558850788,1084283572.80795615177900836187,0.246087111567,0.206848323583,1292279208.2246233331751254363669,,1086224248.4784043501189828578328,5251307961.6149693029216600296945,0.17945407,0.007453787682459444511949,0.171246,0.0071128580447935788522,280.845615,11.6651775340606507643805,0,0,0,0,0,0,0.58697539411,41.821643186774,16.30120828355767,35.153148523604,13.701967503929373,0.00000979842433272093,0.0415359076696307,,-40.13760847821731,0.0414678800909624,0.00000985342135548012,0.000343154902285764,0.036571405027243,0.0414678800909624,0.004939234761,30233890610.817367,14416135337.545302,1338388954.057758,26104728020.6841,30233890610.817367,8545387303.000394,30233890610.817367,30233890610.817367,30233890610.817367,2052334912.907483,10991246383.827002,30233890610.817367,83.9047448808,27459703244.113204,31106099977.579865,31112313456.1873,18262176995.889552,31003503986.32054,31112134772.019527,11920041353.852024,30315146187.189716,31112338230.486147,31112338111.294194,31112337630.091943,31112328014.87127,31112265181.475097,31111068091.631509,29303730128.608627,30789662199.366584,31082016119.27753,22716298934.22154,31112181744.346358,31108011247.965458,31029315399.758093,19094984020.310213,28140792091.475523,8661781859.80322,30458128216.884032,12279841161.169288,12968315661.390158,29867157338.820488,22034637299.63613,31112338232.817367,26151450863.143304,1565,0.018113425926,4123,743929120.476465,30899771.2608600236237945914755,274298.02303099,11393.217358577435928787955393,133141.464375,5530.1515712794251134563125,191.151667231122,0.05701511434295944,0.06917424345272366,,
2018-11-30,3131,13444,186978,242342,1030,105142,228386,52,41346,309188,297384,281030,267221,212925,23426,235321,68268,249800,148303,3706,111598,1241,191750,15200,8,229555,44885,61,1613987249,4318,818.764011116258,1001034808.2547651759737789399913,0.227979070958,0.191627624336,1194936150.3872418095980832313819,,1004402618.0562371968489360238996,5241429159.9922589957410628173453,0.1762827,0.00677051563903043184867,0.171246,0.0065770703598334115166,244.327828,9.3839348984576333326388,0,0,0,0,0,0,0.587198301157,35.689038372053,15.307454428757282,29.998392437272,12.866668481858085,0.000009666226617753609,0.0384071473776521,,-45.01968222774599,0.0415359076696307,0.00000979842433272093,0.000356684272113749,0.0365565700164074,0.0415359076696307,0.004948426772,30235462002.489539,14375681069.756707,1343966230.640223,26063763559.728353,30235462002.489539,8493687083.15353,30235462002.489539,30235462002.489539,30235462002.489539,2181454553.995727,10963621080.875707,30235462002.489539,83.7730792503,27448528593.623882,31106090304.733585,31112313147.26148,18269112011.849741,31003319313.605527,31112133542.622923,11935067701.218542,30312396642.170138,31112337986.156714,31112337866.904492,31112337384.903071,31112327756.746275,31112264749.054367,31111066050.187912,29290695673.484242,30788816195.642661,31081964021.692823,22686462719.871882,31112167477.053404,31107465576.732155,31021894567.580838,18877178417.902044,27953922959.742571,8636648661.795543,30414317461.755003,12190150755.99038,12957353404.244891,29861579816.818047,22030976693.438017,31112337988.489539,26151450618.815476,1386,0.016041666667,3470,871761734.349583,33481881.4093620333464631540743,312030.82370634,11984.213832459581049409084314,104752.3358895,4023.23840266134188507504295,190.699204404173,0.05724418648272462,0.06990221753194296,,
2018-12-01,2709,13458,187309,242730,1033,105347,228772,53,41346,309616,297806,281446,267623,213284,23494,235711,68365,250191,148581,3696,114347,1317,193964,15836,8,230430,46377,65,1613987265,4320,764.214583333333,1064681897.603330217605869815804,0.271229644267,0.227981858602,1274558804.9862703480750744848364,,1071329374.9409631245185610200752,4699186950.7102520797449315939394,0.17756663,0.007274256059887214670812,0.171246,0.0070153229423312587704,194.080328,7.9507619312192739498272,0,0,0,0,0,0,0.587309781396,21.770954894733,16.410081960835857,18.299558567243,13.793481148970315,0.000009875992817971453,0.0409663463224324,-68.47637064894276,-41.93472887386274,0.0384071473776521,0.00000966622661775359,0.000344053112902372,0.0340491634942983,0.0384071473776521,0.004957500578,30235461808.409211,15387101264.923865,2377018103.415873,25989183639.26271,30235461808.409211,9427275660.437451,30235461808.409211,30235461808.409211,30235461808.409211,3165799431.800759,11996431221.594098,30235461808.409211,83.5333680516,27449823454.808028,31106083133.291603,31112312943.128063,18272580308.75172,31003139523.807529,31112133278.640216,11919105078.446053,30309491946.092005,31112337792.075194,31112337672.781468,31112337190.077695,31112327554.561412,31112264547.699865,31111063960.643251,29298957805.422869,30787976502.10071,31081924014.366423,22666285878.588784,31112179550.178123,31107932317.73776,31028127484.382011,19064052158.442567,28111808258.821033,8419424659.766478,30449105373.428972,12249640376.386555,12927487363.908411,29862114784.867022,22026880055.198064,31112337794.409211,26151450424.914348,1093,0.012650462963,2689,1429075478.996859,58544000.9934812951813208398316,602597.77565766,24686.229170719124150320892184,234856.83038,9621.226249535842955816312,189.963826069738,0.05735314020012588,0.07140075279666441,,
2018-12-02,2474,13488,187583,243058,1033,105510,229067,53,41364,310059,298240,281872,268040,213572,23538,236015,68455,250586,148818,3675,114733,1325,194380,15904,8,230738,46519,66,1613987281,4313,788.506376072339,1069633643.8400218320413341226432,0.273074213595,0.229532309593,1282910342.8883759571977461663096,,1078349252.1200329483065921847419,4698028151.3936924650011328228192,0.17582668,0.007250174166046170804772,0.171246,0.0070612908418605331434,192.354387,7.9316904997185148400073,0,0,0,0,0,0,0.587147796949,84.058091110815,16.68434535871444,70.654960564046,14.024013010274311,0.000010060338112720104,0.0412347782830579,-69.10187807716022,-42.979496703785365,0.0409663463224324,0.00000987599281797144,0.000350217470033381,0.036338092213396,0.0409663463224324,0.004964980096,30235461616.054824,15372485062.039229,2057747588.081217,25940084762.854208,30235461616.054824,9306104726.157586,30235461616.054824,30235461616.054824,30235461616.054824,3140691013.487808,11989959535.701436,30235461616.054824,83.3755569724,27451328986.107394,31106079656.385305,31112312618.286037,18267540480.987213,31002971256.908665,31112132705.427838,11903183531.446858,30307497172.355794,31112337599.719408,31112337480.378436,31112336997.336023,31112327348.873449,31112264101.451161,31111062935.607281,29301845657.568415,30787345839.63419,31081899719.780764,22637937334.111338,31112179295.051129,31107963477.069039,31028511086.980428,19078431528.453349,28122128708.398364,8409965005.041296,30450169065.397855,12258001301.398022,12915253925.486309,29862228934.194363,22027549561.28579,31112337602.054824,26151450232.559961,1094,0.012662037037,2499,370129004.726494,15262187.4460258696153034660026,203311.74742369,8383.514827356925361900101651,147028.958969,6062.7065242755322469513051,189.755646725203,0.05728770898889417,0.07110170527659906,,
2018-12-03,2147,13486,187737,243266,1037,105597,229254,53,41351,310336,298510,282131,268282,213739,23579,236208,68497,250812,148945,3671,111959,1242,192429,15208,8,230409,44864,62,1613987298,4317,774.630993745657,990755317.277196920010497112375,0.253648819908,0.213204310567,1189811337.8343100291135536576155,,1000094958.375399925964714530929,4690782075.2634353434292383962756,0.17634326,0.00674379450131795146673,0.171246,0.006548862900531009333,169.818563,6.4942742432067782130365,0,0,0,0,0,0,0.587497054304,44.266603710256,15.714602227234328,37.208257971058,13.2088962010887,0.000009948663002507601,0.0382424284393855,-71.02956039311611,-46.26714488648994,0.0412347782830579,0.0000100603381127201,0.00035895705307323,0.0364281964354572,0.0412347782830579,0.004967527975,30236226245.236261,15356505524.44841,1199693912.298763,25907228115.69225,30236226245.236261,9088310246.577886,30236226245.236261,30236226245.236261,30236226245.236261,3054297540.557903,11988073018.168871,30236226245.236261,83.2699509387,27445347189.087038,31106076370.689953,31112312415.150275,18278406593.936472,31002878584.058009,31112132350.592975,11901494772.662253,30306126708.658007,31112337429.899916,31112337310.505885,31112336826.934239,31112327168.899847,31112263822.530308,31111061173.333828,29305054799.903977,30787040107.651117,31081878067.335367,22637567171.233807,31112165911.94753,31107430896.262226,31021217242.055221,18870774046.041145,27941524880.819081,8404891471.628373,30407489556.38534,12156577827.434091,12916321106.083828,29863619617.357127,22034873025.429844,31112337432.236261,26151450082.741398,963,0.011145833333,2101,702839947.602039,26878306.4005124309077877070345,517382.62841572,19785.96814296935104591534006,285191.486438,10906.415011627195328303849,189.607063215876,0.057495047310093646,0.07184458409506805,,
2018-12-04,3461,13516,187788,243372,1040,105481,229359,53,40960,310512,298673,282288,268419,213849,23669,236313,68287,250927,148940,3676,110783,1210,191742,14967,8,230364,43904,59,1613987313,4316,843.389712696942,957253846.0825970193455303578481,0.245554009202,0.20640022366,1150992040.2681183555454237326568,,967465427.7252865567207559376705,4687327419.3608793717458470327479,0.18472282,0.006833768038980213842282,0.171246,0.0063351969269590281246,246.789693,9.1299143028086026794693,0,0,0,0,0,0,0.587529898491,56.685104963213,15.367190194287593,47.646619090531,12.916879278147764,0.000009502998786821192,0.0369947147785001,-72.91461819826411,-51.72156783916617,0.0382424284393855,0.00000994866300250759,0.000355955127230059,0.0337908746635694,0.0382424284393855,0.004978831715,30240082990.446568,15324022227.513559,1342319951.632786,25875421713.993481,30240082990.446568,9084739971.169613,30240082990.446568,30240082990.446568,30240082990.446568,3045800004.846769,11982552020.606314,30240082990.446568,83.1677207654,27458253097.977674,31106065973.726515,31112312134.380253,18279428308.38039,31002618264.176599,31112132141.453116,11856236961.092129,30301953998.01986,31112337183.108624,31112337063.67728,31112336579.338131,31112326911.285189,31112263552.715843,31111060961.415926,29326334405.403737,30786194262.752999,31081829447.724478,22642814573.269981,31112161671.861555,31107224352.962799,31018141602.745708,18778160093.308846,27882356653.892646,8355327695.886798,30388220372.505307,12031696425.927288,12873340359.00265,29879838732.819334,22037081701.220381,31112337185.446568,26151449835.951705,1336,0.015462962963,3182,548862654.583375,20305017.3588823787591728958375,250176.74775212,9255.217427302445436380195212,243757.33927,9017.733241459731777428927,188.572943482111,0.05751201039069378,0.0696089846068787,,
2018-12-05,3546,13515,188299,243964,1041,105835,229914,53,41031,311229,299374,282978,269080,214380,23714,236884,68477,251572,149395,3683,108680,1142,190514,14269,8,230445,42620,55,1613987331,4320,881.588657407407,877814862.6037634921327177597418,0.226044629773,0.190001630242,1057132411.1650201826308281733174,,888571790.9086627716119816795828,4676653509.642273845439629708237,0.18141036,0.006163946215316243276712,0.171246,0.0058185824314997522532,286.628371,9.7390350949510825084282,0,0,0,0,0,0,0.587076916257,47.776642135168,14.226393984260142,40.158617801589,11.957983926379637,0.000009159651240839825,0.0339779173323742,-73.63347506861707,-55.32951872264085,0.0369947147785001,0.00000950299878682119,0.0003413014626885,0.0326901044984929,0.0369947147785001,0.004990588938,30240470320.818197,15337772597.953719,1134413784.957318,25834863685.637979,30240470320.818197,8982166424.023281,30240470320.818197,30240470320.818197,30240470320.818197,2863434689.127813,12007524938.690114,30240470320.818197,83.0373615767,27445481122.563765,31106060300.109759,31112311748.121131,18265334804.109312,31002373964.134877,31112131307.206968,11840230883.043205,30300233237.272411,31112336896.477641,31112336776.977773,31112336291.790421,31112326615.223832,31112263023.923352,31111058570.208383,29321796519.204971,30784945450.713232,31081788680.057261,22639732321.825702,31112147339.65853,31106728099.777176,31010960944.48531,18569646250.66242,27673261681.180425,8323842326.448974,30348211220.018311,11900438514.674117,12858062826.624657,29877646055.246554,22034059717.558461,31112336898.818197,26151449549.323334,1580,0.018287037037,3725,651203925.357418,22126553.1423119278658375218156,307868.91111563,10460.744411094936579638628746,140919.86986049998,4788.163688608998907929452452516,187.682797981878,0.0577827084923912,0.07039946402525178,,
2018-12-06,5618,13609,187720,243528,1043,105242,229370,54,41199,310896,299028,282618,268707,213825,23843,236357,68089,251162,148792,3691,103824,974,186540,13165,7,229137,40435,52,1613987347,4317,2791.830206161686,789554392.9196382861893343730128,0.20499841229,0.172311248293,952482320.477849957948831146246,,800608237.8159020150280465809849,4646291207.0318462167432815147474,0.29415706,0.009005411834353494739282,0.218466,0.0066881831828339275002,867.175017,26.5479542138050094209749,0,0,0,0,0,0,0.58528405103,36.041536353544,12.900255059229055,30.294683993413,10.843298871063116,0.00000871713217255751,0.0306142977984397,-74.72876837818787,-61.97589536678423,0.0339779173323742,0.00000915965124083982,0.000335973637631597,0.0300515745757682,0.0339779173323742,0.005003577546,30240469453.64318,15316567410.665165,1473490212.96698,25790380629.271824,30240469453.64318,9050808570.498085,30240469453.64318,30240469453.64318,30240469453.64318,3247967784.552921,12033245976.62752,30240469453.64318,82.8943882679,27448797486.171284,31106052513.264757,31112310823.76006,18209554069.615986,31002394097.691977,31112129362.806239,11807753551.702251,30311579157.692751,31112336029.298949,31112335909.698118,31112335423.818522,31112325726.37963,31112261491.843473,31111055580.84645,29331781094.452359,30786383852.481643,31081768293.165609,22591754078.210031,31112121910.499938,31105676239.053593,30997872763.469455,17989207559.652691,27307337380.495637,7996440346.987543,30287232977.337931,11743859350.558481,12803801111.095401,29878050443.913734,21972665147.08272,31112336031.64318,26151448682.148317,2948,0.03412037037,6461,863235565.944001,26427350.6860142782839553752397,174538.34812589,5343.368966773736165461173833,103615.56000900001,3172.117610667625628060935284397,187.083406675014,0.05820651990798817,0.06993638851479297,,
2018-12-07,3874,13690,188325,244186,1046,105702,229993,54,41430,311627,299747,283328,269404,214442,23939,236997,68418,251829,149340,3685,102942,932,186127,12796,6,229444,39992,51,1613987363,4315,861.229200463499,756989397.4006791309450606328068,0.196879105411,0.165486571215,913899410.4464925706401491786444,,768177402.8478055934835876718591,4641931953.8133854495904385198942,0.176918,0.0051968215208453805058,0.171246,0.0050302111608693746826,299.345256,8.7930220132703838158136,0,0,0,0,0,0,0.584366213337,51.41797858149,12.450118061859532,43.219339891155,10.464936565869207,0.000008708633102263797,0.0293741819421731,-72.58979002393492,-62.47664938583244,0.0306142977984397,0.0000087171321725575,0.000337114293710325,0.0270366276275513,0.0306142977984397,0.005019060971,30240469154.297924,15333259853.644555,1520119029.048816,25770569505.251628,30240469154.297924,8997388951.313257,30240469154.297924,30240469154.297924,30240469154.297924,3272941113.59015,12030264992.439848,30240469154.297924,82.830712959,27434543692.897385,31106048787.848129,31112310498.795453,18180997819.949068,31002190838.379995,31112128594.614491,11746560955.938914,30308725845.902553,31112335729.951452,31112335610.280447,31112335124.024488,31112325415.415553,31112261055.905218,31111054523.359308,29321063111.660816,30785370235.159719,31081727723.200521,22548435707.754062,31112110563.342226,31105333220.843741,30993191726.179605,17811156036.474274,27142979050.897928,7665214794.024026,30261923553.971915,11648672425.662144,12747122345.85551,29867265555.055103,21945318964.436067,31112335732.297924,26151448382.803061,1692,0.019583333333,4217,605086714.620444,17773927.2460526940391230468564,240797.03052799,7073.215785864188549540975069,309434.023925,9089.3713178716939918914175,186.495657782979,0.057225333510667456,0.06995122447374799,,
2018-12-08,2782,13716,188747,244627,1048,106013,230435,55,41556,312161,300271,283844,269909,214882,24020,237435,68630,252307,149754,3690,104084,957,187174,13101,7,230072,40501,52,1613987380,4320,794.904166666667,775720883.5361449604204139992784,0.202028285189,0.169814709857,937824664.3034110917263108870082,,788287754.4432057941899005686988,4642046352.1989766431759279029131,0.17638228,0.005316722442404011627464,0.171246,0.0051618986406793095948,205.661735,6.199298262944818505943,0,0,0,0,0,0,0.583923832003,91.444988842748,12.858830906519179,76.864010570117,10.808479799999676,0.00000884495585968862,0.0301431778884138,-73.98973200559367,-60.41491295421,0.0293741819421731,0.00000870863310226381,0.000318837810926069,0.0258966620765648,0.0293741819421731,0.005030770719,30240468948.636189,15288551026.608674,971327535.69773,25734542204.135368,30240468948.636189,8956512852.223881,30240468948.636189,30240468948.636189,30240468948.636189,3092006311.450281,12027624817.932981,30240468948.636189,82.7149160246,27417556334.365951,31106044768.097558,31112310209.30017,18167234183.284842,31001994183.522658,31112128370.868222,11754365734.386574,30306334826.583762,31112335524.286903,31112335404.556767,31112334918.003025,31112325194.454751,31112260746.966536,31111054072.412188,29315286388.225063,30784577128.907137,31081718769.617552,22536218270.588439,31112116634.570665,31105539201.258957,30995790257.318219,17874521192.016152,27219831432.789043,8007070031.886369,30272410589.348858,11658927457.617851,12724771911.941529,29860889324.58572,21933288015.457307,31112335526.636189,26151448177.141326,1166,0.01349537037,2749,340230076.249865,10255615.711388271836537314137,164551.54712305,4960.10655674380220531791809,374452.09023850004,11287.175966747483326955806836552,186.000485999304,0.057204534916034236,0.07076077461571081,,
2018-12-09,2917,13701,189099,245030,1047,106258,230826,55,41630,312659,300760,284325,270379,215260,24018,237844,68789,252753,150068,3694,105273,1002,188299,13378,7,230653,41095,53,1613987395,4319,765.888400092614,724743020.8045191851504643300633,0.208820318143,0.175523747377,968029034.1547700335737750790224,,813676011.7786300380911902101501,4635703281.9592708356845005865794,0.1760857,0.00547872952506889385397,0.171246,0.0053281471252347453366,208.837645,6.4977733660788823579545,0,0,0,0,0,0,0.58375117088,114.352598569036,13.442061544600001,96.118983064819,11.298713821371104,0.000008788172758525,0.0311139946348221,-74.27845190173588,-57.73682131661014,0.0301431778884138,0.00000884495585968862,0.000332709308450455,0.0265585550876352,0.0301431778884138,0.005037477751,30240915127.798544,15264719619.197962,1290012716.74826,23293152464.370573,30240915127.798544,8916941228.136543,30240915127.798544,30240915127.798544,30240915127.798544,2211974404.426716,12026205802.127775,30240915127.798544,74.8679011924,27402941735.148259,31106039390.954991,31112309895.994306,18161862170.563212,31001826318.254877,31112127748.301972,11744633046.797878,30303962230.217654,31112335315.446906,31112335195.656628,31112334708.696908,31112324968.889814,31112260454.031935,31111052597.056107,29309422897.997834,30783916838.922255,31081690299.151005,22538635582.798898,31112122240.916651,31105786239.618376,30998708146.521797,18019323432.956245,27300721789.578739,8009901524.106449,30287042781.6649,11680738845.654108,12715447261.442833,29857719573.505813,21937367271.863986,31112335317.798544,26151447968.303681,1186,0.013726851852,2720,272073706.300742,8465299.8381174503721682679982,118051.53689778,3673.054885670030094996184938,244466.498058,7606.3293089703593288254818,185.696891682183,0.05691877832082411,0.07167259995277836,,
2018-12-10,2596,13671,189407,245353,1049,106474,231136,55,41701,313059,301153,284709,270746,215571,24028,238163,68931,253101,150357,3701,103984,942,187409,12829,6,230727,40366,53,1613987410,4318,781.929365446966,689025130.8096387821272213620012,0.199520960906,0.167707180078,921067309.913856949035865693789,,774202372.0546082919081786025352,4616393714.8906312970111852406848,0.17682417,0.005234803556204015312742,0.171246,0.0050696642307763288596,186.019029,5.5070134050724957701054,0,0,0,0,0,0,0.583766578598,67.297268072218,12.895557765420536,56.566663493007,10.83935050511079,0.000008672555228422547,0.0296045702134726,-73.01681885296205,-60.30472317333846,0.0311139946348221,0.00000878817275852501,0.000334580682663937,0.0273596290538676,0.0311139946348221,0.0050429758,30240914941.779515,15231418310.341238,1342736154.602791,23274282512.504562,30240914941.779515,6126634284.260772,30240914941.779515,30240914941.779515,30240914941.779515,2264624725.778096,12028429218.982505,30240914941.779515,74.8072506095,27391288815.894669,31106038931.854348,31112309657.940756,18162341432.074397,31001691864.713005,31112127347.462745,11733946786.382462,30302131733.192121,31112335129.427191,31112335009.579194,31112334521.849201,31112324769.980021,31112260189.948085,31111052209.886576,29303728189.32247,30783328368.639101,31081676082.63699,22544581987.0909,31112114068.535167,31105391212.94859,30993611016.642788,17816293244.864902,27117902705.646924,7673062219.088908,30258853618.142929,11670052585.238692,12713699253.309017,29854445885.176669,21940074960.033073,31112335131.779515,26151447782.284652,1052,0.012175925926,2424,462312007.946475,13686548.299782921738304679085,357494.52656789,10583.471812711245329516554814,368386.9962775,10905.9386970275180765482465,185.556538524467,0.05698891796433224,0.07132899045399191,,
2018-12-11,2582,13594,189739,245734,1051,106712,231483,56,41767,313505,301588,285136,271154,215906,24050,238529,69082,253486,150654,3702,103618,927,187301,12604,6,230908,40170,54,1613987427,4319,759.583699930539,676333352.1365036884826282991646,0.196172898316,0.164892968612,905163023.8945712326515401960572,,760834036.552745633740227051461,4614108430.1955106237935299539664,0.17573632,0.005112763769441702599168,0.171246,0.0049821251774352268404,200.515137,5.8336633410682516294038,0,0,0,0,0,0,0.583957413953,69.437691658679,12.899189960099887,58.36579471206,10.842403530114314,0.000008677949051044514,0.0290933813194774,-75.82149340973999,-61.518597183457956,0.0296045702134726,0.00000867255522842256,0.000331374947812389,0.0261431737272621,0.0296045702134726,0.005047510372,30242463143.264378,15222481784.435698,1338069696.184666,23246983384.626829,30242463143.264378,6107862038.074735,30242463143.264378,30242463143.264378,30242463143.264378,2036176587.521861,12010113988.602068,30242463143.264378,74.7195073465,27370551622.998491,31106037020.589186,31112309441.822839,18168278648.50203,31001548965.592676,31112126814.077899,11748421601.543614,30299882607.388537,31112334928.909221,31112334809.03251,31112334320.719153,31112324556.938422,31112259885.925594,31111050697.353459,29298971085.131201,30782709051.259174,31081650493.246986,22548737230.733863,31112107894.039512,31105239417.089065,30991412495.868167,17764312486.203563,27046149623.624405,7674669733.644663,30247693265.535419,11684527400.399844,12702364206.691869,29851351501.925622,21948635567.429781,31112334931.264378,26151447581.769515,1141,0.013206018519,2594,448061192.532106,13035615.1287963394214426414044,435948.41429184,12683.213452614012243119884416,299999.822997,8728.0092462274463085417678,185.129609710569,0.05665081680033435,0.07088580984786183,,
2018-12-12,2972,13582,190019,246099,1052,106906,231799,56,41835,314004,302078,285611,271612,216202,24062,238856,69218,253915,150899,3698,104948,961,188431,12963,7,231435,40751,54,1613987441,4320,807.668287037037,699258908.1824671643459543805859,0.203453784977,0.1710848443,937314650.329670771779651482928,,788190453.3236678979950500968981,4607015054.7206626525903317713551,0.17500559,0.005272355964193581897379,0.171246,0.0051590916006985498326,234.857498,7.0755015900685357083538,0,0,0,0,0,0,0.584562144693,43.383287602836,13.50825089180744,36.481125212674,11.359125124395288,0.00000880124812669976,0.0301267860311981,-78.18140631696424,-60.015368587376265,0.0290933813194774,0.00000867794905104452,0.000333861615856168,0.0257650950493626,0.0290933813194774,0.005050471384,30242842252.40688,14928043846.016037,1037025061.662045,23210537873.450639,30242842252.40688,6086503183.431496,30242842252.40688,30242842252.40688,30242842252.40688,2111803797.306569,12013520740.371151,30242842252.40688,74.6023662317,27364348162.242589,31106032018.56169,31112309076.186117,18187093096.544218,31001420905.897959,31112126081.380502,11733214408.508921,30298355010.69552,31112334694.050709,31112334574.097878,31112334085.082725,31112324306.135649,31112259322.182684,31111048565.267677,29294457539.734955,30782224005.621049,31081622271.624316,22550488089.439663,31112114313.244383,31105521534.94496,30995123125.919292,17894566697.81609,27165362167.34544,8013440426.528238,30263496936.378016,11669320207.365151,12698471980.535078,29849177585.515254,21961076911.840309,31112334696.40688,26162447348.597001,1342,0.015532407407,2945,717150230.319872,21605431.5410712198919343986432,475345.71148015,14320.638540610105339228867715,237778.525746,7163.5027679634705800762826,184.6631161995,0.056652132849460336,0.0717554546045454,,
2018-12-13,6707,13321,187210,243075,1008,104818,228765,51,40961,311128,299185,282706,268676,213244,23530,235816,67814,250953,148348,3585,101392,880,184498,12188,7,228150,39225,49,1613987457,4317,1115.397729905027,665753980.2715457304316478869695,0.194612254816,0.164832199914,893931084.9121319505905394078387,,757139510.2387295658397243408356,4593395651.0462204767387931385145,0.21186713,0.006087444647385019763481,0.171246,0.0049203033339154360302,318.224429,9.1433418529018836352173,0,0,0,0,0,0,0.593470113849,4.457259731323,12.618492743992842,3.775198677997,10.687579364215532,0.000008812686859655113,0.0287323694212737,-78.79395682974393,-60.33794225283609,0.0301267860311981,0.00000880124812669976,0.00033905854162278,0.0265404343945765,0.0301267860311981,0.004941539383,30242841936.182451,14936019597.91196,1709370457.175173,23170869429.884735,30242841936.182451,5938479174.52716,30242841936.182451,30242841936.182451,30242841936.182451,2619772726.561811,11949393569.601812,30242841936.182451,74.4748662965,27448862146.128466,31106066435.701728,31112308640.700765,18464240625.532254,31002556037.798066,31112125741.291807,12292439175.388921,30312742165.776129,31112334375.822732,31112334255.805454,31112333765.887478,31112323974.295945,31112258847.335219,31111053321.184859,29328092459.484726,30787386087.45316,31081811799.909094,22710273428.633683,31112105428.439507,31105173761.872721,30991263906.457386,18045868755.138777,27075058097.997787,8365674923.525524,30255679668.660042,12228544974.245151,13340204542.37315,29894029972.346931,22215413432.933798,31112334378.182451,26351447008.687588,1502,0.017384259259,3313,6980148399.148075,200556202.4196347191978614031275,17103254.43166564,491417.024636653729570341325668,234984.502568,6751.6615360580144314808616,185.956223361586,0.05671243116713482,0.07180467694944202,,
2018-12-14,3410,13281,187200,242939,1010,104982,228678,51,41045,311075,299111,282624,268576,213179,23549,235714,67948,250826,148406,3571,100686,847,183746,11791,7,227903,38809,47,1613987471,4317,811.776233495483,649381188.0647821623427934628848,0.190513392177,0.161360555283,872714989.6764297241153047433535,,739169954.0308774170226245203304,4580859013.1241100507716007102449,0.18061325,0.005066283034515100751525,0.171246,0.0048035274517709688702,239.854396,6.7280238698360537980252,0,0,0,0,0,0,0.593937054086,3.948326146873,12.001902213775205,3.344143381295,10.1653410478586,0.000008768649927025307,0.0280504505318137,-88.23046371920724,-55.255101900769866,0.0287323694212737,0.00000881268685965511,0.00033790831638639,0.0253582744858875,0.0287323694212737,0.004930208926,30242841697.328055,14966036248.720042,2241820683.398036,23150472657.409904,30242841697.328055,5986464195.432889,30242841697.328055,30242841697.328055,30242841697.328055,2754334647.84062,11986766412.199526,30242841697.328055,74.4093083935,27433225843.532058,31106079094.600851,31112308374.588067,18478768083.869671,31002769306.262838,31112125957.172331,12300689447.461063,30312011747.530994,31112334135.964413,31112334015.882975,31112333525.404628,31112323718.285176,31112258769.14002,31111055228.027736,29323876641.376431,30787457168.720289,31081863559.375426,22703693645.191391,31112100028.59416,31104925370.970829,30988417015.429649,17937289922.301299,26934034099.038682,8402421687.991844,30237394848.744202,12166637446.952393,13348668443.175292,29888940677.234055,22223162084.60951,31112334138.328055,26351446768.833192,1328,0.01537037037,3049,7879879468.155093,221034169.2181388839554421821741,25054933.02790371,702802.159477118258991175258827,388796.62942899996,10905.920620734065972147356027452,187.590492110808,0.05672259730949301,0.06851580739069321,,
2018-12-15,2726,13282,187335,243096,1009,105188,228819,51,41120,311329,299353,282860,268799,213306,23579,235861,68087,251030,148575,3568,100774,843,183775,11727,7,228022,38819,46,1613987486,4320,800.622222222222,644966380.256701874573986391296,0.189822645375,0.160775508092,868824696.3716896753106003531956,,735874962.264111216474119765781,4577033971.1259931567244607035804,0.1772138,0.00494876811015451377196,0.171246,0.0047821148454100068132,209.821137,5.8593413809870412197854,0,0,0,0,0,0,0.593838094747,4.416237230096,11.723745418412827,3.740453532937,9.929748490572143,0.000008767585967991847,0.0279254104937342,-87.05288376716229,-54.97305341172765,0.0280504505318137,0.00000876864992702531,0.000337605249881527,0.0248640119389736,0.0280504505318137,0.004927458286,30242841487.506918,14966358824.63756,1376223320.909549,23096039372.50688,30242841487.506918,5979220605.69952,30242841487.506918,30242841487.506918,30242841487.506918,2697849960.794193,11990363425.515795,30242841487.506918,74.234351642,27424037493.335904,31106080360.14597,31112308070.605642,18475689103.25054,31002845797.535216,31112125453.629192,12303714576.0321,30310606187.734305,31112333926.141172,31112333806.010726,31112333315.049979,31112323499.522794,31112258387.839098,31111053856.338487,29320085561.082855,30787114918.590778,31081887091.957259,22693598610.982896,31112098747.883514,31104888620.580874,30988073137.163906,17923740760.595573,26901942663.316663,8428576806.127007,30233673918.535538,12133890928.597864,13352052666.746329,29885029957.19488,22220001595.711363,31112333928.506918,26351446559.012055,1184,0.013703703704,2716,7044987012.129025,196734154.236729022469164455155,24460436.47108717,683067.729311016400692747010214,367983.0415525,10276.0774900864116594903455,188.860624826499,0.056682153265944446,0.0685761593036304,,
2018-12-16,3421,13292,187617,243406,1010,105397,229133,51,41215,311150,299158,282655,268735,213617,23605,236186,68260,251031,148829,3573,101956,882,184919,12122,7,228516,39460,49,1613987502,4320,809.50162037037,662280319.543250990159353955184,0.195505602994,0.165588845062,893701164.105640993830629146032,,756944769.5014807112632744340864,4571230442.5961063218654593842567,0.1813092,0.00520810314888743589504,0.171246,0.0049190379298699561152,230.262683,6.6142909703620635587296,0,0,0,0,0,0,0.593451708508,4.588895618511,11.80012060178492,3.886691296521,9.99443653846683,0.000008989437686871867,0.0287249800279712,-93.1440062132505,-52.04867690741826,0.0279254104937342,0.00000876758596799185,0.000337140484803265,0.0248067466746218,0.0279254104937342,0.004935873837,30242841257.244235,14963170093.713775,1335598478.462603,23055901828.246695,30242841257.244235,5663334546.500324,30242841257.244235,30242841257.244235,30242841257.244235,2799934816.968521,11991563998.655321,30242841257.244235,74.1053437259,27413500604.207793,31106075182.983523,31112308386.136323,18463667588.891407,31002742018.840858,31112125633.694965,12283142349.763252,30308856516.560208,31112333695.87476,31112333575.687237,31112333092.163316,31112323311.482234,31112258754.947849,31111053668.1157,29313878846.45795,30786783939.126096,31081863470.975436,22684010687.72212,31112105252.731432,31105187125.822764,30991398852.603499,18045607801.395335,27027431302.042919,8445012305.227534,30251154867.658544,12219248148.619482,13333103567.477481,29877213650.426567,22203095746.365586,31112333698.244235,26351446328.749372,1270,0.014699074074,2867,6779917497.521772,194752994.7076053785712409889664,21929803.62623194,629933.171180842875051258840128,349790.140444,10047.7147982351410963872128,190.240254182956,0.056723066277843716,0.06927865704757546,,
2018-12-17,3571,13276,187918,243764,1013,105573,229458,51,41275,311645,299633,283110,269152,213935,23640,236518,68386,251419,149066,3572,105651,1013,187999,13300,8,229464,41313,51,1613987518,4320,857.893055555556,741848807.1734834712994723875008,0.219295779064,0.185738588382,1002686856.2137665719244263629495,,849253196.1014974370852504727582,4572303491.1637145653942589927819,0.1777645,0.00572898616501431528395,0.171246,0.0055189082455385717346,291.00049,9.378350464926273832199,0,0,0,0,0,0,0.593609424775,4.905217282261,13.003922135794232,4.15460861855,11.01402932255435,0.00000921020662276928,0.0322279542035351,-93.29278584064537,-46.19173257634397,0.0287249800279712,0.00000898943768687185,0.000342839955567081,0.0255088393712224,0.0287249800279712,0.004943436263,30244067815.243745,14960789086.108542,2225257170.033243,23018799222.822208,30244067815.243745,5681851198.435932,30244067815.243745,30244067815.243745,30244067815.243745,2913363222.24482,11983050132.55203,30244067815.243745,73.9860907297,27400028544.558689,31106071327.042963,31112308033.025354,18468574337.266885,31002569689.22295,31112125006.144374,12270787577.863303,30307190170.397933,31112333404.871447,31112333284.544903,31112332799.743925,31112323007.269187,31112258267.44863,31111052460.083124,29310684880.961314,30786328326.020653,31081815115.911066,22678132429.275525,31112125192.596876,31106096494.945338,31002812052.270161,18468574337.266885,27407488182.566071,8805013795.930504,30308370905.099186,12270787577.863303,13327938521.53859,29875174730.662454,22203931068.142803,31112333407.243745,26351446037.748882,1637,0.018946759259,3704,6342702395.621453,204412322.3327405550602139985003,16181256.77585909,521488.802328028779002017469059,193981.219666,6251.6178637417303068412766,191.030226661913,0.05746589980535097,0.07372615521490601,,
2018-12-18,3563,13280,188131,243980,1012,105755,229669,51,41336,311962,299936,283397,269407,214157,23670,236733,68517,251633,149269,3560,108903,1111,190533,14116,8,230223,43125,55,1613987533,4320,849.808796296296,789956824.3774844597002312494737,0.234005100049,0.198197051819,1069064821.0302678895351366599166,,905473836.6260070865687765735257,4568553509.3330036138559917622159,0.17921838,0.006158203068485449683834,0.171246,0.0058842605466351125178,278.684583,9.5760058436539153333869,0,0,0,0,0,0,0.593636647524,6.248437865872,13.645797367841153,5.292286207564,11.557683176379042,0.000009389586296097018,0.0343614481309643,-93.40145854227138,-43.73140818202839,0.0322279542035351,0.00000921020662276928,0.000343421602539648,0.0285092373235068,0.0322279542035351,0.00494506486,30250635172.559162,14989168489.302727,2154418370.852545,22989625506.080659,30250635172.559162,5686557186.347246,30250635172.559162,30250635172.559162,30250635172.559162,2859170746.532836,12012358022.788049,30250635172.559162,73.8923224147,27389627955.968113,31106069759.044957,31112307736.875236,18469421135.085446,31002519022.246307,31112124605.404565,12274272171.403069,30305537504.069889,31112333126.184564,31112333005.746779,31112332519.699976,31112322709.866463,31112257953.673929,31111052470.907948,29307532932.268835,30785950481.87135,31081809006.006883,22664408255.938977,31112141315.259715,31106792226.107954,31011994326.413376,18767004336.580134,27641429842.612566,8845732357.969798,30359410316.670166,12393042926.27616,13331393079.038356,29872379741.23102,22206808082.893756,31112333128.559162,26351445759.064299,1555,0.017997685185,3591,4979217813.541825,171093134.6327908910606356318475,13167567.71561107,452456.695070929858606962854801,252860.224312,8688.6434820807860508640616,191.93189640541,0.057713023705472294,0.07500444340635941,,
2018-12-19,4770,13282,188302,244118,1009,105968,229777,51,41397,312266,300214,283661,269635,214275,23720,236859,68700,251808,149461,3559,109173,1109,190748,14142,8,230334,43212,55,1613987549,4320,892.327083333333,789031815.3775605423235522438802,0.234773793488,0.198869589811,1071181761.9853631155842633824418,,907364806.1600456890605185647309,4562612147.0875860527632458688985,0.18283342,0.006294861475871284480934,0.171246,0.0058959125103991052742,357.439328,12.3064539064494890450656,0,0,0,0,0,0,0.593527787895,7.048114346255,13.54173241760831,5.970238790969,11.470781006764629,0.000009310991909963987,0.0344294903845877,-93.49168326309714,-33.02108402439566,0.0343614481309643,0.00000938958629609703,0.000342662888843517,0.0302802922360849,0.0343614481309643,0.004942392373,30250634815.119834,15016017157.169521,1185338636.514588,22917324844.598026,30250634815.119834,5794219478.543646,30250634815.119834,30250634815.119834,30250634815.119834,3058479760.451674,12056004551.727476,30250634815.119834,73.6599374055,27381496600.900842,31106078900.6985,31112307287.529639,18466034045.887719,31002580358.586768,31112123698.609963,12287645977.36496,30303239013.504305,31112332768.740583,31112332648.179386,31112332160.923238,31112322330.240318,31112257429.994622,31111052520.516005,29308155424.181408,30785842164.040077,31081832255.084807,22659402822.337327,31112140495.145868,31106814163.691134,31012222479.853412,18766688379.514798,27640276083.464389,8910984769.674471,30357873134.927711,12406416732.238051,13344647049.321901,29869279577.369967,22206333339.350171,31112332771.119834,26354290929.796217,1955,0.022627314815,4603,4414277527.669463,151981325.6937973411919551354051,8622138.0718123,296855.81983804911484772728871,190820.087821,6569.8383788192999788764017,192.267992483836,0.05696067640791794,0.06926742153284943,,
2018-12-20,4120,13264,188593,244404,1006,106150,230070,51,41431,312651,300586,284020,269981,214567,23758,237145,68855,252125,149725,3549,113094,1208,193655,15210,8,231386,45291,62,1613987564,4320,890.384259259259,889827772.4877349338741630287136,0.265630846699,0.225007640921,1210942708.976255526838796143842,,1025751962.2600891103440137724296,4558742796.7302858048579677062839,0.17953726,0.006987882904687789696872,0.171246,0.0066651735461272230312,330.528099,12.8646925575284668877028,0,0,0,0,0,0,0.593511801681,9.802010731778,15.201695727271426,8.302978883878,12.876884353275573,0.000009568372729942748,0.0389216305556172,-91.85096390693313,-10.363073443443424,0.0344294903845877,0.000009310991909964,0.000344468843499131,0.0302803845746192,0.0344294903845877,0.004947801855,30253822459.591735,15041328719.734771,1165021121.078929,22862037375.752088,30253822459.591735,5800054617.339887,30253822459.591735,30253822459.591735,30253822459.591735,3083893483.090072,12008694916.044803,30253822459.591735,73.4822354428,27366366705.631558,31106079625.955063,31112306906.55645,18465536481.32121,31002434003.88972,31112123529.193745,12299455349.637483,30300540394.554012,31112332438.21037,31112332317.543055,31112331829.837665,31112321987.02381,31112257078.412211,31111052691.499451,29305946907.480734,30785508540.562105,31081814880.962339,22649050585.91776,31112161306.26664,31107529605.798393,31022298040.677933,19044630070.067306,27922186536.665303,8954754758.552738,30411046793.409246,12608152479.126588,13355488087.467724,29866834097.089148,22211567870.198871,31112332440.591735,26354290599.268118,1841,0.02130787037,4255,3174076553.469419,123540234.9693834698572988704068,6755217.78685896,262924.091022858495429572150112,315999.344298,12299.2097345840366206907256,192.632954037211,0.057783238497192156,0.0671229075875951,,
2018-12-21,5601,13259,188703,244557,1011,106209,230215,50,41421,312930,300851,284270,270198,214699,23793,237300,68902,252278,149829,3559,114867,1258,195025,15653,8,231857,46298,67,1613987580,4320,955.916666666667,919780494.4833754379255736272928,0.275381460419,0.233267082396,1255669073.0866767572123269520576,,1063638273.5696289174510151655392,4559744403.9080671639122187681845,0.18181128,0.007337759234564752525056,0.171661,0.0069281019745563640672,441.619597,17.8234170951962632930144,0,0,0,0,0,0,0.593685383039,10.877692778057,15.621919358448947,9.214155715751,13.232842707051066,0.000010512715057334577,0.0403592078256352,-91.52872367669762,-14.46711192359544,0.0389216305556172,0.00000956837272994275,0.000341166501259106,0.034060174504723,0.0389216305556172,0.004953118709,30255208451.972138,15077729413.190066,2413815391.683,22789855005.507639,30255208451.972138,5869479240.435483,30255208451.972138,30255208451.972138,30255208451.972138,3232896113.053231,12065654004.980263,30255208451.972138,73.2502308289,27362971192.203493,31106072574.182283,31112306441.224667,18470936740.05794,31002328149.383179,31112122903.933838,12207152572.689266,30299064588.590161,31112331996.588184,31112331875.813234,31112331387.139895,31112321512.61861,31112256606.419587,31111051401.973769,29309556066.581949,30785253348.788531,31081813530.312372,22654003025.361039,31112168830.86467,31107839628.392861,31026508600.898813,19161806495.106588,28031559254.637442,8990644941.834448,30435243954.179503,12667716430.790338,13315072192.469459,29867755395.088815,22209007302.758272,31112331998.972138,26354290157.648521,2429,0.028113425926,5880,2860195873.681246,115435239.6879256515379122774592,2535932.4873515,102348.2262887991966414531728,271281.140392,10948.6919242560477477769984,192.522662769637,0.05777320637790698,0.06556069219582851,,
2018-12-22,3763,13250,188768,244562,1011,106396,230237,50,41516,312956,300857,284266,270168,214735,23833,237318,69068,252225,149955,3551,116011,1288,195730,15923,8,232065,46985,63,1613987595,4320,882.429398148148,948580347.9650924138424564160198,0.284732658111,0.241188191125,1297272174.6628797591469231470226,,1098878966.956698016760971300088,4556106009.2936722788640218716126,0.18161131,0.007572537516105285434678,0.171246,0.0071403414219244699548,291.667761,12.1614951316133892927618,0,0,0,0,0,0,0.593747637681,13.654477605925,16.076367895539395,11.566283883204,13.617791925628088,0.000010516258498594233,0.0416963982920738,-90.21040307138087,-4.612771015008182,0.0403592078256352,0.0000105127150573346,0.000374348490519699,0.0356593424978192,0.0403592078256352,0.004946251007,30256910199.304377,15088783385.312552,2406585854.842276,22749695101.253171,30256910199.304377,5346575051.691386,30256910199.304377,30256910199.304377,30256910199.304377,3187702031.006341,12081247988.526505,30256910199.304377,73.1211511734,27350284212.794236,31106078508.142503,31112306233.497258,18472873453.970296,31002484082.830758,31112122807.418593,12215396845.755705,30297621105.720547,31112331704.914075,31112331584.075036,31112331094.367697,31112321207.554516,31112256452.390675,31111052145.028024,29304825472.135735,30785217228.707817,31081858691.483122,22644206546.238502,31112173233.109358,31108001576.586054,31028988113.677039,19236734211.67155,28087226372.928,9007655527.412091,30448301843.847654,12572455330.566561,13302668235.592569,29861476741.345476,22208259208.99232,31112331707.304377,26354289865.98076,1606,0.018587962963,3586,2278544269.888646,95007089.4033994826717104140748,1664732.80420929,69413.362054191467247483325602,266714.896389,11121.0505502649401269415082,192.333252793497,0.05777626300960114,0.06448887940115748,,
2018-12-23,3912,13204,189095,244874,1012,106597,230569,50,41606,313360,301241,284639,270519,215075,23855,237628,69205,252535,150240,3551,117750,1366,197128,16299,9,232685,47995,66,1613987610,4320,873.94537037037,996644431.3617704443332496215978,0.299852488244,0.253995729182,1365872162.205767381849574083241,,1156987883.7433665081053306675883,4555146999.7919662278586470625935,0.17957411,0.007883538997069130044941,0.171246,0.0075179240431268195826,304.737267,13.3783657803163702159677,0,0,0,0,0,0,0.593945947593,13.243369906893,16.905156461913432,11.218047300607,14.319832953937283,0.000011134927667205469,0.0439013118153231,-89.68997781671403,3.0750931735282405,0.0416963982920738,0.0000105162584985942,0.000361852677114027,0.0367805316433858,0.0416963982920738,0.004952487688,30257295342.56711,15091580733.070218,2364043907.04079,22701928260.237238,30257295342.56711,5419407315.350504,30257295342.56711,30257295342.56711,30257295342.56711,3357694663.24424,12125479566.923388,30257295342.56711,72.9676216369,27327995774.410736,31106076085.346905,31112305910.554672,18479043156.717914,31002304475.592152,31112122858.80509,12242862466.875654,30295997409.977123,31112331400.173591,31112331279.256962,31112330788.815599,31112320883.716654,31112256132.966934,31111052389.698573,29299572461.312056,30784697189.47291,31081831431.637225,22647694151.825533,31112180002.140658,31108249814.204299,31032408637.950679,19422511261.85922,28165037972.678594,9288923909.822683,30468309699.280678,12670719112.074563,13304813947.041759,29857514230.655302,22216496822.525213,31112331402.56711,26354289562.243493,1697,0.019641203704,3879,2349276024.252309,103136299.2809631707261667560379,1404595.89847098,61663.602513298399643424673638,287339.312028,12614.5727341416473425362468,192.203213430499,0.05776185307397318,0.06502772615501212,,
2018-12-24,4542,13151,189399,245206,1014,106792,230906,50,41682,313774,301636,285025,270881,215402,23887,237958,69370,252863,150507,3556,119255,1437,198358,16617,10,233184,48884,67,1613987625,4320,895.418055555556,1036945146.651950527352144955304,0.31203207828,0.264312681035,1422599330.845009576244385944944,,1205039703.758440620390049263112,4559144491.4475979025950378688398,0.18121392,0.00828593656406642063232,0.171246,0.007830157268548234416,365.689696,16.721020235027937615616,0,0,0,0,0,0,0.593977283137,13.647349363577,17.51054120510999,11.560245725972,14.832635534786872,0.000011317845513444081,0.045724614113896,-88.40483526924848,21.223689602100738,0.0439013118153231,0.0000111349276672055,0.000338499707452896,0.038798195759013,0.0439013118153231,0.004959531011,30258510698.877414,15082979208.0894,2401540382.953813,22678051346.021449,30258510698.877414,5412695391.402704,30258510698.877414,30258510698.877414,30258510698.877414,3256157897.218315,12070474351.505961,30258510698.877414,72.8908782796,27304678265.301736,31106069907.261055,31112305534.173699,18480017861.334211,31002147253.6059,31112122717.075902,12271952379.380578,30293828710.524563,31112331034.479712,31112330913.511064,31112330422.250019,31112320505.002006,31112255709.541316,31111051365.160687,29295935638.65171,30784294030.739248,31081802958.390918,22648952429.900601,31112183399.080203,31108450734.275408,31035180965.988129,19576390996.831558,28227176389.437121,9569696405.59297,30484441156.706405,12724123574.175749,13325200692.311707,29853879764.592147,22216573105.798194,31112331036.877414,26354289196.553797,2018,0.023356481481,4666,2279734343.132815,104239973.12194413935386509724,1013721.01280807,46352.00212979682530976794072,307309.7103955,14051.617921287371612205868,192.125565338761,0.05785629379593577,0.06111664608318636,,
2018-12-25,3174,13141,189750,245620,1018,107039,231298,50,41787,314257,302109,285487,271322,215774,23935,238374,69551,253274,150818,3568,116221,1278,196465,15802,8,232978,47031,64,1613987641,4320,836.584722222222,929039867.685600604336375720324,0.280752323009,0.237816571611,1277000941.138216836489778102848,,1081707828.845139057929685386445,4548496437.8921732917256931857523,0.17883432,0.00734022778901010730488,0.171661,0.007045799947623386999,260.203942,10.680031695696744330578,0,0,0,0,0,0,0.593290722928,20.041599690324,15.718176066238398,16.976616531136,13.314378680771933,0.000010911586608481606,0.041044849719059,-90.25951163586366,10.95247034223564,0.045724614113896,0.0000113178455134441,0.000325737808913043,0.0401776015454539,0.045724614113896,0.004971331871,30258510438.673472,14445894332.357019,2350414990.264973,22634748915.993836,30258510438.673472,5434965480.685355,30258510438.673472,30258510438.673472,30258510438.673472,3268161099.1835,12072444061.933055,30258510438.673472,72.7516979633,27286365019.975609,31106064220.924161,31112305262.329811,18458657218.461459,31001974236.288297,31112122030.682653,12229558740.25713,30291891204.620838,31112330774.273429,31112330653.23923,31112330161.387451,31112320232.983336,31112255456.05077,31111049464.756775,29290798681.174967,30783752256.331454,31081770183.310668,22638388713.691033,31112168875.140821,31107928192.419332,31027455235.626687,19181059290.014352,28024691577.588847,9063345861.263403,30437442153.901686,12613213764.337986,13282116510.338259,29848822775.7883,22198586463.119296,31112330776.673472,26354288936.349855,1455,0.016840277778,3376,1552387596.669483,63717515.611030105516628776497,933245.53726422,38304.92282799238578245276898,378458.416933,15533.768847927958938426047,192.0380598499,0.05813051537115257,0.06445444489347114,,
2018-12-26,3631,13136,189977,245913,1021,107193,231559,50,41820,314829,302674,286030,271848,216019,23961,238655,69655,253577,151007,3568,116239,1275,196561,15761,8,233236,46989,64,1613987656,4320,810.887268518519,922965932.0105323126398038396364,0.279758497665,0.236974732631,1270637635.6079040871687804129056,,1076317668.5694729694423174854372,4541908990.1255286262835781058247,0.17650051,0.007208337891188771302452,0.172081,0.0070278436739568342012,292.814344,11.9586324761258958917088,0,0,0,0,0,0,0.593359613984,20.754778429642,15.647845094227296,17.580728057359,13.254803476600424,0.000010725839653212312,0.0408403233009852,-90.39822008285937,16.90410746119274,0.041044849719059,0.0000109115866084816,0.000320863893525999,0.0361305290711364,0.041044849719059,0.004974496172,30259341653.859128,14438813822.15051,2341137805.796228,22599378687.784957,30259341653.859128,5429366703.029564,30259341653.859128,30259341653.859128,30259341653.859128,3293712774.872402,12075611351.650105,30259341653.859128,72.6380130846,27279029442.556202,31106058350.37879,31112304910.005946,18460800406.046029,31001874972.371653,31112121228.07365,12236324388.592399,30290313285.612606,31112330481.457539,31112330360.283805,31112329867.810909,31112319901.13433,31112255042.000991,31111047447.883918,29288742802.814139,30783377680.406776,31081741889.335621,22637542143.977589,31112168019.975608,31107890594.801311,31027028261.103173,19168975865.97949,28008740858.703922,9074538604.797891,30434057850.364083,12620228566.503255,13289170100.503528,29848583440.470753,22204361542.794186,31112330483.859128,26354288643.535511,1659,0.019201388889,3699,1499044212.364319,61221450.2754295037023540270788,702626.44749831,28695.491275653684179698335012,162026.761544,6617.2253248685959406731488,191.916426383312,0.05790493298112481,0.06345552583679212,,
2018-12-27,3698,13104,190249,246158,1027,107412,231819,50,41897,315257,303083,286426,272226,216289,24002,238908,69807,253890,151269,3570,112194,1162,193757,14501,8,232783,44617,57,1613987671,4320,1012.700462962963,817124187.3147246732381615365456,0.248800743479,0.210751380361,1126357284.15599131631135772328,,954102263.1059025378385852021168,4527145973.9473551260280204459823,0.19423646,0.007031927551044627997216,0.171246,0.0061996057043368086816,332.338578,12.0316278566505695333088,0,0,0,0,0,0,0.593355312832,26.928141629409,14.055202632246132,22.809992203413,11.905725499779237,0.000010097147174930207,0.0362029227213296,-91.15310711943701,0.4213472576811941,0.0408403233009852,0.0000107258396532123,0.000313410293155861,0.0360690074149041,0.0408403233009852,0.004978974926,30264752013.52055,14451543414.081377,2239166211.018914,22570669048.035211,30264752013.52055,5467576622.626136,30264752013.52055,30264752013.52055,30264752013.52055,3230335144.730552,12063741826.359111,30264752013.52055,72.5457364913,27260555453.857031,31106059247.162069,31112304426.941291,18460666389.998732,31001786697.09318,31112121152.412469,12225746334.415483,30288837134.447584,31112330149.11445,31112330027.854929,31112329534.841895,31112319536.093283,31112254812.235081,31111047990.323034,29284735335.857588,30782982410.487915,31081732027.666716,22633283285.839694,31112149586.6254,31107095793.018865,31015904688.071203,18859738317.565481,27672565376.01897,9063006864.458329,30369232760.88853,12430805583.850642,13280101186.656612,29845350477.623933,22202050839.914084,31112330151.52055,26354288311.196933,1711,0.019803240741,3847,1155383486.157157,41828259.0628479425291015959472,498863.09911468,18060.302225771748834112478528,195724.312732,7085.7921685219431172484672,191.772609328779,0.0581486262368084,0.06724183795970437,,
2018-12-28,3641,13051,190492,246387,1029,107593,232055,50,41969,315533,303345,286671,272450,216532,24033,239137,69914,254079,151487,3565,117047,1300,197355,15830,8,233754,47361,64,1613987686,4320,853.84375,932842482.469504587763216569702,0.283932206489,0.24051015086,1287491030.2682411228827658041815,,1090593651.7387319523675519832875,4534501549.4693806159695462025167,0.17854691,0.007388631647920321383555,0.171661,0.0071036787884688135405,282.996847,11.7109809405599069665935,0,0,0,0,0,0,0.59339835924,27.530809813526,16.144793665387,23.320493660917,13.675753124613498,0.000010662569938527165,0.0413820191451105,-89.84141699383264,-0.20705409985647316,0.0362029227213296,0.0000100971471749302,0.000317242802721323,0.0317960481439771,0.0362029227213296,0.004982444987,30267109355.523703,14463762690.197971,2250886179.210412,22542217652.512124,30267109355.523703,5462102959.682343,30267109355.523703,30267109355.523703,30267109355.523703,3269242723.860248,12039850938.821762,30267109355.523703,72.4542898194,27240841369.970632,31106060141.602163,31112304185.493776,18462005496.125693,31001695235.065248,31112121017.959993,12241511119.184665,30287619411.660536,31112329866.113523,31112329744.739393,31112329251.077712,31112319240.526395,31112254529.448622,31111048481.899423,29282419238.809437,30782429776.76742,31081714295.190852,22627516386.366367,31112168354.353991,31107960223.842484,31027849366.093521,19212884946.351471,28009731307.569057,9069726197.609042,30436813510.19324,12625714154.635189,13294858858.635462,29842253725.97236,22204888111.875631,31112329868.523703,26354288028.200075,1585,0.018344907407,3605,1130091344.179727,46765461.6405691221284052748335,500236.87924382,20700.81211395808853809034211,253089.823293,10473.3679129435593699588765,191.634510881131,0.05894037731829288,0.06679998054737478,,
2018-12-29,3146,13039,190657,246555,1034,107744,232227,49,42032,315804,303602,286911,272665,216695,24058,239307,70046,254260,151650,3570,117773,1323,197906,15970,8,234155,47781,64,1613987703,4320,809.950231481481,949111195.5742738596890971279924,0.289385481492,0.245129450329,1311350432.8473543635608313830484,,1110804208.7514297854320424260228,4531500426.6475332742943026094772,0.18190359,0.007667036009400017718468,0.171661,0.0072353221198636950572,255.028836,10.7491846040387195058672,0,0,0,0,0,0,0.593357247901,31.154570769888,16.48112287421275,26.390068944343,13.960647127613383,0.00001102468580045993,0.0421488988172252,-92.2858147817558,1.4758101651951923,0.0413820191451105,0.0000106625699385271,0.000306030017778463,0.0363507877353511,0.0413820191451105,0.00498421445,30268291813.494867,14468969596.167611,2185346354.981264,22518054378.834587,30268291813.494867,5452539141.737199,30268291813.494867,30268291813.494867,30268291813.494867,3126952549.86677,11990044191.06475,30268291813.494867,72.3766257898,27230706584.88089,31106060152.934723,31112303892.64704,18460726275.239603,31001674897.331618,31112120740.097991,12207583437.962316,30286189716.425039,31112329611.082723,31112329489.592889,31112328994.840462,31112318969.725366,31112254249.786883,31111047666.246078,29278973177.771268,30782312913.27239,31081711820.992917,22625808518.444387,31112173577.345926,31108052532.804001,31029202226.258176,19254779611.303781,28035955584.356889,9069982800.763104,30443978254.437692,12623425340.135896,13293195631.136169,29839157244.364336,22201034342.319703,31112329613.494867,26354287773.171239,1402,0.016226851852,3296,998644142.565626,42091750.9194131877171702209752,467898.51562495,19721.40719180588181640288874,249630.1481485,10521.6358560400630996875422,191.428103804159,0.05865627948845586,0.0668844482571328,,
2018-12-30,3116,12972,190910,246864,1037,107923,232507,50,42040,316193,303975,287267,273009,216963,24030,239604,70129,254579,151872,3584,118476,1356,198505,16037,9,234491,48112,65,1613987720,4320,821.14375,964311460.5220092924345348276938,0.295114576263,0.249982388185,1335039270.2558614814323823574794,,1130870285.449574327670201118081,4523799831.1013364131296883271892,0.1780192,0.00763885661010801597344,0.171246,0.0073482165915505591722,244.064325,10.4728724896966231487775,0,0,0,0,0,0,0.593201476094,22.194495476759,16.74173590363417,18.800267523517,14.181404309279742,0.000011217183180053831,0.0429102962495507,-93.61328370111976,11.724767860574929,0.0421488988172252,0.0000110246858004599,0.000300851251470813,0.0369948619366064,0.0421488988172252,0.004988345115,30272370802.430542,14479038592.250804,2343620074.80944,22472729037.197134,30272370802.430542,5574828035.042076,30272370802.430542,30272370802.430542,30272370802.430542,3309845953.447742,11991396063.924168,30272370802.430542,72.2309434641,27219443119.899277,31106056023.620731,31112303614.834513,18455879706.675228,31001543599.13045,31112120078.214609,12205500512.007961,30284133813.83776,31112329367.016026,31112329245.407153,31112328750.319854,31112318710.632943,31112253879.953868,31111046175.436611,29275243748.622332,30781636253.905909,31081686402.34762,22645660007.024017,31112174249.019464,31108129739.424853,31030314936.929871,19323528983.203323,28056347656.160158,9290852686.436355,30449561002.228584,12619811533.876131,13273385701.088997,29839327522.209713,22208922547.091894,31112329369.430542,26354287532.13083,1371,0.015868055556,3163,1401803857.267667,60151818.7991184760432783872169,754834.48936741,32390.171558133891059139722687,373155.102722,16012.1960048325428048470054,191.326569738128,0.05864814547499304,0.0652626290567173,,
2018-12-31,3012,12940,191125,247118,1003,108069,232739,50,42088,316532,304303,287585,273305,217202,24046,239841,70219,254839,152063,3596,116957,1308,197545,15549,8,234384,47180,64,1613987735,4320,780.521064814815,908417701.3133035163558768312632,0.279029897231,0.23635755604,1260203567.231075494181318011284,,1067479285.2665879286950345256904,4516374695.8255214120333225966332,0.17913435,0.00725582921702891786493,0.171642,0.0069523518993943792476,215.677762,8.7360185636256211853836,0,0,0,0,0,0,0.589141853402,33.745465710634,15.819952250161295,28.584735478035,13.400589999962428,0.000010985289126143934,0.0405049574078278,-94.43318218586595,-1.1262632771132743,0.0429102962495507,0.0000112171831800538,0.000310041648419445,0.0377593393624477,0.0429102962495507,0.004993745836,30273243571.75278,14498345213.342401,2343170060.934967,22427321479.857844,30273243571.75278,5560341098.310408,30273243571.75278,30273243571.75278,30273243571.75278,3240591624.622876,12010996549.627112,30273243571.75278,72.084996816,27207586018.781457,31106050076.662052,31112303369.846076,18329575261.290084,31001429255.238317,31112119677.033139,12200964693.286903,30282945592.761203,31112329151.33456,31112329029.660349,31112328533.6138,31112318470.961815,31112253531.669684,31111046397.021019,29272689824.40176,30781186414.491939,31081668917.314086,22653154352.878763,31112165721.080259,31107842191.29924,31026210964.134558,19189609711.542558,27935388421.486838,9049010640.014683,30424928816.944709,12591329892.883034,13268596515.035913,29837830347.109451,22207757895.554076,31112329153.75278,26354287316.453068,1204,0.013935185185,2854,921970655.86647,37344382.147138429338369553866,451657.13829832,18294.353149714841838739589296,371683.826987,15055.0375812868720146888386,191.092154662546,0.0587494862213356,0.06514948439948677,,
2019-01-01,3290,12956,191400,247526,999,108256,233057,50,42171,317153,304909,288177,273882,217498,24081,240175,70343,255387,152301,3607,118280,1340,198641,15909,8,234982,47914,65,1613987750,4320,829.913194444444,942218374.0903354023914186438395,0.289922840686,0.2455846296,1308858341.6902616147580439299805,,1108693231.2137430843794146881245,4514505785.7289143959688525252178,0.17626475,0.007415246515967842101125,0.171246,0.007204113725934590373,266.688569,11.2192680733141451139095,0,0,0,0,0,0,0.588441383229,39.949215347412,16.48831505306819,33.839738982584,13.9667393415921,0.000011047137159643838,0.0420688000066255,-94.29463129929715,2.022617213659841,0.0405049574078278,0.0000109852891261439,0.000309693514631621,0.0355935084769653,0.0405049574078278,0.005004328615,30273621097.064211,14468501982.721776,1997329400.467782,22397082254.353429,30273621097.064211,4711150596.467998,30273621097.064211,30273621097.064211,30273621097.064211,3088662983.929254,11930480236.974511,30273621097.064211,71.9878037278,27199021448.118667,31106043453.623419,31112302864.452107,18307781845.787016,31001282981.712608,31112118580.750394,12191920854.161805,30281907583.901038,31112328884.641269,31112328762.876957,31112328266.119344,31112318187.296817,31112252653.289093,31111043628.3459,29268938512.001084,30780727549.306941,31081642406.22159,22640785894.075612,31112171348.06395,31108034417.31268,31028826289.417041,19240233142.933627,28010805574.279762,9044498346.259764,30439651267.303133,12607749545.931947,13260797367.144813,29835963192.35881,22189970700.589208,31112328887.064211,26354287049.764499,1513,0.017511574074,3398,778796995.547992,32763055.051469285343603220996,319483.29083371,13440.278667541915791418745605,74562.889008,3136.771265593766821122504,190.975861980206,0.05882577344408492,0.06551454305710837,,
2019-01-02,4374,12947,191618,247769,997,108479,233300,50,42296,317363,305098,288354,274049,217726,24136,240419,70557,255538,152510,3596,120566,1435,200228,16467,10,235477,49311,68,1613987766,4320,889.453703703704,1007584063.0091283856718337475032,0.310230485396,0.26278660392,1400813367.767084783594357162348,,1186585474.2521473301621884825144,4515395596.8487238263561605556416,0.17954705,0.00808399497599841730774,0.171246,0.0077102453293430606088,325.518801,14.6562828622192822433628,0,0,0,0,0,0,0.588911443537,38.761387466829,17.855215000382092,32.833566832185,15.124597784838663,0.000011550051579764092,0.0450243820547228,-94.30470282463952,17.734108141397808,0.0420688000066255,0.0000110471371596438,0.000302316894991908,0.0368293978131487,0.0420688000066255,0.005004520341,30273620771.54541,14480674887.370255,1944797641.274367,22378631688.592794,30273620771.54541,4749767194.621837,30273620771.54541,30273620771.54541,30273620771.54541,3085143563.337488,11920075091.035307,30273620771.54541,71.9285014117,27180729715.012239,31106040265.957846,31112302664.991036,18322406324.989561,31001284004.340586,31112118389.585354,12214430438.921856,30280103697.754917,31112328559.118022,31112328437.288092,31112327940.150807,31112317850.422861,31112252461.002826,31111042415.350506,29262467385.066167,30780646371.213009,31081634991.888574,22625314888.410375,31112176952.304185,31108345846.096537,31033576782.127117,19460033878.501914,28123668534.530085,9541205057.02188,30467174674.514862,12699618103.568029,13284470733.91658,29828625279.695992,22188851206.781898,31112328561.54541,26354286724.245698,1813,0.020983796296,4188,802662922.945425,36139402.10385534295210790319,269142.67006642,12117.982404298699957950688376,227549.742008,10245.2865206217980779553824,190.918828443676,0.05908566017852112,0.06500184517497598,,
2019-01-03,3494,12942,191864,248049,996,108673,233560,51,42352,317749,305470,288709,274382,217988,24151,240690,70681,255849,152752,3604,118845,1282,199160,15957,9,235505,48198,65,1613987786,4320,808.105324074074,941942160.9918893813923263723288,0.291696630798,0.24708715124,1314031311.9376157648960189403072,,1113075089.7546956853635722301376,4504787416.7845138617228934654836,0.17891843,0.007556632119087106740744,0.171246,0.0072325865136710101968,265.336026,11.2064851922886404180208,0,0,0,0,0,0,0.58871329402,44.019722130395,16.864097543382435,37.287738668127,14.285052963504652,0.000011160341186090766,0.0422350683442008,-95.90982138673941,14.165141148070665,0.0450243820547228,0.0000115500515797641,0.000291558898959136,0.0397911190361437,0.0450243820547228,0.005011879901,30273620506.209384,14483368999.795156,2122035143.330833,22302370942.445161,30273620506.209384,4785208049.338088,30273620506.209384,30273620506.209384,30273620506.209384,2973961979.203864,11894946434.332961,30273620506.209384,71.683387788,27172351118.481613,31106037729.434467,31112302351.626602,18316241275.900778,31001180360.836259,31112117790.006381,12241650030.642963,30278371879.190694,31112328293.779526,31112328171.825446,31112327674.008941,31112317574.235169,31112252083.982857,31111041961.667687,29259336596.40646,30780110684.401652,31081629304.671957,22617787862.994654,31112171054.960539,31108041989.115274,31029088350.725415,19100270565.952916,27999795304.291081,9301462222.951291,30438710342.939213,12625315025.306599,13278973903.147311,29826482159.469165,22176895210.250605,31112328296.209384,26354286458.909672,1483,0.017164351852,3416,706781569.498522,29850967.8921915842161428712176,267913.61467415,11315.34982610460359393416932,194007.065858,8193.9016857704956179762864,190.873927788439,0.05922947214583238,0.06586955388426664,,
2019-01-04,3216,12926,192152,248408,997,108850,233899,51,42379,318247,305945,289173,274826,218315,24164,241043,70778,256245,152992,3614,119961,1328,200065,16210,10,235951,48811,66,1613987817,4320,820.194212962963,967721889.950372529022361953851,0.300709946427,0.254722050434,1353571764.4074766993246359815892,,1146568576.5842705533785511665364,4501253718.0453038548139451498837,0.1780673,0.00774698920427952725537,0.171246,0.0074502219850362864174,256.416916,11.1556646281863676304404,0,0,0,0,0,0,0.588623940173,50.355011731835,17.42232012333302,42.654165551782,14.757905941802676,0.000011366605497310737,0.0435059620956769,-96.25143687125268,28.04187399156559,0.0422350683442008,0.0000111603411860908,0.000287192091896013,0.0371979047129051,0.0422350683442008,0.005019107835,30289611221.792468,14522313023.964672,2203782176.873569,22243431551.33979,30289611221.792468,4834370134.88749,30289611221.792468,30289611221.792468,30289611221.792468,3000947157.42227,11910416847.727013,30289611221.792468,71.493947746,27164864550.628813,31106029595.380668,31112302010.50134,18313461118.732475,31001018547.379853,31112117196.281743,12234369709.246183,30276413737.143369,31112328037.357818,31112327915.329516,31112327416.887935,31112317294.82469,31112251731.972026,31111040706.101036,29257366544.965281,30779485473.46228,31081588755.761605,22623487110.588394,31112172959.860564,31108177996.021785,31031122621.580052,19202844527.902088,28055226862.048765,9530311108.268072,30450460888.603502,12640011185.995595,13270947244.323325,29826075053.481505,22177147031.486271,31112328039.792468,26354286202.492756,1440,0.016666666667,3132,617859612.574029,26880576.8850953202271821152301,258745.58340486,11256.975544035645084188449734,182379.998144,7934.6172862624873724236736,190.703315865557,0.059292026589253276,0.06379288982639693,,
2019-01-05,3478,12894,192352,248618,996,108983,234113,51,42363,318558,306240,289458,275089,218524,24156,241249,70824,256483,153167,3624,120644,1367,200640,16315,10,236263,49136,66,1613987841,4320,805.677777777778,983448224.4245330245707174949128,0.307247220485,0.260259571736,1379200854.4138678631720102962812,,1168278180.483966502211079766182,4488896115.1081586862389460546575,0.17969873,0.007965994820868969872868,0.171246,0.0075912876462428399736,260.742861,11.5586586522039288245076,0,0,0,0,0,0,0.588555761744,53.623267899369,17.799427902579104,45.422603714745,15.077342199383986,0.000011669973034721207,0.0443297224241316,-95.379270771045,44.8007160444847,0.0435059620956769,0.0000113666054973108,0.000283532899802936,0.0382949686561319,0.0435059620956769,0.005023846812,30289610961.049607,14566854064.433386,1710339293.570862,22184849591.775858,30289610961.049607,4871965712.765972,30289610961.049607,30289610961.049607,30289610961.049607,2955954128.568402,11942010483.867124,30289610961.049607,71.305656553,27159640231.860728,31106027126.104554,31112301678.701361,18311339775.634817,31000895426.693955,31112117016.144947,12235934231.004958,30274493173.119025,31112327776.611089,31112327654.513862,31112327155.143001,31112317021.441765,31112251387.728728,31111039891.50862,29258233432.363231,30778839080.194733,31081569696.746926,22634877791.995946,31112175016.957646,31108261117.095355,31032264529.296763,19292099159.208114,28081634817.397637,9538695006.738471,30456390487.542967,12641341318.841653,13272129388.169383,29827353631.452558,22180682756.917976,31112327779.049607,26354285941.749895,1451,0.016793981481,3154,580202009.273957,25720194.0210379421665322207412,244510.9864361,10839.10415836291965892139076,137495.454973,6095.1353535327748164264468,190.508900590721,0.059275099403625235,0.06016365207627641,,
2019-01-06,4602,12881,192292,248531,996,108986,234022,51,42402,318550,306217,289418,275023,218438,24195,241162,70867,256378,153132,3635,123958,1556,202624,17140,10,236643,51241,71,1613987856,4320,904.310185185185,1083095176.8788146244008046041427,0.33957518728,0.287643587169,1523472432.730739239984770834942,,1290486148.3373132744707373464556,4486406810.0306821441096751386096,0.18268276,0.008945397903287696152172,0.172081,0.0084262631930656732007,322.617747,15.7975723466034804019509,0,0,0,0,0,0,0.588471788003,38.531644759596,19.933794661729745,32.63895871472,16.885297916847215,0.00001210255008832818,0.0489668423188247,-95.14162422698833,66.70027582460783,0.0443297224241316,0.0000116699730347212,0.000287292402394659,0.0390158104383758,0.0443297224241316,0.005023506489,30289610638.43186,14657933595.576157,2333820489.977758,22118950816.283941,30289610638.43186,4994707921.780967,30289610638.43186,30289610638.43186,30289610638.43186,3115240791.411086,12046924339.545435,30289610638.43186,71.0938480808,27151514312.370089,31106031343.477196,31112301364.10525,18308726967.231671,31000966664.979302,31112116666.165686,12234959248.485517,30274587901.836172,31112327453.991756,31112327331.772289,31112326831.366634,31112316681.046006,31112251033.706137,31111039897.873898,29260061659.494025,30779051946.87231,31081587098.707211,22634621259.442522,31112184743.258044,31108704303.621561,31039431657.220509,19691879001.52627,28254356221.89984,9548650255.98465,30500848385.853771,12747791624.091684,13271547302.645436,29825485946.122845,22167940200.923869,31112327456.43186,26354285619.132148,1766,0.020439814815,3998,807448725.600637,39538214.4270223447833594113339,309581.58040091,15159.232432303911123066010477,154025.201018,7542.1277313736836630035446,190.324397332587,0.05951349468395697,0.061313568134886955,,
2019-01-07,4059,12885,192513,248790,996,109145,234260,50,42443,318906,306562,289749,275336,218674,24238,241405,70995,256655,153327,3625,123307,1472,202351,16937,10,236798,50770,70,1613987872,4320,886.11712962963,1056497411.3556634042643542711968,0.332123560807,0.281331545449,1487024358.9308037779707173791028,,1259612115.446357274291611585874,4477322702.7794576115043989718288,0.18101169,0.008651515881409890010956,0.171246,0.0081847613744058078504,325.459013,15.5554252861651523799612,0,0,0,0,0,0,0.589288211017,31.624077910229,19.800738935652934,26.78777347278,16.772590514974507,0.000011945794812243712,0.0477953433914124,-95.19039089792976,58.56106336347369,0.0489668423188247,0.0000121025500883282,0.000314010218040666,0.0430546774774776,0.0489668423188247,0.005026841185,30291575831.972847,14700766727.570098,2352113435.860507,22104609704.415032,30291575831.972847,5061713833.362957,30291575831.972847,30291575831.972847,30291575831.972847,2971819373.588909,12078081154.709363,30291575831.972847,71.0477541952,27145519155.640387,31106028143.483698,31112300992.180166,18334127595.576476,31000886214.174539,31112116094.744595,12215141347.141745,30272735717.657525,31112327128.530413,31112327006.210038,31112326505.341012,31112316340.113634,31112250556.668526,31111039251.011447,29259830218.09812,30778657336.072483,31081572446.29374,22620133786.231183,31112182464.312322,31108599268.199694,31037684557.804446,19540571848.321178,28205695707.995091,9551662637.158073,30488450991.923653,12742163482.238038,13291506195.423306,29823810287.516049,22169173978.555849,31112327130.972847,26354285293.673135,1798,0.020810185185,4130,983817685.350092,47021904.1058521636068803499408,411406.22446515,19663.30177167633348929307786,323645.10611050006,15468.728983501454000186073684744,190.088716714606,0.05949664901852001,0.061745210058344144,,
2019-01-08,3654,12885,192720,249077,994,109311,234504,50,42527,319317,306965,290139,275702,218902,24278,241675,71140,256970,153513,3631,123842,1502,202780,17032,10,237092,51096,72,1613987887,4320,842.368518518519,1065340224.3766109999253611727072,0.335986417108,0.284603650449,1502475733.3357477935742469553012,,1272700492.180507102586394697202,4471834743.4094746402743770313411,0.18148033,0.008764043700453904345178,0.171246,0.0082698076839948952236,307.609165,14.855054345119031007989,0,0,0,0,0,0,0.58902036082,32.436798278548,20.217547742299246,27.476203587138,17.125656269456204,0.000012095301340981145,0.0482919757775066,-94.53054525909572,55.209822281897814,0.0477953433914124,0.0000119457948122437,0.000317902049231394,0.0417606737044723,0.0477953433914124,0.00503328852,30291575524.363682,14705830683.318807,1622242344.066944,22060398383.468592,30291575524.363682,5062811006.703186,30291575524.363682,30291575524.363682,30291575524.363682,2974412345.847422,12084997829.554526,30291575524.363682,70.9056526332,27134751439.600252,31106023126.624658,31112300616.628385,18325793971.461242,31000814986.742279,31112115118.333805,12215337069.517025,30271372832.701657,31112326820.920901,31112326698.508996,31112326196.681517,31112316017.067958,31112250088.50357,31111037155.199021,29256096339.997812,30778474220.110944,31081554554.448501,22607152374.337594,31112182578.338356,31108640638.71253,31038388842.728655,19599071901.785552,28215351632.306167,9562898114.802859,30492197993.699684,12783960633.270407,13291638663.167959,29820199706.270265,22154866779.935311,31112326823.363682,26354284986.06397,1695,0.019618055556,3808,959167626.724118,46320099.7963295986373881241788,466757.95940178,22540.664069389168752916001748,259466.683642,12530.1588015094319617670372,190.051148236843,0.05939803476558094,0.06167348714453118,,
2019-01-09,4322,12922,192907,249312,994,109509,234708,49,42647,319680,307317,290473,276009,219092,24354,241891,71315,257242,153705,3628,128427,1742,206042,18098,11,238232,53938,77,1613987901,4320,896.839814814815,1145922765.2729947087965761097667,0.361345273702,0.30634520486,1617522644.8929264665243787858369,,1371320844.8473157352206009178633,4476390761.4450382158727599464729,0.18141427,0.009431685865000244689891,0.171246,0.0089030398636106845518,349.403889,18.1654272348995174447937,0,0,0,0,0,0,0.588496014006,31.574584515515,21.82461941951343,26.76864280709,18.50271193131855,0.000012983617654291505,0.0519897683076433,-93.38889798105812,75.6139945040767,0.0482919757775066,0.0000120953013409811,0.000323992490302648,0.0422799160657611,0.0482919757775066,0.005040001715,30293272681.959793,14704636958.401759,2248103301.917537,22041313177.087699,30293272681.959793,5073930922.765475,30293272681.959793,30293272681.959793,30293272681.959793,3095447006.055594,12094250854.679306,30293272681.959793,70.8443105196,27124234404.215536,31106021405.897123,31112300179.794927,18309480116.369619,31000817339.183512,31112114401.057877,12150613822.478961,30270316996.629904,31112326471.514731,31112326348.977653,31112325846.093487,31112315649.03669,31112249553.633697,31111035637.176827,29252894917.903918,30778336225.870958,31081553477.53922,22570023398.192289,31112200538.950757,31109252860.019635,31047162429.138317,20061334111.133959,28411742022.756953,9743299127.582048,30545666339.626209,12842752060.739077,13253039817.736784,29815020928.772907,22124820799.487629,31112326473.959793,26376744684.313401,1926,0.022291666667,4413,985359806.038689,51228628.0156157825512542116337,363654.54168564,18906.315366258635795677852212,214500.18524949998,11151.814933068070916972137197134,189.812441822278,0.059189706150162925,0.06134904565826157,,
2019-01-10,5475,12922,193332,249775,995,109798,235135,49,42772,320086,307700,290846,276465,219511,24421,242320,71554,257757,154084,3580,121202,1336,201392,16317,10,237254,49429,67,1613987917,4319,943.903681407733,963170843.0032692876587351190288,0.305827645273,0.259325099726,1364082619.5722762598862287575704,,1156667380.5428170675057577137838,4460298604.9711974143118572499463,0.18102979,0.007937034022501288707346,0.171246,0.0075080754842462982804,450.945197,19.7711513164355218491278,0,0,0,0,0,0,0.588381627871,30.608460866035,18.478608668418197,25.954299061053,15.668848483149066,0.000012085161924241472,0.0438438006391174,-94.34199459001834,50.700257758505735,0.0519897683076433,0.0000129836176542915,0.000347455846175938,0.0451292722226463,0.0519897683076433,0.005052482743,30293688897.014596,14685251190.130507,2341984962.350974,21968233341.156312,30293688897.014596,5047633715.626193,30293688897.014596,30293688897.014596,30293688897.014596,3166805480.785019,12041924276.828877,30293688897.014596,70.6094212464,27106713076.598788,31106021512.936297,31112299646.623865,18305921032.274316,31000599494.679062,31112113586.239017,12157641040.364439,30267875133.240947,31112326020.564787,31112325897.94296,31112325399.541409,31112315195.909044,31112248793.579693,31111034208.195002,29248958076.23617,30777691222.762921,31081516834.533377,22500446660.174085,31112170904.801292,31108203087.305905,31031400851.209337,19215116987.343238,28025325824.548659,9550508620.93098,30447308415.655484,12642186224.745864,13256493289.591641,29808810070.372934,22113193456.657547,31112326023.014596,26381549128.540637,2491,0.028831018519,5872,1016461629.978229,44565541.0620777907816477750846,344898.57975485,15121.66457148637598661236939,180048.644314,7894.0168666463746274884636,189.621939722018,0.06045315873432732,0.07018405573324842,,
2019-01-11,3821,12947,193717,250206,991,110084,235541,50,42913,320598,308189,291332,276933,219909,24499,242739,71761,258184,154439,3534,121192,1317,201593,16287,10,237565,49414,67,1613987932,4320,873.619675925926,954694589.3197639318400999921891,0.303332518236,0.257209368128,1352334819.6531449069746986246301,,1146705887.2678326620254682846118,4458258638.1365157733781740549861,0.17967758,0.007809903060982304246446,0.171246,0.0074434142511323653902,319.646423,13.8938179010411005016551,0,0,0,0,0,0,0.587849142996,54.844140371084,18.359021192746827,46.504828339624,15.567444822279548,0.000011993452533153352,0.0434662079764337,-93.58591945098651,44.277613720301346,0.0438438006391174,0.0000120851619242415,0.000345417697707847,0.0382712684575688,0.0438438006391174,0.005063357483,30294482434.368173,14716677634.826046,2343833549.991828,21964064356.324243,30294482434.368173,5082155078.982228,30294482434.368173,30294482434.368173,30294482434.368173,3101403531.697087,12000763450.303882,30294482434.368173,70.5960221866,27091285911.566942,31106017504.158944,31112299314.171616,18289354001.345067,31000435129.015231,31112113044.097613,12172570119.436022,30265813489.078527,31112325700.915481,31112325578.27299,31112325079.260768,31112314866.54702,31112248416.648171,31111032885.932261,29243613309.613305,30777037200.678214,31081491155.007942,22431172087.367263,31112168191.035399,31108157114.624849,31030562320.293854,19164224184.939514,27997681891.118761,9548869555.611869,30441796010.354777,12624543291.719616,13242504009.712749,29802018608.976184,22098098884.746035,31112325703.368173,26381548808.894214,1779,0.020590277778,4054,567286231.361407,24657781.3145222023205236742159,261517.66534384,11367.181231346737201927463408,208327.526125,9055.2075777651750210804125,189.50166277502,0.0603539294183575,0.07018015330522423,,
2019-01-12,3145,12955,193964,250445,991,110300,235773,50,43016,320945,308521,291650,277236,220143,24542,242968,71921,258448,154684,3514,121262,1305,201734,16257,10,237782,49435,67,1613987947,4320,825.166666666667,949889922.573471303692808630262,0.303433808478,0.257295256327,1345925320.805968047384099856979,,1141270981.474886553510252359106,4435647192.897431194656776086299,0.18981318,0.00821135551638631245546,0.171246,0.007408135656117717762,256.627416,11.101752512800033291752,0,0,0,0,0,0,0.587115691627,63.964586562932,18.35434350924496,54.238467289254,15.563478379751073,0.0000119601693972459,0.043260196770247,-95.23592429258687,50.56258025910236,0.0434662079764337,0.0000119934525331534,0.00034781154080294,0.0380444743011445,0.0434662079764337,0.005067442758,30294482177.740757,14764502168.259601,2067701386.37845,21957595977.158746,30294482177.740757,5102728734.377684,30294482177.740757,30294482177.740757,30294482177.740757,3085866198.577319,12053485592.61147,30294482177.740757,70.5752323617,27078646345.321726,31106021404.510721,31112298988.264122,18266534472.774376,31000396608.21497,31112112844.756039,12158757977.171777,30264295017.748832,31112325444.286632,31112325321.554905,31112324821.866121,31112314589.740811,31112248031.326052,31111032674.231774,29238780532.527797,30776645950.54923,31081495165.457517,22396778551.66074,31112167622.58475,31108136134.614668,31030192405.631985,19116364206.513321,27977422078.089095,9538888375.801682,30438472318.566852,12613161354.739583,13231369721.732716,29797138695.10116,22087834804.190731,31112325446.740757,26381548552.266798,1352,0.015648148148,3023,486399226.799203,21041726.260229519668193713141,209339.88699243,9056.08470315379225253823021,200194.534874,8660.454970977315207093878,189.366401361848,0.05982413679735136,0.06935825644925311,,
2019-01-13,3405,12940,194055,250474,991,110439,235817,50,43122,321074,308628,291754,277331,220203,24609,243000,72056,258508,154833,3510,118301,1207,199596,15382,9,237192,47675,61,1613987962,4320,807.839351851852,871972157.633498930613081893601,0.279470451811,0.236975641165,1236998789.3267288759376776755476,,1048907243.4025948319094587173482,4426223886.3215650846892179131467,0.38767302,0.015413539735947723146532,0.171246,0.0068085909760294998036,529.173671,21.0394816878817806860586,0,0,0,0,0,0,0.586629589928,79.698518159165,17.052288087084154,67.579979630458,14.459406626311612,0.000011331679221902101,0.0397591241607366,-95.44982812251202,41.74148153393611,0.043260196770247,0.0000119601693972459,0.000347948497008347,0.0379279257995257,0.043260196770247,0.005069850901,30294481648.567086,14769028010.003411,2195395078.20416,21931372384.067735,30294481648.567086,5083253804.323655,30294481648.567086,30294481648.567086,30294481648.567086,3223886142.422039,12074106663.722561,30294481648.567086,70.4909467299,27060368947.84511,31106028030.200952,31112298412.083131,18251410408.10987,31000414933.31388,31112112477.951791,12140662261.466278,30263788900.660565,31112324915.109284,31112324792.370481,31112324292.366818,31112314045.537243,31112247480.212818,31111033698.398924,29236338898.016333,30776650114.008805,31081533784.423434,22377415045.036806,31112151769.167309,31107600735.383241,31022679610.377903,18865046096.332273,27750312082.125957,9292390505.689836,30392652806.415236,12451376454.518447,13216671589.277373,29791765265.248089,22073624341.636697,31112324917.567086,26381548023.093127,1365,0.015798611111,3111,390375199.391196,15520976.0218668685467669149736,179356.58210398,7131.060616917488908534591668,290641.566143,11555.6541145504758925009338,189.193837579256,0.05969123915519292,0.07133634255298867,,
2019-01-14,2903,12964,194420,250925,992,110717,236230,49,43234,321620,309148,292270,277839,220605,24666,243426,72243,258991,155162,3516,122141,1333,202477,16379,10,238332,49951,67,1613987977,4320,808.128472222222,957483383.3701115677255413193916,0.307336567993,0.260604581546,1362064020.4978538571682056076904,,1154955710.0169486862376064890926,4431831946.9491798506943855762617,0.18152768,0.007947086059846602230656,0.171246,0.0074969651978392014132,250.326674,10.9590318201233271234508,0,0,0,0,0,0,0.585917612465,45.352775123271,18.992984737913012,38.456670028323,16.105011103148772,0.000011938798980005283,0.0437789215388342,-94.52303075591877,56.77091496526845,0.0397591241607366,0.0000113316792219021,0.000344712677506553,0.0348409177883119,0.0397591241607366,0.005079138138,30294481398.240412,14768613334.44183,2121635374.41567,21870876433.554298,30294481398.240412,5075922107.374847,30294481398.240412,30294481398.240412,30294481398.240412,3184878110.170531,12069272404.928632,30294481398.240412,70.2965036122,27052836800.574511,31106019234.442259,31112298099.377053,18229258987.27351,31000290982.901329,31112111805.513515,12084964702.671388,30261767575.07974,31112324664.780639,31112324542.018862,31112324041.599844,31112313781.837697,31112247043.167386,31111032224.862731,29231561508.755917,30775994612.929835,31081500141.376178,22361365473.437351,31112168705.565185,31108200457.888082,31031153151.620891,19140496739.223783,27976596466.646312,9511892857.836341,30442896990.026054,12564508164.380202,13183299108.373335,29787037019.796256,22057617117.837242,31112324667.240412,26381547772.766453,1379,0.015960648148,3050,686007076.362488,30032649.9711584037015681314896,290299.61425821,12709.004035364009600541178782,276216.486702,12092.4598990592981808828084,189.065214969673,0.060030908539266695,0.07290790448427015,,
2019-01-15,3366,12923,194440,250917,991,110788,236238,49,43297,321585,309103,292212,277768,220620,24688,243432,72338,258988,155218,3516,121212,1278,201810,16033,9,238191,49417,65,1613987991,4320,815.546296296296,925083635.1645189864216016357406,0.29851396038,0.253123492993,1319194336.9349350160880312756664,,1118604564.0070001460129276747561,4419204834.687670595030035518359,0.18239238,0.007733623230197545034646,0.171661,0.0072786017558350890437,258.08522,10.943076968251875729274,0,0,0,0,0,0,0.586159790267,67.965436958511,18.693497357729616,57.630969030055,15.851062179506986,0.000011839584569218428,0.0424010215240217,-94.54642300444115,47.6102732977824,0.0437789215388342,0.0000119387989800053,0.000341160371452048,0.0382509441229698,0.0437789215388342,0.005075604867,30294900184.155192,14773465027.537151,1965475667.738271,21817484624.525518,30294900184.155192,5098775466.742373,30294900184.155192,30294900184.155192,30294900184.155192,3145152194.169805,12088178272.798176,30294900184.155192,70.1248943589,27039003573.828949,31106021098.900681,31112297887.704684,18236793550.38406,31000323738.877089,31112111804.013742,12091356288.514377,30261047099.348383,31112324406.693793,31112324283.849152,31112323782.92343,31112313575.671632,31112246918.719512,31111032469.733791,29228108330.85715,30776158357.109029,31081522132.839351,22371245073.824865,31112165234.083035,31108042623.888738,31028871709.187627,19023509031.132709,27892371836.148542,9288337072.77362,30428424534.458053,12523419307.006732,13189260868.877972,29782831991.000851,22066467586.51484,31112324409.155192,26381547514.681233,1415,0.016377314815,3097,457766856.235285,19409782.3242160664340546456845,275612.40636651,11686.247574633805931979393267,250671.958888,10628.7471242787706868198696,188.91733475365,0.06004689108715024,0.07335812336038199,,
2019-01-16,3445,12721,194485,251038,1000,110786,236342,49,43156,321790,309281,292377,277917,220704,24485,243547,72276,259106,155247,3524,122521,1363,202726,16216,10,238480,50123,67,1613988007,4320,853.174768518519,964563500.3132096623259410866498,0.312029887318,0.264584258537,1377261912.437804634477562926747,,1167842686.6265028696015426261864,4413878184.1537138487350003402541,0.18123395,0.00802275701144525705043,0.171817,0.0076058930538979574778,276.744237,12.2507497506334653617058,0,0,0,0,0,0,0.588545834012,24.685445366981,19.67192297095111,20.931905963274,16.680713498306822,0.000012272684132869383,0.0442674069149034,-92.78352192236217,37.357173326402716,0.0424010215240217,0.0000118395845692184,0.000352373183616067,0.0372595373764271,0.0424010215240217,0.005063531395,30310372381.410955,14795515219.609147,1712063074.725019,21789473735.550397,30310372381.410955,5197651818.72725,30310372381.410955,30310372381.410955,30310372381.410955,3263958530.154511,12210718113.968672,30310372381.410955,70.0348634927,27033302253.622716,31106012809.49227,31112297603.68085,18311028754.564147,31000244631.440466,31112111341.734367,12081391347.673612,30259131268.43086,31112324129.943849,31112324007.008673,31112323505.407613,31112313281.231957,31112246596.834931,31111030465.475616,29222944612.429433,30775748371.465968,31081504749.588345,22445598599.919567,31112169028.916586,31108235874.432467,31031821249.68512,19272804921.513084,27975961926.643849,9516816008.21838,30446152513.928966,12562296161.435293,13181373477.428426,29790769991.076001,22134651141.612467,31112324132.410955,26381547237.936996,1527,0.017673611111,3418,1260350934.32126,55792467.665177905855257466284,1215618.1285912,53812.26235148001737692609008,235388.964461,10420.0590730728220738480674,188.851430306908,0.05956011937662827,0.07104449581499997,,
2019-01-17,3148,12634,194644,251151,1007,110877,236509,49,43137,321930,309409,292497,278022,220883,24420,243695,72331,259186,155383,3528,123158,1398,203277,16281,10,238681,50424,68,1613988023,4320,833.51087962963,977845666.9529889521817597710902,0.317208886196,0.2689757656,1399827868.2337395425156209582353,,1186977379.734968001819282527585,4412952881.047010431604331409899,0.18217313,0.008196463409032077918721,0.171817,0.0077305130210457740489,256.681946,11.5488172056337163257882,0,0,0,0,0,0,0.589995696968,35.846015325537,20.188145561701493,30.39545812067,17.11844196299091,0.000012360197038436415,0.0449927132998817,-92.88016662347174,30.939514331286862,0.0442674069149034,0.0000122726841328694,0.000361600036654825,0.0388674173836726,0.0442674069149034,0.005059687084,30311916506.729009,14793451042.795956,2354866787.21131,21733422930.854006,30311916506.729009,5274852447.127858,30311916506.729009,30311916506.729009,30311916506.729009,3261528057.173834,12200937292.557494,30311916506.729009,69.8547077925,27025447727.869724,31106009146.994474,31112297386.990154,18356137209.344923,31000131902.480158,31112111613.99285,12079759587.686695,30257534749.131118,31112323873.259106,31112323750.260543,31112323248.213786,31112313010.927332,31112246596.873426,31111031588.905475,29218954297.798099,30775479148.376999,31081489655.021086,22486894259.250144,31112170064.479749,31108320512.58613,31032944597.239596,19381507513.56261,28002143256.069711,9525170441.580024,30451749395.869593,12580944330.985706,13177573277.148777,29791365797.688616,22173697974.158488,31112323875.729009,26381546981.25505,1409,0.01630787037,3141,867943719.634698,39051142.9379568701040506152266,399327.47436973,17966.826567083119648191060941,172405.83448,7757.006281985498973781016,188.762675887991,0.05955725955168476,0.07033508212732864,,
2019-01-18,6033,12626,194880,251444,1005,111051,236754,50,43245,321117,308574,291643,278370,221129,24479,243954,72471,259503,155569,3525,122623,1351,203014,16079,10,238872,50083,67,1613988038,4319,956.717527205372,947052611.1790705698596833684469,0.310065733249,0.262939764086,1366458260.6642026487346798627858,,1158774331.2614197644334556657421,4406995401.7407103949043626663957,0.18434789,0.008096589040435041485977,0.171246,0.0075211519199831314278,418.469703,18.3792568011703676208579,0,0,0,0,0,0,0.589826990347,14.62570665503,19.578748284091894,12.402788973715,16.60303252790647,0.000012168181925413235,0.0439201611715493,-93.2093848408466,27.565527926634896,0.0449927132998817,0.0000123601970384364,0.00036684499071749,0.0395185168834849,0.0449927132998817,0.005066703766,30318734867.259306,14822603341.381251,3137266733.709569,21563049540.732433,30318734867.259306,6180846218.670544,30318734867.259306,30318734867.259306,30318734867.259306,4203041160.980777,12226857338.181716,30318734867.259306,69.3071013174,27007368428.185418,31106006177.126262,31112296947.000457,18350888107.482094,31000042364.777485,31112110736.197412,12159595021.288652,30256740691.386046,31112323454.784225,31112323331.790977,31112322853.205454,31112312605.607973,31112245962.152167,31111030884.529725,29214832351.980246,30775235166.448224,31081452347.778,22479071419.644954,31112167962.899407,31108205693.481471,31031267326.256729,19274789410.252822,27942426616.678131,9530137365.660273,30440907575.095892,12606887736.018674,13223106306.323141,29780021597.551303,22160579672.987558,31112323457.259306,26383653892.692297,2270,0.026273148148,4887,2127235571.661069,93428529.1572069611656652242017,1114521.53874087,48949.965610662137485989129891,351622.7368905,15443.32727581203374814945165,188.708361305606,0.05950152592691161,0.07058580379448226,,
2019-01-19,3319,12624,195127,251735,1006,111214,237026,51,43295,321485,308917,291970,278676,221385,24506,244238,72557,259775,155790,3510,123842,1402,203942,16393,10,239216,50794,69,1613988054,4320,830.844212962963,979562703.5784903864158623786725,0.321332100107,0.27251638687,1413499034.34280384530811932735,,1198764921.26024924249378424051,4398872798.1827990352051342820922,0.18008894,0.00818182368428022491085,0.171246,0.007780070106683127765,262.749766,11.937280870762452007065,0,0,0,0,0,0,0.590667858223,31.651525258625,20.306723910421873,26.843129894364,17.221793363904624,0.000012321238668179806,0.0454321275047775,-92.94940192031356,16.72719476604945,0.0439201611715493,0.0000121681819254132,0.000367578280235426,0.0387280482572069,0.0439201611715493,0.00507038921,30321946313.50954,14878306732.320911,3244269384.381328,21561013260.395579,30321946313.50954,6208463636.114732,30321946313.50954,30321946313.50954,30321946313.50954,4286077459.680875,12285070591.095923,30321946313.50954,69.3005569709,26997859817.474645,31106003122.333814,31112296700.372781,18377049305.648061,30999894943.811985,31112110180.201742,12201767252.805911,30255598413.758565,31112323192.029366,31112323068.929087,31112322589.664187,31112312324.954532,31112245674.140646,31111029200.823442,29212209332.32762,30774568724.337358,31081430822.824169,22473193413.760106,31112169050.289471,31108355122.600237,31033495661.834206,19410530417.745631,28004853952.887289,9528607849.189109,30454587383.082865,12668954700.579772,13246608343.398103,29778309858.165906,22173495178.118004,31112323194.50954,26385841630.114964,1459,0.016886574074,3283,982964420.838815,44658164.9002088125494699386625,481660.20282311,21882.847748636525085512408025,331663.762662,15068.190353974247031117705,188.659658081411,0.05957076352652167,0.06740829124449187,,
2019-01-20,3347,12634,195416,252091,1007,111423,237344,51,43424,321955,309354,292388,279070,221685,24600,244577,72735,260153,156061,3507,122301,1310,203127,15962,10,239349,49842,67,1613988068,4320,815.545833333333,925895712.2518284298041452879168,0.304947231454,0.258620653022,1336829886.5828249250850255958784,,1133743095.8104871892415443361536,4383807258.0919993236888025519325,0.18169507,0.007807048046781461049536,0.171246,0.0073580738862047169408,282.535832,12.1399596332546338203136,0,0,0,0,0,0,0.590196456641,43.453417175339,19.367983903881647,36.852117241218,16.4256636174733,0.000012143597714311802,0.0429678584387648,-93.91835688110413,6.463582299235931,0.0454321275047775,0.0000123212386681798,0.000367907251960902,0.0400012615684775,0.0454321275047775,0.005078492366,30322741846.973708,14901334199.043841,2325020963.64129,21548565506.734741,30322741846.973708,6252198380.540474,30322741846.973708,30322741846.973708,30322741846.973708,4300328185.062711,12336151137.979607,30322741846.973708,69.2605485219,26976658638.570671,31105999028.482666,31112296376.958261,18362382740.521244,30999775647.796577,31112109396.44581,12178301297.2602,30254206510.185561,31112322909.486145,31112322786.239475,31112322306.062988,31112312035.101391,31112245262.93329,31111027224.723556,29209664381.41045,30774212604.918394,31081415693.889768,22452784759.324626,31112164080.816007,31108101574.276509,31029419345.495729,19183522994.108079,27885816279.447463,9522488023.766941,30428813291.794222,12601729874.215846,13225312593.688663,29772769207.877691,22161550330.83234,31112322911.973708,26385841347.579132,1555,0.017997685185,3401,715992548.674183,30764666.4746427108305321691584,287382.40270759,12348.206397331825089735184832,263441.763928,11319.5284193167990855161344,188.583239213912,0.05954933044521074,0.06803488376114107,,
2019-01-21,3112,12641,195716,252464,1006,111659,237685,51,43543,322453,309836,292855,279519,222005,24667,244930,72921,260571,156346,3502,122375,1297,203265,15942,9,239667,49839,66,1613988083,4320,823.451851851852,922049356.9909674564836759338176,0.30621875003,0.259699006295,1327437180.8734293626187295565504,,1125777297.3014794535492678136512,4334931093.348835888691538554691,0.17992036,0.007676475271404308525312,0.171246,0.0073063753558902517632,261.784121,11.1692714004285748589632,0,0,0,0,0,0,0.58985727652,38.873924394555,19.31296347056896,32.968325862026,16.37900168237974,0.000012067451030838952,0.0426659621590592,-93.04987166674074,2.325294046247892,0.0429678584387648,0.0000121435977143118,0.00036563650349051,0.0378971108789689,0.0429678584387648,0.005085974582,30324309191.189587,14999150376.115008,2281988031.880125,21610888641.244203,30324309191.189587,6217006996.425689,30324309191.189587,30324309191.189587,30324309191.189587,4240203604.98374,12428395462.735842,30324309191.189587,69.4608656648,26958531839.710361,31105993681.579405,31112296027.866264,18351829904.653297,30999653745.0268,31112108814.703197,12175741965.350688,30252636770.516223,31112322647.698994,31112322524.348952,31112322043.676328,31112311755.035001,31112244799.740361,31111025662.237212,29205380445.706972,30773822600.01044,31081405079.786864,22433669055.876012,31112162960.371297,31108058819.983585,31028925362.547058,19144936357.390784,27862599762.076719,9283655409.526945,30424399093.737719,12575699403.611475,13223279932.862739,29767767160.445241,22152864383.251453,31112322650.189587,26385841085.795011,1455,0.016840277778,3172,800339125.38419,34147238.838056386953088954048,302071.04835835,12888.15191860470277774046432,282387.77254,12048.346017372656669994368,188.527747551053,0.05954750198716017,0.0678065288002047,,
2019-01-22,3205,12638,195958,252711,1007,111857,237949,51,43642,322767,310134,293139,279784,222264,24720,245182,73070,260798,156574,3504,123052,1321,203851,16109,10,239966,50270,67,1613988098,4320,829.634953703704,935694660.8701322984957098335048,0.311431909994,0.264303052938,1349629118.1651045597718522076052,,1145390323.9130643481020097478222,4333625023.1738710491013666276579,0.17837514,0.007737779260468918417716,0.171246,0.0074285225353614881724,264.530329,11.4751264862425317973826,0,0,0,0,0,0,0.589548936841,44.977676333208,19.71013795259255,38.171223909418,16.727411249532175,0.00001212622530107027,0.0433792470210194,-92.32995404272921,-1.1891781195510494,0.0426659621590592,0.0000120674510308389,0.000368067529208682,0.0376274374081669,0.0426659621590592,0.005090671009,30325625523.659258,14985931580.214341,2040908042.380419,21570099186.293892,30325625523.659258,6175611122.418226,30325625523.659258,30325625523.659258,30325625523.659258,4210237812.557706,12397430153.708381,30325625523.659258,69.3297623974,26943450262.69113,31105990135.86557,31112295769.74182,18342236585.120539,30999587740.728707,31112108812.678428,12178399193.083847,30251179576.57192,31112322383.165482,31112322259.721771,31112321778.292063,31112311471.106156,31112244592.929999,31111025180.434242,29200969272.279749,30773441321.411833,31081394751.406975,22425100922.728167,31112163752.29758,31108135342.184541,31029973553.126587,19188112940.695767,27887992591.193073,9511313515.554968,30430744418.627044,12603002846.299991,13226657089.706176,29762702552.820508,22145340907.247378,31112322385.659258,26404108014.094063,1483,0.017164351852,3223,691728095.403817,30006643.9219014519143299910498,275620.36136896,11956.203739846748596878717824,287312.548757,12463.4020247685833663428858,188.321521897993,0.059472803335510305,0.06720182659828834,,
2019-01-23,2859,12599,196165,253011,1004,112002,238205,50,43719,323184,310529,293516,280149,222499,24743,245454,73173,261127,156771,3501,122762,1297,203740,15961,9,240194,50047,65,1613988114,4320,768.254166666667,920186600.9441307933348768443239,0.307047727753,0.260582326779,1328770594.8062815546327192827599,,1127688310.49137376147533172974,4327570194.1529887689072748525874,0.17715079,0.007565901362268468952783,0.171246,0.0073137147437108591742,227.638771,9.7221835003615848648667,0,0,0,0,0,0,0.589435494776,24.336208471149,19.489441202242595,20.653420478948,16.540112422477293,0.000012024239194549744,0.0427088208992377,-92.45117214029976,-6.595557498082378,0.0433792470210194,0.0000121262253010703,0.000367696396438844,0.0382223193063279,0.0433792470210194,0.005094443645,30326089091.020487,14985509199.542911,2809971309.970162,21545586639.235807,30326089091.020487,6137001304.398573,30326089091.020487,30326089091.020487,30326089091.020487,4209450994.60158,12405166587.495277,30326089091.020487,69.2509756418,26925725341.092149,31105982331.919231,31112295486.064139,18338707004.8527,30999480610.360528,31112108042.334537,12182779455.02463,30250529570.099882,31112322155.523224,31112322031.960892,31112321550.149902,31112311226.492134,31112244157.263664,31111023366.085768,29196683945.141469,30773094553.723134,31081381800.68229,22422297263.224603,31112162357.23725,31108054408.631204,31028863636.019594,19136786904.409495,27846494981.722907,9313337984.821432,30423118164.402558,12584316069.244086,13248665117.285958,29760321524.781188,22149925588.179126,31112322158.020487,26404107787.2862,1285,0.014872685185,2781,1278437526.326448,54600559.3427407496388445486896,1132129.8973131,48351.93301901755650306822387,237735.558184,10153.4053758607594295963368,188.281437162683,0.0594567947567771,0.06679943835112111,,
2019-01-24,3068,12551,196312,253186,1002,112094,238347,50,43752,323428,310752,293726,280347,222638,24751,245611,73244,261306,156907,3500,122944,1299,203955,15968,9,240343,50151,66,1613988130,4319,815.020606621903,922594597.1419308868578194598961,0.308291323172,0.261641963671,1333001166.9563865601258555039325,,1131296980.1062817395219374769364,4323836147.0554329787454634436845,0.18066544,0.007740574394704816754224,0.171767,0.0073593225248573399507,246.427662,10.5581435532117995167302,0,0,0,0,0,0,0.589750259595,22.373652250042,19.592555649042907,18.988164340631,16.627891698651236,0.000012009454961985549,0.0428447986217221,-93.09401086098083,4.385322190197473,0.0427088208992377,0.0000120242391945498,0.000367187335810244,0.0375792232965026,0.0427088208992377,0.005095467385,30326088844.592825,14993178006.84654,2726293258.582079,21533409581.114941,30326088844.592825,6085827946.30118,30326088844.592825,30326088844.592825,30326088844.592825,4034707030.409712,12401653914.494469,30326088844.592825,69.2118371695,26911499519.454227,31105982385.277557,31112295220.014492,18348499923.968423,30999371144.792875,31112107478.965407,12203088735.621313,30249606759.106523,31112321909.09241,31112321785.426081,31112321303.128667,31112310967.183098,31112243778.768262,31111022632.861755,29194511452.811814,30772921913.346722,31081372757.416968,22435133018.281686,31112161958.482976,31108070188.062462,31028975062.695859,19156492637.179656,27846052827.099501,9307360318.184101,30423872579.98214,12629220743.600108,13270328799.504926,29759057624.053205,22166909973.382314,31112321911.592825,26404534891.026884,1364,0.015787037037,2878,1390578595.031777,59579059.8718137334642519631717,537924.97292319,23047.287138489388873868825499,213284.38705750002,9138.126612636019760497693184442,188.225990181775,0.059458371784215064,0.06374757600120311,,
2019-01-25,3091,12551,196483,253270,997,112226,238506,50,43812,323583,310895,293855,280456,222797,24777,245741,73324,261393,157059,3502,122746,1283,203874,15872,9,240465,50023,65,1613988146,4319,784.359805510535,911107714.5666488596158634853399,0.304996266477,0.258845500887,1317805450.9163069054887177580857,,1118400615.0417980577595889074738,4320726499.8238109049952440587451,0.17843111,0.007557696652169117031149,0.171246,0.0072533613723377757114,235.707502,9.9837175185232298165818,0,0,0,0,0,0,0.5893014508,45.202041410271,19.482616789733946,38.362256643604,16.53458830748602,0.000011893348954419066,0.0423563842211659,-93.31419664305025,3.7121667940961913,0.0428447986217221,0.0000120094549619855,0.000368315482118868,0.0379647106137608,0.0428447986217221,0.005098061047,30329221214.885323,14992041582.969906,2866477972.826547,21510516804.485861,30329221214.885323,6085818810.643886,30329221214.885323,30329221214.885323,30329221214.885323,3992284925.008218,12387010311.781092,30329221214.885323,69.1382566321,26905454742.490342,31105985585.252172,31112294975.306224,18334536301.371054,30999318705.129291,31112107957.943375,12205902683.332514,30248825506.189645,31112321673.38367,31112321549.630497,31112321066.513856,31112310720.008374,31112243800.424755,31111023005.537023,29191588379.631812,30772539339.58766,31081366174.304524,22435149992.836435,31112161531.613169,31108013940.365706,31028149212.997112,19119659425.829311,27817674433.468205,9308872762.623791,30418729018.192763,12610361700.111489,13274923987.516361,29755889353.551099,22165872417.731063,31112321675.885323,26404534655.319382,1321,0.015289351852,2820,688294614.694457,29153671.1573577612875408074163,324192.66663652,13731.629149740792433745918668,207625.54646,8794.267419989291485817714,188.099378072719,0.05945632104924539,0.06378099917901582,,
2019-01-26,2647,12548,196728,253548,985,112379,238767,50,43882,323932,311224,294170,280759,223051,24801,246008,73435,261673,157273,3505,122878,1278,204112,15879,9,240718,50078,65,1613988160,4320,797.174305555556,906192784.1503547472068876697246,0.304854311594,0.258725016031,1316213246.8494843603455752903542,,1117049293.5151361820065070936468,4317515602.6755613836110715858953,0.17881778,0.007564923467512188116844,0.171246,0.0072445977358492660308,207.070994,8.7601815767519063287212,0,0,0,0,0,0,0.588125121623,74.236358981615,19.536113376794315,63.003219692586,16.579989373162146,0.000011893374691904752,0.0423052085061798,-93.15798505276501,16.85578214726551,0.0423563842211659,0.000011893348954419,0.000368420931331978,0.037219437200715,0.0423563842211659,0.005105189359,30329692210.814329,14981020916.340379,1954279011.262448,21420359718.070677,30329692210.814329,6069594258.186416,30329692210.814329,30329692210.814329,30329692210.814329,3990532233.070949,12377165698.316543,30329692210.814329,68.8484777311,26894086075.035678,31105982887.154223,31112294750.996563,18297937847.814011,30999174845.389715,31112107596.647208,12208894534.557812,30247725039.009292,31112321466.308279,31112321342.453336,31112320858.879349,31112310499.379156,31112243479.188075,31111022148.451677,29187205293.139218,30772141061.794787,31081343240.859498,22431180637.300809,31112160978.424557,31108009587.032112,31027963092.427668,19103847051.31085,27809404503.470866,9306388550.306453,30417288410.204873,12613518001.185118,13278155127.218173,29753021477.916095,22163061049.96858,31112321468.814329,26404533459.561166,1158,0.013402777778,2545,419098160.19559,17730035.051630778540891707082,214066.67907518,9056.135492500966338378797364,208690.39510149998,8828.690678006000220294079576404,188.030601331339,0.05931694460109559,0.05950424455548569,,
2019-01-27,3104,12556,196778,253655,984,112428,238853,50,43925,324123,311395,294318,280886,223122,24824,246111,73497,261757,157336,3501,121794,1242,203374,15547,9,240530,49422,62,1613988177,4320,829.247685185185,868450636.3833707052613278004824,0.293804613149,0.249347311975,1266691241.4845214737450201523318,,1075020751.9926446908946807957592,4311338844.9170085434350123812475,0.18110234,0.007373308672288953829668,0.171661,0.0069889187516505535122,245.57477,9.998206435854805687554,0,0,0,0,0,0,0.588178449528,77.797578327774,18.914377366727056,66.025569940086,16.05233186614723,0.0000115087430412268,0.0407134920083802,-93.39259949546486,-1.615501492051496,0.0423052085061798,0.0000118933746919048,0.000367743339564939,0.0371806891501105,0.0423052085061798,0.005106075063,30333124551.239559,14997299185.060193,1502984181.671365,21330782341.259612,30333124551.239559,6058950466.496378,30333124551.239559,30333124551.239559,30333124551.239559,3840304610.317699,12387968023.138866,30333124551.239559,68.5605621908,26889484615.446574,31105977110.012796,31112294523.005166,18299596858.307638,30999142146.209874,31112106990.655702,12209022568.960983,30247365717.346242,31112321220.730623,31112321096.706532,31112320612.743463,31112310233.199261,31112243241.217877,31111020611.07467,29186493740.467391,30772187065.193548,31081348100.127667,22427572689.525677,31112153814.749669,31107814292.773878,31025202344.522331,19017775465.562209,27722960154.301206,9295195662.506862,30400092466.003265,12540846795.834796,13273593765.361022,29751706449.443621,22165572505.682288,31112321223.239559,26404533213.986396,1356,0.015694444444,3057,399913749.142142,16281885.2297399623804249783884,188090.48674002,7657.820528742146246818715604,252131.80365800002,10265.166173288469491284611767604,187.97995323708,0.05912025961480171,0.05479591785900074,,
2019-01-28,4788,12544,196999,254001,981,112590,239125,51,44039,324646,311888,294795,281329,223373,24899,246429,73679,262159,157546,3497,119569,1171,201880,14864,9,240374,48090,59,1613988193,4320,878.356712962963,819861218.5985464831764596989032,0.278532440373,0.236386060821,1197571131.0044667649359204440352,,1016359609.0728520800210648319416,4299575049.149796540165703728553,0.17973424,0.006918305393022347200128,0.172081,0.0066237179423168258232,380.317643,14.6391338713672349435496,0,0,0,0,0,0,0.588319946383,44.996908577847,17.94995347989824,38.18816204538,15.233840587325592,0.0000112056106561595,0.0384918610556472,-93.8455378639529,-8.67647284792993,0.0407134920083802,0.0000115087430412268,0.000364091717424821,0.0356963594830331,0.0407134920083802,0.005112045978,30336828488.921916,15004501798.947331,2182220887.122036,21299599346.814731,30336828488.921916,6106511334.944037,30336828488.921916,30336828488.921916,30336828488.921916,3822322091.320886,12403348680.995493,30336828488.921916,68.4603358726,26866950301.823432,31105968224.011454,31112294020.03417,18303998930.148409,30999035551.598327,31112105645.03149,12257863761.264006,30246096188.413152,31112320840.407819,31112320716.26387,31112320231.197618,31112309832.905344,31112242614.12719,31111017609.770617,29182712844.513859,30772144629.898566,31081335127.370107,22413167073.28608,31112141714.733605,31107373872.197528,31019089006.778388,18849973350.692702,27532149183.039211,9293951480.653217,30362460366.827482,12482932351.055657,13292249899.985355,29746998283.480939,22160460176.085587,31112320842.921916,26404532833.668753,2116,0.024490740741,4749,691432407.830769,26614520.1715935493561493686968,196518.12950451,7564.348535803281449273368872,201474.791542,7755.1396822501476818959824,187.914682434489,0.05923061754079169,0.05559115189935108,,
2019-01-29,3619,12493,197215,254299,984,112819,239370,52,44142,325061,312284,295162,281672,223596,24939,246715,73844,262481,157778,3472,119325,1165,201804,14673,9,240535,47895,59,1613988209,4320,842.095138888889,806900775.2359794701990477755648,0.275042421986,0.233441475338,1180505509.6778080833979522638048,,1001950702.1293676480526310116032,4292085203.2754346248763785210148,0.17987353,0.006825003387113513065696,0.171642,0.0065126716052714238144,281.861827,10.6947805159158384732064,0,0,0,0,0,0,0.589496645647,30.014696466136,17.76465476752566,25.474888471001,15.077700333873125,0.000011173531827473775,0.0379433448996832,-93.56291871106312,-11.575197059888644,0.0384918610556472,0.0000112056106561595,0.000364274601506396,0.0337500622630663,0.0384918610556472,0.005107260911,30343972070.060089,15032891248.602616,2321131759.224885,21265936816.306264,30343972070.060089,6111184005.266077,30343972070.060089,30343972070.060089,30343972070.060089,3923858721.306726,12389057764.614739,30343972070.060089,68.352139708,26843978158.257546,31105965161.73943,31112293681.235798,18340608609.036591,30999020664.394139,31112104419.218208,12276218493.242687,30244750740.453575,31112320558.543257,31112320434.186359,31112319948.379291,31112309537.469795,31112242212.354452,31111015050.94793,29178254802.260965,30771799240.7107,31081339378.379779,22407005989.533837,31112138322.931572,31107294429.883736,31017840391.093992,18863654754.426272,27473376508.944976,9293969390.783545,30353364900.71249,12474737017.034338,13297527738.915836,29742762334.106019,22184082354.86972,31112320561.060089,26406493807.501226,1567,0.018136574074,3462,1036569555.056562,39330916.1400222857391918811584,1076747.9615077,40855.41927351747135152436064,199998.82893,7588.624545623728327994976,187.92460013046,0.059064222115403145,0.055484240509405605,,
2019-01-30,3693,12452,197414,254457,989,113006,239532,52,44231,325346,312560,295413,281902,223766,24986,246878,73993,262673,157949,3472,120605,1191,202744,15012,9,240888,48663,63,1613988225,4320,833.191203703704,833246390.6383067963485775138728,0.284667515989,0.241610746152,1221421481.2387651651056728204226,,1036678015.131988939867589771186,4290694977.9399108866221396651397,0.18160346,0.007129470423451199823572,0.171246,0.0067228525939666797372,299.282496,11.7493670191561989919872,0,0,0,0,0,0,0.589670529295,22.343390675755,18.454267218508402,18.963889413152,15.663006918296404,0.000011419325049242055,0.0392584503811282,-92.16569105384386,-3.0774184358448617,0.0379433448996832,0.0000111735318274738,0.000364042197033474,0.0332382977282722,0.0379433448996832,0.005106094285,30345282884.777593,15025163523.402391,2307931489.408606,21224637818.074804,30345282884.777593,5928109252.678593,30345282884.777593,30345282884.777593,30345282884.777593,3898226300.421681,12337738561.093585,30345282884.777593,68.2193987446,26820959948.391776,31105970486.520553,31112293299.953339,18346018356.353565,30999041968.56087,31112104021.060802,12240117649.340756,30243419569.041314,31112320259.259695,31112320134.727086,31112319648.178362,31112309219.274513,31112241847.877898,31111015221.035043,29174235157.286013,30771634096.929969,31081321117.681927,22404791224.997886,31112142888.418485,31107491455.952105,31020690245.934865,18923162353.630313,27549324613.874022,9284382308.503136,30369638248.023784,12542415340.695707,13264214940.213905,29738032626.947968,22184919998.290023,31112320261.777593,26406493508.21873,1648,0.019074074074,3723,1392461901.296762,54665896.4596703641487125668884,2030536.44615797,79715.714318565058105084021754,313210.92788750003,12296.175671298542718846188933846,188.08281924381,0.05914297401575324,0.05495499923544074,,
2019-01-31,3623,12450,197624,254725,985,113160,239775,51,44329,325614,312804,295636,282107,223999,25057,247139,74120,262931,158168,3469,119698,1167,202218,14669,9,240945,48104,58,1613988240,4320,849.948611111111,804863767.6486484374533481427776,0.276229079267,0.234448646564,1181589321.3123622636296245983643,,1002870580.863388532012189723925,4277570357.3604964041070668473023,0.18120729,0.006881923267676629000719,0.171246,0.0065036115925388653506,277.97198,10.556870183998351076578,0,0,0,0,0,0,0.589175257409,28.034987974152,18.20741586793632,23.794616426382,15.453492510594117,0.000011136866645933836,0.0379781810526311,-92.33766387671223,-9.723640687041613,0.0392584503811282,0.0000114193250492421,0.000364618667559662,0.0342567000294552,0.0392584503811282,0.005113720063,30345282606.805613,15056039289.171387,1610491973.506018,21192794002.778816,30345282606.805613,5959735319.136876,30345282606.805613,30345282606.805613,30345282606.805613,3938778200.447058,12319736584.73076,30345282606.805613,68.1170482105,26805264749.432405,31105965421.903249,31112293057.022368,18330609135.052233,30998912921.254496,31112103435.824518,12212692570.441133,30242434580.095168,31112319981.283424,31112319856.598193,31112319369.365946,31112308968.550603,31112241545.102814,31111013960.379305,29171935980.082987,30771322744.417411,31081317949.353297,22390790265.730133,31112137473.610971,31107296011.541482,31017817660.720022,18856250342.18846,27445589386.240271,9281071696.149572,30351641025.100513,12411211094.232784,13256585275.499243,29733342227.456394,22177018132.402582,31112319983.805613,26406493230.24675,1534,0.01775462963,3439,1109767552.33462,42146953.028899457949898618682,1488373.57702545,56525.721182224720276234161495,225026.8949815,8546.11215931881166396082465,188.160881590783,0.059158008004331346,0.05475004963242405,,
2019-02-01,3303,12422,197885,254965,984,113376,240029,51,44408,325872,313043,295856,282306,224261,25055,247385,74260,263102,158413,3473,120372,1178,202761,14797,9,241288,48481,60,1613988257,4320,831.543287037037,813943711.4797220122745550932688,0.280228199844,0.237842888457,1197469175.2613928995330777269176,,1016348560.3538268555071087709264,4273192976.0325001611974249049504,0.18042002,0.006944111348621625916848,0.171246,0.0065910162963403892304,249.340464,9.5967617436966361412736,0,0,0,0,0,0,0.589112368398,37.570631036397,18.618820764120343,31.887966349607,15.802671225310618,0.00001117214165830615,0.0384885854054424,-90.60718141561074,-14.516127375911047,0.0379781810526311,0.0000111368666459339,0.000359168294064542,0.0331949905832127,0.0379781810526311,0.005115478637,30345762683.465149,15061815519.598326,1472289775.649217,21147665026.021662,30345762683.465149,5947450884.335829,30345762683.465149,30345762683.465149,30345762683.465149,3051670772.859897,12320596946.395708,30345762683.465149,67.9719969662,26795753648.645485,31105965139.305337,31112292907.75069,18328652365.117763,30998839039.29369,31112103454.636739,12220133409.146414,30240813497.394774,31112319731.940131,31112319607.112039,31112319119.220906,31112308702.690491,31112241422.413807,31111014463.344668,29165164925.843034,30770720216.49773,31081309216.955968,22399605039.824746,31112139814.724883,31107369396.865358,31018942734.046059,18886554742.123019,27476900221.814485,9261613932.489401,30357799859.84447,12470822878.938065,13254847066.499869,29729246311.942949,22183788307.254757,31112319734.465149,26406492980.906286,1382,0.01599537037,3138,828102133.933399,31872479.7063247283774937307176,942760.23198764,36285.507705710972171025531936,194913.1301205,7501.9306552849717600678092,188.168862346184,0.05910242503876219,0.05318361183150165,,
2019-02-02,2344,12452,198101,255217,983,113566,240266,51,44518,326141,313287,296087,282528,224478,25122,247627,74437,263300,158612,3473,120749,1180,203142,14903,9,241580,48716,61,1613988274,4320,761.609259259259,817747504.2219712991398018528274,0.281889226574,0.239252679931,1204209896.804291987929086011306,,1022069727.5713193841753454971358,4271925931.4802442471108445748795,0.18310634,0.007087175432033900180036,0.172081,0.0066604369653165782074,177.796259,6.8816474552019127966286,0,0,0,0,0,0,0.588288403884,57.321462331772,19.096604887409658,48.6514282476,16.20818912600582,0.000011180233582079292,0.0387052432593754,-90.32804096488556,-8.357569250411949,0.0384885854054424,0.0000111721416583061,0.000360937818592313,0.0336270683102946,0.0384885854054424,0.005121373349,30346141119.66889,15053456213.054739,1385477199.861939,21127564003.202381,30346141119.66889,5909900903.530253,30346141119.66889,30346141119.66889,30346141119.66889,2975872606.781017,12309774627.331401,30346141119.66889,67.9073894337,26784806310.028309,31105962317.283646,31112292774.955742,18303016813.130044,30998807267.428116,31112103054.318004,12205908610.938887,30239354918.971964,31112319554.139652,31112319429.208731,31112318941.002763,31112308511.426964,31112241235.33619,31111012739.182238,29161272610.026536,30770607852.543192,31081294592.89508,22377214557.681913,31112140862.035151,31107409437.474843,31019395425.335015,18868699116.05729,27486208085.142285,9249047063.878598,30359665796.481766,12482739167.396738,13241063999.663342,29723334603.012697,22164423777.938951,31112319556.66889,26406492803.110027,971,0.011238425926,2117,542769118.076456,21008010.7488258791675360055824,920934.17760031,35644.981369892826114081446374,274792.856129,10635.9243424114913226018266,188.103408750657,0.05910948698603093,0.05203910012420421,,
2019-02-03,2470,12441,198339,255471,983,113757,240509,51,44604,326465,313594,296377,282797,224721,25160,247878,74575,263568,158835,3473,120077,1161,202783,14608,9,241678,48294,57,1613988291,4320,782.745601851852,796079759.4898390885171716222799,0.275054610731,0.233451818904,1173658259.2588921124624991489122,,996139110.9503385380356307710641,4267000855.3632036430350784454803,0.18034585,0.006803234239078261441895,0.171949,0.0064864776437897959763,189.543484,7.1501990211750512826308,0,0,0,0,0,0,0.588073862712,46.537872299631,18.837411525860563,39.498886811692,15.988199479655503,0.00001105274708216316,0.0377232647109887,-91.6537731009838,-13.291735445296167,0.0387052432593754,0.0000111802335820793,0.000356496636073727,0.0338070274582925,0.0387052432593754,0.005125678039,30346531931.125406,15069840281.749094,1259663933.466571,21103151214.214577,30346531931.125406,5891650336.966693,30346531931.125406,30346531931.125406,30346531931.125406,2930309995.041185,12263415517.916634,30346531931.125406,67.8289232159,26771540670.416747,31105961046.935453,31112292553.817799,18296341828.15493,30998735948.389351,31112102642.637993,12206750861.987462,30238063289.90269,31112319364.59341,31112319239.548165,31112318750.478887,31112308319.849354,31112241002.647601,31111012380.025262,29156719090.79783,30770232633.901202,31081282166.594123,22369433488.443635,31112136680.015763,31107252058.694535,31017066706.489351,18812374989.770117,27398888034.64829,9248892573.485076,30345111633.973157,12378871676.175745,13242218448.463549,29719081010.721569,22159686555.809343,31112319367.125406,26406492613.566543,1051,0.012164351852,2352,668537641.059542,25219422.4029490509030783891754,796314.23107001,30039.572531781409652606018887,302677.105001,11417.9685539084446684244887,188.09536926787,0.05906051404375984,0.051825731669377366,,
2019-02-04,3228,12419,198583,255777,984,113960,240764,51,44698,327012,314124,296894,283295,224980,25221,248148,74731,264032,159080,3475,120034,1153,202881,14507,9,241909,48234,55,1613988307,4320,790.585648148148,788088238.935775671487717353685,0.27310816228,0.231799775962,1164364550.388282625046579572469,,988251100.4619857208924014391955,4263382466.0057291561072673664142,0.17849704,0.00668017144608611634788,0.172081,0.0064400540345876042945,259.356204,9.706289293794932359038,0,0,0,0,0,0,0.587804981893,50.339121466856,18.91418216385427,42.725186170706,16.05335831594513,0.000010970476148565653,0.0374245502675345,-90.43864476347068,-15.576845012767675,0.0377232647109887,0.0000110527470821631,0.00035580693992293,0.0329424825059254,0.0377232647109887,0.005130709433,30346531671.769202,15070830269.600433,1245463715.933201,21058055028.10373,30346531671.769202,5848859629.797246,30346531671.769202,30346531671.769202,30346531671.769202,2887677817.000328,12255800724.00954,30346531671.769202,67.6839773826,26752594385.329886,31105957516.489554,31112292015.311908,18287976169.776841,30998647914.64054,31112101730.501144,12201790088.207527,30236662540.200687,31112319105.234116,31112318980.087288,31112318490.380891,31112308044.441561,31112240272.131444,31111011624.263654,29153689444.054984,30769830561.572782,31081275460.692476,22360693684.685416,31112135127.780551,31107209694.647373,31016325856.270104,18779887917.280532,27359336866.944759,9242387237.746263,30339607380.348345,12320560843.080618,13237821441.483614,29715763049.187133,22155063467.819947,31112319107.769202,26406492353.210339,1453,0.01681712963,3200,618054471.376777,23130410.6321146536479003463065,457641.46749381,17127.026104730348220722711445,61419.329018,2298.590766232381379166121,187.917666980826,0.05867555065719012,0.05163697501547384,,
2019-02-05,2757,12384,198741,255950,984,114105,240930,51,44807,327283,314376,297136,283525,225135,25255,248319,74863,264220,159246,3481,120322,1160,203116,14554,9,242097,48438,57,1613988322,4319,803.736976151887,790872700.6725319957137618656772,0.274127314543,0.232664778261,1169890245.4389793189128712899592,,992941017.20062594208091960917,4267689439.8081101076576791014702,0.18217261,0.006850082764827232089724,0.171661,0.0064548235736042179324,214.417164,8.0625474905340273416976,0,0,0,0,0,0,0.58749090761,48.083355314764,19.17596427502013,40.810611014836,16.275545118248868,0.00001097403742110865,0.0376021552571884,-87.94175679016016,-23.20894410066398,0.0374245502675345,0.0000109704761485656,0.00035297296690447,0.0327847002191804,0.0374245502675345,0.005133449728,30346531457.352038,15051262217.988285,1245772317.244539,21032642816.965683,30346531457.352038,5809354575.808068,30346531457.352038,30346531457.352038,30346531457.352038,2776876118.963154,12193309752.595293,30346531457.352038,67.6022989127,26738038673.042996,31105957290.956862,31112291774.452537,18278204464.50306,30998592879.954909,31112101338.539045,12203713551.089123,30235885797.773173,31112318890.813654,31112318765.586147,31112318275.753209,31112307811.231005,31112239988.254168,31111010437.216708,29148461025.449097,30769658024.974032,31081274608.404854,22363603100.091485,31112135330.595262,31107229922.681669,31016654724.050023,18789140434.169984,27367098018.847478,9240732876.805126,30341361397.221183,12375834365.277406,13239164976.032777,29710792222.948148,22153915868.940182,31112318893.352038,26406492138.793175,1177,0.013622685185,2579,647049663.853201,24330461.9193196290150976000684,475097.41998198,17864.686948452054456193465032,216950.277007,8157.7979991072447079871188,187.855006503415,0.05824207904550751,0.047735111991410784,,
2019-02-06,2818,12375,199044,256331,981,114338,241281,51,44943,327760,314836,297583,283962,225470,25301,248684,75064,264629,159517,3484,119466,1126,202681,14146,9,242295,47922,55,1613988337,4320,805.592592592593,763529444.5430766827594477661295,0.265223499315,0.225422678168,1130581529.0790803974464295578282,,960920570.1225311341913042276212,4262750216.3163844475990557994028,0.17868269,0.006493098473709162501281,0.172081,0.0062532015745584890869,221.74522,8.057935268012264953378,0,0,0,0,0,0,0.586658574559,40.545247385342,18.673133393071065,34.460816165127,15.870945636852737,0.000010790984833309896,0.0363387101106949,-89.97441278496991,-23.97018719354146,0.0376021552571884,0.0000109740374211086,0.000354284142552875,0.0330095999951152,0.0376021552571884,0.00514076274,30346531235.606818,15047000089.338593,1373073863.762704,21011462493.225955,30346531235.606818,5901977230.828714,30346531235.606818,30346531235.606818,30346531235.606818,2117921835.677658,12209490858.87736,30346531235.606818,67.5342224249,26720691491.075449,31105948911.170667,31112291498.810393,18252308523.094882,30998481095.382913,31112100749.4985,12194234658.258898,30234306102.685835,31112318669.065657,31112318543.762674,31112318053.542192,31112307576.900417,31112239623.46228,31111008662.896178,29141651574.973533,30769356915.477252,31081246609.856917,22351751323.534481,31112130616.46443,31107021935.655005,31013599725.504822,18680522435.870018,27242190929.380999,9239516255.695818,30322158904.411107,12312975412.754779,13229999983.225342,29704888558.927611,22144102340.073178,31112318671.606818,26443441916.220388,1241,0.014363425926,2836,767348103.118354,27884440.2732094832232158841946,509145.6546722,18501.69634925304819137371178,239835.535371,8715.3139940900820143393079,184.438962311163,0.058069574691888844,0.04788046508239118,,
2019-02-07,2738,12333,199247,256597,982,114518,241506,51,45048,328117,315177,297912,284278,225691,25343,248926,75215,264930,159705,3483,119462,1121,202748,14046,9,242495,47920,55,1613988354,4320,770.210648148148,757481478.1198961376160033898847,0.263430137357,0.223898437185,1122411143.3626647619313578156548,,953976273.9341697634076730882158,4260754500.6988259308429915898299,0.17909574,0.006461076006621411715902,0.172081,0.0062080115378256297413,212.765742,7.6757583997654080260166,0,0,0,0,0,0,0.586468635408,71.042241433634,20.286278319206353,60.381272206322,17.242013603828717,0.00001074053546391299,0.0360761010095573,-89.08414040461905,-25.29586866404253,0.0363387101106949,0.0000107909848333099,0.00035145617558899,0.0320047667709595,0.0363387101106949,0.005142971161,30346531022.841076,15071317495.660029,1357658539.28993,20996766749.245539,30346531022.841076,5892436567.418581,30346531022.841076,30346531022.841076,30346531022.841076,1962461066.319828,12216599597.202984,30346531022.841076,67.4869883999,26697877594.310153,31105944188.493492,31112291224.008012,18246398950.930623,30998439529.036273,31112100072.204253,12194028184.609565,30233240773.664975,31112318456.298342,31112318330.900581,31112317840.416532,31112307355.531088,31112239194.242666,31111007737.211844,29136395901.458627,30769102682.365463,31081233184.420879,22345224286.35937,31112129250.495377,31106979802.169618,31013050668.898136,18657808519.248071,27203819692.626559,9231812015.282644,30318161097.647661,12312768939.105446,13227136209.052326,29700070284.15758,22142634333.851015,31112318458.841076,26443441703.454646,1188,0.01375,2613,437941115.46868,15799207.917886296639548815364,325755.48031803,11751.987612370105253073508119,197941.14663099998,7140.944799807547930174436108854,181.034258295391,0.058047463560588056,0.047741291792810385,,
2019-02-08,3339,12327,199394,256760,974,114607,241655,51,45113,328408,315434,298142,284490,225842,25345,249082,75321,265110,159814,3486,123714,1224,205781,15432,9,243271,50545,64,1613988369,4320,846.911805555556,843550759.3331960734774735294384,0.293579747247,0.249523638988,1252237774.9475546594898327895888,,1064320442.4494862089423672361408,4265409268.4946636520407969959457,0.18609876,0.007490277510549488279136,0.172081,0.0069260775530845369016,281.753518,11.3402799642168515026448,0,0,0,0,0,0,0.585679823743,69.994109896304,22.679150119446803,59.490428658257,19.27579855233074,0.000011141637476479148,0.0402489383086136,-89.72919696965886,-22.582962727501936,0.0360761010095573,0.000010740535463913,0.000349239414041277,0.0318142303110614,0.0360761010095573,0.005145309048,30346530741.087558,15046466966.214948,1219354357.86419,20958335667.519194,30346530741.087558,5821857744.833523,30346530741.087558,30346530741.087558,30346530741.087558,1922555145.6935,9160653211.092719,30346530741.087558,67.3634653266,26693901293.521894,31105942485.675862,31112290909.167447,18221857026.193353,30998394942.384791,31112099608.77633,12203852892.002159,30232566104.631509,31112318174.538987,31112318048.983308,31112317558.017203,31112307057.980271,31112238824.146978,31111007354.334879,29132160751.240604,30769173473.301925,31081204562.02917,22343810601.885278,31112145050.501653,31107729287.333537,31023850415.453914,18923163424.809461,27564174136.379789,9246734340.977309,30384117653.899637,12557345965.237904,13236600279.44492,29697860603.696281,22141184062.991683,31112318177.087558,26443441421.701128,1514,0.017523148148,3302,444499090.326035,17890616.464767446963072835076,281031.9299993,11311.23681329244137543197048,184553.7688085,7428.0932553954533585588956,180.959973848558,0.05868022194121248,0.0502699831945789,,
2019-02-09,3314,12322,199416,256721,974,114757,241604,51,45199,328465,315471,298166,284496,225811,25359,249028,75465,265091,159882,3489,124206,1233,206047,15569,9,243311,50870,64,1613988388,4320,814.230555555556,853443205.6311761918869269879834,0.297820637889,0.253128119085,1267490766.8395211173820158387257,,1077284489.2209336410508002643087,4255886280.4908463554587315380655,0.18475589,0.007526806113369044380791,0.172081,0.0070104413060642262939,260.690555,10.6203231900837862297545,0,0,0,0,0,0,0.585470154772,64.17486552905,23.046467165005463,54.544450374713,19.587994057035516,0.000011249980119421746,0.0407391943681419,-89.20944176254561,-7.081061006845229,0.0402489383086136,0.0000111416374764791,0.000342539826416498,0.0355041087759336,0.0402489383086136,0.005137924149,30346990457.397003,15056087803.913708,1293480016.779088,20948946557.926286,30346990457.397003,5804498762.910381,30346990457.397003,30346990457.397003,30346990457.397003,1899816730.940857,9157449102.976281,30346990457.397003,67.3332877808,26682960683.77157,31105953575.937374,31112290613.215071,18215333585.830614,30998601291.857045,31112099425.519971,12199471703.069391,30231586137.754834,31112317913.844983,31112317788.200822,31112317296.762275,31112306786.352851,31112238462.059748,31111008926.509697,29126937524.109796,30769366143.039581,31081239616.091682,22338479162.12941,31112147097.417119,31107800249.404089,31024893510.463282,18939130693.985749,27588938251.899626,9249120001.133465,30389075353.728134,12551898134.305136,13230686997.09616,29692744651.440256,22132795510.949981,31112317916.397003,26443441161.010573,1411,0.016331018519,3047,484805346.453176,19750579.2398703103535744736744,289984.68059302,11813.742266462588110287509538,136267.450657,5551.4261583667086510242283,178.81026531355,0.058326420875520035,0.039997828113792815,,
2019-02-10,3059,12323,199618,256979,975,114895,241837,51,45264,328781,315772,298445,284754,226030,25336,249281,75565,265325,160054,3491,125582,1264,207058,15935,9,243841,51713,65,1613988404,4320,837.345138888889,887946334.8679902252428339096142,0.309812641011,0.263320539267,1318865655.9753568636427261553246,,1120949792.8142281276318534215666,4256978190.6590952213724475814362,0.17779425,0.00753678117830785927905,0.171661,0.0072767898503438971266,256.201512,10.8605015825630758518672,0,0,0,0,0,0,0.585634015608,88.430454672701,24.199599296283722,75.160119148394,20.568081134310347,0.000011639265827094588,0.0423904663863306,-88.93032526901615,-2.4748917381666624,0.0407391943681419,0.0000112499801194218,0.000344943498682156,0.0359671062748954,0.0407391943681419,0.005142852545,30379712354.195491,15080769599.186392,1310457556.587506,20946840423.400507,30379712354.195491,5737908333.973569,30379712354.195491,30379712354.195491,30379712354.195491,1917865519.152696,9166181293.240182,30379712354.195491,67.3265188797,26678171689.76133,31105950809.842173,31112290373.755014,18220431526.218062,30998507755.990421,31112098827.84393,12202323482.112215,30230497661.3689,31112317657.639411,31112317531.831717,31112317039.537682,31112306512.85004,31112238192.778727,31111007626.444651,29119094342.338552,30769015521.773766,31081215633.493572,22334349169.560198,31112153642.072671,31107991956.41584,31027783522.243161,19014937791.098043,27672672359.367197,9258416532.616329,30406734832.20745,12579183128.325189,13232770714.738984,29689696601.737166,22129723381.355599,31112317660.195491,26443440904.809061,1441,0.016678240741,3072,351828086.549462,14914156.6766419820027975841372,210368.17730532,8917.605148814803238390658792,177473.967325,7523.204246339147731047645,173.997573512788,0.05806438592562501,0.04070825848122852,,
2019-02-11,3048,12253,199739,257172,979,114964,241993,50,45287,329119,316082,298739,285022,226166,25317,249453,75620,265558,160167,3476,124848,1245,206636,15683,9,243741,51206,65,1613988420,4320,822.180787037037,863779400.7715737334561539012576,0.301862681622,0.256563591926,1285400410.875855867529266365112,,1092506515.564515594244225198576,4258228953.5431490514154771370743,0.18151195,0.00749913714056890725364,0.172081,0.0071094989519215573912,238.143681,9.8388680358449898617112,0,0,0,0,0,0,0.58634134342,60.404954586544,23.66652532851106,51.340271793761,20.115003000935037,0.00001150632962350994,0.0413148398249752,-88.25891272321836,-4.4968749347200285,0.0423904663863306,0.0000116392658270946,0.000343026360640569,0.0375045158312705,0.0423904663863306,0.005143766375,30379712116.05181,15018631081.787742,1463251508.893524,20907243122.104788,30379712116.05181,5688541768.481143,30379712116.05181,30379712116.05181,30379712116.05181,2060757693.778141,9179770575.741789,30379712116.05181,67.19924729,26661509091.47065,31105946753.121175,31112290031.477084,18242437994.147408,30998418564.50349,31112098049.282233,12172223093.314244,30230044908.497477,31112317419.4892,31112317293.572123,31112316800.144712,31112306256.972912,31112237704.801541,31111005556.475339,29117372686.952574,30768890024.82992,31081211517.754101,22328405691.486152,31112146744.029536,31107858004.843619,31025775757.064249,18981256414.70817,27614485737.00181,9258863754.149828,30393596326.56406,12580101414.013205,13232729412.033569,29690434050.814454,22143085290.270087,31112317422.05181,26443440666.66538,1312,0.015185185185,2845,515062342.733428,21279718.1899080569470703109856,296016.33063416,12229.867285727219868422272832,155149.0262675,6409.957169242632407336066,171.008346023167,0.0580735337017568,0.04095669785739125,,
2019-02-12,3204,12166,199874,257334,980,115103,242126,50,45366,329385,316324,298974,285233,226289,25341,249597,75740,265749,160285,3487,124936,1246,206742,15647,9,243871,51272,64,1613988438,4320,798.96875,860501167.3479189296983041162854,0.300896344723,0.255754357344,1282347284.6006209192927287725554,,1089963076.7085039330161875657383,4261757602.2036253894365769999333,0.17958825,0.007402036416983702196975,0.171661,0.0070753012704107273323,248.729732,10.2518206745184971501276,0,0,0,0,0,0,0.585955504592,57.339726471678,24.22037404452785,48.737331480496,20.58671136097603,0.00001148768901902002,0.0412167077577943,-88.89360531756566,3.6660354769512518,0.0413148398249752,0.0000115063296235099,0.000345076486767287,0.0366938163191913,0.0413148398249752,0.00514518642,30380097372.322078,15012021012.223543,1542674271.691373,20877484257.223178,30380097372.322078,5627371328.144151,30380097372.322078,30380097372.322078,30380097372.322078,2141344943.016003,9189730133.957951,30380097372.322078,67.103598041,26628759083.746689,31105947926.638619,31112289727.825033,18230433508.318391,30998423220.746334,31112097471.148015,12179612374.847909,30229089950.881496,31112317170.75541,31112317044.776795,31112316550.425583,31112305995.102085,31112237311.086469,31111004381.195103,29113070460.677886,30768798061.584175,31081201401.443708,22330469355.491612,31112146101.268138,31107851968.409371,31025660151.428424,18968777522.219218,27597063621.064322,9254005687.458326,30392430943.034931,12563344360.486223,13240427924.909982,29686711000.335003,22136020600.233636,31112317173.322078,26444690418.108081,1385,0.016030092593,3170,542596190.944326,22364028.6326446387538038601418,315096.75511655,12987.250871068117176667425665,228613.655134,9422.7022130992485007109362,168.28018064099,0.058072154260095085,0.03785490080681985,,
2019-02-13,3603,12111,199991,257308,975,115236,242179,51,45414,329346,316260,298895,285122,226376,25363,249594,75845,265607,160441,3487,124735,1234,206610,15534,9,243884,51126,63,1613988454,4320,848.021759259259,847845482.0265988047648890287142,0.297483532784,0.252853552294,1267565360.9990886553972029124472,,1077398810.2580476147508051108033,4260959755.1033324330152170398826,0.18373261,0.007485559266452652886807,0.172081,0.0070108541109302206147,266.596022,10.8615466948491904130114,0,0,0,0,0,0,0.5854058375,81.123084546724,24.689779332020134,68.952590110393,20.985694068576986,0.000011392791005216211,0.0407415932667187,-88.47053982606661,-6.9378782422066445,0.0412167077577943,0.00001148768901902,0.000341116862962884,0.0364475178082139,0.0412167077577943,0.005147552508,30384256590.726056,15015658866.110222,1568006380.051674,20810317271.494466,30384256590.726056,5659325360.806093,30384256590.726056,30384256590.726056,30384256590.726056,2285847615.004618,9190544773.928635,30384256590.726056,66.8877131005,26606806106.612253,31105955982.143771,31112289616.937672,18213331935.355405,30998394151.276703,31112098532.621491,12215394863.685733,30227884042.078695,31112316904.157867,31112316778.062142,31112316282.825771,31112305713.410167,31112237343.292293,31111007206.130183,29110709589.540582,30768659390.604906,31081227369.366835,22325881142.942919,31112146137.451665,31107799077.378041,31024822904.080072,18935616536.147039,27563172541.896224,9258724407.263559,30386546820.714173,12543627338.911204,13245241520.701472,29682696863.264532,22131441161.862273,31112316906.726056,26444690152.512059,1451,0.016793981481,3275,383519895.484332,15625211.5915171201685929014084,227065.41668729,9251.006851611570206762295323,120385.221182,4904.6857167210126188755034,165.92816337197,0.05701696167558052,0.03336625329413161,,
2019-02-14,2787,12044,200200,257555,974,115382,242415,51,45447,329672,316567,299194,285405,226608,25392,249830,75944,265872,160610,3482,124354,1221,206252,15345,9,244008,50859,62,1613988470,4318,776.027790643817,831218718.5991624990505728928426,0.292986157486,0.24903089561,1246771176.3131477390806830364354,,1059724272.7166302448850982043152,4255392770.1286535274306965254665,0.17980541,0.007205384440827200717906,0.171661,0.0068790115853401635826,225.475987,9.0355522034067616670542,0,0,0,0,0,0,0.58529722656,81.397007684713,24.719143966336,69.18541782869,21.010653245422525,0.000011250470432199732,0.0400732349534266,-89.68948084491203,-5.489930400087938,0.0407415932667187,0.0000113927910052162,0.000337571605039629,0.0362175462087448,0.0407415932667187,0.005150462773,30385401777.250069,15021851744.363106,1485033962.458473,20742491080.772761,30385401777.250069,5665022751.183719,30385401777.250069,30385401777.250069,30385401777.250069,2162650923.148094,8870741526.535524,30385401777.250069,66.6697092771,26584272367.777884,31105951563.171661,31112289352.354757,18209952665.390634,30998300295.584498,31112098251.317104,12221615865.026414,30226159434.927707,31112316678.677118,31112316552.530342,31112316056.96181,31112305476.810506,31112237028.038591,31111006709.81568,29109431045.329414,30768249364.179536,31081193786.390549,22323481534.977636,31112143068.870523,31107654183.441417,31023429500.455547,18903240853.72828,27512455155.636483,9257327005.795719,30377463306.059924,12524005865.251885,13250429046.770153,29681273052.861176,22137114796.420415,31112316681.250069,26444689927.036072,1254,0.014513888889,2755,382229243.632175,15317162.286142686880746260855,402049.29114828,16111.415707043641829434696248,147912.590688,5927.3359992102434288515008,163.875058868236,0.05664025064802479,0.03301140913793421,,
2019-02-15,2905,11996,200374,257784,975,115480,242621,50,45489,330011,316887,299500,285701,226794,25405,250046,76033,266142,160752,3476,124535,1221,206461,15325,9,244220,50939,62,1613988490,4320,815.728935185185,832034348.730030496252246507187,0.293594923526,0.249548331156,1248771096.1059311913651151466501,,1061424153.00025722039783660818,4253381090.8909054873254086845769,0.17856192,0.007167031904785029395136,0.171246,0.0068733890493942781518,240.701472,9.6611591617782807161376,0,0,0,0,0,0,0.585611046864,66.408298208831,25.060451736038004,56.445390110565,21.300756272045835,0.00001125874837495731,0.0401375159092433,-89.69741237637562,-9.329417044009643,0.0400732349534266,0.0000112504704321997,0.000334833967080143,0.035559017472705,0.0400732349534266,0.005153951067,30385858710.548597,15048434171.73593,1455857354.631327,20729592499.23139,30385858710.548597,5651946451.504991,30385858710.548597,30385858710.548597,30385858710.548597,2247923242.448591,8893730291.211347,30385858710.548597,66.6282516728,26569644152.039144,31105946924.307583,31112289040.579634,18219716201.100245,30998190266.88787,31112097687.445565,12199680101.041072,30225031084.795503,31112316437.973744,31112316311.71699,31112315815.842571,31112305226.964407,31112236629.968772,31111004697.896764,29106693646.407877,30768049086.639028,31081165005.200845,22319676387.634387,31112142653.58496,31107658428.676383,31023529823.987001,18909981248.495529,27505096280.649346,9264328747.461694,30377284490.973165,12532703490.456543,13258945513.058811,29679914594.557551,22143433682.640824,31112316440.548597,26444689686.3346,1348,0.015601851852,2891,468500432.622311,18804443.5678653765061027072663,371840.94514726,14924.771851556213499713668358,222655.3742115,8936.83362469260163329915795,161.786978474614,0.056588843830861386,0.03191389179313979,,
2019-02-16,2739,11976,200576,258035,976,115653,242859,50,45580,330393,317241,299842,286018,227017,25453,250295,76163,266427,160951,3478,125162,1232,207202,15466,9,244564,51330,62,1613988524,4320,799.099537037037,842295896.2824986219405838122844,0.297710743941,0.253046675106,1266073847.1664397037472397820532,,1076131056.6852917245790881134136,4252697871.7834432565878666864995,0.18184141,0.007399791512730495795388,0.172081,0.0070026047603908067308,216.936798,8.8279511066226883898664,0,0,0,0,0,0,0.585396838491,85.427654900263,25.335636390640754,72.611366820123,21.534656309246344,0.000011351925071283014,0.0406936545021868,-89.63069777032129,-9.555011206017223,0.0401375159092433,0.0000112587483749573,0.000333478792214763,0.0356440756110708,0.0401375159092433,0.005157875398,30385858493.611799,15052974742.020597,1976994478.820748,20698457943.540933,30385858493.611799,5538869597.464396,30385858493.611799,30385858493.611799,30385858493.611799,2800360749.678994,8857967548.713437,30385858493.611799,66.5281806561,26553079668.178583,31105941256.54344,31112288744.73827,18213051555.429735,30998134385.957279,31112097190.401765,12198814614.038536,30223881646.473681,31112316221.034362,31112316094.684445,31112315597.732782,31112304997.569438,31112236341.7794,31111003118.044339,29102758446.059679,30767684031.120483,31081164392.715634,22312620759.265721,31112144793.712135,31107786754.587833,31024603025.296586,18927372715.490614,27527956906.049992,9261502963.201286,30383614932.313066,12531773256.664007,13258199565.434275,29676008210.752907,22137378054.546895,31112316223.611799,26444689469.397802,1193,0.01380787037,2703,364194899.882661,14820421.4272835186816879030748,276796.85076224,11263.875412211955559326866432,249999.828754,10173.4066569211411185192472,159.889280787552,0.056208425573829796,0.03186456244944074,,
2019-02-17,2786,11947,200786,258246,975,115849,243053,50,45678,330683,317511,300093,286256,227226,25527,250498,76310,266638,161171,3479,125744,1246,207667,15589,9,244792,51661,63,1613988567,4320,770.100694444444,851879706.2367738871303440883396,0.301720890984,0.256455199353,1282407042.7846170380492063260824,,1090013862.602103133791713515722,4250309080.6984493828748642903023,0.18116807,0.007467499646016098154524,0.171246,0.0070585255138042412472,199.647217,8.2291847690136519848644,0,0,0,0,0,0,0.584938554978,125.100193236605,25.83114810904986,106.332030543132,21.955828833140124,0.000011377695253617129,0.0412186300048132,-90.00978763872523,-6.151004674559592,0.0406936545021868,0.000011351925071283,0.000334088865296814,0.0361098208101777,0.0406936545021868,0.005161149156,30386627806.964582,15055248750.427303,1935531168.972314,20667346443.520753,30386627806.964582,5570247718.821916,30386627806.964582,30386627806.964582,30386627806.964582,2812245625.771082,8883813570.119778,30386627806.964582,66.4281837058,26532089725.570714,31105943291.220216,31112288532.27269,18198793177.088573,30998097248.317284,31112096707.03023,12187613499.354581,30222466773.130315,31112316021.383885,31112315894.888874,31112315397.51826,31112304785.644518,31112236069.923346,31111003938.086476,29100581724.813826,30767271813.233816,31081173795.884488,22303697545.867001,31112145152.245231,31107850703.042458,31025510451.90622,18950945379.44797,27542825360.929734,9250340025.175604,30387942294.532719,12544375898.304073,13245816216.85732,29670973214.169885,22130493072.398172,31112316023.964582,26444689269.750585,1102,0.01275462963,2614,248699184.381923,10251039.6635373017397570717836,144403.35347044,5952.108398152324518123921808,301250.956235,12417.151703646639152550302,157.910601945334,0.05618969227615499,0.03174749923882732,,
2019-02-18,4520,11902,201011,258509,973,115960,243302,49,45743,331052,317856,300424,286561,227468,25539,250755,76432,266915,161339,3485,128769,1374,209811,16480,10,245537,53611,66,1613988583,4320,905.09375,934677631.3932400919786315516926,0.33243061109,0.282557691617,1405556124.0137426491724810260122,,1194687494.4438057165318918389244,4228118822.7674812726855869944742,0.18143336,0.008196585973145479975664,0.171817,0.0077621492108614255558,349.622079,15.7948209118398120309546,0,0,0,0,0,0,0.584793382603,68.533648203361,28.610397479533127,58.251884117838,24.318121130772155,0.00001168528986013524,0.0451768405388374,-87.62074085854968,-0.5619084554498444,0.0412186300048132,0.0000113776952536171,0.000310366082145984,0.0365745931742931,0.0412186300048132,0.005165896222,30388972537.342503,15096822862.772492,2036575785.282316,20689309394.925949,30388972537.342503,5575683480.636011,30388972537.342503,30388972537.342503,30388972537.342503,2876321809.578453,8895330698.772902,30388972537.342503,66.49877692,26517977444.573123,31105939051.350278,31112288142.728413,18194276323.826175,30997970966.94916,31112096182.294415,12155351298.162044,30221309218.500814,31112315671.758667,31112315545.173642,31112315047.021377,31112304421.562103,31112235636.613884,31111002906.665468,29098287725.269219,30767169288.419194,31081135803.363123,22309742178.088165,31112156259.607258,31108291202.731235,31032130957.206964,19246364118.051123,27746980141.574218,9487729941.871239,30430493301.542144,12609536172.957446,13238626662.49639,29669679953.183192,22134534355.473694,31112315674.342503,26444688920.128506,1927,0.022303240741,4443,453971392.009113,20508993.1859897410874912252262,244650.95614013,11052.557233216755703261684862,200006.072613,9035.6424492366350710001262,155.802790140147,0.056533001480536645,0.0355376269690249,,
2019-02-19,5080,11883,201228,258768,970,116101,243530,48,45807,331493,318271,300826,286940,227699,25475,250982,76564,267260,161557,3482,129502,1389,210386,16644,10,245917,54068,68,1613988598,4320,909.135648148148,948997269.500339486337515562873,0.33775745373,0.287085373738,1428392922.4187247914750542706835,,1214098198.123828919456164180578,4229049297.4858508370954658626019,0.18153633,0.008334487703357113582395,0.172081,0.0079003854406519921515,417.170494,19.152653093991778568961,0,0,0,0,0,0,0.584686718988,43.561555903446,29.303140756277323,37.026231157942,24.90693550295825,0.000011785808310745927,0.0459108526836315,-87.73504003091806,6.849292358987076,0.0451768405388374,0.0000116852898601352,0.000312825652945452,0.0399516030428632,0.0451768405388374,0.005170012579,30389356735.172009,15087772375.696673,2244225236.8407,20670434418.628942,30389356735.172009,5585749667.910517,30389356735.172009,30389356735.172009,30389356735.172009,2988724427.520654,8874202870.78522,30389356735.172009,66.4381105931,26513948037.782911,31105935571.96793,31112287583.692493,18190957527.827005,30997845619.171567,31112095603.5114,12124489688.198689,30219756812.373553,31112315254.581862,31112315127.914765,31112314629.264824,31112303988.204046,31112234900.656942,31111002301.420507,29090341636.26337,30766877534.319722,31081133963.884823,22309219367.551402,31112158955.361328,31108366638.078343,31033302308.212382,19283158573.088131,27784996453.868719,9505206179.065622,30437623341.511011,12651550992.527543,13239229538.891274,29668397429.232845,22141075334.719567,31112315257.172009,26444688502.958012,2298,0.026597222222,5092,714214968.035864,32790218.181939132716937760116,253230.17577828,11626.01329520672280712922382,140213.0435185,6437.30038530146602211743275,153.448427337768,0.05651056866265404,0.0340533587428099,,
2019-02-20,3764,11804,201482,259064,974,116288,243803,48,45939,331906,318658,301200,287295,227962,25570,251270,76727,267582,161769,3478,130369,1415,211088,16880,10,246254,54673,69,1613988614,4320,862.041435185185,969928820.896424802398382619421,0.345905221484,0.29401077171,1461143468.585482617086442355699,,1241935339.784556933774452016772,4224115098.1064044148941421184408,0.18122287,0.00851086179775807157317,0.171661,0.008061802834625388751,294.12472,13.81312879121873210152,0,0,0,0,0,0,0.584508391369,67.199085845405,30.048998217115056,57.117539315573,25.54089561587431,0.000011945096989108571,0.046963508511691,-86.51097356961637,10.072540580733893,0.0459108526836315,0.0000117858083107459,0.000320746961498518,0.0405324094623826,0.0459108526836315,0.005174204401,30391258669.047289,14925460348.132941,2173096510.104387,20652818574.127031,30391258669.047289,5554430921.224887,30391258669.047289,30391258669.047289,30391258669.047289,2950742824.50457,8368598359.341004,30391258669.047289,66.3814910548,26469262746.365484,31105933024.802067,31112287239.292677,18185409170.807432,30997791911.278321,31112094910.750266,12089709089.283336,30218981090.753899,31112314960.452763,31112314833.681248,31112314334.427152,31112303678.639633,31112234506.850766,31111000929.64757,29087368450.332464,30766654556.038487,31081100660.837525,22292555963.351763,31112159648.942734,31108460739.577802,31034705319.319525,19324928830.441647,27815914946.051822,9468793696.843135,30447068208.605412,12639742302.230549,13205739705.446924,29662721510.643223,22133461088.868464,31112314963.047289,26444688208.833292,1623,0.018784722222,3636,462987175.668178,21743502.165296253753249668998,252257.92661392,11846.91728367435555836333872,199998.827743,9392.646649036602610643413,151.185633958978,0.05651532574247485,0.03420666632949312,,
2019-02-21,4275,11815,202035,259642,974,116586,244375,47,46060,332442,319174,301692,287764,228518,25620,251854,76959,268165,162102,3476,128889,1362,210492,16374,10,246580,53666,67,1613988631,4320,864.852314814815,918798589.519295235700574009385,0.329112269637,0.279737182862,1383866648.2929641158663457155875,,1176251976.4971965754261094491575,4204846722.4289399262299856538232,0.17937239,0.007978431404530594583675,0.172257,0.0076619409400199586525,328.789594,14.624464903726063714405,0,0,0,0,0,0,0.584092745931,51.201242285617,28.498425810203432,43.519773030052,24.222947874103298,0.000011427727539649673,0.0444797072979325,-86.56479171945729,2.536835820086673,0.046963508511691,0.0000119450969891086,0.000319062603480638,0.0414601028608309,0.046963508511691,0.005183871551,30400371620.257695,14993170544.79235,2204967985.269949,20656579040.977698,30400371620.257695,5634039794.154502,30400371620.257695,30400371620.257695,30400371620.257695,3080266903.268901,8459145433.16619,30400371620.257695,66.3935785036,26462250928.55807,31105930490.627787,31112286889.030831,18172477287.005811,30997601616.451619,31112094353.676098,12049842317.207185,30216309960.890047,31112314631.658807,31112314504.708342,31112314004.893776,31112303346.740532,31112234193.280909,31110999195.281067,29080374581.718186,30766045456.551538,31080968194.13046,22280899745.287329,31112153729.862595,31108206261.457336,31030620418.826009,19197342573.933506,27690238986.548427,9455838510.749451,30419790889.004676,12590586032.339343,13200212175.811116,29656570712.312089,22128831064.280518,31112314634.257695,26444687880.216131,1833,0.021215277778,4210,607647651.607811,27027989.6837914961540211507575,246554.2914698,10966.6627176258397919261885,159533.533528,7096.00487553034077383086,149.234206352243,0.05663592065375492,0.03566925717869802,,
2019-02-22,2728,11837,202343,260000,972,116831,244720,47,46158,332859,319576,302086,288144,228847,25651,252205,77137,268529,162397,3474,130087,1391,211405,16591,10,247067,54385,69,1613988648,4320,762.576388888889,942145322.8564458370952000944752,0.337929092971,0.287231261434,1420933563.8680192970569713400096,,1207757924.5276085913675050128448,4204827561.2395050846285857604976,0.17925819,0.008186918379274191614808,0.171642,0.0078390786186973147344,211.524667,9.6605638154226207629144,0,0,0,0,0,0,0.583675356497,72.434149227883,29.48134444805383,61.567211839411,25.058404057919947,0.000011567280142495123,0.0456710980919432,-85.41645311593359,6.935984488296601,0.0444797072979325,0.0000114277275396497,0.000309744496889076,0.0392718862430124,0.0444797072979325,0.005190546926,30400371408.733028,15005964570.844976,2103284638.72195,20628917679.179886,30400371408.733028,5623791973.943008,30400371408.733028,30400371408.733028,30400371408.733028,3131347837.318399,8482708742.229695,30400371408.733028,66.3046708737,26464439041.397905,31105924888.878054,31112286649.965411,18159491212.126255,30997482840.199221,31112093966.812012,12024107486.613981,30214479371.193007,31112314420.130642,31112314293.109722,31112313793.005518,31112303123.326038,31112233919.863398,31110997932.384824,29074176136.052488,30765531035.078998,31080964007.987901,22269267967.01709,31112156490.95431,31108335427.226558,31032627069.166764,19253191157.311151,27729311456.074827,9441862200.202483,30431802914.190109,12610493000.720726,13181728172.90407,29651723892.94095,22123214404.982303,31112314422.733028,26444687668.691464,1180,0.013657407407,2637,429525503.569477,19616901.4065128831555351377064,345608.07588769,15784.300335234439426577059208,282921.226195,12921.323073844694994292124,147.495961566701,0.056670103188706224,0.03582701729923166,,
2019-02-23,2778,11828,202691,260392,973,117087,245094,48,46277,333324,320024,302520,288566,229210,25728,252588,77320,268922,162719,3476,132304,1494,212952,17103,10,247740,55789,73,1613988663,4320,791.907175925926,996883322.4786636315334383114405,0.358059046229,0.304341216922,1505337405.3797065409234348454393,,1279499073.2836508799261769066437,4204159680.4579995165221924682462,0.18251316,0.008830712011043011197564,0.171661,0.0083056413823948604319,219.928361,10.6410081281355456953619,0,0,0,0,0,0,0.583281385839,111.419833437269,31.392095406469636,94.704066423198,26.682494461019743,0.00001177182363813409,0.0483839741257179,-84.92909095290933,12.928466656831157,0.0456710980919432,0.0000115672801424951,0.00031055400487485,0.0402750164377367,0.0456710980919432,0.005197896614,30400371188.804667,15000844210.804679,1117239344.914978,20603584978.125695,30400371188.804667,5578276611.977817,30400371188.804667,30400371188.804667,30400371188.804667,2981496779.200834,8479307935.416895,30400371188.804667,66.223247952,26450607003.802087,31105921913.83149,31112286420.838164,18147233744.868182,30997366459.412815,31112093549.948448,12039937336.827538,30212752968.664873,31112314200.199152,31112314073.079126,31112313572.437913,31112302892.077348,31112233612.273571,31110996932.541943,29069915766.253997,30764980953.5999,31080945823.134758,22257319096.675759,31112162416.99173,31108587202.579368,31036674560.43338,19456805623.483194,27822571985.646137,9428836058.73252,30457436711.323955,12680069655.150971,13166959874.899243,29645995822.153354,22114280436.19336,31112314202.804667,26444687448.763103,1205,0.013946759259,2653,279234973.191029,13510497.7178702786053784647191,173793.72285548,8408.830989851731948092949092,272928.526401,13205.3667595562987632282779,146.093357765965,0.05650894267003485,0.037231962573610305,,
2019-02-24,3752,11785,203059,260827,974,117338,245513,48,46325,333854,320533,303022,289044,229618,25697,253021,77489,269363,163026,3487,127987,1267,210449,15553,9,247515,52896,66,1613988677,4320,815.468518518519,869794490.5936653551565893784325,0.313035157874,0.266072039622,1312894954.1115966244391294526959,,1115927810.2248871076573477793235,4194081466.8498699694206384074096,0.18368673,0.007751316136548776387793,0.172081,0.0072615710023987578721,280.122268,11.8207573086800605268188,0,0,0,0,0,0,0.583262848935,65.742660468103,27.637197683610097,55.879613905724,23.49092545084291,0.00001124040959177237,0.0421985634811441,-85.9814554125053,-0.37260201247994906,0.0483839741257179,0.0000117718236381341,0.000307140357744804,0.0427049073081876,0.0483839741257179,0.005201813296,30402730388.682399,14772200514.341468,1830573434.541793,20611945498.626325,30402730388.682399,4724280812.597158,30402730388.682399,30402730388.682399,30402730388.682399,3035680743.633895,8474806135.575058,30402730388.682399,66.2501206109,26451840272.411097,31105912175.612683,31112286112.901048,18146656855.499682,30997228317.581283,31112092870.95701,12030439795.861831,30209979632.36883,31112313920.074106,31112313792.891645,31112313291.179276,31112302594.418048,31112233280.672615,31110995535.589409,29062716802.51706,30764431326.281507,31080893808.890698,22273187006.969637,31112147620.733957,31107942308.418888,31026435042.854664,18953772084.317152,27483748759.848297,9174201815.676526,30389838345.944884,12518290433.511473,13157133848.847279,29644537799.780175,22124132211.207696,31112313922.682399,26444687168.640835,1525,0.017650462963,3550,473243913.482591,19970213.3251601825497921123631,336926.40323493,14217.810215382748456297483413,225266.821063,9505.9362488225343492181783,144.883987397105,0.057186074212353305,0.04520857450596553,,
2019-02-25,4393,11807,203757,261703,975,117927,246292,48,46689,334926,321592,304069,290074,230358,25837,253840,77982,270348,163673,3491,129497,1319,211763,15913,10,248369,53883,66,1613988694,4320,905.942592592593,894767196.5372299054430991400074,0.322777770804,0.274353015965,1352335465.2823033672339022464788,,1149451254.2573696237973084384784,4189679673.1554865156673979846274,0.18493396,0.008038384931663400196556,0.172081,0.0074797150151630861591,321.230291,13.9626747340956153168901,0,0,0,0,0,0,0.581861217907,54.064860544827,28.518801882988445,45.953776529501,24.240266883391534,0.000011372588436879607,0.0434662456352711,-86.70581499055129,2.7444306979876876,0.0421985634811441,0.0000112404095917724,0.000311697357216791,0.0373067940000248,0.0421985634811441,0.005215977071,30403997376.452108,14767452310.3892,2031824240.274189,20585334285.488934,30403997376.452108,4754213850.457806,30403997376.452108,30403997376.452108,30403997376.452108,3074107523.076099,8523640262.280165,30403997376.452108,66.1645885587,26417760233.680295,31105900252.602848,31112285576.608803,18103048684.049701,30997098490.197493,31112091374.8338,11981836861.386444,30206932195.61333,31112313598.840773,31112313471.565779,31112312969.297444,31112302248.708015,31112232403.484291,31110991260.181909,29045325570.983607,30763683921.28425,31080845177.460335,22230918818.234494,31112147904.602122,31108074749.059681,31028458037.519442,19029761127.819136,27528867752.573808,9363967037.417525,30401428354.615266,12468776527.423653,13106842161.811312,29627782498.937337,22088883768.970004,31112313601.452108,26444686847.410544,1737,0.020104166667,4169,575462755.067238,25013205.4657024158019048582218,199293.97821335,8662.561010651838133720889185,76258.663247,3314.6777885115224004512617,143.727941542291,0.057244543762377025,0.04553183072979356,,
2019-02-26,4371,11785,204452,262499,977,118478,247043,48,47068,335863,322520,304980,290963,231085,26007,254602,78454,271193,164344,3497,129556,1295,212118,15722,9,249083,53921,66,1613988709,4320,890.768287037037,878744675.4093330210537649236672,0.318332327194,0.270574499851,1329334383.4565524679949416652096,,1129900909.2451237561317493136448,4175932727.8368202335814252493325,0.19249037,0.008224527209272553313984,0.172257,0.0073600169374065945024,295.857705,12.641098590258994997856,0,0,0,0,0,0,0.579932519211,82.038504001023,28.156690642544426,69.730672295437,23.932481363809114,0.000011255264406776897,0.0427269541290432,-86.84783745540432,4.945441968594971,0.0434662456352711,0.0000113725884368796,0.000315144354187701,0.0382857091127278,0.0434662456352711,0.00523746134,30403997080.594403,14808512303.65813,2210306447.829275,20566518098.981821,30403997080.594403,4816107026.576489,30403997080.594403,30403997080.594403,30403997080.594403,3140968504.097628,8407532232.933536,30403997080.594403,66.1041109254,26366109064.111958,31105892509.712197,31112285181.39171,18043042233.794074,30996863620.429749,31112090662.783204,11921159239.52639,30204490371.771521,31112313302.979915,31112313175.588535,31112312672.453332,31112301931.367855,31112231808.118761,31110988871.428876,29029734086.285114,30762995882.52341,31080829846.612347,22182082719.709134,31112146328.612775,31107988379.357495,31027091067.65983,18911413886.333781,27440513546.098027,9071355111.583596,30391155695.084536,12406927635.552217,13038762020.69019,29609734582.924645,22043062022.888544,31112313305.594403,26444686551.552839,1537,0.017789351852,3736,379240378.459442,16203786.2543175612052854658944,125812.45572561,5375.583024650416978631036352,90818.316687,3880.3900511623676019038784,142.789015531665,0.05713992429287621,0.045063769719261446,,
2019-02-27,5725,11155,204162,262277,1006,118083,246800,48,46438,335726,322376,304823,290786,230827,25239,254362,77973,270998,164011,3522,129242,1336,211908,14851,10,248851,53421,66,1613988725,4320,932.200231481481,884315989.2157834791609461383844,0.32481709792,0.276017486991,1333993055.1065943306327171880936,,1133577675.2258359744726631586224,4106905281.9224485298933147469469,0.20575223,0.008821974950425455825934,0.172257,0.0073858102973437407906,310.480111,13.3123600256838772637438,0,0,0,0,0,0,0.588428252827,26.104163895075,28.121657389203396,22.182347433232,23.896738356110394,0.000011285175292679028,0.0428766917881058,-86.98465561788417,11.391578926567114,0.0427269541290432,0.0000112552644067769,0.000314803210374576,0.0375695567395973,0.0427269541290432,0.005187780983,30407185932.114292,15252720084.428639,3052939950.455287,20624631993.205618,30407185932.114292,5459601408.190207,30407185932.114292,30407185932.114292,30407185932.114292,3907137133.586767,8921635336.354127,30407185932.114292,66.2908990291,26420061838.146843,31105885957.476958,31112284823.639799,18307363977.134641,30996736700.667814,31112090088.696988,11898656621.26042,30200823353.059677,31112312992.496226,31112312865.030045,31112312361.154968,31112301609.220475,31112231304.793968,31110987052.916471,29017531014.150755,30762323541.971729,31080796352.436506,22443651411.692685,31112146016.864755,31108000773.378977,31027151613.758538,19207066592.490159,27417735465.193804,9226081273.346378,30390672583.725627,12378834777.946256,13008427231.063606,29643568334.76543,22278560877.030077,31112312995.114292,26438086241.072728,1509,0.017465277778,3901,1191852499.860522,51102692.2934030127772785792276,379782.68082705,16283.82495228198079089690189,119123.275168,5107.6119541680531628967744,141.377941305225,0.05711944140705699,0.04372519146908578,,
2019-02-28,4437,11175,204644,262844,1014,118479,247326,48,46663,336391,323033,305462,291402,231344,25317,254914,78306,271590,164473,3533,129524,1337,212305,14817,9,249368,53555,66,1613988742,4320,882.990972222222,879021322.5386937502234221442,0.323169715897,0.274617602601,1326125844.9178203492757532056,,1126892410.9055725306926829152,4103496644.9084509046005287071172,0.19116445,0.00814816050625514377,0.172257,0.0073422526224200802,273.747496,11.6681659984031442256,0,0,0,0,0,0,0.587764562565,39.428376746787,27.954815509014374,33.50476781714,23.75496229569816,0.000011237652198706072,0.0426238273186,-85.89932796730479,12.335450212128968,0.0428766917881058,0.000011285175292679,0.000319983051351049,0.0377294545956122,0.0428766917881058,0.00520117533,30418804255.366796,15288718844.257551,2947897556.718977,20622768480.368497,30418804255.366796,5456618738.638482,30418804255.366796,30418804255.366796,30418804255.366796,3948847510.097461,8897046249.75338,30418804255.366796,66.284909981,26398818296.266455,31105877517.974602,31112284498.428454,18286714877.063534,30996575123.243821,31112089214.784914,11796451574.067384,30198147700.022018,31112312718.74653,31112312591.144914,31112312086.540839,31112301323.531372,31112230899.380214,31110985268.639289,29005150245.577904,30761772473.536965,31080780843.971532,22422303563.249922,31112144961.997477,31107972790.395693,31026736131.657179,19170283282.133558,27384508433.758116,8943586402.117826,30386049947.198693,12277278189.749705,12906870642.867055,29632593213.626194,22252200852.636105,31112312721.366796,26438085967.325232,1432,0.016574074074,3688,789084291.275125,33633792.571130792603629825,270540.08431498,11531.453836601191891212628,62961.690480499994,2683.6682227279732048443360884,137.038175402689,0.0569900364647396,0.04363279650266273,,
2019-03-01,4153,11180,205109,263360,1018,118874,247817,47,46850,336983,323619,306035,291959,231838,25419,255416,78605,272118,164908,3536,130132,1351,212958,14926,10,249885,53951,65,1613988757,4319,835.559620282473,885859989.7689245973062855499644,0.325916719209,0.276951903433,1336824720.0449762896854403275179,,1135983915.3721811798124414857023,4101737165.5249622997211422994824,0.18984856,0.008157357262011934132024,0.172257,0.0074014882698209021853,250.410245,10.7595539862558747821105,0,0,0,0,0,0,0.587079705774,45.762148009195,28.375290113439938,38.886970963238,24.11226593850132,0.000011275740871382794,0.0429677067975229,-85.69553826150606,9.448300634346406,0.0426238273186,0.0000112376521987061,0.000316306738715679,0.0375575323876658,0.0426238273186,0.005210742663,30421494545.956551,15304599637.455548,1513097420.604587,20616878483.726636,30421494545.956551,5418406044.261518,30421494545.956551,30421494545.956551,30421494545.956551,3796694820.287224,8910649854.148622,30421494545.956551,66.2659791135,26373383600.43187,31105872063.511723,31112284220.336803,18265407251.407135,30996478756.076863,31112088656.300826,11730095788.646887,30195016086.821191,31112312468.333937,31112312340.642452,31112311835.548669,31112301059.422505,31112230553.301771,31110984871.863632,28996174728.611868,30761038919.873315,31080758437.665773,22396890957.430009,31112145030.987026,31108011370.429323,31027143925.206093,19171627870.326108,27384263713.700776,9140603196.083744,30387952140.367284,12210163921.262966,12859840278.380316,29622567070.084815,22229789948.53341,31112312470.956551,26438085716.914987,1319,0.015266203704,3296,679870019.753112,29212455.6691778187776311662648,238308.51914293,10239.570577885289500155048097,59510.755269,2557.0406836975330373231601,133.863113132662,0.05698313075764006,0.043268904074974975,,
2019-03-02,3630,11205,205299,263558,1018,119022,247999,47,46943,337253,323880,306290,292192,232023,25522,255605,78710,272327,165085,3536,129869,1327,212806,14794,8,250024,53743,64,1613988773,4320,840.598611111111,871954534.9295774977405744607556,0.321658897348,0.27333376451,1317537197.6404526764545492702052,,1119594095.1158242912824957795624,4096069496.2953351251909631079944,0.19757391,0.008366815471565790245607,0.172433,0.0073021538734972846841,194.807875,8.2496800439534477018875,0,0,0,0,0,0,0.586196749946,58.157102628844,27.917221783887875,49.419742234911,23.723016486559395,0.000011115941986645687,0.0423477749241577,-85.35950928250338,11.505537522903238,0.0429677067975229,0.0000112757408713828,0.000318598936130186,0.0379117413759871,0.0429677067975229,0.00521943374,30421879861.148676,15319882877.192433,1358386245.750182,20590327035.864228,30421879861.148676,5401946508.840114,30421879861.148676,30421879861.148676,30421879861.148676,3758624897.426078,8928287945.231269,30421879861.148676,66.1806388838,26360027698.997039,31105872285.934462,31112283987.028714,18237936339.568491,30996403215.321484,31112088311.459682,11705561983.247505,30194470431.371787,31112312273.523808,31112312145.797117,31112311639.886021,31112300847.438922,31112230285.199148,31110984622.324634,28995583305.778916,30760703702.390501,31080748176.012536,22371305592.560164,31112143668.606536,31107931745.837538,31026107319.634694,19088281714.939879,27334718137.107297,8655457151.74251,30380349677.496238,12160837811.040147,12834093080.568197,29617769386.686961,22207209938.887038,31112312276.148676,26438085522.107112,986,0.011412037037,2585,534970121.787294,22654794.3085975597032215122638,235231.22086648,9961.518796388523259678163896,63808.816825999995,2702.1614131242545098985855792115,131.599369321219,0.05698650244714531,0.042863882951728785,,
2019-03-03,3253,11226,205453,263751,1020,119169,248172,47,47021,337507,324128,306525,292412,232177,25589,255788,78829,272532,165251,3537,129610,1315,212685,14684,8,250146,53547,65,1613988787,4320,818.08287037037,859294979.562209213701198703292,0.317436727454,0.269678582018,1299395600.335498139067761689269,,1103902392.7362442540729854878598,4093400315.5760162207329961883174,0.19755861,0.008250971117227584388038,0.173831,0.0072599951997981167298,162.195621,6.7740473787084847790118,0,0,0,0,0,0,0.585756102584,50.243714254034,27.53941084657814,42.684580716345,23.396124721551104,0.000011041898020053896,0.0417646748842158,-85.61821998294208,8.511846939197069,0.0423477749241577,0.0000111159419866457,0.000320337675044909,0.0373291955360259,0.0423477749241577,0.005224194992,30422703253.953055,15327946323.624729,1336269770.260622,20574683795.44274,30422703253.953055,5412549529.380686,30422703253.953055,30422703253.953055,30422703253.953055,3847881112.776466,8945103287.71096,30422703253.953055,66.1303593255,26350475563.859309,31105868567.777719,31112283792.399843,18224226686.24913,30996371441.148516,31112087856.623467,11669322501.007013,30193676074.37461,31112312111.326419,31112311983.510826,31112311476.932732,31112300676.062144,31112230041.965169,31110982838.482951,28994134198.369566,30760519882.16963,31080752129.436855,22355103556.524993,31112142007.05279,31107863116.871901,31025114386.250824,19041500077.248115,27294437369.037367,8655457151.74251,30373083024.975973,12149652363.755491,12800685259.966564,29614122757.282342,22193021697.545388,31112312113.953055,26431485359.256181,821,0.009502314815,2261,619227948.727045,25861853.957804885474373076311,295931.07679553,12359.465210501208920840995374,86718.476018,3621.7689573464347790366844,129.947202280358,0.05696618604609934,0.04293900195936699,,
2019-03-04,9303,11132,204170,262430,1004,117976,246862,46,46423,333632,320937,304561,290999,230879,25329,254471,77859,271137,164015,3489,127102,1260,210330,14070,9,248474,52020,58,1613988806,4319,1132.914100486224,824737881.742980662657542244672,0.305161418753,0.259519815377,1247572227.152897775088506830976,,1060978531.897562401239177383168,4088237078.7557816598502133335241,0.22158236,0.00888522847269121453312,0.172433,0.006914388858533523136,346.997977,13.914267837957187515584,0,0,0,0,0,0,0.590071011247,24.265956656121,26.248781071290583,20.636608051829,22.322870451095163,0.000010842951153523809,0.040098988352192,-86.58253301336073,3.6009206387793355,0.0417646748842158,0.0000110418980200539,0.000322144489974667,0.0367927599175166,0.0417646748842158,0.005198279185,30423224346.955078,15331019767.357646,1710633086.740702,20567548350.578191,30423224346.955078,5415446048.926114,30423224346.955078,30423224346.955078,30423224346.955078,3997330211.318942,8954640175.059844,30423224346.955078,66.1074255897,26403573282.580084,31105872112.902733,31112283572.048455,18358473266.550784,30996471697.103551,31112087938.455179,11921358688.869852,30201808131.42892,31112311764.458971,31112311646.316303,31112311151.833823,31112300360.472253,31112229826.961298,31110983570.354875,29020535150.990414,30762096209.757272,31080791611.016496,22437370749.317644,31112133269.335711,31107603648.760232,31022001818.753517,19079134633.803758,27220197639.277056,9135759914.567213,30358292539.741893,12252305325.265315,13061079184.453935,29630974391.332393,22284310965.920111,31112311766.955078,26458985014.258204,1566,0.018125,3843,1282138273.29602,51412447.68679666917643187584,356326.07073472,14288.31495997387996756250624,72816.2602855,2919.858373038445416470816,128.627824006553,0.05543389412215807,0.043658021651646506,,
2019-03-05,9299,11153,203930,261987,1005,117974,246512,47,46464,329644,317829,303193,290413,230565,25400,254080,77868,270567,163886,3499,129034,1324,211609,14810,9,248543,53313,64,1613988822,4320,1104.178935185185,877097677.2364191258324499653264,0.324741196579,0.276317262407,1328125173.7719808404889034310944,,1130081172.3796670978856517299532,4089795775.101904172380708221942,0.21564034,0.009205274401498199437288,0.172433,0.0073608355508692808756,330.792286,14.1208911214333608300952,0,0,0,0,0,0,0.589208325452,27.506563802498,27.773769999131925,23.404909781041,23.63227140170964,0.000011116319611218037,0.0426880907417332,-85.50081048419787,13.161178039021262,0.040098988352192,0.0000108429511535238,0.000320483116184137,0.0354101216901864,0.040098988352192,0.00519802107,30424300617.162792,15328242918.756975,1719304628.688484,20546659782.536052,30424300617.162792,5442505950.336975,30424300617.162792,30424300617.162792,30424300617.162792,3942545002.47901,8967009479.248173,30424300617.162792,66.0402870571,26397368857.113354,31105887844.646496,31112283478.767859,18331632922.242635,30996798471.446446,31112088804.897516,11887932055.349484,30202996358.996894,31112311433.836131,31112311329.352239,31112310852.534842,31112300065.416291,31112229993.80247,31110986354.194081,29023254673.671574,30762477380.438771,31080873667.254489,22425992426.957781,31112144232.180881,31107987577.609566,31026982332.246612,19204646982.760536,27388487950.66772,9048195517.876061,30389682650.793197,12342246683.507004,13020309117.169535,29605910767.482148,22222488742.866825,31112311436.162792,26472984683.638351,1534,0.01775462963,3868,1131086807.481849,48283936.2745624806697058006868,350824.21956121,14976.016119026664001538889172,110531.0699835,4718.3603452365107532854022,127.108283669516,0.055655681240687906,0.04474497266222905,,
2019-03-06,7219,11160,204037,262097,1010,118117,246619,47,46528,327546,316370,302845,290503,230672,25453,254188,77969,270655,164005,3507,129005,1316,211614,14763,9,248632,53297,64,1613988838,4320,967.534722222222,871719242.0071856926688219001778,0.323310355597,0.275245265523,1321352998.3351283142387495013318,,1124913417.030165943165387903711,4086949197.4535000781980890471939,0.20379431,0.008655230445800728508206,0.172433,0.0073233023604081832258,302.634549,12.8530171546790114795274,0,0,0,0,0,0,0.589139899049,35.287233020976,27.561588050567654,30.041239491022,23.464131259252156,0.000011025555515378046,0.0424704224853026,-84.67286438262825,13.482786517665513,0.0426880907417332,0.000011116319611218,0.000314559186012792,0.0377665748455334,0.0426880907417332,0.005204068742,30424300314.528243,15325900064.28933,2280458197.222049,20525325414.618953,30424300314.528243,5422407407.222381,30424300314.528243,30424300314.528243,30424300314.528243,3905994089.891369,8950524557.996612,30424300314.528243,65.9717155904,26388611751.904654,31105887151.129888,31112283227.252371,18329503840.390021,30996844424.532262,31112088631.379541,11869951880.549706,30202301027.938333,31112311131.328162,31112311035.574843,31112310568.963108,31112299779.698308,31112229723.263877,31110986119.557878,29022226396.574566,30762288498.234625,31080884698.94244,22420814388.344269,31112143626.104657,31107962981.024543,31026621338.921501,19169259077.653056,27367789176.987666,9034487030.295369,30387116949.402508,12327281105.39333,13004375876.665476,29589180833.216997,22187775510.306334,31112311133.528243,26486984381.176235,1485,0.0171875,3708,881687467.95856,37445639.264196742300025860256,281677.58898569,11962.966208863672557666719794,111994.812733,4756.4670129328571318380058,125.824513415603,0.05550743313858235,0.04472156481508101,,
2019-03-07,7261,11180,204101,262125,1012,118155,246669,48,46576,325203,314720,302405,290525,230723,25499,254226,78016,270670,164089,3511,129109,1323,211686,14826,9,248683,53367,65,1613988854,4320,1006.596296296296,872562817.0335353938481551050606,0.323497534152,0.275404616622,1323537492.0933949033369929510984,,1126773150.0678551120332750810848,4091337189.21461249957152300021,0.20580075,0.008754894806409304073775,0.172433,0.0073354094975532184861,300.674891,12.7909011100959719717647,0,0,0,0,0,0,0.588471100397,35.002862919791,27.479534971665732,29.799145357903,23.394276601450954,0.000011032542455314913,0.0425406360589517,-82.43339154182263,13.133504630214533,0.0424704224853026,0.0000110255555153781,0.000309591115420822,0.0375615177292646,0.0424704224853026,0.005217731575,30424300013.853352,15322848728.849143,2205834766.958195,20511278106.522918,30424300013.853352,5434108822.299548,30424300013.853352,30424300013.853352,30424300013.853352,3075216342.346749,8944312102.544318,30424300013.853352,65.9265659074,26381061569.829523,31105889994.126871,31112282963.041895,18308695791.701147,30996760192.624508,31112088602.243267,11839968607.661311,30202154893.830315,31112310830.791971,31112310744.557356,31112310288.996672,31112299497.739995,31112229519.379289,31110986512.014394,29022237111.496753,30762252822.183778,31080904037.60268,22406553008.591528,31112143607.813209,31107967582.87868,31026705762.529129,19160071910.480541,27371994118.754368,8992147294.717887,30387480708.321418,12296707639.140565,12957874106.997464,29572067106.194483,22145761728.952948,31112310832.853352,26486984080.501344,1461,0.016909722222,3639,888850460.722244,37812263.9604165248125435116148,278352.24930858,11841.281734026891752444615586,79999.82893,3403.243607289525395132681,124.550378856572,0.055295785655616034,0.04472387384156886,,
2019-03-08,9209,11192,204164,262225,1016,118246,246750,48,46660,322794,312983,301972,290622,230806,25604,254304,78099,270755,164147,3504,128914,1314,211568,14860,9,248738,53269,65,1613988869,4320,1102.56712962963,865572274.9364861533470839671836,0.321560044429,0.273755164109,1311988639.4043341123051307465578,,1116941210.5537685112193552079162,4080073572.9947558975939096136773,0.19967224,0.008420066107768277341648,0.172257,0.0072639808494452716614,414.918913,17.4968972994110472766726,0,0,0,0,0,0,0.587950889558,29.402831425378,27.0255021240283,25.031645198453,23.007742713336707,0.000010983816752110217,0.0421694378135302,-80.22913351324836,16.04549992301253,0.0425406360589517,0.0000110325424553149,0.000312471525022665,0.0380184922336578,0.0425406360589517,0.005226098331,30424299598.934439,15371957239.04951,2226455073.935332,20526056779.888218,30424299598.934439,5538026958.71778,30424299598.934439,30424299598.934439,30424299598.934439,3012383508.039047,9016258272.097621,30424299598.934439,65.9740678341,26353882854.910695,31105887943.493381,31112282600.598105,18292510586.41558,30996835347.530357,31112088217.574992,11806377598.464111,30202333128.541702,31112310416.00811,31112310340.03192,31112309896.778199,31112299100.2938,31112229033.84979,31110986419.853229,29023190059.974854,30762181851.782549,31080897952.769799,22375202889.479403,31112142609.843037,31107922349.645516,31026094666.251562,19112381703.66882,27356233437.431698,8942260660.023877,30383275583.222043,12263183324.183365,12923035616.071971,29551597976.032348,22095847243.982795,31112310417.934439,26486983665.582431,2078,0.024050925926,5121,1058139944.681686,44621166.5952666436556629479172,260960.62737427,11004.562947839105565905347954,99999.828754,4216.9365600054721842073708,122.937351932879,0.055286190810113704,0.0442113307451981,,
2019-03-09,9437,11206,203932,261936,1010,118114,246454,47,46581,319338,310443,301039,290306,230531,25623,254006,78006,270445,163955,3493,131977,1452,213396,15975,10,248878,55306,69,1613988885,4320,1091.997222222222,954470265.502437071910247780505,0.355936259225,0.303089768025,1447037985.846768238873543310695,,1232193675.3757885824783848518675,4065441348.9608635591484483331695,0.20875871,0.009709397437833771277325,0.172433,0.0080198834740739233475,392.466373,18.2536670994092327458975,0,0,0,0,0,0,0.587631863632,25.059176395828,29.47492248272983,21.338595784682,25.098728174822952,0.000011894078561677461,0.0465101429197075,-78.2987872592664,28.922310388769592,0.0421694378135302,0.0000109838167521102,0.000318400674529767,0.0375890658514355,0.0421694378135302,0.005227162264,30424299206.468066,15424454284.809895,1808281433.739216,20521765911.366494,30424299206.468066,5602952876.886357,30424299206.468066,30424299206.468066,30424299206.468066,3047505541.883986,9072741426.84215,30424299206.468066,65.9602771204,26355231587.424965,31105896640.45218,31112282255.147401,18282584722.171344,30996993629.154822,31112087851.354205,11797611683.726548,30202932991.065749,31112310023.719814,31112309960.366485,31112309531.773707,31112298740.347042,31112228632.686834,31110987546.00855,29028724996.399028,30762512304.686105,31080932552.089309,22364342759.188993,31112152048.056912,31108396310.370944,31033451684.076071,19431564915.654487,27608791373.056596,9185350630.135696,30431642149.993165,12372832960.945618,12944344804.177328,29534088209.740238,22060994186.841791,31112310025.468066,26493009868.900609,1880,0.021759259259,4507,1241553574.388346,57744834.187275669621901728795,342279.18162495,15919.453655816945677228702125,117625.03095449999,5470.757000628813230484379552925,121.488444515031,0.05573186117221743,0.047276882686303194,,
2019-03-10,7949,11236,203876,261863,1014,118139,246385,47,46669,317015,308737,300536,290237,230467,25705,253935,78096,270346,163939,3500,131067,1428,212767,15734,10,248622,54833,68,1613988901,4320,1039.236805555556,928590115.7491578165065773849813,0.347217908585,0.295665845901,1408850223.8001971594812584144649,,1199675716.2252429886016224338718,4057539052.4659564299279514309564,0.20817755,0.009426847148588079378665,0.172433,0.0078082364518771994939,333.292263,15.0923825316803768270829,0,0,0,0,0,0,0.587084171547,22.445701694381,28.38180309867267,19.113148297447,24.167906130093197,0.00001159932075686299,0.0452827269251083,-77.56115245775081,12.506637014615187,0.0465101429197075,0.0000118940785616775,0.000341241232618207,0.0414040592463457,0.0465101429197075,0.005233142652,30428870548.175803,15433917684.597445,1712696039.821293,20506497262.961311,30428870548.175803,5607612041.130281,30428870548.175803,30428870548.175803,30428870548.175803,3059914505.628222,9095428055.169076,30428870548.175803,65.9112019193,26346132620.371198,31105899440.252547,31112281962.468642,18265544560.539522,30997113427.577713,31112087552.987683,11736816024.569769,30203181794.547609,31112309690.549783,31112309636.653256,31112309217.73014,31112298410.740064,31112228352.519027,31110987435.685465,29028184740.635569,30763006308.445837,31080966777.330933,22347590322.445542,31112147671.844617,31108273152.492135,31031521246.292849,19352593903.790651,27540835196.901089,9117796849.557207,30419817165.748815,12291677515.651939,12897271081.547583,29513592084.323675,22012827139.010144,31112309692.175803,26493009535.608346,1601,0.018530092593,4242,1386114371.285825,62767038.5619041907847483798475,391500.96629165,17728.231347500816412325635695,130272.737178,5899.1047834177776550863774,120.603227271555,0.05566672135341445,0.04364497987468091,,
2019-03-11,9035,11263,203633,261547,1012,117994,246096,45,46556,314999,307253,299939,289917,230191,25730,253628,77973,270012,163736,3500,132408,1475,213460,16242,10,248584,55704,72,1613988917,4320,1095.850231481481,969685880.8611210777310628306864,0.363641791783,0.309651245046,1475341913.9501531799518640015766,,1256295263.2113002119560969570499,4057129700.9501204380104001500415,0.20009287,0.009488379521713951920997,0.172257,0.0081684059570532434067,459.813417,21.8042962234092495618027,0,0,0,0,0,0,0.586633505891,16.141955481071,29.208964863699183,13.745330501416,24.872257647260465,0.000012311834255690652,0.0474198781881331,-78.36079194401721,16.398664538186114,0.0452827269251083,0.000011599320756863,0.00033486784904258,0.0402915585257728,0.0452827269251083,0.00523326534,30428870088.362386,15443889458.799502,1674210979.83607,20448932344.659344,30428870088.362386,5675202956.852232,30428870088.362386,30428870088.362386,30428870088.362386,3133306405.654842,9092565948.744531,30428870088.362386,65.7261799243,26352678918.438079,31105904911.025727,31112281540.956239,18251523041.341532,30997269377.428911,31112087400.324654,11700614169.495417,30203979473.779055,31112309230.842944,31112309183.871332,31112308770.484458,31112297952.116293,31112227954.711836,31110988291.951865,29038063497.766508,30763266532.913608,31081007263.810113,22339551412.410139,31112152965.159398,31108481233.829407,31034870439.963704,19446561091.757326,27655074698.385838,9129303466.763404,30441670724.945181,12398514362.417722,12916996230.911797,29507635859.748266,21982423490.253543,31112309232.362386,26493009075.794929,2298,0.026597222222,5659,1927418847.663578,91397966.9737187366128606862318,426962.11023597,20246.491258337953992894767607,115258.4379455,5465.54108753010788084454605,119.865262087286,0.05563286182243168,0.044301476895819085,,
2019-03-12,6695,11308,203814,261739,1024,118098,246286,45,46594,314759,307155,300104,290139,230382,25743,253812,78056,270198,163912,3514,132290,1478,213530,16190,9,248755,55580,69,1613988935,4320,1014.19375,958377144.7908921116594431425126,0.360977851106,0.307382823654,1463366433.4978605369585580335522,,1246097800.7144706435400121086101,4053895354.0075053234588413119157,0.19371425,0.009111343454986667040525,0.172257,0.0081021023983813183821,433.919912,20.4094089628903940902536,0,0,0,0,0,0,0.586058214318,19.101072321686,28.625498112080212,16.265101936531,24.37541918776801,0.000012188651384614836,0.0470349675100653,-78.37906208770653,10.95647564102381,0.0474198781881331,0.0000123118342556907,0.000359023618859255,0.042156373878483,0.0474198781881331,0.005247495975,30433521288.442474,15452891192.748322,1890908489.996035,20375843665.370942,30433521288.442474,5754198484.09141,30433521288.442474,30433521288.442474,30433521288.442474,3496051667.283072,9112084877.050002,30433521288.442474,65.4912619869,26356682989.521517,31105901300.722686,31112281098.389863,18233624137.735341,30997123209.180417,31112086954.795802,11635633461.339331,30202786763.082474,31112308796.951469,31112308752.076246,31112308339.454734,31112297503.030085,31112227463.345447,31110988046.627358,29036261182.447671,30762949505.132945,31081003551.841541,22324898493.606371,31112152127.662506,31108454808.329482,31034263114.638195,19408688267.011673,27638813320.248763,8878799926.245755,30437061869.243422,12261148471.662998,12843268017.995472,29503144346.969688,21950581727.401545,31112308798.442474,26493008641.875017,2240,0.025925925926,5241,1628825244.7021,76611742.46413743541725004713,1017493.47711091,47857.772637615022840589442423,99999.82893,4703.488704734638053129129,119.140502895228,0.05546028110544836,0.04386973021380995,,
2019-03-13,7384,11363,203740,261619,1024,118030,246179,44,46580,314054,306634,299908,290021,230283,25776,253692,78037,270060,163848,3536,131607,1461,213087,16065,10,248583,55131,68,1613988951,4320,1042.012962962963,938767992.0271068323922760672768,0.354832478523,0.302149864744,1435451468.1960657134128952970544,,1222327417.059637738125746255152,4045434268.5076249951430801959562,0.20898967,0.009642310221547250999344,0.172257,0.0079475479904488332624,467.091907,21.5505630937074447741424,0,0,0,0,0,0,0.584476096758,25.218895827685,28.984310439320495,21.474601183758,24.68095794215331,0.000011977737657865645,0.0461377360017232,-78.78927526474888,11.673520210121966,0.0470349675100653,0.0000121886513846148,0.000354456117640929,0.0417127904567678,0.0470349675100653,0.005255734978,30438076781.350567,15379062743.185644,1780817846.018437,20347075374.310624,30438076781.350567,5777009229.117566,30438076781.350567,30438076781.350567,30438076781.350567,3527785551.83311,9115904475.64912,30438076781.350567,65.3987970215,26362783650.269604,31105907689.264527,31112280649.310089,18184400534.636565,30997165617.634128,31112086748.087954,11578157846.884787,30203046948.190388,31112308329.894168,31112308287.572024,31112307876.287855,31112297034.544386,31112227021.04818,31110988149.423537,29039371168.951231,30763250677.259679,31081022445.708102,22313454886.372855,31112150514.446698,31108381280.522632,31032978194.185742,19324787834.672676,27607040801.65509,9083576146.370887,30428005441.972075,12212206898.20805,12816484517.38765,29499234758.408544,21908013663.891089,31112308331.350567,26493008174.78311,2235,0.025868055556,5074,1233690346.474068,56919679.5134949754350921139776,546284.46224192,25204.328300761030478455276544,92362.631598,4261.4027130929414147696736,118.562496003358,0.055452214718248356,0.04373761343352715,,
2019-03-14,6241,11398,203828,261718,1026,118100,246265,44,46600,313942,306595,299986,290136,230374,25821,253779,78083,270144,163959,3544,132488,1494,213644,16339,10,248749,55765,69,1613988968,4320,940.348611111111,963034395.4935610463657529801036,0.364196830396,0.31012387384,1473660618.3606518817551262648567,,1254863583.5042378322171257382576,4046330158.2199913223598269974865,0.19124,0.009058243354559023212,0.172257,0.0081590976026264048391,389.938358,18.4697581052141671479354,0,0,0,0,0,0,0.583560889982,28.591326157878,30.932043811369812,24.346320687815,26.33950779347366,0.000012290738044412495,0.0473658405906663,-75.58425838163048,14.919029605680159,0.0461377360017232,0.0000119777376578656,0.00035183733564865,0.0407206231693528,0.0461377360017232,0.005265982748,30438461896.412209,15378745875.543322,1839404049.920674,20331833732.585172,30438461896.412209,5740771348.348487,30438461896.412209,30438461896.412209,30438461896.412209,3561507531.733659,9094301312.084116,30438461896.412209,65.3498087344,26359272647.903741,31105905098.479395,31112280270.22927,18155926111.693144,30997079762.585512,31112086195.238677,11567661049.237429,30202153804.254149,31112307939.969397,31112307898.589836,31112307487.701981,31112296630.048497,31112226534.512022,31110988006.287373,29038803239.177011,30763020519.573176,31081032117.845018,22296588478.311594,31112151673.305798,31108479516.011583,31034631895.711026,19365375161.79078,27655478065.38829,9090247059.190298,30440370359.813722,12221583763.236452,12798704449.290254,29495558758.90437,21881609633.669065,31112307941.412209,26493007784.844752,2039,0.023599537037,4647,1088172957.407224,51542226.8356244813399425933512,389903.89358557,18468.125669254225108582365291,80067.827567,3792.4799569794787380378921,117.984392202793,0.055476165107963354,0.04391316840739701,,
2019-03-15,8504,11421,203795,261635,1030,118106,246185,44,46607,313852,306534,299945,290081,230301,25894,253706,78110,270059,163976,3546,134387,1630,214642,16864,10,248916,57035,72,1613988985,4320,1102.271527777778,1011661770.0951028637707278293688,0.382537408251,0.325741392292,1544682674.2684579896475946735682,,1315340863.6986108291323892838209,4037991163.6161488307402930322472,0.19156532,0.009510950975707736180148,0.172257,0.0085523198156247044673,502.284271,24.9377135556169507941519,0,0,0,0,0,0,0.583199404384,23.658469953158,33.44815890403959,20.145854433638,28.482050685784785,0.000012724166329591781,0.0496486053723489,-72.69862240382078,21.862208596800812,0.0473658405906663,0.0000122907380444125,0.000360719666262923,0.0418925502067498,0.0473658405906663,0.005271199881,30464884562.127938,15468319527.371602,1668218372.263822,20376438824.574392,30464884562.127938,5828402153.867003,30464884562.127938,30464884562.127938,30464884562.127938,3142818067.46894,9189277439.535298,30464884562.127938,65.4931777864,26352348394.566182,31105913604.76728,31112279742.792794,18144679167.512139,30997073841.68931,31112085582.258235,11565803494.65157,30201935883.687449,31112307437.69035,31112307396.47903,31112306985.118783,31112296112.119593,31112226084.491816,31110987757.758111,29041540012.075072,30763095528.226232,31081073471.01448,22279116921.1725,31112156202.851776,31108699199.198444,31038539393.078768,19625714765.087265,27753202221.019704,9095942248.931117,30466240455.825571,12279985500.187628,12793140075.822003,29493076820.744708,21860980430.495571,31112307439.127938,26493007282.560481,2622,0.030347222222,6524,1315059997.57075,65290894.860352269833221434675,288371.296572,14317.2327042158171301579708,129366.1565495,6422.84925506363453593412055,117.32622615443,0.055593714026369576,0.0444681753279887,,
2019-03-16,6415,11450,203774,261610,1028,118103,246154,45,46565,313917,306584,299982,290092,230263,25930,253665,78084,270044,163979,3547,137464,1734,216813,17694,11,249704,58888,75,1613989002,4320,961.5125,1043225201.4275915224783030905082,0.393438730364,0.335024174807,1589521810.7447628354360809674969,,1353522650.1218877221933486670352,4040074573.4301455826251003540937,0.19518141,0.009971780868948297457221,0.172433,0.0088095689572862588473,387.435089,19.7939845216277562588409,0,0,0,0,0,0,0.582364412409,25.212066489692,35.545469697620454,21.46878565585,30.26796991379944,0.000012805117746231282,0.0510898085475881,-71.16002466866486,27.49110124741624,0.0496486053723489,0.0000127241663295918,0.000366132211994579,0.0438140919489915,0.0496486053723489,0.005275409345,30478620042.692849,15537865099.437151,1655840580.024926,20419438457.199722,30478620042.692849,5919318679.588166,30478620042.692849,30478620042.692849,30478620042.692849,3151895815.759548,9244797357.658719,30478620042.692849,65.631386394,26354658448.788693,31105914115.514449,31112279325.235375,18118700414.851046,30997068562.444706,31112085280.663877,11612581529.679115,30201295429.281734,31112307050.252279,31112307008.965379,31112306596.750424,31112295711.885893,31112225571.640285,31110986849.011836,29044165203.992251,30763013539.184038,31081083237.375543,22262492901.065816,31112172182.925161,31109136916.098186,31044685792.531181,19814622911.373906,27915718044.297279,9309346633.356788,30503522585.709506,12349201478.807045,12802671736.80256,29494048718.858276,21844463946.543324,31112307051.692849,26493006895.125392,1985,0.022974537037,5133,1234024472.544255,63046074.0453243757270507613655,552792.77793183,28242.077191026578750052719223,166798.804354,8521.7189804124643904785874,116.909391176671,0.055199647845554894,0.04442240883618138,,
2019-03-17,5661,11444,203876,261711,1033,118199,246253,45,46601,314108,306761,300149,290244,230356,26046,253770,78162,270158,164067,3538,134434,1635,214712,16990,10,248974,57004,70,1613989020,4320,932.852777777778,1013552165.7856860796176394327032,0.382356887541,0.325587672561,1542888509.4333719876716254406704,,1313813076.6720331904030933289276,4035205222.4178758064740451273111,0.19601067,0.009720353199445583999868,0.172433,0.0085511144022924894132,300.680373,14.9110220668142279717892,0,0,0,0,0,0,0.58213349167,40.43524967589,35.989343333388184,34.431755410631,30.64594078130098,0.000012500414762432106,0.0495909391026804,-67.37273500053368,23.552586599561003,0.0510898085475881,0.0000128051177462313,0.000363295287818009,0.044982291402144,0.0510898085475881,0.005280592525,30486574268.012476,15600268995.878314,1633366890.461446,20438253118.923158,30486574268.012476,6019715542.095113,30486574268.012476,30486574268.012476,30486574268.012476,3132862521.116124,9320219701.13692,30486574268.012476,65.6918604027,26323796311.030339,31105914716.655971,31112278984.763074,18111515762.862926,30997067116.297788,31112084865.735733,11584288037.586879,30200536639.170796,31112306749.569219,31112306708.219315,31112306295.538635,31112295394.09564,31112225259.711798,31110986180.639401,29046808980.381768,30762917938.250054,31081070721.788926,22229258314.272083,31112155263.692295,31108698400.13854,31038446676.646796,19598198755.019706,27755751114.760768,9115046475.77917,30464347670.929902,12215922982.772941,12765157225.930603,29490334898.748846,21823239376.63386,31112306751.012476,26493006594.445019,1534,0.01775462963,4202,769435257.612953,38157017.0037391578586680592212,257988.9533176,12793.91447313735814863249504,149281.437195,7403.006661097853788757478,116.485114132454,0.05487269284533407,0.04494691358385018,,
2019-03-18,5891,11427,204017,261872,1000,118267,246407,47,46549,314348,306990,300361,290431,230504,25941,253925,78170,270320,164190,3514,134738,1606,214930,17031,10,249143,57144,74,1613989036,4320,948.071296296296,1017100592.804067568311929858612,0.383557376329,0.326609921983,1548429520.084917537828057437919,,1318531400.937369889363937037876,4037021878.9856715655022305929584,0.1940072,0.0096555514621992439928,0.172257,0.008573064959568795243,347.272895,17.283437465719903839605,0,0,0,0,0,0,0.581978627829,9.734337231046,36.23150560326387,8.289062653458,30.852148723257216,0.000012538049422383533,0.049769036727499,-68.00695571101026,22.3017134645022,0.0495909391026804,0.0000125004147624321,0.000358982505988803,0.0438131688346748,0.0495909391026804,0.005277289341,30491105571.739581,15616302324.739858,2058240424.989083,20436413072.911388,30491105571.739581,6020138605.222351,30491105571.739581,30491105571.739581,30491105571.739581,3529255773.037185,9339316320.039446,30491105571.739581,65.6859469295,26334147168.500881,31105911629.721881,31112278628.81349,18106697389.446928,30996954861.995787,31112084458.669442,11707635759.146369,30199026655.333767,31112306402.295028,31112306360.855893,31112305947.153676,31112295034.05285,31112224879.227505,31110985124.164115,29042633407.661523,30762455151.308769,31081052997.038345,22235896728.691322,31112155171.287496,31108711340.599547,31038813698.798347,19601026734.926028,27777779463.20188,9107647265.100012,30466757772.434867,12378580501.263527,12856669456.27306,29494736947.462751,21858104469.99453,31112306403.739581,26493006247.172124,1790,0.020717592593,4568,3196140185.539418,159068818.280346762700789055582,2844889.87343474,141587.42859666355674453991526,85821.6709135,4271.2618917093141539003365,116.194093634403,0.054777983076290976,0.044932917650187414,,
2019-03-19,7149,11445,204167,262004,998,118434,246528,47,46616,314552,307186,300545,290596,230646,25977,254047,78278,270454,164380,3516,138234,1730,217400,17923,11,250123,59235,77,1613989052,4313,993.337815905402,1045861950.492549006600616107774,0.398973477652,0.339737166134,1610485566.2055151639400032701095,,1371373870.720054791704023261214,4036572996.4896421337696557870897,0.19490803,0.010089145095014219462945,0.172257,0.0089166457976711600955,445.559768,23.063786278343039948692,0,0,0,0,0,0,0.581012950743,9.941760668098,37.58572478259503,8.465689538159,32.005304462535285,0.000012953314453041559,0.0517636194620315,-72.1902230881284,25.58306633671944,0.049769036727499,0.0000125380494223835,0.000363110089562741,0.0439923555222042,0.049769036727499,0.005282112838,30491105126.179813,15626307013.705378,1850519067.012463,20204575363.198596,30491105126.179813,6026956009.856792,30491105126.179813,30491105126.179813,30491105126.179813,3436224721.10573,9354523338.022594,30491105126.179813,64.9407838505,26327771126.289736,31105914472.163393,31112278170.677456,18076652689.177152,30996958107.378372,31112083967.409047,11687687854.007914,30198150497.24219,31112305956.728754,31112305915.196857,31112305500.807233,31112294573.879992,31112224344.062925,31110986389.981404,29039534255.386825,30762202238.673235,31081087256.003361,22215329161.705777,31112171761.122354,31109175054.348623,31045435867.191081,19823742489.388021,27946220165.84555,9297647265.100012,30506156466.06881,12420360049.858781,12838956179.286079,29491333206.269772,21837445421.367482,31112305958.179813,26493005801.612356,2286,0.026458333333,5749,3129456340.466553,161991987.1309523389055791824195,3486855.57990347,180492.265357184391724100099305,105867.3903255,5480.07930624753713767625325,116.282370687601,0.054101645629693926,0.04531540215200032,,
2019-03-20,6939,11475,204399,262255,1004,118592,246756,47,46598,314874,307497,300848,290876,230871,25878,254290,78367,270708,164584,3526,139375,1837,218211,18234,12,250877,59917,82,1613989070,4320,1014.013194444444,1074727090.4798462427196597551168,0.410378254161,0.349448654041,1657501434.860200543210401706752,,1411409205.0694259447577725353536,4038960198.441249704738213476767,0.1930008,0.01028207642144151108096,0.172257,0.0091769549044783771584,445.445853,23.7310327323005987180736,0,0,0,0,0,0,0.580701495605,9.442223706417,38.16830440901906,8.0403197097,32.50138736038267,0.00001321740086677516,0.0532747865368512,-73.57331011328577,17.92499409305128,0.0517636194620315,0.0000129533144530416,0.000375294287663693,0.0456416570354866,0.0517636194620315,0.005289636952,30491104680.73396,15560408120.192353,1826260859.964142,20173278211.756639,30491104680.73396,6017944368.548819,30491104680.73396,30491104680.73396,30491104680.73396,3415534670.591102,9324174231.90631,30491104680.73396,64.8401906554,26330460378.058739,31105914926.349974,31112277701.804988,18066962342.965415,30996873706.649928,31112083195.878723,11651539310.980608,30195456156.375989,31112305511.282153,31112305469.703924,31112305054.363452,31112294110.062376,31112223841.99814,31110985597.286326,29029676891.249251,30761800648.674129,31081067600.258581,22207307264.307751,31112180985.282518,31109285340.70544,31047224326.420695,20003852940.677978,28003877423.437318,9476688392.703212,30517240463.205123,12479341852.430851,12803526637.25368,29492075470.153724,21822254937.020086,31112305512.73396,26493005356.166503,2308,0.026712962963,5886,3295018893.86391,175541428.205491365566772720192,3458954.11484329,184275.042109039365584498048448,103949.08993650001,5537.865577066985293065814168512,116.541090965649,0.05381433625865852,0.04266745518411545,,
2019-03-21,8994,11507,204076,261890,1006,118333,246397,46,46489,314593,307213,300554,290557,230531,25908,253920,78164,270344,164266,3537,138598,1811,217571,18129,11,250025,59430,81,1613989086,4320,1112.512037037037,1062946488.5334326009971680137138,0.405133272119,0.3449824029,1636762330.4117253248685352878984,,1393749268.6488899122327490746458,4040059020.2082289342519835878158,0.19689923,0.010358513869902054522314,0.172433,0.0090713895738892476494,543.244972,28.5791395792484980856296,0,0,0,0,0,0,0.579971568507,9.04565236189,37.06939759769673,7.702628005048,31.56563713074235,0.000013230527111212895,0.0526081989751918,-74.44359657505728,14.58771924301046,0.0532747865368512,0.0000132174008667752,0.000384139912082303,0.0466773972758493,0.0532747865368512,0.005287941788,30507234802.488988,15601721895.603379,1973288743.75703,20204958718.215791,30507234802.488988,6062755379.124954,30507234802.488988,30507234802.488988,30507234802.488988,3164298313.425928,9361551424.744238,30507234802.488988,64.9420180794,26341086423.515716,31105920513.041179,31112277127.022759,18044252313.016084,30997026447.292882,31112082894.613695,11597668555.906577,30198011461.348328,31112304968.037046,31112304926.361841,31112304510.185051,31112293540.91685,31112223256.341121,31110986592.113568,29039615840.56004,30762291359.014337,31081077161.66811,22200352319.375051,31112171276.653613,31109229780.266293,31046368149.871851,19932561806.384423,27987979942.149845,9295165371.322984,30512215323.769405,12433331243.275801,12773460715.384118,29497881882.056621,21800263090.968847,31112304969.488988,26493004812.921531,2759,0.03193287037,7001,3439476084.728361,180944642.2358032658266808746398,2199943.12423672,115735.045613950459852590602896,117427.865118,6177.6684933597285185796324,116.681336054102,0.05368187808497193,0.04274289914809688,,
2019-03-22,9965,11539,203868,261630,1011,118237,246106,46,46462,314462,307071,300390,290363,230270,25911,253645,78095,270093,164120,3552,141513,1973,218903,19120,13,250512,61393,94,1613989102,4320,1196.048842592593,1171155133.0022230612361155285566,0.444980448831,0.378913395893,1798276186.6092369299715660738774,,1531282865.1503996952256490186328,4041247635.3352249276680096165052,0.19902335,0.01150345365386491205613,0.172257,0.0099563715315504846846,643.044455,37.167659400102153926949,0,0,0,0,0,0,0.579366338811,9.769284695432,39.834539502398115,8.318821308032,33.92023329641841,0.00001450832023967236,0.0577995177644478,-70.97254542702177,23.07325324737887,0.0526081989751918,0.0000132305271112129,0.000390887421556685,0.0463536986044753,0.0526081989751918,0.005284894554,30527016215.444533,15673285447.737307,2060864271.114189,20262368585.410497,30527016215.444533,6082400953.325074,30527016215.444533,30527016215.444533,30527016215.444533,3281180222.156322,9431825780.916124,30527016215.444533,65.1265440605,26346938058.745506,31105933580.62902,31112276436.733783,18025421849.588312,30997172452.15314,31112081849.464257,11546844391.805484,30199410705.839032,31112304324.990057,31112304283.151156,31112303865.669603,31112292868.474035,31112222409.924688,31110987506.366145,29041791170.950886,30762543561.574575,31081123348.053135,22202338042.082545,31112184736.512286,31109519890.065309,31051958747.230421,20204471510.505949,28168476241.083149,9631028192.247187,30549420941.771842,12619934982.58482,12722120172.302163,29499432401.706272,21785084475.136517,31112304326.444533,26493004169.877076,3231,0.037395833333,8172,3184706485.316315,184074499.072592465565644305857,2282147.86256506,131907.045923425761888582473868,134429.627743,7769.9676567996333139553154,116.839752130822,0.053800296576708775,0.045677114118209065,,
2019-03-23,10523,11559,203281,260959,1015,117742,245429,44,46253,313922,306512,299814,289761,229636,25904,252960,77719,269410,163607,3558,144099,2152,219830,20035,13,250157,63157,106,1613989118,4320,1232.13912037037,1281114042.6765414822811950530289,0.485686743188,0.413575951506,1966649054.1491594684414504620338,,1674657102.0426498999581011425195,4049212958.2153113329983020988494,0.21060614,0.013312687173355978724586,0.172433,0.0108997135001063666967,654.353271,41.3625186696134724554529,0,0,0,0,0,0,0.57955415492,12.435238752324,42.98224261371052,10.58895630018,36.600591093214554,0.00001587515119834881,0.0632112965621799,-65.4993332541375,42.1126630595388,0.0577995177644478,0.0000145083202396724,0.000425329938111759,0.0512466426650857,0.0577995177644478,0.005283629388,30530490924.091262,15710879219.444813,2140312820.982243,20267169198.409511,30530490924.091262,6181531598.841774,30530490924.091262,30530490924.091262,30530490924.091262,3294859235.665402,9460772009.071655,30530490924.091262,65.1419753806,26366793174.804057,31105946457.506502,31112275761.305584,18031264862.295043,30997216814.638201,31112081294.561853,11478067803.613914,30203510212.054066,31112303670.632902,31112303628.663733,31112303210.179108,31112292170.785673,31112221650.017346,31110989589.60888,29057143716.658667,30763461541.498539,31081177553.798392,22210877010.306862,31112189475.362572,31109780393.712266,31057114610.276538,20498629023.198378,28336753127.67852,9622807365.793666,30585431967.832674,12793723379.279989,12697646299.396557,29510879917.633955,21781780857.20532,31112303672.091262,26493003515.523805,3107,0.035960648148,8252,2501946628.590126,158151290.3225566227294301756674,1536072.57902126,97097.139333545385019874044674,124999.327567,7901.3695649107063036833033,116.89222030341,0.05383848806715379,0.046565922352007565,,
2019-03-24,8067,11596,203147,260817,1017,117660,245284,45,46194,313900,306478,299758,289669,229508,25895,252820,77639,269269,163486,3562,142818,2079,219155,19727,13,249897,62326,98,1613989132,4320,1056.600231481481,1246425712.3248094159136891328596,0.47640012985,0.405668137325,1905075659.4844481184182331816796,,1622225616.2887708257588673552753,3998898279.2353465441878477087531,0.20725113,0.012690448571415943758387,0.172433,0.0105584568755546251067,514.190058,31.4850031793910183420942,0,0,0,0,0,0,0.57937128302,17.195271481213,41.570391862261076,14.642258294042,35.398360281592105,0.000015421144304650894,0.0612322286079499,-67.35894318665471,34.0721619714062,0.0632112965621799,0.0000158751511983488,0.000463171113745311,0.0559447056666315,0.0632112965621799,0.005284765959,30536791686.901204,15765359607.154119,2057776914.775321,20355713660.289404,30536791686.901204,6184066443.363554,30536791686.901204,30536791686.901204,30536791686.901204,3352934657.443577,9567062093.0765,30536791686.901204,65.4265727516,26379473208.628088,31105945866.26677,31112275228.181194,18025574998.303947,30997267043.585449,31112080681.055675,11485109229.714046,30203835403.895524,31112303156.439118,31112303114.326059,31112302694.691524,31112291627.736781,31112221132.027882,31110990261.393439,29060758613.532758,30763469402.637648,31081178051.506278,22200669026.077831,31112187038.596721,31109693019.57038,31055243095.542557,20368195972.558212,28293056716.260926,9612807365.793666,30573296398.962396,12634933821.55691,12667503923.158039,29514915775.041735,21767494571.683136,31112303157.901204,26493003001.333747,2481,0.028715277778,6703,1809352250.814626,110790670.6541898849142547952374,1088907.3072836,66676.22117245654443313389164,145056.177924,8882.1130476378235352780076,116.821768721834,0.05387296426047615,0.04714170135987389,,
2019-03-25,6711,11619,203339,261018,1021,117782,245480,44,46279,314195,306762,300025,289908,229699,25923,253023,77768,269479,163668,3569,141356,1985,218493,19228,12,249897,61260,93,1613989148,4320,1012.098148148148,1185578908.7138039873195801764676,0.453682373831,0.38632332678,1812741412.1081493237762846865312,,1543600398.233155624857595513618,3995617896.2856651747611223955097,0.2007555,0.0116969101334890185018,0.172257,0.0100364605147277053932,472.377692,27.5228295732318888758992,0,0,0,0,0,0,0.578871667908,27.021631484311,39.52331152288486,23.009680719758,33.65521358905125,0.00001490811055494372,0.0582644566823276,-67.8296701545712,20.420981812979804,0.0612322286079499,0.0000154211443046509,0.000452167195740369,0.0542651132458511,0.0612322286079499,0.005295168654,30536791214.523512,15760143641.5231,1872427050.629895,20348235892.387651,30536791214.523512,6171118793.23276,30536791214.523512,30536791214.523512,30536791214.523512,3189495698.81665,9550757960.078028,30536791214.523512,65.4025389829,26372786617.196002,31105945522.50294,31112274736.49468,18010030548.042828,30997140248.860588,31112080099.873032,11404060394.372273,30203174177.494286,31112302684.056841,31112302641.812521,31112302220.97771,31112291140.133762,31112220672.581375,31110989611.827191,29055572425.727117,30763338551.951497,31081173492.17284,22187213222.913824,31112183190.112267,31109549535.530287,31052489019.888632,20186453559.482645,28199602117.164087,9432412747.169958,30553316069.474238,12497263636.2531,12613574155.929665,29510748531.078235,21748587095.616905,31112302685.523512,26493002528.956055,2353,0.027233796296,5779,1151385056.212763,67084824.7323878585334476671588,770573.84398688,44897.066353508235927622261888,119253.836263,6948.2599771469518161257588,116.612401996262,0.05397344910292559,0.0474527547169495,,
2019-03-26,8363,11680,203638,261384,1012,118025,245812,45,46349,314697,307251,300495,290351,230027,25978,253369,77909,269869,163936,3573,143238,2078,219657,19801,12,250433,62522,97,1613989162,4320,1060.902777777778,1247950783.59799979850119030121,0.476775090548,0.405987424608,1905784347.1859226016604636701138,,1622829074.568616475189169973708,3997239757.2092452501200292534301,0.19608037,0.012010904827081035792578,0.172433,0.0105623849651449772602,547.064235,33.510424632944614133859,0,0,0,0,0,0,0.577451912994,11.849307481367,40.57282788060231,10.090019221041,34.54890623870057,0.000015635198633215696,0.0612550089898394,-62.93430830926125,45.158991057149215,0.0582644566823276,0.0000149081105549437,0.00043777199102006,0.0515800742559508,0.0582644566823276,0.005303317565,30537242329.459277,15782761839.593316,1804457949.802573,20373040575.42465,30537242329.459277,6224469163.091978,30537242329.459277,30537242329.459277,30537242329.459277,3209933472.789517,9582716281.668549,30537242329.459277,65.4822664191,26374099913.923594,31105940015.97489,31112274119.829784,17965858387.487604,30997097894.855284,31112079200.755396,11451087023.480368,30201090891.211735,31112302136.988286,31112302094.618433,31112301672.759001,31112290567.183523,31112219927.959691,31110988358.986083,29055054674.202539,30762682137.790577,31081149376.434342,22160210104.859186,31112185728.885853,31109688992.656371,31055180234.542273,20314904582.165557,28285838820.602037,9432412747.169958,30571547073.307455,12590338697.289128,12638953155.668611,29508382287.826052,21723052070.507428,31112302138.459277,26493001981.89182,2790,0.032291666667,7405,2625664173.824811,160835082.5719380388237346253534,958081.06986743,58687.264547724374938374990742,99499.4334025,6094.8386875540641794705585,116.36036245149,0.05375455850579408,0.039661888581366,,
2019-03-27,14207,11700,203824,261645,1011,118222,246029,46,46389,315304,307829,301039,290653,230213,26010,253602,78108,270042,164161,3580,147195,2292,221599,20946,12,251003,65188,118,1613989177,4320,1408.986342592593,1361896993.216889499782819940125,0.519182325702,0.442009837431,2078973082.7199908109063597025875,,1769949608.88184588181504823807,4004321757.1150064352812852976305,0.19779802,0.01321717593670054807555,0.172257,0.0115104846617181825675,890.091092,59.47729184879562350303,0,0,0,0,0,0,0.576610089232,7.308451973987,41.85751063794727,6.222106394935,35.63571130294466,0.00001659335664197909,0.0668215785815275,-56.4238890208172,53.73211466716713,0.0612550089898394,0.0000156351986332157,0.000459995589317399,0.0543831257260766,0.0612550089898394,0.005307658757,30538540816.368185,15775566675.469859,2363938046.87233,20381095779.64055,30538540816.368185,6573307354.673603,30538540816.368185,30538540816.368185,30538540816.368185,3659309740.339912,9922701495.869479,30538540816.368185,65.5081590299,26369041525.962599,31105939160.344221,31112273312.956516,17939666799.034127,30997073030.305232,31112078146.278417,11481817537.920169,30198803130.061719,31112301246.886031,31112301204.386984,31112300773.689848,31112289603.691472,31112218933.394868,31110984968.68201,29052955698.167256,30762769213.471349,31081169260.318004,22147053785.006109,31112190024.038652,31109959433.085444,31060993335.15298,20626729858.812348,28456578354.735517,9499448028.628306,30610231333.46964,12900030830.574437,12622388587.184621,29508117521.410811,21709801501.75177,31112301248.368185,26487695239.380948,4500,0.052083333333,12141,4257030265.657771,284461482.4205916339949374252025,1173986.74762546,78447.64771012656855564469015,56753.312709000005,3792.3459449464471924908904076375,116.632787267284,0.05412999501330957,0.04184250890353064,,
2019-03-28,12149,11719,204023,262020,1012,118482,246291,46,46409,316098,308565,301705,291244,230432,26042,253901,78291,270483,164421,3591,145861,2220,221135,20457,12,251090,64177,108,1613989191,4320,1263.629398148148,1328711499.3929776970748408102316,0.507401453057,0.431980099598,2028308075.2663473184531173750744,,1726815560.1258703908718099298772,3997442386.1940823787552955651082,0.2105946,0.01372931996922852021576,0.172257,0.0112299720407807095092,803.418411,52.3773564649242981901116,0,0,0,0,0,0,0.57590616865,10.710419004706,39.57486168777034,9.118396962634,33.69236053714233,0.000016253837184296796,0.0651931244639156,-58.56316987834218,52.58079072760598,0.0668215785815275,0.0000165933566419791,0.000479987293198327,0.0594019691781881,0.0668215785815275,0.005308502234,30538540012.949774,15781264969.99488,2490660780.819641,20381159981.501111,30538540012.949774,6597550995.067029,30538540012.949774,30538540012.949774,30538540012.949774,3671702835.612968,9940121938.871051,30538540012.949774,65.5083670768,26366775474.313246,31105932703.737075,31112272297.075483,17917765747.146307,30997101205.675305,31112076152.939553,11465494568.773874,30195540295.962614,31112300443.449451,31112300400.522407,31112299966.526441,31112288717.681992,31112217400.943858,31110980147.806508,29050881092.602973,30762336793.638692,31081192063.508993,22142146252.689725,31112185430.441676,31109852444.270801,31058621175.350028,20498188728.464575,28376947612.564526,9499448028.628306,30592030872.318105,12734179987.459497,12607866953.085797,29508886297.756009,21700893058.246459,31112300444.949774,26487694435.962537,3815,0.044155092593,10400,2904863052.629267,189377098.5406896155384459778652,588688.61293752,38378.450013725576696557353312,41784.044376,2724.0324056103406411186656,116.650338718373,0.05415411090714586,0.042059535476836746,,
2019-03-29,15337,11740,203448,259939,999,118551,244308,44,46342,314335,306765,299867,289338,229106,26037,251772,78308,268452,164444,3601,149991,2429,222235,21645,13,249406,67046,129,1613989205,4319,1425.886084741838,1466006172.4154469083692627517012,0.559218815146,0.476095203964,2237481163.1535332167162811823436,,1904896655.6305605337687029587312,4001083480.2988721091933366092023,0.21168737,0.015223770320938674683164,0.172433,0.0124007416585619562076,872.151961,62.7219334777519532018492,0,0,0,0,0,0,0.574927098747,14.1669155006,42.586561131295646,12.061111575866,36.25639366700892,0.00001758576238797484,0.0719162901449372,-49.711895536385164,67.72816918885314,0.0651931244639156,0.0000162538371842968,0.000474695884448769,0.0580605928185562,0.0651931244639156,0.005291727323,30538924646.797813,16017231119.667159,2417950585.979621,20384897072.150371,30538924646.797813,6827838650.890632,30538924646.797813,30538924646.797813,30538924646.797813,3854948681.769487,10182884986.947277,30538924646.797813,65.5203805313,26373896440.357531,31106113476.671248,31112271267.315009,17887304128.723893,30997590715.575597,31112078851.060235,11408244247.92853,30193828207.676877,31112299571.287783,31112299528.175267,31112299091.329685,31112287777.081644,31112216087.417137,31111023586.226919,29052329350.291979,30762472487.201604,31081663720.646645,22146875017.448349,31112190723.267295,31110244709.603858,31065106961.083335,20802814897.530021,28554097757.188853,9640071946.561041,30634044977.742475,13052899805.770021,12614078882.81184,29498861722.711938,21677015881.696224,31112299572.797813,26487693564.163396,4120,0.047685185185,11270,2196123748.425,157937072.68591937020022391,291954.2755403,20996.26838881115671183956916,43528.094703,3130.3790881172520375876516,116.371894771384,0.054658006826641355,0.044704901098087016,,
2019-03-30,10611,11765,203838,260406,1000,118858,244709,46,46433,315057,307458,300517,289950,229497,26094,252195,78527,268954,164801,3578,150283,2416,222614,21664,13,249802,67178,130,1613989223,4320,1180.71712962963,1462267722.4195542170274553980885,0.558036153954,0.475088334546,2232369474.7125198473492109953265,,1900544773.518981571734602977083,4000402946.824409557964858572505,0.21081283,0.015126240849903302131065,0.172433,0.0123724115295609669315,671.86049,48.207329645325898914195,0,0,0,0,0,0,0.57412374874,23.030404538537,42.161330970977325,19.607110504582,35.894370591057225,0.00001753516724347119,0.0717519936993555,-49.45560977408378,68.33775428713012,0.0719162901449372,0.0000175857623879749,0.000505140174555762,0.0641134304612921,0.0719162901449372,0.005302163205,30541618416.937323,16027378729.592193,2076367819.868316,20379471663.833207,30541618416.937323,6584064538.498037,30541618416.937323,30541618416.937323,30541618416.937323,3779305666.759326,10194346847.680077,30541618416.937323,65.5029437996,26363569374.981132,31106112353.340435,31112270467.183591,17862309676.932067,30997477461.082443,31112077552.892137,11443161209.144756,30190967104.440761,31112298899.419942,31112298856.058597,31112298417.411282,31112287042.395312,31112215018.955762,31111021525.622593,29047806086.594104,30761842855.747265,31081636811.947304,22093068796.440172,31112189363.7267,31110240931.927047,31064992387.362875,20758387479.626785,28544386478.01544,9640071946.561041,30632340276.942078,13036146969.01453,12581482709.131282,29495461310.695664,21655583848.188425,31112298900.937323,26487692892.302906,3187,0.036886574074,9147,1350922813.747242,96931405.220307711622915302531,211457.10409406,15172.46880064095322383337833,62401.899096,4477.460670764009671232628,116.202057353475,0.05465087678649403,0.0446449764345143,,
2019-03-31,8903,11739,204089,260743,1001,119071,245008,46,46492,315580,307961,301000,290388,229764,26104,252517,78663,269322,165054,3573,149473,2366,222243,21354,12,249956,66514,128,1613989244,4320,1056.680555555556,1419637578.551178473889657708928,0.542279078356,0.461673426655,2167603702.454145251247423145856,,1845405933.74378662715951697664,3997210641.1075359221808267862812,0.20472405,0.0142631895534870577344,0.172433,0.012013461849140019584,554.392726,38.624717213304507912448,0,0,0,0,0,0,0.574720131082,29.565102381401,40.63142895856008,25.170475260126,34.59187674007126,0.000017016343284594904,0.069670317451648,-53.95032948455191,62.14576630760409,0.0717519936993555,0.0000175351672434712,0.000504912618304869,0.0639312659584333,0.0717519936993555,0.005301141568,30541617862.544597,16038858560.493395,1704766104.089875,20376505095.393361,30541617862.544597,6603261088.913766,30541617862.544597,30541617862.544597,30541617862.544597,3680442844.712273,10201600819.441753,30541617862.544597,65.4934099321,26353345950.238499,31106107051.420592,31112269805.389111,17880864183.979932,30997389552.972147,31112076405.045634,11440976598.96958,30188802186.045831,31112298345.022126,31112298301.513622,31112297860.659421,31112286452.21565,31112214273.78912,31111017761.241527,29043122847.69128,30761238338.268931,31081635220.142556,22103291402.048422,31112186296.529164,31110147496.674156,31063494022.635374,20702716914.517281,28495244129.662763,9499448028.275486,30620505499.287998,13011946729.104177,12584711074.59938,29493896628.399382,21676235599.170161,31112298346.544597,26487692337.91018,2708,0.031342592593,7242,1052331831.80575,73316292.786380852094153376,234499.5187148,16337.6559111187872201019904,67265.5968,4686.4154826305578635264,116.08600266451,0.0546723737450043,0.045432270105711825,,
2019-04-01,9736,11758,204171,260706,1001,119457,244906,46,46651,315740,308101,301109,290466,229598,26192,252445,78964,269309,165437,3569,151071,2434,222859,21760,13,250049,67669,131,1613989276,4319,1138.63023848113,1478992270.241686016703485188176,0.563508877346,0.479747576197,2245419749.864556637402851673953,,1911655212.27602120032333926423,3984710516.7902522504484703340225,0.21021446,0.01517148312857933567874,0.172257,0.012432038068550044683,610.67301,44.07315875555734816119,0,0,0,0,0,0,0.574001173178,29.934678103797,41.722952544573324,25.485116280989,35.52115354298,0.00001743938308569952,0.072171453517419,-50.94425000376234,70.4256094840253,0.069670317451648,0.0000170163432845949,0.000493147670194146,0.062042200677972,0.069670317451648,0.005296836341,30541617251.871587,16172357108.30901,1751550566.291068,20492759923.211504,30541617251.871587,6725905773.177503,30541617251.871587,30541617251.871587,30541617251.871587,3800778853.132318,10352648536.344312,30541617251.871587,65.8670731978,26334729560.711138,31106154081.455621,31112269108.548898,17858495400.64998,30997602027.307381,31112074836.066163,11437129396.607773,30185709300.715816,31112297734.343191,31112297690.650208,31112297248.336115,31112285789.94065,31112213356.80134,31111011387.89396,29035139080.9798,30760794177.142867,31081836874.384323,22074080989.5246,31112187709.972211,31110251044.718568,31065408300.427089,20773442018.534631,28532990030.717035,9639971946.216351,30632260192.344523,13034803924.571098,12567876366.122813,29481842334.0923,21653625141.510168,31112297735.871587,26487691727.23717,2905,0.033622685185,7408,1039339645.744354,75010652.931649374887759902326,200413.50127517,14464.13369154412513830718623,66582.113683,4805.327922764142078744177,115.745689844021,0.05471522788930282,0.04518315381658283,,
2019-04-02,13619,11157,203860,260590,1033,118807,244727,45,45723,315854,308187,301169,290487,229367,25464,252303,78133,269222,165021,3477,156359,2829,225074,22666,13,250364,71145,149,1613989296,4320,1338.595601851852,1749638660.6481440125743261315946,0.658547633314,0.560659542627,2652683352.590042142754083442881,,2258382173.0755838609055009514828,4028081217.5133911213725928588228,0.19904039,0.016970496600464437989394,0.172433,0.0147019086945513141118,819.847352,69.9014742686937633902992,0,0,0,0,0,0,0.590153107911,5.535317571301,45.15929082122694,4.712534767157,38.44670613996057,0.000017387122764415066,0.0852615722892446,-43.88024544470618,104.14757812820339,0.072171453517419,0.0000174393830856995,0.00051078312538298,0.0644983106244559,0.072171453517419,0.005223271225,30542953618.024235,16247576424.922237,2467071070.036746,20520835045.272251,30542953618.024235,6562071618.452865,30542953618.024235,30542953618.024235,30542953618.024235,4240003519.62634,10045594073.936031,30542953618.024235,65.9573129578,26358885699.867528,31106133115.717569,31112268195.8542,18361018719.246836,30997048800.367276,31112073131.588687,11831497421.253606,30182588909.107076,31112296914.484691,31112296870.637002,31112296426.595034,31112284917.874873,31112212260.966226,31111005935.651339,29043679279.254741,30759175640.001144,31081745825.13253,22386462217.825561,31112192432.50397,31110557827.084837,31072581694.349871,21697118576.65634,28748973665.39061,10073671986.776458,30685434551.572218,13672830260.660781,12987826196.726178,29538479299.864663,22064355974.508946,31112296916.024235,26487690907.389818,4119,0.047673611111,11155,5620688698.572878,479228755.7887115891874486679588,762835.2451859,65040.53240220124159449757114,60387.278573,5148.7143174025909919359558,115.794159312123,0.056113068755307305,0.05228908834699412,,
2019-04-03,15153,11116,205014,261943,975,119575,245979,46,45933,317556,309862,302813,292085,230597,25543,253598,78593,270667,166012,3417,159390,2970,227069,23304,13,251756,73037,166,1613989312,4320,1378.073842592593,1861374097.8892321532016063807743,0.69963533006,0.595639862899,2818006237.1003197947177931048265,,2399131056.7086538532677095433498,4027821517.9051311919382668467009,0.19584007,0.017738277486991713608857,0.172257,0.0156022333176082484607,970.77922,87.928640869896420501022,0,0,0,0,0,0,0.589423201194,6.505991005791,44.57348592196189,5.538924957356,37.94797647118827,0.00001826031579482266,0.0905753224403551,-46.55138066192246,125.8793205574819,0.0852615722892446,0.0000173871227644151,0.000515278779912308,0.0759467754607999,0.0852615722892446,0.005234776283,30543337262.245015,16320278617.646259,2203937808.432994,20550565515.402593,30543337262.245015,6488693016.858577,30543337262.245015,30543337262.245015,30543337262.245015,4182297805.445071,9860895380.280594,30543337262.245015,66.052873602,26345080349.255042,31106114838.124969,31112266975.025493,18338309072.532373,30996524452.034744,31112070815.268386,12134465535.68116,30176470528.773964,31112295943.696953,31112295899.683349,31112295453.599486,31112283863.509393,31112210722.283833,31111001997.695456,29029919406.60226,30756906267.201169,31081621347.850502,22358633310.27563,31112192012.575007,31110640855.567771,31074782103.609717,21899028282.518229,28799258592.526648,10350694668.134759,30699522433.534431,14132274286.105276,13257854205.91665,29531214043.313767,22115843535.283203,31112295945.245015,26487689936.610598,4957,0.057372685185,13848,4782099439.970641,433140198.7171823562196176146191,857727.50945679,77688.945735011482535975706129,44972.684869,4073.4154330181539607569819,116.025563051501,0.05627450067634098,0.051238121205648246,,
2019-04-04,13667,11144,205374,262387,966,119780,246391,45,46054,319019,310504,303428,292669,231022,25657,254014,78818,271146,166298,3415,158495,2887,227015,23060,13,252098,72377,157,1613989516,4320,1311.115740740741,1800719068.975228661156548668752,0.675082798788,0.574748243168,2726238476.259937238943729560328,,2321049769.748320756793357460184,4038376449.7561067335557398125444,0.19164502,0.01679304040518963949328,0.171661,0.015041925477610942904,928.903388,81.395864746193503529632,0,0,0,0,0,0,0.588316514222,10.305643250361,41.393052654388434,8.773961302965,35.24098723177434,0.00001784177303821609,0.087625759360664,-42.24501861253811,105.26980204106046,0.0905753224403551,0.0000182603157948227,0.000565249400492917,0.0805865866367005,0.0905753224403551,0.005247523408,30543720983.341627,16333282478.832902,2637796954.498507,20550110859.108718,30543720983.341627,6590855093.289995,30543720983.341627,30543720983.341627,30543720983.341627,4220092091.091217,9885623615.494431,30543720983.341627,66.0514142345,26335072230.964174,31106104013.018889,31112265935.412899,18303876953.463174,30996293587.364382,31112069668.961466,12112954622.905228,30174564317.724261,31112295014.784835,31112294970.591737,31112294523.231386,31112282881.512184,31112209525.216458,31111001827.901366,29027364920.696158,30756711318.571069,31081557490.921725,22331404289.994824,31112189999.614554,31110587053.522703,31073394060.772241,21780805360.022536,28756661619.152741,10363909676.490894,30689402876.685155,14039375385.716142,13269541609.326277,29531236241.767254,22105938356.454448,31112295016.341627,26488212903.182681,4847,0.056099537037,12120,3018957115.098256,264538409.687764190536101401984,1419110.84236087,124350.66517882277849957081768,292528.705994,25633.049997516672664620016,116.402154187866,0.05630572192114649,0.05193111228317519,,
2019-04-05,12766,11166,204726,261596,961,119403,245645,46,46167,316901,308761,302394,291870,230307,25749,253247,78850,270283,165729,3410,159188,2962,226787,23488,14,251413,73387,166,1613989553,4320,1343.77037037037,1864296475.511664809469525387737,0.698827400804,0.594963787507,2824274898.3853192314688408062384,,2404515462.005308806357521225998,4041448425.0865086544447423590819,0.19279621,0.017501425464634768727354,0.172433,0.0156529181623610084242,905.949411,82.2392000929181650337814,0,0,0,0,0,0,0.587540000027,15.370867672836,41.76807932618882,13.086363868086,35.560275175587115,0.000018035514820235856,0.0907768128047474,-38.52399984428134,113.74125212943623,0.087625759360664,0.0000178417730382161,0.000555065089442536,0.0780047833424895,0.087625759360664,0.005237139836,30544656790.392216,16342635213.647792,2614606093.15774,20537143989.860005,30544656790.392216,6648577632.119952,30544656790.392216,30544656790.392216,30544656790.392216,4062466356.448989,9923918192.537789,30544656790.392216,66.0097385201,26330309515.574994,31106117032.962564,31112265123.786393,18279717282.44976,30996719184.588528,31112069264.388942,12122662673.084285,30178575356.488216,31112294108.900618,31112294070.373016,31112293627.408942,31112281955.844722,31112208850.889701,31111003506.073226,29031272932.000972,30759814229.793692,31081612538.349634,22310038239.359236,31112190228.155228,31110643304.123356,31074863151.647241,21849599220.037771,28798434475.817174,10474172571.590894,30703436201.975229,14129448613.021268,13255504287.076634,29515415663.103941,22068329169.203567,31112294110.392216,26488211997.23327,4699,0.054386574074,10937,2024107862.523327,183742060.5328974403787288425998,1597180.47363341,144986.952870417849976175250634,25670.938064,2330.3259391579926305650336,116.688385414114,0.0562914121196339,0.05167436656706055,,
2019-04-06,9754,11176,204408,261220,971,119171,245321,47,46033,315052,307282,301753,291520,229974,25721,252906,78690,269871,165447,3404,158559,2946,226317,23357,13,251053,72941,164,1613989575,4320,1174.656018518519,1849059759.507442720847579019139,0.688475392741,0.58617247951,2799446690.4535729594365434907742,,2383467332.4584490566468354016034,4066153590.9180522601883103476963,0.20738033,0.018659832212080596384734,0.172433,0.0155153135681946955934,501.030887,45.0821554989806088269426,0,0,0,0,0,0,0.588418135232,7.373255159514,39.209403890484076,6.277637958426,33.383144468093555,0.000017837515823293684,0.0899787950577598,-36.953578568120946,111.51257572423116,0.0907768128047474,0.0000180355148202359,0.000547049342215335,0.0809130233694865,0.0907768128047474,0.005234001113,30545114055.361329,16341974168.121328,1834524225.394948,20549950222.388305,30545114055.361329,7182700650.14809,30545114055.361329,30545114055.361329,30545114055.361329,4568204933.079857,10490470282.447894,30545114055.361329,66.0509009088,26343815579.977291,31106118672.829974,31112264647.954689,18307037788.404558,30996851799.989782,31112069408.919284,12135065165.722499,30180335363.148475,31112293607.934873,31112293576.030512,31112293139.229679,31112281437.263294,31112208559.507361,31111002728.50568,29038897979.863616,30760477048.339778,31081634783.528682,22311187582.774118,31112189736.59507,31110627339.620807,31074501581.447958,21839030100.753114,28794537403.206521,10358909676.139261,30700935294.250066,14081712314.927928,13234046741.896416,29512401574.278738,22056130078.679917,31112293609.361329,26489211496.202383,2416,0.027962962963,6143,4219614395.036316,379675818.8737457784536386048968,3201112.15673775,288032.21470800947396199109245,70023.781976,6300.6555275877585621773648,117.136357872073,0.056267449857670744,0.05187495969084746,,
2019-04-07,7414,11169,204697,261629,971,119368,245680,47,46067,315588,307824,302295,292044,230286,25766,253292,78802,270313,165686,3405,158825,2948,226627,23421,13,251437,73074,164,1613989596,4320,1050.830787037037,1849774461.4309247572926533524864,0.688985978326,0.586607193749,2801636739.912854174126644138736,,2385331948.1135419448584533247424,4066318949.9433236403540011162062,0.19770621,0.017803283735153362766736,0.172433,0.0155274516885620325328,513.047619,46.1995216574221890517104,0,0,0,0,0,0,0.588345836044,10.280169231269,37.909671503942,8.752603701264,32.276543669132195,0.000017353487279691967,0.0900491883140816,-38.746677126433354,113.54135360369692,0.0899787950577598,0.0000178375158232937,0.000543978300160235,0.0803410631702677,0.0899787950577598,0.005237746118,30545113542.31371,16345500948.968664,1600732141.338317,20541822708.930104,30545113542.31371,7190182013.669799,30545113542.31371,30545113542.31371,30545113542.31371,4560984716.00257,10480252212.911361,30545113542.31371,66.0247788401,26332215738.544206,31106111368.563759,31112264033.98886,18304788092.989425,30996756559.623107,31112068187.205192,12138840408.498297,30178422603.038884,31112293094.880276,31112293062.965147,31112292625.287952,31112280881.112333,31112207834.22948,31110998400.211086,29036678328.886801,30759984906.993636,31081591283.409686,22309396675.773897,31112188996.090236,31110622822.312918,31074489103.444577,21838477002.733711,28794373804.411345,10358909676.139261,30700686812.906058,14086076785.318084,13236307581.060139,29511022400.81398,22058445387.700259,31112293096.31371,26489210983.154764,2595,0.030034722222,6771,3026437833.501919,272528270.3898754394385883225904,2451414.31680517,220747.869449824443587034681872,67464.721451,6075.1434064981594448844016,117.578961559949,0.05626616814111314,0.05168984386965374,,
2019-04-08,9340,11184,204744,261677,963,119425,245706,45,46062,315766,308008,302456,292178,230331,25849,253317,78809,270377,165732,3412,157634,2864,226194,23120,13,251395,72104,156,1613989614,4319,1118.695068302848,1785260881.6270012238153424900666,0.665174368515,0.566333830681,2703261787.5127098919263255156278,,2301574859.0461017549119594566604,4063989707.7614109724792389143521,0.19619262,0.017046638797805609701878,0.172257,0.0149669384067229486533,583.476848,50.6967034475513220913712,0,0,0,0,0,0,0.586880118294,10.384386192777,35.4383315007937,8.841334678841,30.172428436468913,0.00001644525861793737,0.0868872580314469,-44.13949989557659,86.81356920670869,0.0900491883140816,0.000017353487279692,0.000516148684163493,0.0803473195453451,0.0900491883140816,0.00524031576,30546070732.836862,16354720481.434061,1191216378.50623,20546866388.404914,30546070732.836862,7158144384.668634,30546070732.836862,30546070732.836862,30546070732.836862,4646896487.535756,10489925922.54087,30546070732.836862,66.0409912896,26326259895.613936,31106114694.240181,31112263395.342798,18259185910.320865,30996776760.761276,31112067404.53337,12070675538.661431,30178261376.549488,31112292511.404046,31112292479.362979,31112292040.684615,31112280261.740007,31112207060.741539,31110999464.902821,29041758346.769738,30759684636.543523,31081592848.166534,22299767688.539625,31112187459.788458,31110569868.044506,31073091670.301936,21725375147.773773,28756187289.932541,10363909676.139261,30689370345.270248,13986399751.709716,13231698634.833737,29511406640.184687,22043662512.920473,31112292512.836862,26489210399.677916,2974,0.034421296296,7744,2996064662.394458,260319843.4003671158480162812802,2139182.64055559,185867.714066345474251507583171,85086.176205,7392.9045468329923645010145,118.024179215948,0.05631091045436241,0.050966230838258963,,
2019-04-09,8122,11172,204593,261616,965,119204,245601,45,45844,315831,308077,302514,292207,230197,25802,253230,78605,270349,165562,3418,156197,2729,225555,22733,13,251203,70993,147,1613989632,4319,1111.049780041676,1717011705.2488410529136329223652,0.64064801561,0.545451930938,2599906578.6687369491231489149098,,2213577548.1042454174049640331854,4058244957.165915215557623731037,0.19994711,0.016708631012761762797954,0.172433,0.0144094074249112630062,531.659355,44.428248986334013919097,0,0,0,0,0,0,0.587514811907,10.176098188698,33.09861336885697,8.663996876896,28.180376951928903,0.000016083918932917317,0.0835652538952014,-44.553304921076354,84.5411254348869,0.0868872580314469,0.0000164452586179374,0.000480625610036759,0.0772575147633076,0.0868872580314469,0.005240648765,30546070201.177507,16361194166.366882,1267959572.765963,20546957320.349118,30546070201.177507,7107888419.747369,30546070201.177507,30546070201.177507,30546070201.177507,4475514359.211853,10492628196.496908,30546070201.177507,66.0412846883,26342874030.007839,31106108732.690863,31112262785.431254,18278932371.311027,30996653187.642235,31112066370.296532,12068043867.634272,30178197386.999026,31112291979.742054,31112291947.631316,31112291507.556451,31112279703.965461,31112206292.328354,31110995830.840056,29052692514.809641,30759711058.494773,31081571557.337646,22327070602.442612,31112185478.73319,31110506912.891118,31071583808.621489,21588216841.232273,28726984266.805391,10363909676.139261,30678759479.497888,13885708300.558092,13228711982.047954,29524552362.737313,22065740086.032373,31112291981.177507,26489209868.018561,2659,0.030775462963,6772,3057389129.335674,255491498.8493643486615984347436,2065289.36554722,172586.430199012854189643110108,76752.969737,6413.8814032831144237200318,118.375877799764,0.05475344779411983,0.0514072620873267,,
2019-04-10,7920,11210,204906,261989,964,119393,245949,44,45906,316320,308573,302999,292678,230539,25908,253595,78740,270747,165839,3421,158795,2950,226843,23500,14,251718,72800,166,1613989652,4320,1055.040277777778,1841777605.9876062894037183915888,0.686447552819,0.584445956194,2788577355.5898922867736789748336,,2374213080.542510989183146058236,4062331264.9863617122828658335845,0.19490398,0.017469135178601716157288,0.172433,0.0154550737560712188748,526.240751,47.1666654303718489509556,0,0,0,0,0,0,0.586171074731,9.838851362836,34.34026198755385,8.376862688185,29.237524659903197,0.000016873833435351704,0.0896294430652556,-42.16689641131953,89.01238571229715,0.0835652538952014,0.0000160839189329173,0.00047491621718305,0.0742328914296103,0.0835652538952014,0.005257643367,30546069674.936756,16333004480.226445,1081500696.000626,20548801186.309748,30546069674.936756,7102280550.39592,30546069674.936756,30546069674.936756,30546069674.936756,4185860610.406827,10463115375.144081,30546069674.936756,66.0472122925,26333007554.384667,31106101849.64745,31112262173.343051,18237125319.493154,30996438630.878179,31112065462.870496,12015696639.6948,30176557469.642492,31112291453.496523,31112291421.333962,31112290980.502983,31112279142.776435,31112205643.306692,31110994455.745614,29053813080.606013,30759155872.081967,31081531438.745427,22294280034.259142,31112186580.345957,31110614938.406703,31074226950.650243,21807754632.966751,28804498388.945344,10479096821.267933,30697565969.861958,14079541003.143434,13206265540.81263,29522202821.949472,22035124098.263635,31112291454.936756,26489209341.77781,2700,0.03125,7171,3162187363.90892,283425092.295145236075854919952,2045085.00688701,183299.830188387119410845969756,62215.93054450001,5576.379204490160487034104852556,118.755526507135,0.054955500129558,0.052002216572552336,,
2019-04-11,8823,11241,205417,262582,961,119719,246492,44,46008,316996,309278,303692,293346,231073,26019,254155,78896,271360,166263,3426,156407,2699,226254,22772,13,252031,70886,147,1613989670,4319,1110.544107432276,1707065737.2516640988789844493178,0.635544599704,0.541168749167,2585075579.7277286585318732974877,,2201202116.4774560949737701368461,4067496727.8964403583714743839155,0.19099283,0.015869320023480470127413,0.172433,0.0143272103963735597063,568.776649,47.2588351346164309729039,0,0,0,0,0,0,0.58466898502,12.407640044601,31.05371713155982,10.565154744738,26.442363391820525,0.00001645101142929917,0.0830885642329111,-50.00356188342445,76.6527514133617,0.0896294430652556,0.0000168738334353517,0.000505026083638698,0.0796296362875426,0.0896294430652556,0.005275180405,30546069106.160107,16329489476.207905,1468851904.929197,20545134616.437398,30546069106.160107,7063584216.874884,30546069106.160107,30546069106.160107,30546069106.160107,4270660962.019837,10398778394.951233,30546069106.160107,66.0354285437,26316957092.708037,31106095400.571339,31112261541.92636,18190391534.048244,30996193321.936009,31112064132.459046,11951931362.932047,30174230121.404336,31112290884.716843,31112290852.490009,31112290410.297327,31112278542.709987,31112204800.475262,31110992301.40494,29051652215.749841,30757820065.361161,31081465127.752653,22266405712.102561,31112182830.284767,31110482249.143386,31070895049.82133,21482798324.682594,28704997055.683064,10307529015.094571,30672161180.603996,13816055419.256803,13157781749.443367,29517920297.303811,22008264233.898757,31112290886.160107,26492239176.345851,2978,0.034467592593,7876,2507510757.430284,208345468.6334617164470966197524,1894940.58614265,157447.892609263784007729368415,106257.8724745,8828.81406234996957969551695,119.137887406986,0.05525334060055872,0.05471436822040209,,
2019-04-12,10843,11219,202790,259331,958,118296,243425,44,45716,313653,305954,300353,289989,228159,25939,250981,78091,267962,164135,3403,154387,2684,223403,22710,13,248904,70192,145,1613989699,4320,1300.106481481481,1703460544.219311880145230051188,0.634778370479,0.540516300212,2581543536.1548407544013549791048,,2198194560.3246914753664635233224,4066842312.5502216038066044331444,0.21333584,0.017701549876192305745536,0.172433,0.0143076350874821026632,570.67337,47.351645752864337693448,0,0,0,0,0,0,0.586776688859,13.62968171907,30.32970904580942,11.60572804379,25.82586755055598,0.000016324474156444503,0.0829750400879304,-61.75096179305339,79.84202797647325,0.0830885642329111,0.0000164510114292992,0.000501892980688846,0.0739268709852974,0.0830885642329111,0.005193028135,30546521949.486737,16336246666.118919,1516030937.518245,20529794772.188345,30546521949.486737,6971121927.849518,30546521949.486737,30546521949.486737,30546521949.486737,2964263296.115207,10278722953.275511,30546521949.486737,65.9861249815,26348787607.151248,31106160234.521848,31112261203.304558,18255966694.14584,30997890011.431652,31112065898.641323,12061410753.086145,30188117054.825333,31112290314.041468,31112290281.726591,31112289838.784302,31112277953.12232,31112204938.319247,31111004282.566838,29076880626.452472,30763006283.597684,31081859417.09959,22298039726.620383,31112183447.276587,31110500908.171346,31071396730.424432,21522526790.419564,28731967957.870688,10432929015.094571,30678454700.556644,13888270839.598977,13258450862.708424,29525712827.2119,22029594502.700322,31112290315.486737,26492238605.672481,2675,0.030960648148,6723,2282686489.439848,189406002.9694485014849616105792,1137797.30700403,94408.777160598641734987159512,120019.669154,9958.6368593932936765788816,119.23215597902,0.05521482868980373,0.05437979135215895,,
2019-04-13,5591,11225,203050,259605,958,118488,243679,44,45787,314012,306297,300683,290302,228423,25986,251244,78234,268239,164348,3407,154744,2696,223680,22806,13,249166,70448,145,1613989718,4320,933.049537037037,1709578226.3166593115401778513084,0.637671117566,0.542979484673,2591831260.8236374663115116413936,,2206954593.9833999700624422284512,4064526664.9637437811472381800719,0.190692,0.0158857315811405167068,0.172433,0.0143646527055713019807,380.049153,31.6602627912959334864687,0,0,0,0,0,0,0.586212173948,16.852429974358,29.91067372918673,14.349910935126,25.46905726215756,0.000016415594353196408,0.0833057054367279,-58.920336506249775,75.87718152550585,0.0829750400879304,0.0000163244741564445,0.000503208960985891,0.0735410176396134,0.0829750400879304,0.005198157786,30546521569.437584,16341121554.155657,1402260529.240904,20521742386.721796,30546521569.437584,6916082807.130054,30546521569.437584,30546521569.437584,30546521569.437584,2793384649.532709,10237878301.053388,30546521569.437584,65.9602441007,26337361293.718805,31106158849.945953,31112260804.167585,18238403119.562607,30997839873.829219,31112065302.863267,12050426555.750141,30186499605.26335,31112289933.984487,31112289901.580749,31112289457.96277,31112277556.692363,31112204468.486561,31111004229.344998,29073271971.205342,30762687357.222647,31081830509.165584,22285824664.660979,31112182975.756091,31110502477.003335,31071542901.240226,21520356500.676537,28734294919.321136,10432919014.922138,30679508432.99232,13878964332.502815,13248809118.468288,29521855089.338382,22017427387.934944,31112289935.437584,26492238225.623328,1993,0.02306712963,5146,1846160463.670595,153795699.7754755866063602461005,628860.74788521,52387.688224045711939387204359,99381.283526,8279.0279313408950836145754,119.0405407495,0.05513247548277231,0.05443727270796463,,
2019-04-14,5733,11248,203116,259700,958,118503,243743,43,45800,314182,306472,300848,290453,228480,26044,251325,78211,268347,164392,3413,155471,2737,224067,23040,13,249343,70972,145,1613989736,4320,979.536574074074,1732725857.8332154480431043456797,0.646658739067,0.550632478837,2626433164.4000847040119903772539,,2236418247.2822263049270385569355,4061544375.3057381426858954591444,0.20268863,0.017110542088144820347507,0.172433,0.0145564262972475358237,381.054633,32.1678198517059302654037,0,0,0,0,0,0,0.58566775424,23.041576930013,29.987176920481744,19.619994063016,25.534199978305622,0.000016370191248019043,0.0844178683734989,-58.73680514590361,70.03069419652674,0.0833057054367279,0.0000164155943531964,0.000507563431094261,0.0739606605902826,0.0833057054367279,0.00520501867,30547021493.382951,16359633458.201796,1492663804.271637,20525581742.563473,30547021493.382951,6928665211.184102,30547021493.382951,30547021493.382951,30547021493.382951,2745527667.285274,10259304406.734858,30547021493.382951,65.9725852277,26335516744.02072,31106159113.45196,31112260375.315533,18221464752.566925,30997764862.39932,31112064541.963495,12015571705.079376,30186700392.245897,31112289552.925478,31112289520.464883,31112289075.90931,31112277150.901561,31112203938.031746,31111003072.048139,29076136560.314234,30762321922.828076,31081819880.434292,22276277367.717852,31112183611.404752,31110540668.45798,31072347565.259294,21552875261.246321,28758319098.458039,10432919014.922138,30685654905.758319,13865104602.062218,13240061915.870939,29521853920.246865,22002743743.172809,31112289554.382951,26492237844.568695,1880,0.021759259259,4991,1350267373.143959,113986693.3750968544345702281451,401110.95982028,33860.932209276203033858777692,79776.5506765,6734.56635430054162546700585,118.855626798455,0.05511914574992526,0.054181657004950624,,
2019-04-15,6638,11256,203302,260401,958,118600,244429,43,45880,314989,307275,301641,291229,229150,26100,252014,78287,269063,164540,3416,154294,2648,224190,22714,13,249901,70061,143,1613989767,4320,968.827546296296,1680770387.908041377701439197968,0.627650508325,0.53438349142,2548079522.7281173962174157972368,,2169442410.5631798802851852960144,4059710760.8950344862858704151205,0.19409982,0.015896669466449481269328,0.172433,0.0141221687176643615832,420.420209,34.4321859726021868706136,0,0,0,0,0,0,0.585239904161,25.87422051512,28.803653442132468,22.029387554461,24.523515376640706,0.00001624055438178069,0.0818994549631704,-63.74401396965541,60.304877413827754,0.0844178683734989,0.000016370191248019,0.000502448135552234,0.0747458679935308,0.0844178683734989,0.005217750348,30547021072.962742,16362645491.783583,935256798.281196,20522363532.99142,30547021072.962742,6846285137.295051,30547021072.962742,30547021072.962742,30547021072.962742,2725227915.555972,10268243199.463328,30547021072.962742,65.9622422658,26325542114.408231,31106043029.473695,31112259896.749149,18208153110.979205,30997531774.657704,31112063947.21561,12009357012.034669,30186202037.710831,31112289132.501874,31112289099.974232,31112288655.069937,31112276700.530532,31112203385.266859,31111001361.995378,29074038738.023813,30761967370.097863,31081677759.147034,22262047760.745412,31112181492.038834,31110473210.767708,31070615008.275794,21428511976.99969,28710457394.877745,10432919014.922138,30673420205.476169,13830918047.436212,13231416082.64809,29521611120.979992,21993647003.120393,31112289133.962742,26489094604.338486,2166,0.025069444444,6083,1202443533.160057,98479469.9897975817200633647128,270084.70797587,22119.790377110794389981898248,90095.8953855,7378.8047264912691138101892,118.626031603821,0.05514188937280676,0.05483552422713231,,
2019-04-16,6137,11250,203521,260684,957,118757,244691,43,45925,315363,307643,302005,291583,229394,26115,252294,78390,269368,164760,3401,155126,2682,224648,22908,13,250198,70618,144,1613989785,4320,985.417361111111,1709002588.3930087259981134790631,0.638291395011,0.543443172401,2591864171.4700938193637929937855,,2206720784.2483845424489340761471,4060628408.4817756520473043833081,0.19065518,0.015882866564676562271402,0.172257,0.0143501736791598874323,421.157297,35.0852526062541633826883,0,0,0,0,0,0,0.585286823408,26.770424899993,29.148400272227946,22.792418553503,24.81703378454177,0.000016002181958161873,0.0833067665125939,-67.22797926358322,67.98787847131364,0.0818994549631704,0.0000162405543817807,0.000510094319337223,0.0725513158608553,0.0818994549631704,0.00522239464,30547020651.805445,16361569982.014612,889153415.99245,20514571143.925629,30547020651.805445,6745529217.222504,30547020651.805445,30547020651.805445,30547020651.805445,2567201585.263431,10254132135.454716,30547020651.805445,65.9371971419,26317218348.610144,31106034988.074687,31112259421.27451,18209612629.654987,30997422157.883691,31112063121.610714,12010721396.924483,30184919601.09663,31112288711.341504,31112288678.803123,31112288233.341775,31112276256.359454,31112202857.718361,31110999220.951204,29071223799.599421,30761474204.019721,31081674960.830163,22243915985.83701,31112181178.691533,31110497098.644168,31071354463.980147,21470103512.869979,28729371208.174019,10432919014.922138,30678439080.608965,13846095112.701152,13231920149.020811,29520435501.063527,21994997091.470815,31112288712.805445,26489094183.181189,2209,0.02556712963,5787,1162188826.999655,96818193.2544056445339084551045,277271.95079469,23098.629665344664490998246391,71901.63092,5989.892378927142129643388,118.270926822956,0.05510621932265192,0.054157771715973094,,
2019-04-17,6648,11265,203661,260814,961,118821,244823,43,45969,315570,307850,302202,291768,229516,26175,252416,78414,269516,164855,3401,155014,2672,224742,22890,13,250313,70478,144,1613989803,4320,1017.262268518519,1698874846.3207070366210303698243,0.635209883717,0.54081956322,2577829420.2864401576155809188222,,2194771550.116998721951453749651,4058232540.7187480083096784498345,0.19235642,0.015937819636719263912434,0.172257,0.0142724687700173991789,460.116559,38.1232647665718553111043,0,0,0,0,0,0,0.585276214678,24.747313399203,28.756584482394505,21.069935412702,24.483440604647292,0.000015853441252868898,0.0828556678104077,-65.93034273487697,66.48035256150992,0.0833067665125939,0.0000160021819581619,0.000499853574818626,0.0738206706516325,0.0833067665125939,0.005228785319,30547020191.688886,16363677638.027977,979852870.170797,20504026956.950159,30547020191.688886,6648515511.003236,30547020191.688886,30547020191.688886,30547020191.688886,2636948999.836259,10131900514.415963,30547020191.688886,65.9033073698,26310493771.764326,31106039494.490177,31112258925.633093,18209282298.515573,30997328917.641343,31112062785.955754,12006304114.635857,30185555108.311404,31112288251.220994,31112288218.629134,31112287772.619218,31112275779.22255,31112202312.705907,31110998487.637281,29072722975.494032,30761150237.819131,31081652099.051194,22232742628.740893,31112180550.332236,31110493037.032973,31071082495.671948,21446537315.666649,28721659514.284916,10432919014.922138,30676172680.043856,13832389012.960426,13220759539.461256,29519345643.449282,21985858672.460664,31112288252.688886,26489093723.06463,2392,0.027685185185,5974,1257198619.939539,104166031.2254134455458889400503,283717.25527929,23507.582655501492537632266533,82213.325276,6811.8399686572509382750252,117.802634404271,0.05509885248294124,0.05426134673883063,,
2019-04-18,6946,11260,203598,260800,953,118723,244796,42,45894,315639,307913,302257,291811,229458,26151,252395,78268,269521,164794,3406,154393,2632,224476,22720,13,250270,69933,143,1613989823,4320,1012.822453703704,1670216698.5051785248302211053335,0.625295385428,0.532378326817,2536953753.2226073027039615432125,,2159969873.1665990919885293887485,4057208500.7276603286384921835721,0.19841397,0.016179043776565746188055,0.172257,0.0140461558418486648955,478.772911,39.0400327461963282390965,0,0,0,0,0,0,0.584749686843,29.28672801567,28.324488918061178,24.934806208871,24.115553016344265,0.000015447915488678694,0.0815418580484315,-68.91420110241843,57.52735008849656,0.0828556678104077,0.0000158534412528689,0.000498038026509745,0.0733545446176976,0.0828556678104077,0.005229812373,30547019712.915975,16362246376.238074,996804160.229616,20482936475.560309,30547019712.915975,6600595446.010146,30547019712.915975,30547019712.915975,30547019712.915975,2593408257.595227,10131308653.241275,30547019712.915975,65.8355201148,26318149635.3758,31106037041.157758,31112258404.206334,18192900532.770908,30997259661.053376,31112062157.740193,11978753755.868776,30186971968.90422,31112287772.443868,31112287739.816101,31112287293.516398,31112275280.998532,31112201746.201141,31110995866.855939,29075496095.394434,30760913874.500559,31081643136.396142,22245600803.109858,31112179721.188684,31110465225.734656,31070393224.862214,21404921628.548631,28706804664.132658,10432919014.922138,30671065990.057586,13824588030.540309,13224145669.91376,29524292346.949266,21994692094.535394,31112287773.915975,26489093146.291719,2413,0.027928240741,6373,1062334029.16395,86624690.606105100152553844425,219164.70130504,17871.09696304246159557504476,82934.772125,6762.6554158957636661719375,117.674317477985,0.05511145641677551,0.05441616752553525,,
2019-04-19,8089,11250,203395,260623,953,118526,244623,44,45751,315578,307843,302170,291705,229261,26109,252214,78089,269338,164580,3412,153247,2554,223848,22390,13,250051,68966,136,1613989841,4320,1118.305555555556,1626421343.7309626457792230568312,0.609484791768,0.518917139375,2471645896.2256604004042441599552,,2104366565.5657377079590621337664,4055303642.6984121142828396061409,0.19781044,0.015714606857916055572512,0.172433,0.0136985530406334428584,544.769951,43.2780272263243211852248,0,0,0,0,0,0,0.585279643871,20.40156145578,27.335950851070287,17.369949262731,23.27390873295573,0.000015017673022286592,0.0794427577124648,-70.52652492475654,49.11886630932384,0.0815418580484315,0.0000154479154886787,0.000469857447399761,0.0726250583555644,0.0815418580484315,0.005226791871,30547019168.146024,16366056225.416567,972630195.823992,20472871166.150019,30547019168.146024,6604749383.412414,30547019168.146024,30547019168.146024,30547019168.146024,2110244320.385811,10106188634.204027,30547019168.146024,65.8031697103,26330615374.759453,31106032756.604461,31112257838.220707,18209388389.48119,30997263912.554426,31112061693.736324,12030691897.144896,30188400428.118358,31112287227.669674,31112287194.950482,31112286747.877368,31112274699.446156,31112201156.368748,31110993369.910185,29082225210.269173,30761024791.249735,31081631068.413974,22264624877.377977,31112178651.823371,31110409170.640767,31069220985.939581,21319161312.554159,28677531909.893415,10432919014.922138,30661442243.74099,13749512508.933845,13231043563.289671,29532987583.333392,22006484939.116514,31112287229.146024,26489092601.521768,2754,0.031875,7412,1524995392.954703,121149839.5151255200785648819544,387398.51373769,30776.006265032273021750558312,80548.3390825,6398.982185872506747245546,117.464802026717,0.05514445680965523,0.05486225108026505,,
2019-04-20,7345,11237,203182,260396,957,118271,244410,43,45620,315439,307699,302007,291520,229056,26077,251987,77842,269087,164339,3407,151588,2458,223004,21933,13,249684,67616,129,1613989880,4320,1054.712037037037,1558537752.0225917899411329954162,0.585663858477,0.498635925526,2370640848.3596053774507622320587,,2018370565.9878963409605482031243,4047784089.8806786834328274529803,0.20093548,0.015310538270474849790252,0.172433,0.0131387550152555923617,491.890061,37.4801981402523255837789,0,0,0,0,0,0,0.585890767101,21.470126109637,25.964708993322414,18.279728292764,22.10642933231597,0.000014338854763296322,0.0761962908216849,-74.63851741839183,44.83729210653349,0.0794427577124648,0.0000150176730222866,0.000457480474136944,0.0707280729874696,0.0794427577124648,0.005224500623,30547018676.255963,16386381236.984454,1034732621.034215,20454246987.821138,30547018676.255963,6676655894.366253,30547018676.255963,30547018676.255963,30547018676.255963,2130170350.942568,10155361565.495447,30547018676.255963,65.7433095823,26340481110.488244,31106032909.020064,31112257365.981239,18228401542.757907,30997217661.600449,31112061456.03569,12006381720.913568,30191085483.128637,31112286735.77465,31112286702.962798,31112286254.915916,31112274178.661991,31112200685.642172,31110993421.685892,29090014345.362232,30761121935.161484,31081620913.620018,22278933165.078183,31112176363.223005,31110327168.205213,31067387715.676725,21216282652.780284,28630271964.115952,10432919014.922138,30647324484.909902,13670357173.446949,13243405859.391419,29541970818.769118,22024894619.593774,31112286737.255963,26489092109.631707,2448,0.028333333333,6314,1449096599.543977,110415785.9275675337319627868473,462262.61020144,35222.696282900087294709206256,90388.36491450001,6887.258139921822552897349266849,117.430887618289,0.05523330519624865,0.055589702547010074,,
2019-04-21,7496,11277,202976,260154,958,118123,244189,43,45601,315271,307530,301829,291328,228835,26138,251749,77697,268832,164126,3417,150408,2415,222362,21732,13,249413,66832,125,1613989904,4320,1095.116203703704,1512663904.0599650212454068749016,0.568656866458,0.484156121317,2300936047.9924078051192929195304,,1959023689.157149775908085129476,4046264423.6105576075229711542592,0.19921196,0.014732892866938775393104,0.172433,0.0127524317100482012092,501.615717,37.0974243661559246438508,0,0,0,0,0,0,0.585100507444,24.532736323749,25.01965868562693,20.887243545949,21.30181067072027,0.00001396517794030435,0.0739558652348924,-74.12109415350437,27.952391465076026,0.0761962908216849,0.0000143388547632963,0.000439893359906681,0.0678618238592488,0.0761962908216849,0.005224951964,30549608436.640246,16391807956.993817,996868183.049153,20453602959.759434,30549608436.640246,6634092102.500108,30549608436.640246,30549608436.640246,30549608436.640246,1599216800.955036,10139797432.00023,30549608436.640246,65.7412406303,26344519371.405077,31106036275.725202,31112256851.041445,18203814464.215489,30997331244.64853,31112061236.752439,11980743689.374304,30193554043.752658,31112286234.154781,31112286201.301894,31112285752.610041,31112273647.306791,31112200181.077433,31110992757.057063,29097131825.097755,30761303042.142152,31081621904.66475,22267531914.752406,31112175416.568031,31110270200.702892,31066093881.440204,21134677456.214676,28602630156.716267,10432919014.922138,30638941246.44518,13585972298.771623,13213353707.287163,29543971569.001655,22001157482.659585,31112286235.640246,26489091608.01599,2518,0.029143518519,6350,1268194702.175219,93790436.4856749999706574114356,398379.65234743,29462.511881329818828003466532,101461.8388195,7503.6980782193161962255218,117.438903870229,0.055265143463822226,0.0538835005762698,,
2019-04-22,7834,11309,203007,260150,958,118110,244234,44,45608,315226,307491,301786,291272,228881,26193,251789,77697,268748,164158,3420,152388,2519,223255,22351,13,249615,68230,131,1613989922,4320,1121.555555555556,1598307461.5513246170781567527296,0.600960450219,0.511659485542,2432730714.4212054299762019526448,,2071234047.6813659650194537513776,4048071239.1886702101856838345569,0.19978,0.015621190518296885536,0.172433,0.0134828748855815740496,551.792367,43.1457287588797441117104,0,0,0,0,0,0,0.584231241745,26.214041442702,26.253568759253014,22.318711578554,22.3523652515096,0.000014523564045807702,0.0781919637516112,-72.33417254362622,23.699351230195163,0.0739558652348924,0.0000139651779403044,0.000435173754140434,0.0658888301631194,0.0739558652348924,0.005234036464,30549607884.847879,16395284838.482016,1035835795.092301,20440814949.073208,30549607884.847879,6568766555.377251,30549607884.847879,30549607884.847879,30549607884.847879,1635862708.939624,10128093947.479109,30549607884.847879,65.700139028,26340602189.161506,31106032738.555506,31112256418.556896,18176769298.59314,30997265004.469803,31112061119.12825,12009055493.711448,30194196199.66028,31112285682.360938,31112285649.472333,31112285200.215921,31112273090.009791,31112200023.856034,31110992700.871771,29099565373.490845,30761353519.109811,31081621415.939098,22244975994.91101,31112177366.44771,31110381505.340226,31068656533.852987,21245336560.546553,28678750114.666571,10432919014.922138,30657400575.984334,13650699818.646222,13200230227.595414,29542474489.082627,21975521218.875367,31112285683.847879,26489091056.223623,2762,0.031967592593,6963,1186855744.920209,92802581.3851924907466391907408,286010.50265332,22363.722856048496379025029184,107910.15093949999,8437.706610692276496399084883888,117.431355059297,0.05541997443162722,0.05245967589244907,,
2019-04-23,8172,11322,202838,259882,959,117965,244033,44,45605,314939,307205,301498,290968,228692,26265,251565,77580,268400,163985,3427,150430,2428,222316,21895,13,249247,66826,124,1613989941,4319,1085.245890252373,1518395981.2925250030999118336614,0.571343213408,0.486443282015,2310795917.4850926237713544398206,,1967418398.9407991827577283390718,4044497008.5531390253551060791044,0.19561802,0.014529094208751789803396,0.172433,0.0128070783136323400634,533.254732,39.6063115171633355972536,0,0,0,0,0,0,0.583851067456,29.768135268481,24.869007797237526,25.344677384192,21.17354593431029,0.000013394881729429915,0.0742727802313498,-74.14551617245912,21.296875713759043,0.0781919637516112,0.0000145235640458077,0.000455755980318698,0.0695147861602535,0.0781919637516112,0.005236754217,30549607351.593147,16405925461.520424,1046392557.524067,20443505367.146943,30549607351.593147,6489729066.428332,30549607351.593147,30549607351.593147,30549607351.593147,1683118243.511863,10131528808.741673,30549607351.593147,65.7087876001,26337002361.192014,31106036468.708495,31112255983.677064,18164940896.184158,30997302449.76879,31112061227.946448,12013073885.492339,30196768446.4393,31112285149.106252,31112285116.238403,31112284666.354943,31112272532.820306,31112199837.523298,31110993485.157391,29105675436.672458,30761565094.203285,31081618994.696488,22236517044.536912,31112175284.794851,31110283936.561062,31066310996.841243,21110028339.073477,28615756954.025838,10432919014.922138,30640684189.758365,13555767663.420862,13198237976.029222,29541884031.400333,21956864127.820936,31112285150.593147,26489090522.968891,2726,0.031550925926,6924,1045153983.27738,77626492.107880688716825207524,234225.1763143,17396.55504504116244927804214,92637.3249965,6880.4316806851718804752757,117.391700255694,0.05555314233747941,0.053079705941186064,,
2019-04-24,8080,11352,203036,260101,960,118102,244238,42,45691,315224,307489,301769,291235,228887,26314,251778,77676,268612,164180,3423,149542,2329,221974,21599,13,249387,66133,124,1613989959,4320,1111.640740740741,1463755243.562430455333281403945,0.55229461315,0.470225246595,2231962192.7481331947582358893938,,1900299129.2816996200379400875762,4041252874.1128942872935777063662,0.19157512,0.013743395271204581950352,0.172433,0.0123701599497869017618,560.548794,40.2131740527633825287124,0,0,0,0,0,0,0.583241511422,25.927836074158,23.94470167944634,22.075035354974,20.386588939634713,0.000013206852689427156,0.0717389359912946,-76.98252698961578,23.126413728412906,0.0742727802313498,0.0000133948817294299,0.000434502783131307,0.0662400526873065,0.0742727802313498,0.005247968112,30551191661.044353,16417860409.871608,1088303637.11625,20403916274.142325,30551191661.044353,6455207923.905876,30551191661.044353,30551191661.044353,30551191661.044353,1733245165.895884,10122735191.683697,30551191661.044353,65.5815429275,26331305623.08533,31106034951.263209,31112255397.759192,18145975888.089729,30997190110.094336,31112060420.911548,11932210283.680926,30196557092.366039,31112284588.557005,31112284555.595588,31112284105.318186,31112271946.356331,31112199201.263514,31110991986.25684,29103087863.085853,30761270362.339589,31081615891.671352,22203675620.474895,31112173645.596184,31110208579.489308,31064828152.913333,20946646887.970005,28566010553.651547,10432919014.922138,30629651090.725019,13515019171.816735,13156306732.363801,29538075158.611638,21931246053.171655,31112284590.044353,26489089962.420097,2926,0.033865740741,7450,1199956853.36246,86083627.895684798351298440716,224459.43351293,16102.480933426331289976539178,73407.0673865,5266.1449085487728795735629,117.343507876286,0.055613290740310975,0.05260216374449029,,
2019-04-25,6612,11361,203102,260177,961,118140,244313,43,45725,315360,307623,301899,291351,228960,26333,251853,77699,268687,164259,3429,147968,2247,221136,21168,12,249284,64965,119,1613989980,4320,980.235648148148,1396029767.2152913782099583304886,0.528700742103,0.450235586058,2129337011.3312587966824178722727,,1813319371.1777565662627941163524,4027490112.5756099678957136143262,0.18743432,0.012828078874964015401672,0.172433,0.0118013826104347915993,462.400466,31.6468704859820573679586,0,0,0,0,0,0,0.58280228947,14.020507471055,22.514382393221684,11.939705953409,19.172993991311916,0.00001334726154463584,0.0684403948805321,-74.54526938452842,11.730282974710793,0.0717389359912946,0.0000132068526894272,0.000434407276047395,0.0644402869406494,0.0717389359912946,0.005253293545,30551191198.643887,16445231181.969048,1778114290.744569,20397745653.749766,30551191198.643887,6487485065.165003,30551191198.643887,30551191198.643887,30551191198.643887,2478052161.485051,9281547202.584285,30551191198.643887,65.561710513,26329174244.082065,31106034232.135735,31112254917.403705,18132310420.241843,30997124622.044136,31112059961.607834,11921271347.129414,30196826320.007712,31112284126.154905,31112284093.171321,31112283642.130929,31112271464.271793,31112198705.669493,31110991679.196122,29102580726.706183,30761179300.952247,31081624011.17223,22199050530.29182,31112170653.354647,31110078717.95674,31062484636.35265,20816894847.19472,28501558546.474333,10235438660.147027,30612643952.734017,13421700907.233088,13132646759.369082,29537261032.443199,21921391714.075269,31112284127.643887,26494870088.681444,2467,0.028553240741,5763,2219055493.667071,151873034.2483884379211767284791,493987.584568,33808.7053539141650055886328,73268.524088,5014.5267208964980511072248,117.350537638804,0.05571671973459311,0.05284510285967749,,
2019-04-26,7321,11370,203406,260431,959,118504,244570,43,45887,315647,307923,302198,291631,229233,26367,252114,77903,268938,164575,3430,147850,2223,221212,21066,12,249476,64722,116,1613989997,4319,1050.111136837231,1374901568.2950508713099055996639,0.521511786869,0.444113551497,2098535629.981890537339035853215,,1787089256.7348770530711206261323,4023946692.7131599378889249785844,0.18367096,0.012388677705768669396344,0.172433,0.0116306729318494821937,564.604537,38.0827956695372083514393,0,0,0,0,0,0,0.582168680295,23.034541765203,21.99907128300206,19.615955780918,18.734160805426495,0.00001309674417723623,0.0674503890313889,-76.90637364087306,0.9410290256675217,0.0684403948805321,0.0000133472615446358,0.000450131029065631,0.0615775360854112,0.0684403948805321,0.005250835758,30551190634.03935,16431701870.791673,1766280808.873944,20383893822.394751,30551190634.03935,6447128216.871324,30551190634.03935,30551190634.03935,30551190634.03935,2409639078.358784,9287958253.449665,30551190634.03935,65.517189637,26315169890.340102,31106040792.188684,31112254341.128945,18112597062.850681,30997246074.983749,31112059356.944227,11895588175.269778,30195761767.988649,31112283561.546486,31112283528.576703,31112283076.771326,31112270886.425863,31112198180.419401,31110991856.329719,29094978837.984901,30760467955.490018,31081641184.240319,22183964355.454315,31112169110.018783,31110049601.843554,31061861151.658958,20766161848.838789,28473718290.579183,10215448659.974594,30605775626.210473,13357176300.446964,13111974113.161726,29529395106.42698,21908414843.844917,31112283563.03935,26494869524.076907,3074,0.035578703704,6161,1350679509.068366,91103858.3433866583365700335374,257454.25752514,17365.389827858076223490866946,59620.468567,4021.4237990778434888027063,117.281502995567,0.05572609248365456,0.05052804690699684,,
2019-04-27,5073,11373,203408,260230,957,118510,244337,44,45793,315451,307762,302031,291460,229152,26375,251910,77824,268734,164574,3430,148626,2265,221533,21315,12,249350,65168,121,1613990129,4320,935.411574074074,1407700161.8669191007965335413072,0.534247110784,0.454958808671,2149889637.9506085263103938666944,,1830821746.5531092918409243034636,4024148366.0950586151419776992292,0.19130997,0.013219708740898409440332,0.172433,0.0119152913845490406748,365.210726,25.2364235213253862511656,0,0,0,0,0,0,0.582237128862,66.150775452451,22.494924486611925,56.333253629311,19.156423757834453,0.000013335306003560016,0.0691009921798556,-75.91452826618605,5.994294257369122,0.0674503890313889,0.0000130967441772362,0.000440964827564524,0.0605356809121964,0.0674503890313889,0.005249447053,30551583714.828624,16422069396.542056,1409531986.805121,20371634580.918412,30551583714.828624,6391695502.110072,30551583714.828624,30551583714.828624,30551583714.828624,2358441686.904699,9261402653.271684,30551583714.828624,65.4777871858,26316708226.034299,31106068928.260707,31112253977.957975,18114726441.430524,30997263864.396841,31112058365.731793,11937191576.943393,30195028886.396693,31112283196.331077,31112283163.341109,31112282711.409038,31112270507.904502,31112197817.342014,31111004058.760082,29098729758.063375,30759999582.590428,31081658174.611172,22188309707.945416,31112169911.694433,31110120212.132203,31063008090.519275,20831330526.029354,28512307097.509766,10215448659.974594,30613101674.725618,13441939438.281755,13123559290.841488,29531526668.109827,21910752175.094424,31112283197.828624,26494869158.866181,1909,0.022094907407,3791,470323786.607641,32499840.3003746747144612366396,148192.7971721,10240.26931850020917426634876,56029.56985,3871.69886804552310311366,117.236558179059,0.05564608238490642,0.05048222102756886,,
2019-04-28,3981,11370,203483,260339,954,118589,244424,44,45851,315613,307926,302185,291602,229233,26395,252009,77872,268839,164648,3429,147626,2209,220894,20991,11,249320,64423,116,1613990161,4320,825.883101851852,1360099126.548861762301869335895,0.516993624436,0.440265933737,2079017556.533369296254450125343,,1770467879.1388052108004549655968,4021360145.014487181420902647828,0.18731229,0.012516778041529908604986,0.172433,0.0115224985399256329122,294.642229,19.6888916474974858378986,0,0,0,0,0,0,0.581985329952,87.183486559748,21.76037189099427,74.244472857046,18.53088702885224,0.000012978701768671974,0.0668230474440834,-81.33104633774785,-7.082182201819745,0.0691009921798556,0.00001333530600356,0.000443732367793186,0.0622225240423179,0.0691009921798556,0.005248722712,30552041734.186395,16415806013.123006,712416411.688111,20353742886.194675,30552041734.186395,6250778091.504802,30552041734.186395,30552041734.186395,30552041734.186395,2322774459.516423,9244610801.459628,30552041734.186395,65.4202809531,26310558388.788596,31106067353.216521,31112253657.435025,18106892230.977983,30997273541.944416,31112057779.206956,11937169625.215216,30195182809.741664,31112282901.688277,31112282868.645114,31112282416.414151,31112270195.047104,31112197427.01837,31111003203.567936,29096886738.62365,30759853257.970136,31081657063.358408,22186340476.621172,31112167631.26458,31110013162.639402,31061426820.540321,20748696102.680466,28460019018.334056,10066425499.178607,30601399648.16528,13367139884.897969,13121581916.350054,29529469782.3493,21911876002.228013,31112282903.186395,26494868864.223952,1573,0.018206018519,3097,356859815.211277,23846460.3627499979634146085018,140377.8760377,9380.47747056688534750034418,48184.636337,3219.8442400232559712985058,117.1201397656,0.05570198140322698,0.04746278839814773,,
2019-04-29,5669,11380,203696,260569,956,118772,244642,45,45989,315888,308211,302462,291872,229443,26464,252233,77981,269087,164880,3432,145459,2079,220053,20326,12,249311,62913,103,1613990183,4320,939.958564814815,1297998540.6322078326504606386172,0.491211686161,0.418333873393,1982731189.8214293886896746525192,,1688566542.4966789459796167548094,4036408834.8906717294450760907556,0.18606972,0.011857896877788157165896,0.172433,0.0109888526318395346894,419.401151,26.7276996976383876406418,0,0,0,0,0,0,0.581429355207,13.234306289168,20.489304417286345,11.270820234111,17.449442514280058,0.000012377299532437187,0.0637282459380718,-82.42915473166481,-11.18261298062826,0.0668230474440834,0.000012978701768672,0.000436034205656022,0.0600275994571053,0.0668230474440834,0.005254394747,30553387828.785244,16437135161.868676,1657816950.442781,20367711703.434354,30553387828.785244,7090062403.441712,30553387828.785244,30553387828.785244,30553387828.785244,3136754615.443634,10129499187.711399,30553387828.785244,65.4651799142,26296488969.303587,31106066595.730815,31112253212.627412,18089594343.552341,30997242647.631385,31112057149.956204,11928976490.943435,30195022759.944183,31112282482.286555,31112282449.19362,31112281996.544774,31112269765.939692,31112196929.779594,31111002190.817241,29093392540.790361,30759340006.149138,31081674256.566308,22169561411.44007,31112163613.66795,31109851825.230431,31057806488.656659,20528273594.337611,28345625826.331437,10068076827.315575,30576180512.089115,13142733597.269062,13095122951.61978,29523157499.273223,21894022372.597755,31112282483.785244,26496359936.495833,2254,0.026087962963,4599,2350881247.870956,149817538.3355214161287738626408,916531.36445521,58408.936203958141217404864078,52686.444825,3357.614713410250257588435,117.093479589508,0.0558103960144414,0.04816755856576193,,
2019-04-30,4775,11330,203646,260510,957,118738,244583,45,45971,315890,308219,302468,291863,229380,26416,252170,77957,269034,164842,3429,148766,2264,221683,21296,13,249605,65224,123,1613990204,4320,872.661111111111,1402717881.9737569913527226624654,0.531995387536,0.453293844646,2144197257.0653585783284009041419,,1826992190.3584463513158329143884,4030480916.3801378623445019129317,0.18312901,0.012620890985483402706149,0.172257,0.0118716134515575358593,364.976113,25.1534354632205555291537,0,0,0,0,0,0,0.582006567263,39.767229340844,22.159776409780225,33.884204076146,18.881536345293313,0.000013085822709631441,0.0689180320774049,-79.52318447815904,-1.0797788811070006,0.0637282459380718,0.0000123772995324372,0.000417766290093671,0.0569789339097706,0.0637282459380718,0.005250288888,30553387463.809131,16405425620.934017,2127042385.13611,20353423330.461646,30553387463.809131,7065671853.686809,30553387463.809131,30553387463.809131,30553387463.809131,3546746094.589376,10094964842.173491,30553387463.809131,65.4192554977,26294030679.433744,31106068137.08272,31112252819.446784,18107552515.687744,30997236207.309226,31112056820.542116,11914318052.527641,30195245396.151155,31112282117.308571,31112282084.221531,31112281630.869664,31112269381.781523,31112196510.811223,31111001296.035524,29092216260.634764,30759296807.092377,31081678465.650483,22184784869.991385,31112168527.921304,31110105998.891702,31062847575.993085,20825503164.476741,28497741293.177155,10203819987.995366,30611356614.721959,13439203992.144935,13089077474.028524,29525532178.534178,21912301201.746207,31112282118.809131,26509639571.635916,1993,0.02306712963,3976,782359813.205654,53918698.7025797680581303273046,223043.41293194,15371.713087097307815735522506,43232.063501,2979.4687391343235840885549,116.885354284407,0.056113614157465366,0.05017578340897607,,
2019-05-01,7575,11345,204166,261076,958,119180,245146,45,46241,316528,308857,303101,292477,229923,26502,252723,78320,269599,165344,3433,148905,2244,222078,21227,13,250131,65314,115,1613990222,4320,1052.012731481481,1384432755.229925931460395724482,0.524873196819,0.447225284773,2117357788.417465137199475125076,,1804123254.20785848738086365545,4034036794.5086371220942304913963,0.19073295,0.01298040118026697467738,0.172433,0.0117349913411236770812,488.848541,33.2687675546788772549324,0,0,0,0,0,0,0.580752265922,21.508964084957,21.74185194020643,18.327002876824,18.52543811416389,0.000012803974318317404,0.0680553684104764,-80.80452031944354,-5.703203837995529,0.0689180320774049,0.0000130858227096314,0.000430903325014287,0.0615255364581111,0.0689180320774049,0.005262930124,30553386974.96059,16414069794.021464,1601022553.491267,20342741323.207755,30553386974.96059,7254545236.344083,30553386974.96059,30553386974.96059,30553386974.96059,3764885150.81602,10315948593.482259,30553386974.96059,65.384922794,26266741608.266038,31106061188.535366,31112252289.915945,18068528054.614114,30997114587.246767,31112056341.257791,11900731631.547935,30192612843.575858,31112281628.455012,31112281595.344937,31112281140.975499,31112268868.1434,31112195891.334434,31110999090.656949,29079552751.331481,30758623592.842019,31081659360.001848,22151975281.1946,31112167477.089014,31110081952.235549,31062305058.694803,20759936035.993253,28463264582.607828,10201819987.692853,30606687917.404195,13281907208.80153,13052704130.765361,29511849107.190543,21882685120.010298,31112281629.96059,26509639082.787375,2563,0.029664351852,6585,1446479779.643134,98440714.3019182056640189290376,256620.61666477,17464.410608844561879694796428,71999.417661,4899.9468942591160115837004,116.812430694865,0.056090299595124335,0.049762999451895745,,
2019-05-02,7454,11321,204128,261022,960,119104,245093,44,46236,316533,308860,303094,292459,229877,26531,252666,78286,269542,165300,3433,148426,2226,221875,21121,13,249999,65039,114,1613990244,4317,1025.823025249016,1367478012.6179416727037464086684,0.520443374712,0.443450793937,2092280230.4257022581839591226114,,1782755578.0356563801080943830184,4020188039.8272505114785583998517,0.19280975,0.01296632754651231137945,0.172433,0.0115960046513610301766,476.240083,32.0268290735100768082066,0,0,0,0,0,0,0.581038108808,30.457602528169,21.39446381356156,25.9518108574,18.229441328205144,0.00001246944597627451,0.0672493354019302,-81.88835216876743,-21.125855885238657,0.0680553684104764,0.0000128039743183174,0.000430123488641998,0.0607697439652428,0.0680553684104764,0.00526301386,30553772004.720507,16407049914.903801,1748469350.130298,20334446495.938042,30553772004.720507,7096724728.653509,30553772004.720507,30553772004.720507,30553772004.720507,4281220685.439205,10335164281.670078,30553772004.720507,65.3582628528,26260124074.069307,31106061666.162798,31112251784.206608,18077421002.270522,30997087128.643015,31112055859.287385,11870504897.139189,30193476613.083897,31112281152.212729,31112281119.056646,31112280664.239083,31112268373.998718,31112195353.929163,31110999167.541658,29081471602.914608,30758751793.604646,31081658864.44794,22156787604.819426,31112165832.738425,31110058583.803383,31061671174.089705,20736403619.707089,28445880979.410696,10200952550.605701,30603236032.188403,13270849066.935253,13056538359.068315,29512003807.744073,21887463750.684372,31112281153.720507,26509638606.547292,2470,0.028587962963,6060,1021494752.41679,68694843.216588360472480888058,213199.26635118,14337.508970295955229683047636,75080.8868715,5049.1397434958813289393693,116.75935912975,0.056084830246177664,0.038242395444164454,,
2019-05-03,7706,11314,204140,261044,961,119085,245098,45,46267,316612,308940,303166,292516,229880,26550,252686,78348,269562,165330,3430,149083,2268,222170,21317,13,250111,65536,119,1613990263,4320,1026.148611111111,1394267037.515963774753663289623,0.530613817899,0.452116655933,2134179044.170123774313995255652,,1818456022.184402951226640881799,4022094736.6616807241654594622813,0.19425701,0.013325260350008721808342,0.172433,0.0118282198306926165886,490.110447,33.6196326018512850547074,0,0,0,0,0,0,0.580993576784,24.097869831594,21.656675330435323,20.532914816487,18.452862135770854,0.000012122802387193789,0.0685960334198942,-81.24226560017046,-24.266310544943973,0.0672493354019302,0.0000124694459762745,0.000422442686395092,0.0602234667663762,0.0672493354019302,0.005266026816,30554539609.61006,16398104975.337279,1561511437.291,20325767657.457565,30554539609.61006,6932482829.352399,30554539609.61006,30554539609.61006,30554539609.61006,4106255807.755816,10344881386.80796,30554539609.61006,65.3303686645,26257041389.16518,31106063470.050846,31112251288.43264,18076035224.66354,30996995789.284178,31112055168.277905,11903412522.277779,30193209842.711483,31112280662.100684,31112280628.899228,31112280173.46824,31112267868.302449,31112194881.859388,31110998414.164315,29080957018.859864,30759070733.302649,31081663628.060179,22157425128.75598,31112166750.23151,31110100714.468355,31062600166.684737,20799661125.885646,28471890532.757492,10200664935.067911,30609953366.475557,13340173744.585881,13050459845.309938,29510744173.192285,21892192797.819319,31112280663.61006,26509638116.436845,2523,0.029201388889,6665,1291080119.572221,88562975.0299370715429750790182,246565.26838763,16913.399390503050389199188746,69938.380876,4797.4955119033853952233192,116.723188400348,0.055829558022617874,0.036413368085216495,,
2019-05-04,7148,11296,204243,261194,961,119106,245226,45,46277,316814,309141,303361,292698,229994,26521,252822,78367,269713,165374,3423,147140,2174,221215,20684,12,249951,64173,114,1613990283,4320,1042.806481481481,1346572099.7169662881398697852597,0.512923350304,0.437043253399,2060105081.1422833831843906966318,,1755340298.8404627930144229459923,4016399487.2140681734088198150007,0.1879262,0.01244356624369704377686,0.172433,0.0114176812924403960149,476.580854,31.5568847091395943750862,0,0,0,0,0,0,0.581661255134,24.307492318065,20.765621241798147,20.711526426602,17.693627441554913,0.000011466402170365703,0.0662151751256453,-81.52630283862389,-24.434121189059965,0.0685960334198942,0.0000121228023871938,0.000416502292903241,0.0612287659017066,0.0685960334198942,0.005265356831,30558151702.029206,16423509694.762475,1483852672.314198,20336306551.508849,30558151702.029206,6776220147.210611,30558151702.029206,30558151702.029206,30558151702.029206,3553340194.824614,10383092635.559793,30558151702.029206,65.3642434089,26260956919.881205,31106060230.401782,31112250792.778206,18096807943.657512,30996906660.484329,31112054425.800574,11904545365.981236,30193027218.165361,31112280185.516976,31112280152.295304,31112279696.385544,31112267374.748906,31112194282.960779,31110996649.625326,29080239193.58557,30759080457.749296,31081621756.108624,22167860999.218579,31112161754.376376,31109939676.162789,31059596810.66128,20678004380.885443,28381605525.569667,10050781227.75626,30589312815.521119,13271263006.934619,13054302192.998395,29513037700.415695,21911815333.195303,31112280187.029206,26509637639.855991,2536,0.029351851852,6691,1279946107.970447,84751855.6906512556530042044491,266739.27154914,17662.187578513361995073160042,73218.378247,4848.1677380408433253577891,116.708564075304,0.055887291455688735,0.03646566614078458,,
2019-05-05,5878,11298,204288,261287,960,119126,245296,45,46314,316933,309265,303478,292812,230059,26529,252908,78414,269808,165388,3420,146799,2146,221135,20585,12,250011,63932,111,1613990304,4320,932.163657407407,1329845690.22355995390935756178,0.507132164245,0.432108794303,2036009806.840821111325957968768,,1734809591.762020697132055645753,4014751874.1460179860467637451637,0.18642041,0.01219948475502697380561,0.172433,0.011284138656081521193,400.058198,26.180094162568157542758,0,0,0,0,0,0,0.581610312629,35.658746213037,20.444966471660447,30.383515223127,17.42040918423848,0.000011424004235694746,0.065440714109721,-81.97528327209196,-27.910319730570443,0.0662151751256453,0.0000114664021703657,0.000408641646838128,0.059093143693795,0.0662151751256453,0.005266955822,30559305147.971008,16414097397.694689,1383384869.207036,20321381089.97218,30559305147.971008,6464431232.38046,30559305147.971008,30559305147.971008,30559305147.971008,3550828365.614003,10352722802.989579,30559305147.971008,65.3162713537,26258307299.015523,31106054796.974239,31112250387.700158,18095222773.499188,30996879749.416914,31112053755.2287,11907037426.808939,30192833142.048657,31112279785.455797,31112279752.198418,31112279296.16572,31112266967.402071,31112193845.218752,31110995500.951043,29078261734.502555,30759256026.20953,31081594690.666149,22162133570.601092,31112160961.772679,31109916554.842795,31059025414.403812,20634169238.193691,28363642979.356761,10050781227.75626,30585119868.685756,13229546928.388943,13057582403.334136,29511391058.024298,21910196603.920687,31112279786.971008,26509637239.797793,2146,0.024837962963,4985,872500665.084979,57097066.584367541908794980859,269444.34801071,17632.63054664904535502311191,71426.11595549999,4674.17603421165644134627440279,116.614728160625,0.05572585743029963,0.035476729957943404,,
2019-05-06,7753,11311,204319,261323,956,119105,245327,44,46330,317018,309360,303565,292880,230085,26583,252934,78407,269827,165409,3425,147318,2169,221402,20757,12,250068,64308,115,1613990333,4319,1076.106969205835,1334871298.526851631437747032159,0.514463382336,0.438355456167,2064315105.1643403071475947639682,,1758927497.4007799677367285589147,4012559836.2135948744257900498578,0.19034438,0.012629443686679253719062,0.172433,0.0114410147713589639817,531.82219,35.286665148356019444531,0,0,0,0,0,0,0.581016276712,24.341392354718,20.590264442923814,20.740411301852,17.544212226519086,0.000011657436224255062,0.0663504942288249,-80.65669996857294,-26.259854684392312,0.065440714109721,0.0000114240042356947,0.000405241802083131,0.0584928363959102,0.065440714109721,0.005274893778,30559698080.148818,16405495979.555891,916283747.28321,20118483125.73591,30559698080.148818,6385537585.264517,30559698080.148818,30559698080.148818,30559698080.148818,3591427104.590294,10357431351.921524,30559698080.148818,64.6641249288,26253473473.881854,31106055103.045469,31112249855.67656,18076740652.857505,30996766387.642488,31112053167.616786,11879746273.44665,30193137174.600281,31112279253.630339,31112279220.332104,31112278763.253806,31112266409.367214,31112193242.873242,31110994965.498656,29081781736.421935,30759102886.160212,31081583650.455907,22154677353.168663,31112160804.675026,31109952450.305524,31059765368.349517,20659224674.451545,28385305286.962455,10050781227.75626,30590691930.334608,13291869273.567903,13059346539.222895,29511504199.147909,21898614905.343872,31112279255.148818,26509636707.975603,2794,0.032337962963,6918,1278163500.335602,84806779.9525119936353320940898,262731.58690713,17432.370640811536723085331537,87342.1387055,5795.19407011250167207216695,116.571140268784,0.05570019146515965,0.035762046190896915,,
2019-05-07,7360,11317,204520,261550,954,119207,245553,44,46402,317302,309651,303850,293156,230300,26599,253163,78486,270068,165551,3430,146172,2087,220982,20385,12,250238,63509,104,1613990352,4320,1045.65462962963,1285972189.8698757276251079050752,0.496399969293,0.422964280538,1989574110.6545469463760879311696,,1695243421.3273753159346495924616,4008006111.4608855847658377777582,0.18751981,0.011991553629055507667672,0.172433,0.0110267793409076531896,500.30286,31.993465524841613186832,0,0,0,0,0,0,0.580404245483,25.138732268198,19.732670194565866,21.419795457709,16.813487446092346,0.000010976827431035477,0.0639481963481912,-80.59196266548702,-28.985260672037413,0.0663504942288249,0.0000116574362242551,0.000385604857909801,0.0592096953223948,0.0663504942288249,0.005282027142,30560331882.845958,16398559424.781118,997530507.002287,20109592815.845696,30560331882.845958,6348606410.540597,30560331882.845958,30560331882.845958,30560331882.845958,2812336002.506639,10374975983.042394,30560331882.845958,64.635551045,26247795977.215161,31106050706.772762,31112249319.368935,18057698675.950169,30996662071.428845,31112052575.230379,11877585983.247907,30192677381.886241,31112278753.32587,31112278719.99458,31112278262.500302,31112265895.03267,31112192738.376111,31110993618.862486,29077598527.949618,30758878579.107142,31081536874.221351,22146809337.366601,31112159400.256792,31109853588.096052,31057751191.838474,20518441131.006434,28321376598.413247,10050781227.75626,30576969223.643251,13119232166.010879,13055630548.55943,29508684615.065103,21888695441.341295,31112278754.845958,26509636207.672743,2668,0.03087962963,6517,1237623219.139193,79143772.6225935790657665777016,266516.54846985,17043.25257159218472217523532,79968.13456199999,5113.817970569350247422290918088,116.35627990112,0.05572918054033387,0.03602493446452852,,
2019-05-08,5174,11332,204796,261731,956,119351,245724,44,46532,317531,309887,304079,293375,230473,26626,253338,78608,270257,165766,3427,146407,2082,221156,20421,12,250415,63675,105,1613990379,4320,881.051388888889,1285141214.587191549521325102956,0.497420142765,0.423833532174,1993232275.717721846128377972146,,1698360406.487940387652131792036,4007140250.972732335065858120867,0.18747232,0.01201055977314488897728,0.172433,0.011047054057701385682,386.005509,24.729742708724772811386,0,0,0,0,0,0,0.58019301796,59.948317402056,19.731009400718957,51.079771259756,16.81207230810871,0.000010800392828686794,0.064065776607154,-80.22662539667868,-26.2656250655685,0.0639481963481912,0.0000109768274310355,0.000376055002411699,0.0571807655498703,0.0639481963481912,0.005293239247,30565538435.840449,16395412764.484124,966987300.730706,20059714915.618214,30565538435.840449,6330878943.795131,30565538435.840449,30565538435.840449,30565538435.840449,2392249235.005074,10363184804.211418,30565538435.840449,64.4752360396,26239889150.746381,31106075509.772397,31112248902.185955,18051126682.414243,30996512856.027449,31112052050.681711,11874550444.247907,30192573957.883381,31112278367.319363,31112278333.948899,31112277876.035728,31112265495.745456,31112192298.210135,31110993453.736146,29071806293.069881,30758646433.819999,31081517039.689463,22123404296.495986,31112158994.707562,31109853799.733697,31057760396.014622,20492625840.73825,28316856450.526589,10050781227.75626,30577440947.099865,13131804142.716548,13052577696.447024,29502938491.426257,21870447831.886682,31112278368.840449,26509635821.667234,2059,0.023831018519,4183,518985014.377955,33249177.99359867178771289007,197722.16680178,12667.22416860527834364793412,46856.267486,3001.883165403129365194844,116.165344302102,0.0556752900057424,0.03580226609612515,,
2019-05-09,6136,11342,204849,261822,955,119401,245788,43,46570,317682,310035,304223,293510,230533,26659,253428,78653,270360,165791,3431,144924,2006,220494,20001,11,250357,62722,97,1613990396,4320,966.396296296296,1243768433.2670752219740781983735,0.489749617527,0.417297756804,1910145903.8978697713746298296698,,1627565540.3085866194083427543793,3900249914.5277153008116871507791,0.18955943,0.011638047513395435527681,0.172433,0.0105865661596329717511,442.242155,27.1515651440626761481885,0,0,0,0,0,0,0.579788002884,83.28690413043,18.898053120556884,70.965728243616,16.102340651138064,0.000009982738580852248,0.0613952442956567,-80.67303354247977,-26.530176797342058,0.064065776607154,0.0000108003928286868,0.000377838190314885,0.0571638679282102,0.064065776607154,0.005294150404,30567117331.598294,12772583242.933599,1796588288.032755,20258383976.412705,30567117331.598294,6792094570.023111,30567117331.598294,30567117331.598294,30567117331.598294,2646190616.700081,10591020652.738936,30567117331.598294,65.1137921312,26236086424.905199,31106074167.732926,31112248419.988503,18038525484.228345,30996539573.525345,31112051089.196105,11837476169.438032,30192375085.005858,31112277925.074665,31112277891.687072,31112277433.66833,31112265037.036501,31112191803.997996,31110992470.406326,29070746639.325333,30758707297.506112,31081489937.637115,22117561114.078889,31112156203.190534,31109738167.572057,31055329539.310362,20361316634.208943,28244116874.780342,9889966434.372779,30561598909.040035,12990342878.24464,13038316725.296861,29500919539.733423,21861553646.49967,31112277926.598294,26509635379.425079,2333,0.027002314815,4695,373555461.707106,22934528.8294846044791633265102,102829.26748183,6313.227997790380303615167761,38163.752107,2343.0728838481481155736669,116.072662348123,0.05575260762691548,0.03590791971402798,,
2019-05-10,7633,11357,204470,261467,957,119085,245403,43,46466,317367,309726,303912,293196,230157,26729,253058,78408,270011,165464,3424,145359,2043,220424,20265,11,250023,63058,100,1613990428,4320,1013.270833333333,1275066121.0218837728589485886078,0.503336077803,0.428874282066,1946029377.8453750584808322501108,,1658140532.9506680270250030872138,3866262451.0020706658788226723761,0.19018941,0.011896081217459197734078,0.172433,0.0107854426414706362614,492.590568,30.8108501092797844456944,0,0,0,0,0,0,0.580030781191,67.221520388056,19.233617348825987,57.277001524723,16.388262625645506,0.000009838609292811217,0.0625485994065558,-78.77077007836246,-30.214227303614194,0.0613952442956567,0.00000998273858085225,0.000360617508365033,0.0547416983433893,0.0613952442956567,0.005291849824,30570990777.007726,12935618182.613765,2102096032.236838,20385206593.262941,30570990777.007726,7019854399.058121,30570990777.007726,30570990777.007726,30570990777.007726,2896446974.337441,10773645033.947787,30570990777.007726,65.5214220062,26238257113.501466,31106073020.195228,31112247901.669751,18046078584.680161,30996610779.533539,31112050234.569483,11831808067.022214,30195633192.795636,31112277432.481003,31112277399.088056,31112276940.819325,31112264529.518132,31112191173.515394,31110991864.343764,29081624775.261478,30759109611.270205,31081515541.357614,22109467429.064418,31112156206.629211,31109787274.969335,31056585675.503546,20420736110.984443,28287395170.321762,9886421922.231197,30571196195.785011,13032035964.466598,13032035964.466598,29505251303.2366,21857508870.01719,31112277434.007726,26509634886.834511,2590,0.029976851852,5280,462832099.815695,28949499.603866955067554733281,103558.613811,6477.4462503624558738221538,44312.817548499996,2771.7046734169222899900586737768,116.035623436072,0.05576117297264087,0.03305426928732105,,
2019-05-11,10107,11353,204419,261372,958,119067,245300,45,46447,317346,309700,303881,293151,230074,26788,252957,78365,269904,165438,3410,153377,2506,224412,22731,14,250729,68678,133,1613990459,4320,1198.95625,1589345736.1266901132005897131775,0.62332739465,0.531114497007,2414625231.9077590887589171432779,,2057413931.2861912292211746759925,3873767225.1107177497485265628255,0.19297269,0.014976619382912798930499,0.172433,0.0133825330934330793543,729.243777,56.5966432114655123153367,0,0,0,0,0,0,0.580391657692,41.179491979332,23.750953848357053,35.087540443959,20.237319929907816,0.000010595108296075054,0.0776100461827671,-69.94904938482394,-6.593588541001625,0.0625485994065558,0.00000983860929281122,0.000363186259958805,0.0557196063897344,0.0625485994065558,0.005289154397,30578709368.763949,13079037288.580036,2468630659.531692,20478608302.640025,30578709368.763949,7229424305.226969,30578709368.763949,30578709368.763949,30578709368.763949,3173906247.256959,10954110208.783541,30578709368.763949,65.8216320746,26230935382.336262,31106079998.96581,31112247151.493837,18057305851.24465,30996641639.950039,31112049440.264044,11900552786.714324,30195650011.465785,31112276703.233577,31112276669.803776,31112276210.797375,31112263771.452996,31112190379.646487,31110992666.827594,29081380181.917975,30758921012.662968,31081529911.201311,22100344877.074404,31112167097.505365,31110376159.882357,31068205758.332051,21094958794.343072,28635228070.732577,10326816312.648166,30652309433.353296,13522197695.360815,13041311736.507401,29502308644.001004,21862675228.679208,31112276704.763949,26509634157.942675,3779,0.043738425926,7894,755528424.692052,58636595.9327434307029267370892,142054.88622984,11024.886280785608569697790264,55764.403353,4327.8779195807825220580863,116.008715366171,0.05805500521291025,0.05141141748391589,,
2019-05-12,7606,11349,204465,261461,958,119116,245359,46,46480,317505,309865,304040,293296,230130,26818,253024,78417,270008,165472,3410,149871,2291,222713,21650,13,250446,66144,123,1613990480,4319,1049.026163463765,1435767835.1233452954971961555225,0.565858723988,0.482147541175,2178859937.7060422198481850406439,,1856526933.3080604133922380909077,3850536972.1118788462942810764894,0.19021016,0.013320828571005169020408,0.172433,0.0120758556377016575229,530.686346,37.1651116850915571205698,0,0,0,0,0,0,0.580119422003,58.575292653794,21.39467777706512,49.909866419712,18.229623132355538,0.000010087276718829706,0.0700321611159213,-73.61392111111786,-15.598520902542813,0.0776100461827671,0.0000105951082960751,0.000388815196521061,0.0681903495304872,0.0776100461827671,0.005291531336,30578708838.077603,13154539987.936419,2531654453.061557,20501549748.647325,30578708838.077603,7078078959.70107,30578708838.077603,30578708838.077603,30578708838.077603,3340976061.619914,11014200626.502345,30578708838.077603,65.8953707981,26223172977.378587,31106076699.074278,31112246574.644947,18048835671.299256,30996633208.565726,31112048578.784899,11921457851.795532,30195254831.070321,31112276172.544975,31112276139.074369,31112275679.506546,31112263222.931304,31112189675.050987,31110991578.04362,29078985609.131166,30758790212.985586,31081520622.05879,22089930174.103096,31112161622.619485,31110136434.249533,31063390591.509992,20794351608.13467,28482725757.612049,10182761050.649037,30617123819.662816,13383349983.883355,13038052473.630545,29499663084.927228,21854347667.077277,31112276174.077603,26509633627.256329,2790,0.032291666667,5670,531150161.860311,37197593.7121489767201286695243,126561.37746352,8863.366777578163672081940976,39982.4437655,2800.05694359375910397365515,115.879703694828,0.05848694826271514,0.054583514389899015,,
2019-05-13,8048,11321,204516,261554,961,119105,245447,46,46514,317678,310033,304204,293450,230206,26838,253109,78433,270102,165484,3417,151290,2354,223564,22065,14,250731,67180,126,1613990508,4320,1053.702314814815,1496259122.6060826570565203045381,0.588715869376,0.501623277882,2266022629.3820521652838167872149,,1930795071.4992155842276926307515,3849093845.1895032888744395068394,0.19216121,0.013995814902593245345561,0.172433,0.0125589360677884005553,584.554414,42.5752698936370228587374,0,0,0,0,0,0,0.580337701477,37.028208424565,22.156673194852996,31.550383215763,18.87889152153221,0.000009338966001478832,0.0728337155172641,-73.85535398628498,-12.570555479441264,0.0700321611159213,0.0000100872767188297,0.000374135194797355,0.0622193694198383,0.0700321611159213,0.005294548021,30589385440.523189,13223848067.424104,2362692250.741877,20543495714.583141,30589385440.523189,7191521793.832165,30589385440.523189,30589385440.523189,30589385440.523189,3496802834.427524,11065692844.479886,30589385440.523189,66.030193309,26213616041.063671,31106070368.483819,31112245961.015234,18055626503.340675,30996541093.4408,31112047892.111391,11917400657.999735,30195621173.094761,31112275587.989635,31112275554.496706,31112275094.39715,31112262610.80237,31112189012.852786,31110990102.633649,29076903502.793704,30758780944.890073,31081489381.667108,22100837975.370793,31112163735.940903,31110243791.617576,31065325123.379041,20886301663.187526,28536641296.717711,10317453755.453277,30631417387.394812,13409925824.570928,13027716489.134669,29498088401.038896,21859183377.402034,31112275589.523189,26509633042.701915,3042,0.035208333333,6275,840231729.08585,61197198.724817718569786022985,169769.41685489,12364.937410740879233319506449,44053.534157,3208.5825743210149525398637,115.816142147703,0.05754860110590396,0.05517409985799961,,
2019-05-14,9173,11323,204596,261552,960,119229,245472,45,46617,317765,310112,304270,293496,230250,26892,253119,78547,270090,165559,3423,156239,2722,225659,23650,14,251108,70934,146,1613990530,4320,1131.377314814815,1717007420.0400896048880385213161,0.672799100779,0.573267524501,2597595017.983132825022200377136,,2213315778.6492560208043332461674,3860877660.171816611487969477133,0.1908343,0.01593294697487627385377,0.172433,0.0143966039947684484887,646.164949,53.9489592250482841713011,0,0,0,0,0,0,0.5796744237,37.98773813196,25.253975602497455,32.367963297044,21.51798963567073,0.000010494676250948463,0.0834910022720039,-68.62204144048611,-1.0979501370422828,0.0728337155172641,0.00000933896600147883,0.000371932286371546,0.0646659509247177,0.0728337155172641,0.005294806181,30591190197.35824,13294364284.753865,2419894652.434092,20565179160.818799,30591190197.35824,7282808227.081484,30591190197.35824,30591190197.35824,30591190197.35824,3642132891.677002,11121851988.323163,30591190197.35824,66.0998888646,26201660749.538119,31106078933.809733,31112245303.839695,18034990047.799568,30996617648.97039,31112047647.75372,11873368958.862057,30195337122.30588,31112274941.821229,31112274908.252361,31112274447.054757,31112261944.1905,31112188412.277244,31110991006.737,29071789127.45062,30758742793.586651,31081490619.287704,22090251503.469064,31112167777.82857,31110507468.152468,31071551425.272299,21339218421.288702,28727176256.036295,10311630595.348102,30677811153.564307,13642177294.840629,13010235672.168117,29490739474.325887,21843536936.780463,31112274943.35824,26509632396.536966,3386,0.039189814815,6971,819008355.677348,68379828.4846476400995217976572,140819.01941505,11757.121069923300855169318695,42322.8211915,3533.57476025714130609064685,115.730123856737,0.05842373594020119,0.06084221395944492,,
2019-05-15,14600,11316,204866,261823,962,119553,245717,46,46846,318149,310501,304652,293850,230498,26997,253374,78807,270345,165834,3412,160757,3045,227569,25162,15,251776,74506,173,1613990549,4320,1414.173148148148,1941028179.0270198340819599115644,0.75265224713,0.641307468658,2927729790.3725944726338325344837,,2494611539.3095386285691070958351,3889883809.6013830137907239566605,0.19503269,0.018352982386447160268291,0.172433,0.0162263044817883770487,949.614157,89.3606702411881224794523,0,0,0,0,0,0,0.579281800991,21.753502516911,28.10151073454165,18.535364355526,23.944270123882223,0.000011454621274108701,0.0941020830223239,-63.180441829384506,14.899522914579748,0.0834910022720039,0.0000104946762509485,0.000382609246040671,0.0744161869246376,0.0834910022720039,0.005295954501,30594753487.744083,13388831201.144544,2943964737.80506,20626835418.367396,30594753487.744083,7455964726.262542,30594753487.744083,30594753487.744083,30594753487.744083,4056074170.481589,11221374453.426869,30594753487.744083,66.2980643026,26171120498.226091,31106082532.153186,31112244325.945634,18022774112.008113,30996693004.690783,31112046350.224526,11879560824.074033,30194346724.747373,31112273992.199339,31112273958.584014,31112273496.011428,31112260942.460863,31112187343.739021,31110990188.795073,29060613977.762625,30758265396.43847,31081501666.626025,22055852280.324523,31112171311.987001,31110694177.961469,31076341563.406705,21683526664.777304,28874328663.014983,10409965937.666154,30714538349.675464,13925783539.795039,12986629995.482071,29476031094.837862,21824392381.433741,31112273993.744083,26509631446.922809,4869,0.056354166667,11557,1430219063.323611,134586593.0369887655294429596029,155365.60451612,14620.227014989465296617411268,44285.432172,4167.3514149290378352645108,115.705607971176,0.05901683958183983,0.06435604087252259,,
2019-05-16,18943,11286,204973,261981,960,119704,245844,44,46959,318469,310831,304959,294133,230622,27003,253496,78947,270513,165971,3395,158194,2861,226663,24288,15,251578,72465,160,1613990568,4320,1718.621527777778,1812055992.3644996654572564934232,0.703319644888,0.599272957683,2724876455.8428222767476417216922,,2321767612.8936144014445387072788,3874307330.4535151222510852442406,0.19876962,0.017408649643451250830142,0.172433,0.0151020346266659338303,1142.726541,100.0823264165918874486531,0,0,0,0,0,0,0.57978466373,11.10008237187,25.53708605594585,9.457974395939,21.75921745194611,0.000011139817674631228,0.0875820441949391,-65.08937140481036,5.13196930011548,0.0941020830223239,0.0000114546212741087,0.000377826798117511,0.0839689856281661,0.0941020830223239,0.005290826322,30596716034.017542,13497370011.28976,3192755837.417958,20689811582.054952,30596716034.017542,7506231692.804308,30596716034.017542,30596716034.017542,30596716034.017542,4323951951.731572,11332669169.09997,30596716034.017542,66.5004825624,26159853514.999549,31106076462.808841,31112243099.501545,18038418652.812364,30996742780.429589,31112045059.112776,11833400934.308413,30193157599.459914,31112272849.466532,31112272815.685743,31112272352.268023,31112259736.730454,31112185896.426809,31110988586.231447,29050999230.905505,30758052093.308454,31081507408.287644,22047141097.064994,31112166359.699363,31110578958.413857,31073373349.617674,21490900293.169951,28767859154.018088,10411963591.640261,30690337359.096617,13804953566.325576,13006998192.152878,29469478695.678313,21835921944.148959,31112272851.017542,26509630304.196268,5749,0.066539351852,16561,2802886664.144416,245482543.6925016681766187250656,265984.91270264,23295.502379509634891991209224,73218.565206,6412.6316137619222685489546,115.799153587983,0.059275961516002965,0.06579339995600142,,
2019-05-17,12217,11298,205121,262164,954,119882,246012,44,47039,318756,311111,305246,294394,230773,27061,253680,79091,270710,166159,3396,156220,2656,225917,23604,15,251559,71020,148,1613990589,4318,1324.753126447429,1711423997.784339126390214967211,0.665483443707,0.5670341114,2570512904.825672501603226979917,,2190240064.742714817218370458115,3862624876.8978640144050947673085,0.19594316,0.01618893085657706924268,0.172433,0.014246508601740187209,777.306513,64.221488483313348671049,0,0,0,0,0,0,0.578545990752,14.542739958217,23.690926913254607,12.39133701598,20.186172650170256,0.000011276298672862345,0.082620545961273,-65.51866037871294,-0.28377280076084754,0.0875820441949391,0.0000111398176746312,0.000332530518040324,0.0784252930896475,0.0875820441949391,0.005295576795,30599832688.711029,13507654644.24925,2777015277.475715,20714266383.407107,30599832688.711029,7600247760.655957,30599832688.711029,30599832688.711029,30599832688.711029,4448473551.456887,11356004500.264699,30599832688.711029,66.5790860093,26148686675.892195,31106075290.611345,31112242267.26503,17999880271.42562,30996760298.995446,31112044011.17365,11844779810.703758,30191558422.304389,31112272072.154953,31112272038.456741,31112271573.824672,31112258926.581391,31112185072.375513,31110986425.226018,29047249487.29906,30757815686.315968,31081545448.287783,22022078669.949044,31112163136.499158,31110470927.154781,31070859367.846812,21224626039.699487,28676784951.627485,10417727907.836441,30671354317.7057,13659079180.082783,13008883456.154097,29464179015.407656,21812878783.880782,31112272073.711029,26509629526.889755,3967,0.045914351852,10435,2139367970.7607,176755749.7563097659385503711,261318.21853965,21590.25388537313499951497445,72596.803177,5997.987513526818245364321,115.83393713065,0.05943218073447787,0.06669256645707175,,
2019-05-18,9343,11294,205444,262509,950,120174,246337,44,47197,319194,311557,305683,294810,231092,27097,254021,79306,271075,166503,3392,154993,2516,225651,23116,15,251819,70054,136,1613990608,4320,1129.546064814815,1638704909.2049308831736344776051,0.638419874964,0.543974232066,2459781324.1521901433665444778898,,2095889726.0703819581813899029444,3852920970.374879415430239840992,0.19685916,0.015563970827783697726036,0.172433,0.0136328031763786168243,622.271791,49.1977106987387030635661,0,0,0,0,0,0,0.578207224609,21.93889636069,22.43632640222113,18.693331408044,19.117173358239334,0.000010863092343658676,0.0790614509773571,-67.46412880852444,-3.0418819615333894,0.082620545961273,0.0000112762986728623,0.000341035466767723,0.0741169747242019,0.082620545961273,0.005299550246,30599832066.439238,13554138397.726298,2402090726.583852,20726977420.060881,30599832066.439238,7638096431.104086,30599832066.439238,30599832066.439238,30599832066.439238,4463078007.715154,11401940181.561663,30599832066.439238,66.6199427207,26133970112.474755,31106074862.330417,31112241581.73026,17989340127.231724,30996689261.479945,31112043065.817753,11844628598.367771,30190084981.78759,31112271449.877397,31112271416.144354,31112270950.667914,31112258278.516921,31112184360.320504,31110985245.136739,29038443056.128584,30757250629.538141,31081554729.534078,22010939349.695747,31112161439.982773,31110397021.5164,31068924508.219013,21045306983.348504,28603239919.127557,10414890050.920129,30656182309.36797,13513205548.437352,13014684687.983214,29456467689.933212,21809811132.378337,31112271451.439238,26509628904.617964,3161,0.036585648148,8223,1418132933.395224,112119647.3930021237124492824904,212693.88469992,16815.887138386368422048181432,56069.827567,4432.9619234972362183831757,115.852466196595,0.05808889463689663,0.06711825395686302,,
2019-05-19,9921,11269,205877,263027,952,120542,246829,44,47393,319842,312188,306298,295404,231553,27148,254524,79634,271614,166897,3394,159006,2839,227572,24352,15,252587,73026,158,1613990627,4319,1185.212317666126,1809577151.6205957760051120050823,0.702516925261,0.598588982715,2713456220.1032370909081605771501,,2312036820.7893043627706351289323,3862478073.5261384837195428313377,0.19343046,0.016870034609974852304862,0.172433,0.0150387414572751039701,671.977405,58.6064990977692363812785,0,0,0,0,0,0,0.578023607327,23.30535793702,24.511873422883028,19.857643279026,20.885671005252533,0.00001061042747483397,0.0872149847028997,-63.84499153996796,9.783430502961282,0.0790614509773571,0.0000108630923436587,0.000336659087752711,0.0710751651339078,0.0790614509773571,0.00530361657,30601372289.461833,13575631319.073214,2197834113.006697,20748466078.220059,30601372289.461833,7695379852.612597,30601372289.461833,30601372289.461833,30601372289.461833,4338251197.868207,11434721270.80129,30601372289.461833,66.689012272,26109274896.778402,31106067378.856695,31112240846.706408,17983626988.078094,30996630785.740917,31112042097.694775,11842260163.167406,30187705831.859865,31112270777.895528,31112270744.097968,31112270277.745816,31112257582.213418,31112183581.865563,31110982175.546772,29026086666.37717,30756950193.395431,31081525804.140875,22000079599.009217,31112163841.07406,31110569954.818354,31073258556.348248,21420605295.802642,28734031676.557039,10411787710.975309,30687831496.103823,13764739983.522521,13005795988.306785,29446327268.369229,21803988314.927812,31112270779.461833,26509628232.640559,3474,0.040208333333,8970,1334983606.067707,116430574.7818169451315974299879,181100.64103757,15794.689637776997203995641729,49999.827743,4360.7342117533650326063771,115.88112861251,0.05709380563082927,0.06931580821652564,,
2019-05-20,9635,11261,206165,263361,955,120828,247125,44,47534,320259,312598,306690,295782,231829,27196,254841,79844,271950,167191,3387,158407,2725,227523,24071,15,252850,72652,149,1613990645,4320,1150.591666666667,1764602383.4459901095753016469206,0.685478616747,0.584075667427,2642364760.0256663688091577172522,,2251479365.063141794928936400732,3854773431.9792005823364874824173,0.19397308,0.016474131555016327232376,0.172433,0.0146447327970774622626,656.210932,55.7319872510550091196904,0,0,0,0,0,0,0.577838594584,20.482625549117,23.64136151209089,17.452627836932,20.14409153941092,0.000010641336404444888,0.0849299890222722,-66.63899691137063,11.46210413447284,0.0872149847028997,0.000010610427474834,0.000332914600775204,0.0782534748634868,0.0872149847028997,0.005303358831,30603752806.250901,13580320332.474012,2283453316.447384,20777141310.865323,30603752806.250901,7728540820.667141,30603752806.250901,30603752806.250901,30603752806.250901,4318120934.634546,11456114763.609264,30603752806.250901,66.7811806357,26093781496.044231,31106067614.571082,31112240161.564583,17977870442.347786,30996652233.030446,31112040941.056604,11830377662.407268,30185631034.684512,31112270121.682767,31112270087.783091,31112269620.845526,31112256906.831869,31112182816.552398,31110979373.393233,29018105318.751124,30756488967.459512,31081534348.485531,21985934996.900411,31112162450.113317,31110529440.804825,31072229233.610707,21281777128.609576,28688080254.217157,10396557055.84294,30680586871.944708,13646686494.61394,12993108782.898916,29438288593.686938,21800880142.03016,31112270123.250901,26509827576.60206,3383,0.039155092593,8442,1518959083.084549,129005178.2516513931302366922378,222091.60569449,18862.237633571841720958820178,52623.87557,4469.345174469518211470154,115.897233320606,0.056827838498616355,0.06903212851278444,,
2019-05-21,9456,11249,206557,263820,959,121178,247567,44,47679,320843,313175,307258,296324,232261,27232,255287,80112,272420,167597,3384,158789,2728,227934,24103,14,253290,72889,151,1613990664,4319,1149.871266496874,1764380220.8466675851986557367368,0.684762082268,0.584081307679,2640989674.6349234942488509409796,,2252684169.684435151130095632002,3856798942.321849894967204380158,0.18990929,0.016120600716264860933068,0.172433,0.0146371119775535929036,621.952938,52.7949684705041793557496,0,0,0,0,0,0,0.577538667301,14.415780611471,23.255785005518266,12.296224059109,19.836479952447178,0.000010632243174787196,0.0848857931924492,-65.56027205655874,14.778987336355366,0.0849299890222722,0.0000106413364044449,0.000336466433830892,0.0760536213615108,0.0849299890222722,0.00531022683,30603752184.297963,13617370741.506975,2779253787.478445,20785341745.544454,30603752184.297963,7771625705.7883,30603752184.297963,30603752184.297963,30603752184.297963,4716269818.493696,11488089096.827888,30603752184.297963,66.8075395293,26075668560.604262,31106058742.797174,31112239479.151614,17968538664.497142,30996550110.552189,31112040175.070633,11780344328.959934,30182669047.581922,31112269499.726554,31112269465.757156,31112268997.845107,31112256247.223813,31112182049.195148,31110977931.143957,29008218736.200875,30755794666.951978,31081539734.086915,21967839105.149334,31112161623.00336,31110525663.614573,31072206301.725752,21270317897.01748,28677663542.78048,10243814310.794188,30679563453.172082,13627857315.111071,12943615731.652999,29430836490.95769,21791798063.64787,31112269501.297963,26537823173.510935,3275,0.037905092593,8023,2158209141.760994,183201294.8735770149228318865048,458460.80950598,38916.809462567466562918246216,47433.655486,4026.4434699464794493563112,115.973289051961,0.056513764382866705,0.06874901833635388,,
2019-05-22,10425,11235,206730,264022,961,121322,247734,45,47734,321139,313461,307536,296589,232438,27206,255475,80182,272631,167775,3372,155806,2485,226775,23035,14,253224,70545,133,1613990683,4320,1236.94212962963,1622450129.6197323713723621181963,0.631359462886,0.538530489406,2426751225.6185225685557659936513,,2069945256.2673903055518328143325,3843691855.8676959662849317411484,0.19563629,0.015259594515229185917009,0.172433,0.0134497421774074442693,688.44411,53.698513527310492059831,0,0,0,0,0,0,0.578161986541,14.673317066571,21.083850598935165,12.515894804139,17.983885645300447,0.000010172249760271957,0.0779998154495221,-64.73593501619386,-0.24573919475853248,0.0848857931924492,0.0000106322431747872,0.000330528777520876,0.0761393846319845,0.0848857931924492,0.005311205321,30604618183.853853,13650023726.079612,2781756748.239613,20800691902.530303,30604618183.853853,7858032564.266992,30604618183.853853,30604618183.853853,30604618183.853853,4757835409.244153,11551070387.580106,30604618183.853853,66.856878962,26073387275.9801,31106056580.52649,31112238735.9419,17987931142.652068,30996478169.405003,31112039019.320097,11818887747.040709,30181715265.414982,31112268811.279582,31112268777.263378,31112268308.889663,31112255526.700337,31112181236.123999,31110977150.296966,29001882076.655772,30755197160.961574,31081548947.592825,21962217041.757418,31112157725.450143,31110361130.147227,31068336788.347772,20979623401.650999,28543480684.783048,10240288217.910522,30649348872.7456,13410083468.406832,12950442315.853534,29429116832.137592,21801198872.566495,31112268812.853853,26537822485.066825,3519,0.040729166667,9240,2120329620.882692,165385319.1210051365733715614932,357972.45119865,27921.785129507756254714665165,55105.412236,4298.2119846778369696924156,116.045695595505,0.05685355144314725,0.06991482692390127,,
2019-05-23,9751,11230,207354,264680,968,121790,248394,43,47928,321881,314187,308248,297288,233086,27261,256132,80537,273290,168406,3374,157451,2584,227856,23399,15,253930,71667,142,1613990700,4320,1135.655092592593,1671192591.5737090772939641124205,0.65017562139,0.554580100419,2499864357.1168368965955214243611,,2132308534.1754644503771744888119,3844906322.0355876270150824461933,0.1925958,0.01547503297482075695262,0.172433,0.0138549561358413194037,649.433054,52.1818125088322242246806,0,0,0,0,0,0,0.577980946089,14.983139634759,21.414706075449363,12.780164020094,18.266095274946828,0.000010174116705555987,0.0803497946207589,-59.759139895685294,8.182020883666963,0.0779998154495221,0.000010172249760272,0.000318951753860312,0.0700747855464907,0.0779998154495221,0.005326992637,30604617534.420799,13690518841.095189,2331790289.316576,20798965317.354345,30604617534.420799,7895309430.845349,30604617534.420799,30604617534.420799,30604617534.420799,4395223599.197313,11564400587.409389,30604617534.420799,66.8513308259,26052843679.578172,31106050966.455731,31112238074.985347,17982298188.068206,30996186909.252424,31112038462.249348,11751968063.506978,30177454889.718422,31112268161.843791,31112268127.742738,31112267658.66391,31112254860.622901,31112180555.976543,31110976028.668159,28989838068.747129,30754258081.021856,31081557222.496132,21947157941.284027,31112157665.92657,31110414840.86295,31069629972.867698,21084991064.289108,28570716800.25193,10368786006.960841,30658091153.591696,13504514305.374329,12935789637.926766,29419027768.035678,21791142221.523562,31112268163.420799,26537821835.633771,3372,0.039027777778,8584,2076485230.855341,166845161.8322657809217615382849,363493.9431728,29206.66367982428672380983792,59137.2528085,4751.66611759887245142637065,116.088404056559,0.056110680662141164,0.06942752841008527,,
2019-05-24,10303,11218,207958,265361,965,122132,249038,44,48089,322647,314954,309020,298044,233683,27304,256797,80770,273982,168997,3366,158060,2584,228469,23445,14,254596,71956,143,1613990717,4320,1200.534259259259,1677318919.2751847117035657345492,0.654194102775,0.558007741096,2505510141.4426378811275428071514,,2137124208.8404596628588131561042,3829918568.2282546481677037657254,0.19045194,0.015337334948410069703556,0.172433,0.0138862469826203584442,697.625438,56.1806564487465041340812,0,0,0,0,0,0,0.577343861901,16.345082949974,21.181268283192285,13.941860338183,18.066979843031376,0.000010082665499378386,0.0805312613166874,-61.104948529737285,12.25600185436223,0.0803497946207589,0.000010174116705556,0.000326837247125401,0.0718517982311133,0.0803497946207589,0.005350106733,30604616836.795361,13749213014.124444,2352380226.173411,20828171468.458258,30604616836.795361,7956357509.12851,30604616836.795361,30604616836.795361,30604616836.795361,4179222832.666686,11611848174.87815,30604616836.795361,66.94520575,26034919475.053949,31106048437.428773,31112237321.883208,17962476651.213272,30995696455.967903,31112037300.794641,11774644385.385384,30174835328.242456,31112267464.217196,31112267430.18744,31112266960.384501,31112254127.463388,31112179702.224166,31110971773.787644,28981112979.075848,30753006096.901707,31081538313.387279,21928544521.634282,31112156841.183891,31110412623.756176,31069638300.965978,21075078584.414752,28562635022.030537,10239352464.795486,30657491602.382624,13510614250.524145,12928944245.873814,29412824184.580018,21788539117.04325,31112267465.795361,26537821138.008333,3663,0.042395833333,9143,1903463418.38814,153288309.952970382608992247436,271005.56599074,21824.420053077054602275874676,56307.526932,4534.5161654573055565250568,116.113258550108,0.05608291848126184,0.06906921660941888,,
2019-05-25,8971,11224,208756,266198,961,122726,249867,44,48267,323629,315917,309972,298969,234494,27337,257627,81184,274835,169767,3363,158767,2578,229266,23441,15,255417,72258,144,1613990734,4320,1079.42962962963,1677154286.963910419834531606072,0.653331060371,0.557271590168,2502088387.9972925196705680575568,,2134205549.5256696840694649135376,3829740448.2468680236044004336415,0.19359511,0.015569166949977132043504,0.172433,0.0138672829323292660112,620.665924,49.9147493493912033142336,0,0,0,0,0,0,0.576622522096,18.370921754127,20.92390386263405,15.669839381231,17.847455731617224,0.000009975856439232132,0.0804212820766864,-59.06561912855675,17.505578711326635,0.0805312613166874,0.0000100826654993784,0.000323627645816068,0.0719253214912766,0.0805312613166874,0.00536696069,30623074516.129437,13754143507.421862,2218821359.268118,20854607681.641355,30623074516.129437,7988317654.212597,30623074516.129437,30623074516.129437,30623074516.129437,4065970813.358791,11652759153.549296,30623074516.129437,67.0301774713,26018649987.495794,31106044804.697218,31112236643.641809,17940033776.373592,30995368181.274657,31112036671.637733,11770740161.916347,30169533431.641848,31112266843.547521,31112266809.461973,31112266338.411955,31112253477.009688,31112179006.500965,31110970228.057003,28967529290.902127,30751758897.363024,31081518987.08893,21908168211.839003,31112156038.510209,31110409473.860805,31069544583.949685,21051185545.127202,28544846029.486154,10362578490.502203,30654979104.815851,13516368838.906542,12923433332.64365,29404539251.257719,21781166399.408394,31112266845.129437,26537820517.342409,3206,0.037106481481,7890,1693560468.08807,136198304.118035733785728971248,297932.02236839,23960.075210565934316131302896,50327.56570200001,4047.407357553510602662673566864,116.137464544901,0.05589454423675722,0.06840813089019857,,
2019-05-26,8608,11213,209015,266492,957,122934,250150,44,48339,324023,316296,310343,299316,234774,27395,257921,81327,275136,170028,3364,161723,2771,230631,24382,15,255940,74427,153,1613990751,4320,1120.449537037037,1802441835.7595921742471313313301,0.700143054107,0.597200799849,2686264958.9150456111785191395574,,2291302574.0381331676903369309722,3836737282.696475798536384380483,0.18823743,0.016252612654845038138037,0.172433,0.0148880419686610386747,595.771451,51.4395177617862215376009,0,0,0,0,0,0,0.57596603313,24.25620112882,22.28655899020279,20.689804219945,19.009759186721872,0.000009888424469309186,0.0863410250280459,-55.701934098123424,28.00671170015935,0.0804212820766864,0.00000997585643923213,0.000319273387000983,0.0718733532697841,0.0804212820766864,0.005373387468,30623073920.357986,13771207458.896553,2111184334.587439,20875844769.900639,30623073920.357986,7832401076.054908,30623073920.357986,30623073920.357986,30623073920.357986,4040757881.116714,11665826987.115805,30623073920.357986,67.0984382899,26003326679.096131,31106042025.150535,31112236013.627587,17919608573.320714,30995259273.945899,31112035884.044609,11768670773.961401,30167959809.385181,31112266247.773258,31112266213.648692,31112265741.704519,31112252857.732443,31112178359.036108,31110969462.770388,28963990380.655305,30751360456.159218,31081518625.062009,21899273739.147358,31112158143.758377,31110539037.815516,31072777524.303625,21272223694.50085,28647713426.633335,10363431398.556349,30678910471.000779,13623400175.204178,12921126395.420785,29400436905.454884,21775272323.351908,31112266249.357986,26537819921.570958,3165,0.036631944444,7471,1282652056.029992,110745493.2719600713200115526328,208261.85296312,17981.541859075959100018367208,46984.701239,4056.7072656117582074788701,116.148344750873,0.05607816292252234,0.06932634352459005,,
2019-05-27,11320,11230,208883,266397,955,122795,250035,43,48195,324039,316298,310339,299290,234645,27480,257818,81172,275047,169908,3376,163979,2956,231300,25260,16,256075,76091,171,1613990770,4320,1284.324537037037,1917007351.9487745175525627514014,0.740772647932,0.631887331072,2851771895.228536873279731072028,,2432593234.553777721614551611325,3849726232.7264886467860632840293,0.19338441,0.017725749543565886595234,0.172433,0.0158053287286482737842,781.659766,71.6474778933747437118284,0,0,0,0,0,0,0.575173104584,17.397091306778,23.34183530372074,14.839912927324,19.910845862848795,0.000010396156633547634,0.0916606956246674,-52.19724365922784,32.64743780536979,0.0863410250280459,0.00000988842446930919,0.000321814560706831,0.0771585993796557,0.0863410250280459,0.005380320587,30625649181.69822,13811686121.351893,2337516646.433052,20914169796.381911,30625649181.69822,7428932613.987963,30625649181.69822,30625649181.69822,30625649181.69822,4139530636.86709,11711696181.095628,30625649181.69822,67.2216229901,26002903485.719317,31106039936.488514,31112235187.56662,17894938319.696637,30995218539.007849,31112034740.611208,11713128934.042293,30167866270.859217,31112265466.111844,31112265431.94195,31112264959.130324,31112252046.274416,31112177467.069089,31110967706.131431,28974125350.86486,30751211849.753532,31081523494.613241,21890641919.712265,31112159895.887306,31110626821.766936,31075443264.871977,21460447483.922271,28746728416.96935,10462967360.964618,30699111420.885304,13792610389.43966,12895697018.296386,29404359419.062201,21754638371.466884,31112265467.69822,26539109462.083625,4042,0.046782407407,9798,1788360187.290447,163922338.7945028473389015723278,224060.59728576,20537.550209291225952142756224,69683.874639,6387.2724232328588976700686,116.172447284366,0.055311903810985864,0.06991123031936045,,
2019-05-28,11118,11189,209232,266737,959,123059,250378,42,48253,324520,316770,310793,299726,234983,27506,258158,81308,275392,170283,3374,164800,2989,231924,25467,16,256483,76634,172,1613990787,4319,1227.114378328317,1947066603.038947294662809245784,0.749832151037,0.639615185496,2891601568.235372626480140302832,,2466568379.190474735875771628792,3856331799.3719124277242593549261,0.19451902,0.01807877083112478502064,0.172433,0.016026076476857327656,782.355494,72.712815870126333972208,0,0,0,0,0,0,0.575801948571,21.699256043668,23.4923170373056,18.509707352916,20.03920837319831,0.000010659427512264582,0.092940889950632,-46.36659885401419,39.085081428535034,0.0916606956246674,0.0000103961566335476,0.000336225989313247,0.0819101770827363,0.0916606956246674,0.005384868643,30639828170.342726,13848123060.736201,2524989869.910044,20949515375.559487,30639828170.342726,7535025822.565437,30639828170.342726,30639828170.342726,30639828170.342726,4189997588.212872,11767918761.555625,30639828170.342726,67.3352312583,25986414354.202777,31106041311.602523,31112234369.727564,17914502630.290925,30995055743.839065,31112033869.540685,11680427921.598354,30165411214.966909,31112264683.754806,31112264649.502472,31112264175.924454,31112251223.313414,31112176652.339076,31110966218.77277,28968522457.402094,30750001723.465348,31081546778.858372,21895353007.124959,31112159814.601638,31110656378.133499,31075950589.560713,21503227803.751818,28760691351.21224,10467634052.713908,30702299962.19628,13803400937.402996,12898002719.972863,29400680467.860178,21766351099.63523,31112264685.342726,26539108679.728131,4022,0.046550925926,9696,1433794072.14386,133258097.07099101068180191952,176836.98535893,16435.38679544583535450034376,50076.599269,4654.163701762027857288008,116.17876792849,0.05531599768286256,0.06944138371269687,,
2019-05-29,10626,11202,209684,267209,962,123379,250835,42,48370,325083,317323,311336,300243,235443,27591,258621,81548,275860,170744,3370,164564,2933,232055,25287,15,256858,76288,170,1613990802,4320,1219.714814814815,1911093512.613548908394874140414,0.735663460768,0.627529132203,2834329857.908044315875623242002,,2417714962.0204970696687326366095,3852753343.1510922242167088569925,0.19040823,0.017346205731925661451345,0.172433,0.0157086607704569155495,722.789658,65.846198499803230783887,0,0,0,0,0,0,0.575611055298,22.631905345137,22.838174947717903,19.305267528867,19.481217799079005,0.00001052512331969609,0.0911000839193015,-54.75039481203573,42.95087300508536,0.092940889950632,0.0000106594275122646,0.000342672705172386,0.08329669922641,0.092940889950632,0.005400473034,30645967608.553068,13893131287.364079,2535591092.393985,20977955567.049076,30645967608.553068,7644046337.130053,30645967608.553068,30645967608.553068,30645967608.553068,3848001731.469698,11780838133.775358,30645967608.553068,67.4266443365,25972437542.289435,31106039840.304538,31112233626.409746,17908563092.180692,30994812430.672449,31112032915.337777,11657490009.959749,30162796017.086211,31112263960.962108,31112263926.677911,31112263451.963366,31112250478.149199,31112175846.894239,31110965765.295439,28962858318.852486,30749218622.292694,31081547872.922401,21868379558.357697,31112158060.672574,31110620147.746547,31075194311.230965,21419918054.033196,28726263744.674841,10343044980.67713,30695139346.981929,13767139447.012308,12886176811.192275,29393469878.615046,21748378547.879936,31112263962.553068,26539107956.938473,3796,0.043935185185,9245,1374708116.178924,125236024.748444852516151101586,178987.77991635,16305.801770908952615820429525,49658.0191945,4523.84971588523467603264175,116.171750929842,0.05499828188895388,0.06882375344492454,,
2019-05-30,10956,11214,209762,267287,962,123448,250906,42,48343,325309,317529,311525,300391,235527,27578,258691,81603,275958,170838,3370,161546,2693,230896,24222,14,256644,73928,145,1613990819,4320,1251.150462962963,1760524822.7103878972818212697392,0.679279381743,0.579432881775,2611522177.9260562808165697699896,,2227657517.7266068532801732767676,3844547984.4048438802390751046378,0.19078459,0.016014205883579741643484,0.172433,0.0144737977166987417108,787.368022,66.0906292822441448604472,0,0,0,0,0,0,0.575357366431,15.673750420849,20.78713707129828,13.369883760169,17.731659551007724,0.000010147789195637216,0.0839386759883476,-59.973532343477935,21.79494024738307,0.0911000839193015,0.0000105251233196961,0.00033824982130502,0.0818806265246931,0.0911000839193015,0.005403178432,30647216203.185046,14095852765.600491,2537077462.502804,20973940820.257692,30647216203.185046,7072908476.401423,30647216203.185046,30647216203.185046,30647216203.185046,3963941178.442214,11976942417.888086,30647216203.185046,67.4137419774,25974969145.233466,31106039501.142499,31112232771.408018,17900669804.197347,30994747475.693333,31112031976.997838,11640082643.693474,30161863574.655425,31112263173.587886,31112263139.205969,31112262663.035187,31112249658.250924,31112174916.551727,31110965260.185616,28962163020.544263,30749161098.617175,31081559443.158101,21866365670.121657,31112153924.539726,31110477559.378415,31071658333.151704,21142668776.817148,28605855661.585694,10212781473.338589,30667595518.745156,13462876922.255507,12862806484.863519,29395438455.093539,21749364928.439788,31112263175.185046,26539107169.570451,4127,0.047766203704,10392,1984991615.905763,166617568.0871003706846076872188,222340.95630496,18663.005490221388873712084096,62426.794295,5240.022459319231442156942,116.206333732883,0.05519233916746671,0.06970346920823725,,
2019-05-31,9700,11212,210279,267847,963,123840,251454,42,48445,325958,318166,312150,301004,236078,27600,259241,81847,276536,171291,3369,164081,2891,232302,24937,14,257325,75738,164,1613990852,4320,1171.126157407407,1871740081.5169070698077078600285,0.722387986435,0.616204999516,2776924339.282172754184632839446,,2368747395.1318401659884464513385,3844089867.8094560106395701873093,0.19190626,0.01712858924426569162061,0.172257,0.0153747949517096276145,708.32601,63.221623287951277490985,0,0,0,0,0,0,0.574953435812,20.801359593853,21.88911976928115,17.743791451616,18.671662998429632,0.000010431587359733236,0.0892549791979985,-59.79717736960547,31.150534164559247,0.0839386759883476,0.0000101477891956372,0.000330084899339386,0.0755543897761718,0.0839386759883476,0.005412719206,30648597208.859036,14108348909.70361,1213727790.357111,20970707722.251981,30648597208.859036,7128541848.552563,30648597208.859036,30648597208.859036,30648597208.859036,3890411635.338237,11942582026.745429,30648597208.859036,67.4033517961,25962792718.628596,31106031444.926957,31112232010.606951,17888102201.191043,30994555129.992515,31112030975.871209,11636368217.693474,30158746698.093813,31112262465.258983,31112262430.801817,31112261953.877267,31112248929.540695,31112174090.835263,31110964483.029064,28953452172.288204,30748121482.524009,31081459860.463122,21856433449.860204,31112154611.390417,31110576023.627339,31073965549.501411,21362618011.549042,28677141491.674193,10212781473.338589,30684665555.54654,13670744382.980897,12854324234.437374,29390392000.521518,21746433242.050033,31112262466.859036,26539106461.244441,3691,0.042719907407,9359,1495684083.84484,133497251.79034863853351255274,185177.19096601,16527.986327615018309273530985,56500.65069,5042.964402009329595643965,116.188597607204,0.05535781310597852,0.07030865175499332,,
2019-06-01,7998,11238,210589,268207,960,124058,251797,39,48496,326416,318609,312579,301413,236408,27643,259592,82000,276902,171587,3362,165082,2923,232872,25251,15,257698,76441,166,1613990885,4320,1101.359953703704,1905405297.5155709652753388872764,0.735404603796,0.627308317134,2827976694.866618820758093940577,,2412295615.4910640430932895004355,3845470480.1516975058927553679995,0.18897376,0.017176937859547211816032,0.172433,0.0156734507792791145981,572.968426,52.0804742885180197870882,0,0,0,0,0,0,0.574152185239,26.204914953274,22.132479890061123,22.353084295513,18.87925183246842,0.000010625124005186447,0.0908958887178157,-58.70984826305868,35.16250855797571,0.0892549791979985,0.0000104315873597332,0.000334822620085581,0.0800677643265329,0.0892549791979985,0.005423808223,30652853459.89061,14120280660.194645,936103486.00275,20962502533.319852,30652853459.89061,7105720639.918379,30652853459.89061,30652853459.89061,30652853459.89061,3748226942.367856,11939277486.303277,30652853459.89061,67.3769801913,25957368563.507464,31106026762.47687,31112231397.579551,17863173154.093136,30994378280.213235,31112030204.420444,11533568805.227759,30156879261.075245,31112261892.28911,31112261857.748784,31112261379.849875,31112248329.612094,31112173426.824724,31110962978.65417,28951357647.080088,30747593569.47737,31081448243.08195,21832473086.93721,31112154195.237745,31110601252.370719,31074737536.786445,21381258245.588589,28705063871.006936,10323044980.438589,30690266694.415551,13686047132.550861,12844448135.27081,29388520391.341929,21734473053.486529,31112261893.89061,26539105888.276015,3032,0.035092592593,7531,1187268188.023748,107917797.0968092850222222872436,185392.50032296,16851.416078473383382555758472,73912.7820535,6718.36801235910139668053995,116.173212147644,0.055044330751274795,0.07021415778799292,,
2019-06-02,9813,11249,210603,268222,960,124089,251798,39,48482,326565,318729,312691,301504,236421,27668,259598,81965,276934,171616,3353,167467,3053,233751,26055,16,258029,78363,177,1613990905,4320,1184.377314814815,2015794837.0256783618998341693213,0.775628444791,0.661619698866,2990671063.6885447967031204676923,,2551075713.9636058337871234494958,3855803746.9798114604160693140586,0.18992532,0.018256601647640605346604,0.172433,0.0165751496004198518751,710.320701,68.2796905659015332229747,0,0,0,0,0,0,0.574113450281,19.767420222717,23.20422905532707,16.861829530557,19.793465728485856,0.000010992826015241759,0.0961251593396847,-57.66112628405932,40.13224168703391,0.0908958887178157,0.0000106251240051864,0.000342822053360549,0.08145914381847,0.0908958887178157,0.005423365525,30654379921.569909,14137396078.975324,1899933491.553117,20970522710.940979,30654379921.569909,7129637522.353446,30654379921.569909,30654379921.569909,30654379921.569909,3764279905.949782,11945639173.794294,30654379921.569909,67.402759919,25957228284.650283,31106027152.515581,31112230623.483204,17861967614.142496,30994415711.986088,31112029326.395883,11529926265.767655,30157288977.373557,31112261181.958938,31112261147.380565,31112260668.475698,31112247585.078646,31112172550.966099,31110962737.794767,28953642577.616601,30747295828.776011,31081464515.889862,21817214280.603026,31112156839.011853,31110694114.96527,31077277770.378844,21514996727.187998,28790931975.337289,10429094367.272253,30710943404.636332,13810847608.532001,12847625174.738494,29390156331.815997,21729214272.895775,31112261183.569909,26539105177.955314,3740,0.043287037037,8814,1573916112.119467,151292937.0647808147407205120549,220080.16540659,21155.240967212628359897902173,81311.8923605,7816.11860936435358240873435,116.168558354873,0.055101507274792454,0.07069550178146557,,
2019-06-03,12136,11261,210992,268584,956,124506,252153,39,48657,327020,319168,313126,301924,236776,27753,259952,82243,277305,172073,3359,164522,2873,232860,24983,14,258005,75836,163,1613990923,4319,1323.157443852744,1856132086.0408414473290196006968,0.715949129382,0.610712575582,2751707191.1509873754756590843402,,2347236859.4221178144198293504372,3843439538.124041632617538284917,0.19128229,0.016917859612742469042746,0.172433,0.0152507442618133762642,827.869736,73.2204950666691102579664,0,0,0,0,0,0,0.572842613303,15.887106430929,21.122663048947306,13.551878602549,18.017866667312212,0.00001082101087144419,0.0884444640052274,-60.884305777158005,33.57129062545157,0.0961251593396847,0.0000109928260152418,0.000356062572701258,0.0861426418384164,0.0961251593396847,0.005429588505,30656429098.700173,14177209066.454453,2401969791.01202,20986413416.798332,30656429098.700173,7169298098.491345,30656429098.700173,30656429098.700173,30656429098.700173,3870895424.729413,11991706421.226219,30656429098.700173,67.4538370947,25938609150.374809,31106032873.426663,31112229759.376632,17822428527.936244,30994392233.340965,31112028411.103559,11521534686.828761,30154535412.149538,31112260354.086703,31112260319.483559,31112259839.825044,31112246734.802587,31112171659.65351,31110961109.788158,28944730979.278031,30746300730.033044,31081515046.573763,21797481646.132751,31112151843.613557,31110557100.299421,31073637306.41578,21293236326.481657,28656504048.512011,10205502636.63018,30679539281.566951,13640382189.996762,12829430152.971552,29378828682.373978,21708481636.886694,31112260355.700173,26539104350.085578,4328,0.050092592593,10741,1958333979.253144,173203799.1382684364379638849456,216134.59283866,19115.908216603344148844811284,71897.06596800001,6358.897463088236759085763252274,116.192340380913,0.05508528408270434,0.07230844666204134,,
2019-06-04,11136,11216,211573,269165,954,124931,252720,40,48770,327654,319785,313748,302537,237356,27767,260528,82509,277876,172623,3362,161838,2620,232272,23942,14,258340,73644,141,1613990941,4320,1232.8,1711560551.9591633304727387381059,0.662503561045,0.565122908604,2536190750.9786318854386333598503,,2163398928.3149743480327586278848,3828191877.1577116855669753960334,0.19221618,0.015668964714886346699082,0.172433,0.0140562911648852735517,753.679626,61.4380093607246716310274,0,0,0,0,0,0,0.572948564687,20.284887764811,19.3239641329512,17.30323495362,16.483556404380188,0.00001065595479645808,0.0815174077171149,-61.472549640927596,24.56680649975634,0.0884444640052274,0.0000108210108714442,0.000352287316238068,0.0788577328679549,0.0884444640052274,0.005437026187,30656428345.020547,14193593188.149195,2426916123.445164,20996258343.968591,30656428345.020547,7169205571.200866,30656428345.020547,30656428345.020547,30656428345.020547,3782766887.33317,12016529289.168218,30656428345.020547,67.4854819693,25923620867.786235,31106033937.278555,31112229001.299489,17825724483.159255,30994135887.066451,31112027417.288842,11559265680.988804,30150330551.934193,31112259600.404359,31112259565.860048,31112259085.769863,31112245967.006035,31112170886.847654,31110961466.222457,28935930051.957699,30745119197.05782,31081489917.28842,21811794750.356824,31112148212.377969,31110419825.076148,31069797606.285742,21007757353.171082,28523456678.945678,10211483849.589711,30649311894.86097,13398836590.298724,12843862739.099445,29373864163.27829,21725794742.649573,31112259602.020547,26539103596.405952,3921,0.045381944444,9898,1533765429.848345,125028581.8873635304905679398405,180228.25210546,14691.739909023754728001737354,69927.991718,5700.3486117152400140543982,116.198697645513,0.054858708926038884,0.074121205218242,,
2019-06-05,9157,11221,212094,269711,953,125406,253252,38,48913,328310,320437,314393,303160,237884,27807,261074,82888,278436,173138,3364,162906,2663,232948,24118,14,258911,74399,141,1613990958,4316,1142.312326227989,1739960298.3039789369122842208748,0.673565546747,0.574558903493,2572996154.811177919740836849952,,2194794339.6746275468052930607075,3819964021.6739818708402697308515,0.19021843,0.015731139591586394573133,0.172433,0.0142602774778238721423,625.818627,51.7554486195261847321437,0,0,0,0,0,0,0.572488354364,25.699972977922,19.501531999503392,21.92236281281,16.635023712514926,0.000010604593832039034,0.0827003965472031,-62.09454578745153,24.641718962924088,0.0815174077171149,0.0000106559547964581,0.000340426021330308,0.0724473980986584,0.0815174077171149,0.00544218049,30656883319.20192,14255049902.64857,2316846572.7641,21039322312.207508,30656883319.20192,7259331884.268176,30656883319.20192,30656883319.20192,30656883319.20192,3717668621.536906,12047807939.738966,30656883319.20192,67.6238981178,25909410551.394311,31106032114.448105,31112228317.075375,17811405941.826244,30994054068.872617,31112026431.63317,11494942130.376048,30145216142.284809,31112258974.584192,31112258940.003066,31112258458.958337,31112245308.553824,31112170207.478102,31110960539.60924,28924248051.117608,30744478404.4223,31081484492.153033,21801137279.506495,31112147831.0849,31110436905.49424,31070464952.694173,21046554694.436216,28528706197.693552,10215942799.955171,30653291834.741664,13385568732.808536,12831347004.322751,29364532712.885046,21720137275.772905,31112258976.20192,26539102970.587325,3290,0.038078703704,7992,1210595007.353855,100116687.1662280614951322529505,173735.3882483,14367.98550241669935597332973,58784.7624395,4861.52316467978028165796245,116.197093141537,0.054750332702919215,0.07412310005066776,,
2019-06-06,8951,11204,212451,270091,953,125805,253626,38,49094,328754,320871,314821,303574,238243,27868,261459,83227,278810,173541,3361,163635,2678,233401,24258,14,259306,74936,141,1613990977,4320,1124.247222222222,1753296368.2834682713805882666988,0.679241599492,0.579400637688,2591540069.0953479249193636233001,,2210612497.4537471861196452027596,3815343569.9952878217606779618087,0.18948408,0.015783347511111735899592,0.172257,0.0143483932382159719743,601.990921,50.1436949461781255085079,0,0,0,0,0,0,0.571991083373,28.622000819975,19.566412085290786,24.414884982603,16.69036709170884,0.00001071100695917054,0.0832964305555999,-61.10142742133943,30.25610621143966,0.0827003965472031,0.000010604593832039,0.00033571974586388,0.073670220042947,0.0827003965472031,0.005446674108,30658437106.210999,14270824273.991925,2224858985.573467,21048877564.005012,30658437106.210999,7255335253.281428,30658437106.210999,30658437106.210999,30658437106.210999,3600773073.533431,12063033447.684835,30658437106.210999,67.654611603,25884271315.745985,31106029504.482127,31112227713.52824,17795934373.658025,30994014215.651419,31112025615.221185,11488231177.10127,30142194825.351422,31112258372.59175,31112258337.984019,31112257856.292049,31112244686.311396,31112169630.434534,31110958672.797591,28913268447.232918,30744037711.670078,31081504760.420886,21783424178.126268,31112147376.014432,31110446413.949056,31070874031.978387,21049718129.286621,28527299956.909979,10212237707.853774,30655277955.114754,13372077925.896549,12818583267.50012,29353064355.305483,21709424177.785562,31112258374.210999,26539102368.596404,3177,0.036770833333,7570,1087005013.028217,90543637.5812938419032860623783,169233.37691975,14096.536228285618785775408025,65122.212512,5424.4478521328269194459488,116.2027275089,0.05472973906036896,0.07365171219682333,,
2019-06-07,8978,11198,212621,270302,952,126081,253817,37,49205,329047,321146,315086,303829,238429,27903,261654,83465,279037,173750,3363,165028,2749,234103,24680,14,259644,76120,146,1613990994,4313,1111.645026663575,1801098534.5519614030359172833129,0.697636739409,0.595091894539,2662667238.5785698386146868810412,,2271284756.1222365326577173504227,3816695836.3354023892827188991942,0.19027511,0.016284234522072395575653,0.172433,0.0147572607439013404659,624.102355,53.4122887360185026788665,0,0,0,0,0,0,0.57151632573,27.719601294626,20.039024032647948,23.645128070859,17.09351027927082,0.000010665891166194262,0.0855825784153923,-59.06434104361887,33.585485024520246,0.0832964305555999,0.0000107110069591705,0.000336566527284455,0.0738879838616907,0.0832964305555999,0.005441683903,30658436482.108644,14287933214.402054,2166286857.744532,21045153907.492323,30658436482.108644,7267746908.273231,30658436482.108644,30658436482.108644,30658436482.108644,3473328071.989607,12071900605.194402,30658436482.108644,67.6426445053,25868064979.025262,31106025000.568596,31112227045.159414,17781163234.500238,30994186546.060293,31112024899.209042,11448875100.717431,30140001675.821654,31112257748.48741,31112257713.823249,31112257231.903034,31112244043.837902,31112168889.694015,31110958102.784135,28905033259.685663,30743942250.959103,31081526816.431445,21770549170.045018,31112148347.813224,31110507222.215973,31072301499.396867,21118560544.833108,28565125211.973741,10207484854.725961,30666454205.431167,13413317254.079146,12801891919.010479,29345164333.970617,21697549169.867026,31112257750.108644,26539101744.494049,3280,0.037962962963,7453,1122391964.423383,96057198.3080703802247212381509,168900.09869022,14454.905940523251452317473306,51893.002324500005,4441.1369406466565783922934269615,116.203244689106,0.054718528615896246,0.0737134255006652,,
2019-06-08,8291,11197,213363,270985,949,126622,254442,37,49454,329791,321880,315815,304542,239179,27989,262321,83851,279734,174444,3360,165093,2700,234509,24553,14,260252,75938,141,1613991011,4320,1068.723611111111,1769317602.08667283211047481031,0.685775740102,0.58497432853,2614473612.5369763954559872915416,,2230175050.7032408581009941889326,3812432344.352738767754257998951,0.18821735,0.01581657324358783964317,0.172257,0.0144753682762014792654,536.231216,45.0614159819069360750752,0,0,0,0,0,0,0.570579009275,31.74295709937,19.644131451914784,27.077095220657,16.756662468007825,0.000010583831023391184,0.0840335561179022,-59.05101335466545,36.87307067828868,0.0855825784153923,0.0000106658911661943,0.00034202125014679,0.0756102986556887,0.0855825784153923,0.005461038013,30659667770.877428,14301388188.4546,2066056524.285298,21054893828.41605,30659667770.877428,7292277775.063232,30659667770.877428,30659667770.877428,30659667770.877428,3454852725.261569,12041375918.644721,30659667770.877428,67.6739514066,25839778086.599056,31106027742.341031,31112226478.358282,17752000897.414831,30993877022.244818,31112023446.782868,11441134595.339205,30136494433.110538,31112257212.253809,31112257177.562413,31112256694.962323,31112243495.720068,31112168226.352336,31110962557.083099,28891052898.475981,30742712962.136036,31081495722.226581,21740232669.668333,31112147002.089531,31110471052.790861,31071529888.474229,21034178617.914653,28526031640.781707,10202527018.956688,30658553882.59498,13347474376.04763,12798643357.907996,29331207001.958464,21677232669.668333,31112257213.877428,26539101208.262833,2849,0.032974537037,6933,980131029.269943,82363895.8510529988464986735746,154469.99978257,12980.663395260936727284524654,49007.597834,4118.2827227870213053438348,116.216586036727,0.05459083169014728,0.073251598804773,,
2019-06-09,8162,11163,213808,271476,949,126971,254904,38,49586,330340,322416,316350,305067,239630,27989,262798,84122,280236,174862,3359,162774,2501,233995,23609,14,260524,74025,124,1613991030,4320,1049.568518518519,1660313390.7945862179740562733503,0.645011652545,0.550202107004,2452029667.2530116885684114919041,,2091608553.1713634008477159912946,3801527705.0869993665205252422898,0.18653366,0.014701153747737092199566,0.172257,0.0135759768029209757157,576.762087,45.4559681981939175177987,0,0,0,0,0,0,0.57067313221,29.717274785848,18.437268854390293,25.349165611302,15.72719520810902,0.000010323769793183649,0.0788123373965701,-60.9587699696445,26.00176206073398,0.0840335561179022,0.0000105838310233912,0.000343517837835162,0.0744007614604722,0.0840335561179022,0.005465140462,30661746914.115341,14303795031.532672,1974831657.792884,21066668565.356403,30661746914.115341,7315736413.26153,30661746914.115341,30661746914.115341,30661746914.115341,3496873334.152539,12060020711.26913,30661746914.115341,67.7117986364,25825186353.583809,31106025884.195939,31112225862.880895,17754928945.236613,30993733633.490264,31112022474.2343,11476673854.611439,30133332836.20805,31112256635.488366,31112256600.801712,31112256117.67173,31112242903.46641,31112167489.397372,31110960852.35231,28878989421.036453,30742110705.984097,31081471560.755864,21743091933.161703,31112143795.46226,31110350763.85614,31068152510.186195,20793948058.86668,28398641502.132298,10199310886.14199,30631219142.12446,13141958190.247086,12804768559.127572,29323947454.661719,21687091933.161703,31112256637.115341,26539100631.500746,3092,0.035787037037,7155,1046941782.559815,82511929.0016706698415790905315,170213.36640612,13414.913262605140039451649012,49999.827743,3940.6032938517020790242843,116.23795595795,0.05481249901779354,0.07448211447453687,,
2019-06-10,8261,11150,214061,271762,953,127180,255181,38,49626,330670,322740,316669,305383,239901,27998,263076,84267,280530,175099,3358,166198,2724,235500,24689,14,261041,76740,141,1613991047,4320,1105.067592592593,1795768027.534094197754204077668,0.695917039707,0.59362496602,2650837765.450099617151669795,,2261194062.877261371058120462652,3809128982.6266153900925906826975,0.18600154,0.01584777091899565577852,0.172257,0.014676703618655171766,586.462841,49.968020461934740725958,0,0,0,0,0,0,0.57109314522,20.925374813479,19.849113756362367,17.849577182135,16.931514543909135,0.000010659219215946103,0.085202364018038,-50.67160804956967,9.78264826359135,0.0788123373965701,0.0000103237697931837,0.000341120504419362,0.0699190071256083,0.0788123373965701,0.005467852048,30663328868.6525,14318597024.707708,2271287189.041067,21076504721.792886,30663328868.6525,7297208365.031955,30663328868.6525,30663328868.6525,30663328868.6525,3838920920.658384,12075352203.342767,30663328868.6525,67.7434149664,25817312329.282493,31106020445.033147,31112225255.337871,17767996162.87204,30993663464.368395,31112021826.198956,11478820302.095477,30131000006.790456,31112256049.022809,31112256014.322675,31112255531.031736,31112242304.997346,31112166844.247275,31110959872.46108,28874579550.925146,30741674437.667093,31081450968.19328,21741062770.666183,31112146038.360791,31110500320.940935,31072019997.852138,21066423361.370842,28524871783.330255,10198057249.890328,30662100583.041464,13350162895.233735,12805044569.320272,29321455692.963592,21689062770.666183,31112256050.6525,26539100046.549754,3153,0.036493055556,7345,1486819535.037048,126680539.253356567954470271824,231425.7423139,19718.0203397735675994581282,52852.071669,4503.121449449571184765422,116.237652426046,0.05503486788620688,0.06483362797337903,,
2019-06-11,8719,11141,213476,271218,955,126734,254626,38,49627,330184,322246,316167,304858,239314,28006,262526,83943,279982,174520,3358,166777,2849,235342,25084,14,260551,77337,154,1613991065,4319,1138.229451261866,1852324395.6205633898930527080405,0.717771023913,0.61227669364,2736272214.577849715544661387902,,2334108857.3147696207642217680955,3812179822.5563120340055605504887,0.19660955,0.017291489791049550849675,0.172433,0.0151652015842569559905,525.733928,46.237442936115664833348,0,0,0,0,0,0,0.571682041049,26.049228901966,20.407130611336225,22.220645878129,17.407794465233042,0.000011101111201925551,0.0879483717400785,-50.654780289573694,25.582832713817368,0.085202364018038,0.0000106592192159461,0.000345303476889745,0.0753227602689413,0.085202364018038,0.005453994267,30666137009.918572,14305847152.236257,2312834439.480474,21061497319.073733,30666137009.918572,7180400975.955517,30666137009.918572,30666137009.918572,30666137009.918572,3708283667.55818,12070269247.562062,30666137009.918572,67.6951798053,25820276407.555246,31106017439.087192,31112224721.162547,17786317740.137735,30993937351.493221,31112021051.615187,11469326532.659489,30136993738.043639,31112255523.287422,31112255488.530374,31112255003.962822,31112241765.600889,31112166272.952854,31110956762.332301,28879363097.409689,30742739897.439402,31081450396.161839,21750857316.432936,31112146155.855367,31110546660.593263,31073355882.34873,21220798170.649968,28574413433.07044,10196504548.4946,30673786497.948075,13509618936.245596,12809241401.156096,29322635755.641745,21693857316.432936,31112255524.918572,26539534628.485963,2674,0.030949074074,6323,1194363781.054963,105042349.8091076128527584345955,217619.17631146,19139.25221600996920748084961,74106.8772465,6517.57918857154700377385025,116.190048443803,0.05492369141434408,0.06184225782485139,,
2019-06-12,12613,11166,212106,269968,952,125540,253341,38,49563,329053,321095,315007,303670,237974,28029,261271,83098,278743,173198,3354,168997,3059,235264,26378,15,259681,79381,175,1613991085,4320,1402.271990740741,2025958859.4980939315709884123564,0.780133731724,0.665477606913,2986046960.210475860997007918671,,2547188135.0641596714917993822882,3827609086.4721689104198857514744,0.21724909,0.020850818800033175868862,0.172433,0.0165495249630096062294,844.447227,81.0471340357167105761586,0,0,0,0,0,0,0.571585627479,16.670685319416,22.036978614394794,14.220597470447,18.79820753230635,0.000011780953243717123,0.0959765529974518,-40.70507864511866,31.774896167012162,0.0879483717400785,0.0000111011112019255,0.000357803278386929,0.0776998333761643,0.0879483717400785,0.005442680724,30683055287.471345,14361674281.383363,2278669750.180011,21108893747.745698,30683055287.471345,7250641708.617785,30683055287.471345,30683055287.471345,30683055287.471345,3824709755.584417,12090596144.975897,30683055287.471345,67.8475217066,25841611361.654605,31106010092.085158,31112223825.294499,17783317613.820676,30994209759.430606,31112019681.49535,11483081238.583292,30151722947.016572,31112254678.83564,31112254644.017552,31112254157.998526,31112240888.011884,31112165369.401609,31110952182.448648,28899539661.665691,30745326739.334209,31081474994.131215,21752746230.736315,31112149446.513589,31110679531.329188,31077234068.536102,21455252530.793478,28732851986.008854,10301439366.797918,30707795908.086071,13747356133.021074,12814685679.187405,29332130988.917911,21688746230.736315,31112254680.471345,26539691784.219299,3887,0.044988425926,9215,1866285283.679078,179119628.4373893964982629734404,240769.4745393,23108.22423328974825787895574,99163.735346,9517.3935008606533075913228,116.19455957778,0.05520778326524368,0.06329828531093105,,
2019-06-13,9641,11171,212237,270111,954,125582,253482,39,49605,329294,321315,315215,303862,238108,28039,261409,83198,278894,173332,3357,166328,2912,234376,25387,14,259457,77244,159,1613991104,4320,1157.235416666667,1892784916.4333890875210422889143,0.731618222481,0.624092411879,2794270201.8079520803199518641477,,2383596766.8686029061150087177519,3819300990.527046453030475502316,0.18874238,0.016951430362338175823174,0.172433,0.0154866437080482860909,612.280296,54.9904414677604761851208,0,0,0,0,0,0,0.571144885951,21.817706105221,20.516049246462394,18.611161404236,17.500808841301094,0.000010909140945620452,0.0898125283910173,-43.181583062140035,7.57150584732306,0.0959765529974518,0.0000117809532437171,0.000369628725700551,0.0851392883096769,0.0959765529974518,0.005452826975,30683967146.191049,14367448589.465308,2385894137.538629,21074842790.225891,30683967146.191049,7238245319.39978,30683967146.191049,30683967146.191049,30683967146.191049,3805091361.698074,12116309253.93233,30683967146.191049,67.7380775563,25837098048.422044,31106006257.264955,31112223175.890191,17769604801.450709,30994011513.782701,31112019203.758794,11527708970.799876,30150709357.947682,31112254066.550618,31112254031.648522,31112253544.839216,31112240256.549182,31112164697.10749,31110950602.645653,28896441903.295866,30745432602.102328,31081473276.655361,21749633485.448655,31112144855.281852,31110567547.137352,31074210701.769797,21290010712.878564,28621687949.811106,10188904575.814718,30683792608.303771,13565707964.575039,12815103271.83381,29330127705.766615,21684633485.448655,31112254068.191049,26539691171.939003,3244,0.037546296296,8136,1426009403.470026,128073510.0350093540051881974498,220194.60762747,19776.234449091063893212725231,52262.334437,4693.8123954039036392527601,116.195755511976,0.05547082137646427,0.0599745336619441,,
2019-06-14,10048,11106,212875,270831,952,125961,254154,39,49706,330096,322095,315985,304625,238765,28010,262104,83498,279612,173894,3360,167111,2927,235146,25455,14,260159,77691,161,1613991122,4320,1139.32037037037,1905110561.351040891026323110274,0.73614377131,0.627952839564,2811229835.44777740862973822086,,2398063838.390238311143480052409,3818859773.0633806253530129441727,0.19388021,0.017518558430335384439885,0.172433,0.0155806391266959188105,567.293489,51.2593014738086144999465,0,0,0,0,0,0,0.57141167761,17.276113307373,20.474081563013087,14.737045711435,17.465009086563544,0.000010388318127575784,0.0903576410936185,-46.900429591751994,-3.979127569170913,0.0898125283910173,0.0000109091409456205,0.000351742107358466,0.0797276789922377,0.0898125283910173,0.005462594695,30683966578.89756,14376865944.86898,2058953327.50616,21084111296.986804,30683966578.89756,7225777064.235726,30683966578.89756,30683966578.89756,30683966578.89756,3754763178.862963,12087482029.838282,30683966578.89756,67.7678693264,25818780375.964927,31106000023.899124,31112222583.399958,17777904967.168253,30993656619.046269,31112018039.374379,11538377557.836318,30146133475.838186,31112253499.252416,31112253464.291763,31112252977.149423,31112239659.608091,31112163958.339732,31110948410.829902,28883706969.722652,30744558468.028847,31081416448.534471,21770723285.84311,31112144194.398941,31110577944.284835,31074401386.017372,21324471237.405358,28619728203.589886,10187219026.449313,30684571394.439612,13604314859.112267,12828701465.816135,29326414266.843256,21710723285.84311,31112253500.89756,26539690604.645514,2926,0.033865740741,9045,1800882695.508813,162723512.2524935740196248098405,297519.25894887,26883.138418541339559574786095,59138.530972,5343.618156371817613802182,113.04385470116,0.05544688826154621,0.05575703864814981,,
2019-06-15,9305,11103,213650,271670,951,126518,254984,39,49942,330999,322987,316863,305488,239562,28088,262934,83888,280441,174600,3355,168566,2970,236158,25802,15,261164,78653,166,1613991141,4320,1128.962962962963,1932702086.8943691442839029283367,0.747054683242,0.637260174609,2853893411.5128726075025036917966,,2434457148.229828461610037362184,3820193455.0868854642711985177347,0.19327304,0.017728727527706787321224,0.172433,0.0158170931330363741273,542.130874,49.7290804216849894128394,0,0,0,0,0,0,0.570693829877,20.270436276804,20.613596256458553,17.291293463425,17.58401927514762,0.000010364165021477004,0.0917289215697481,-43.11870404155247,4.734848807112705,0.0903576410936185,0.0000103883181275758,0.000341276903057534,0.080599548931313,0.0903576410936185,0.005479686997,30683966036.766686,14386788704.012006,1953211578.479374,21069713388.321007,30683966036.766686,6948563822.742929,30683966036.766686,30683966036.766686,30683966036.766686,3733046913.960301,12025017079.977111,30683966036.766686,67.7215932136,25791955268.976692,31105992891.655654,31112222041.21935,17755570797.142642,30993370539.122017,31112017473.179484,11526278655.026755,30142124668.303184,31112252957.118688,31112252922.076188,31112252434.180039,31112239100.049002,31112163369.735134,31110945429.164825,28870904946.951728,30743401968.26848,31081356525.244185,21741111365.628357,31112145531.069736,31110598646.358232,31075166946.943852,21347423461.247126,28636549451.267819,10294420151.073224,30689722264.320901,13644230274.312449,12814774600.994869,29314978877.146012,21695111365.628357,31112252958.766686,26539690062.51464,2805,0.032465277778,8154,1534858576.002574,140790921.9387953636888261316094,276842.03891169,25394.421674539563656551445289,61608.827743,5651.3113280417678528015383,112.507595546433,0.05484942594377839,0.054206253799833036,,
2019-06-16,8552,11087,214075,272138,947,126836,255418,39,50073,331561,323532,317397,306000,239989,28121,263391,84123,280918,174963,3347,169201,2972,236751,25933,15,261646,79100,165,1613991160,4320,1088.331481481481,1946937488.5020634725991351296855,0.752374124353,0.641797816544,2875186455.6018830901298059194619,,2452620750.2773835739883037400045,3821485033.2240814716490541136377,0.19440033,0.017965179359063191642977,0.172433,0.0159351055238504138577,494.748835,45.7213810206112343366115,0,0,0,0,0,0,0.57065802462,21.97447999955,20.81454747920972,18.744894098414,17.75543667982982,0.00001024592748435774,0.0924133171947969,-42.99065918744524,11.852706998709618,0.0917289215697481,0.000010364165021477,0.000340927229837067,0.0816885604799033,0.0917289215697481,0.005483183455,30684804641.017851,14399003670.933414,1932697335.821058,21067715645.334295,30684804641.017851,6791374797.634986,30684804641.017851,30684804641.017851,30684804641.017851,3719439888.243342,12006554125.427161,30684804641.017851,67.7151732093,25777260495.680607,31105989836.562822,31112221498.603346,17754456532.610346,30993274826.281413,31112016426.986044,11542928923.80584,30139512594.01784,31112252462.365857,31112252427.270184,31112251938.72781,31112238588.740511,31112162735.953177,31110943821.462804,28862329363.299977,30742768847.708489,31081313505.808291,21730642531.727359,31112145165.993315,31110615121.203766,31075419078.456445,21347869906.018102,28638612875.897843,10291785707.707372,30691396210.237876,13654950400.904419,12839100987.504843,29308682212.919044,21698642531.727359,31112252464.017851,26539689567.765805,2545,0.029456018519,7304,1415835663.217296,130842070.2406056132350052871824,256354.20422364,23690.542389138986498611978716,65327.798245,6037.1585408528812469514405,110.882802207821,0.05467534118735163,0.053018748067787475,,
2019-06-17,9909,11079,214405,272473,947,127139,255701,39,50260,331989,323947,317805,306393,240302,28198,263710,84444,281260,175255,3347,169838,2994,237201,26143,15,261987,79714,166,1613991179,4320,1143.787731481481,1969985083.5807503745569061273135,0.760724851409,0.648921236438,2904027437.70577799918944713128,,2477222969.6917774326382131583998,3817447835.8706422922396822068428,0.19320707,0.018034009066443767205109,0.172433,0.0160949507973703970071,586.383451,54.7332169146117919555037,0,0,0,0,0,0,0.570050552384,21.811496716615,21.072238683831106,18.605864382756,17.975254989895433,0.000009992997712241358,0.0933403165134887,-41.85407900262243,18.060464815173972,0.0924133171947969,0.0000102459274843577,0.000342463681620855,0.0823369446352886,0.0924133171947969,0.005481387959,30688650095.6344,14439034648.82056,1907141264.129221,21105403936.530105,30688650095.6344,6780291177.541365,30688650095.6344,30688650095.6344,30688650095.6344,3728525881.72503,12019488661.934815,30688650095.6344,67.8363109798,25753959543.563144,31105996334.355912,31112220867.105978,17735556368.748097,30993406117.736096,31112015155.832768,11532156319.161955,30137272979.417755,31112251875.979521,31112251840.839532,31112251351.288122,31112237974.382132,31112162015.692448,31110944760.826665,28852918809.734471,30743002808.598953,31081294589.577213,21709690984.490415,31112144701.649821,31110630838.358743,31075772414.132905,21350762753.390414,28643578449.121566,10289440926.772672,30694790891.29359,13649175370.70499,12823113103.40111,29297316074.714519,21681690984.490415,31112251877.6344,26539688981.382354,3035,0.035127314815,8372,1426415265.39233,133142052.351392066462742521671,255728.47708466,23869.776992594606403741853342,76432.17931,7134.203808611122352058797,109.202962162864,0.05467571822694324,0.052252292050052766,,
2019-06-18,9214,11067,214285,272398,949,127424,255598,39,50432,332009,323943,317789,306368,240193,28277,263604,84722,281202,175081,3355,167508,2876,236332,25427,14,261594,78320,155,1613991197,4320,1133.613194444444,1873212677.7694977724240988047744,0.724710945022,0.618200286498,2760587843.609336805391973517824,,2354864663.6937893127648080353536,3809226095.691250409404511804778,0.19362808,0.017180605739274607496192,0.172433,0.0152999678013660952192,543.70764,48.243140149256513588736,0,0,0,0,0,0,0.569535507795,24.454702738531,20.133114749805955,20.860598757404,17.174153904996903,0.000009807519270459496,0.0887299287338624,-45.786966889612536,1.7370226413768164,0.0933403165134887,0.00000999299771224135,0.000341013920099575,0.083206715663578,0.0933403165134887,0.005456451784,30688649551.92676,14429438821.164584,1957547258.506232,21111396171.499631,30688649551.92676,6741402206.592842,30688649551.92676,30688649551.92676,30688649551.92676,3340467506.568338,12032367109.206445,30688649551.92676,67.8555722147,25731364145.414519,31105993643.041399,31112220264.777101,17719531862.109753,30994057339.313568,31112014483.263699,11511596198.352535,30135794328.290312,31112251332.266769,31112251297.071659,31112250806.869238,31112237413.373538,31112161223.722614,31110943966.173424,28845958390.348925,30743592361.744557,31081252770.734102,21696328513.849897,31112140762.067145,31110546598.762139,31073359615.47151,21199123332.406722,28549329269.815643,10175524239.953795,30677015521.527791,13501889412.031895,12797334971.592249,29284697489.637632,21661328513.849897,31112251333.92676,26539688437.674714,2808,0.0325,7473,1272240013.161424,112885765.7001813133321462040576,267691.5360466,23752.25091607297574764438784,79999.827655,7098.379006549424362484672,107.973277402464,0.05412526246602749,0.05017900717489964,,
2019-06-19,9350,11073,214589,272646,947,127716,255869,38,50602,332341,324260,318103,306672,240524,28350,263813,84948,281473,175364,3356,168271,2907,236773,25647,14,261822,78890,159,1613991215,4320,1128.773611111111,1897678459.4654244445010307586356,0.734044889561,0.626162420823,2793392053.4614266642680131023473,,2382847636.9458471970051030618611,3805478511.1727377631289594460156,0.20219517,0.018153954432013815830079,0.172433,0.0154817784449323804571,653.696981,58.6917343545792966192647,0,0,0,0,0,0,0.56838361862,22.826001105235,20.46950412346491,19.471267102351,17.461104133095567,0.000009669765711234778,0.0897843130081387,-45.95989667240476,5.715677161565981,0.0887299287338624,0.00000980751927045949,0.000336477705801645,0.0792615943373536,0.0887299287338624,0.005465674234,30689119628.229779,14428666146.858198,2110109459.509008,21135969033.848988,30689119628.229779,6834841105.785041,30689119628.229779,30689119628.229779,30689119628.229779,3509284702.045032,12047460944.230719,30689119628.229779,67.9345549478,25712657068.733368,31105994252.425622,31112219554.737646,17683693625.054166,30993986306.5571,31112015452.27451,11457185809.287698,30134480910.017688,31112250678.567476,31112250643.348482,31112250152.799396,31112236741.7021,31112160214.269709,31110948524.995402,28838907461.901623,30743216486.457426,31081246647.170705,21670655045.346589,31112139968.188104,31110563566.708583,31073890693.591759,21206705308.879279,28558840156.775297,10172542726.556959,30680487188.74146,13522086722.189475,12772385208.112718,29275162684.985978,21637655045.346589,31112250680.229779,26539687804.147353,3233,0.037418981481,7986,1363018013.395863,122377635.9504655512027439101981,230602.35265206,20704.473810925738502309320722,43090.704464,3868.8692973369755484211568,105.512403040795,0.05407593778209365,0.04995227261539445,,
2019-06-20,9676,11049,214969,272982,948,128005,256237,38,50734,332728,324640,318482,307038,240887,28361,264142,85169,281811,175711,3348,167678,2833,236807,25309,14,262099,78388,148,1613991233,4320,1174.915046296296,1849754428.7451573970056343807488,0.716228806544,0.611465214404,2722247559.436710634663147385088,,2324061350.7620824289497879240192,3800807136.7190038287962031551406,0.19927485,0.01743607335449766365568,0.172433,0.0150874755983311272704,631.701269,55.2723520525207319881472,0,0,0,0,0,0,0.568769511891,20.341567481633,20.030116166909018,17.366183554505,17.100288573468465,0.000009165201584342226,0.0874976112364288,-45.91560731355073,3.0768612105187083,0.0897843130081387,0.00000966976571123478,0.000333849068949889,0.079945134227661,0.0897843130081387,0.00547039182,30689503611.52851,14420294144.5075,2079055983.155424,21140627756.647026,30689503611.52851,6787173050.201679,30689503611.52851,30689503611.52851,30689503611.52851,3296495468.340886,12004311342.177037,30689503611.52851,67.9495302451,25700204612.850502,31105996593.870806,31112218906.186989,17695699273.930369,30993844144.907103,31112015570.347402,11442832311.091787,30132546716.837406,31112250046.865069,31112250011.668237,31112249520.289565,31112236095.31332,31112159535.603253,31110948099.430226,28830931129.246505,30742681269.215721,31081229519.368814,21665867043.020799,31112138698.893662,31110525982.113513,31072812810.98743,21127262275.653264,28511655957.109554,10171082795.546263,30671820381.464382,13394171302.644649,12763537989.75029,29269195313.204706,21644867043.020799,31112250048.52851,26561426282.623834,3170,0.036689814815,8453,1529491278.222337,133826833.2514066018574802701056,249549.70322822,21835.002917228974657024180736,50388.019236,4408.8313180852241183443968,103.911795490038,0.0540812569148698,0.05020624102445952,,
2019-06-21,9037,11030,215205,273253,946,128210,256494,38,50869,333087,324989,318827,307368,241131,28398,264401,85374,282102,175962,3339,168605,2877,237284,25583,14,262399,79100,158,1613991253,4320,1126.728472222222,1886298576.6715160029500349384648,0.729899784418,0.623136520982,2775342037.973279452581407892679,,2369389632.6565046191335132506526,3802360402.3774064427607368782982,0.19030426,0.016975931405612491905764,0.172433,0.0153817406928461759962,584.043775,52.099133578381145854535,0,0,0,0,0,0,0.5686705765,24.013666965139,20.492113712809015,20.501160855408,17.4947091630568,0.000008846559205841743,0.0892041586752314,-43.56960239593208,14.364576584107741,0.0874976112364288,0.00000916520158434222,0.000321519860888235,0.0775612385261697,0.0874976112364288,0.005474197141,30695360634.484735,14427880339.939125,1954279388.080386,21145859169.402932,30695360634.484735,6740551995.864576,30695360634.484735,30695360634.484735,30695360634.484735,3265754087.99161,11963709784.670806,30695360634.484735,67.9663461607,25685242377.354586,31105994667.764161,31112218258.956826,17692620839.194861,30993769806.233595,31112014823.713513,11454732083.048405,30131267936.358615,31112249462.818472,31112249427.612561,31112248935.448406,31112235492.445122,31112158830.345874,31110946794.148989,28823151461.530014,30742559215.831211,31081232643.890002,21652294019.559471,31112138460.152183,31110551133.549826,31073582724.61304,21174001318.509843,28530679330.615043,10172333446.829363,30677424372.334425,13515163948.266312,12774970609.125983,29261823013.118864,21643294019.559471,31112249464.484735,26561425698.580059,3069,0.035520833333,7660,1295605935.971838,115573437.4930035304969785333132,250687.8225183,22362.39629787068045338323462,51576.949499,4600.8783870931926599390686,101.749493219708,0.05397668640972485,0.04761387096560243,,
2019-06-22,12846,11033,215456,273161,945,128473,256738,38,50960,333061,324952,318782,307300,241425,28439,264463,85574,281977,176218,3345,170939,3004,238396,26381,15,262789,80923,169,1613991270,4320,1333.974074074074,1983428602.9441128102633921676713,0.764846553931,0.652971584313,2914705404.087753668904312027318,2914727510.9833900709285778,2488368151.4046979267938714896112,3810836813.094980070184361648507,0.19547977,0.018313235665443984640011,0.172433,0.0161541328061696747619,792.670475,74.2601713400543922805425,0,0,0,0,0,0,0.568469257148,18.252769682206,21.43513786860231,15.582916437602,18.299796033723926,0.000008767519463817587,0.0936835339301043,-32.32033391171766,16.594615297125518,0.0892041586752314,0.00000884655920584173,0.000302537844694052,0.0783166187900661,0.0892041586752314,0.005475075986,30697189897.81426,14458420547.745396,2123557475.105309,21171581810.992691,30697189897.81426,6779213552.45316,30697189897.81426,30697189897.81426,30697189897.81426,3398595947.332494,11941213929.846556,30697189897.81426,68.0490247887,25679987739.055129,31105991819.477504,31112217535.077965,17686356890.664104,30993772347.661881,31112017978.31575,11446914445.483734,30129293732.955941,31112248670.145009,31112248634.904498,31112248141.701169,31112234669.307777,31112159171.029617,31110952777.450712,28818814629.51024,30742277475.703532,31081233482.725252,21654210937.430803,31112142361.779051,31110646642.247101,31075859616.12648,21308279329.860683,28609361051.028796,10278586375.697914,30694926053.005782,13628954142.796097,12765946771.161677,29254190506.825574,21639210937.430803,31112248671.81426,26561424905.909584,4055,0.04693287037,10744,1704522065.061975,159685650.7168449841166977139925,262638.65623834,24604.917463061524768721858862,77022.72793,7215.761345419347135423099,99.624139556307,0.05401180396389926,0.04809455847912147,,
2019-06-23,11184,11068,215756,273501,946,128668,257065,37,51104,333466,325348,319168,307673,241749,28517,264795,85706,282325,176446,3341,172192,3048,239026,26846,15,263194,81957,174,1613991290,4320,1275.720833333333,2035256697.7032037931591021121508,0.782922569504,0.668403597904,2988671626.2040785418686565174024,2988694366.1657729819019848,2551515240.0997229315411066536536,3817327207.8462624523736789036939,0.19078252,0.018326747258361954588176,0.172433,0.0165640752098312094604,750.156862,72.0607695820345968490856,0,0,0,0,0,0,0.567560620408,18.507430246237,21.810853488923414,15.800327447928,18.62055522883003,0.000008899122559420697,0.0960609350288588,-30.29653960946738,19.28403139136403,0.0936835339301043,0.00000876751946381755,0.000304157670107848,0.0821713013709505,0.0936835339301043,0.005487124992,30697687513.657398,14472005194.19191,2330417536.158048,21187142276.845091,30697687513.657398,6813825416.496137,30697687513.657398,30697687513.657398,30697687513.657398,3495982231.576872,11969186389.462516,30697687513.657398,68.099040385,25669624347.144896,31105986558.014507,31112216753.629602,17658086732.692841,30993671462.00979,31112017120.339599,11391554716.930947,30128854728.081578,31112247919.984842,31112247884.673642,31112247391.191564,31112233907.810891,31112158328.094979,31110951944.48992,28813996056.350883,30741760903.370253,31081182422.343961,21616943245.052111,31112142294.618637,31110678019.501433,31076888000.850199,21321766029.368168,28645315445.430401,10274877748.669788,30703914834.532176,13651260843.675933,12737388795.074651,29246617972.043187,21609943245.052111,31112247921.657398,26561424155.752722,3932,0.045509259259,9754,1681067955.286988,161484959.6319198645218161292944,220668.2286608,21197.59637631846612527629504,98840.699454,9494.7300084576534674030952,97.310793266458,0.053377743968942674,0.04822779622796039,,
2019-06-24,9737,11048,216084,273916,947,128861,257466,37,51164,333941,325808,319620,308115,242112,28479,265210,85854,282745,176750,3348,172895,3073,239530,26956,15,263624,82400,174,1613991306,4320,1139.96875,2055685391.7728193238957222193719,0.790540607861,0.674907334935,3015325623.9656294008371630299069,3015348624.6491544234111278,2574270518.9274154024022875569001,3814257729.4333556943749411138026,0.19283852,0.018689454496400571988636,0.172433,0.0167117996299589927869,597.606565,57.9186186624837749748545,0,0,0,0,0,0,0.567533962604,22.286953855826,22.05103625662504,19.02701579284,18.82560612892415,0.000008807326327637539,0.0969176412285293,-25.90844844941347,20.512429951207015,0.0960609350288588,0.00000889912255942071,0.000313357807700586,0.0842133415504333,0.0960609350288588,0.005494485784,30697686916.050833,14498336926.04888,2215453075.771034,21210642001.960883,30697686916.050833,6805611662.359011,30697686916.050833,30697686916.050833,30697686916.050833,3540110022.603378,11990252924.258515,30697686916.050833,68.1745737652,25666644927.885332,31105975356.547784,31112216134.595436,17657257009.345333,30993478079.757856,31112016371.230633,11393890076.555583,30126938170.779467,31112247322.375489,31112247287.02952,31112246792.990171,31112233292.247623,31112157731.075808,31110948854.995557,28805661509.5252,30741269809.46788,31081158587.640949,21625080006.073712,31112141855.379471,31110689563.852798,31077278052.554917,21348541375.204682,28652295157.232802,10272406456.698066,30706485721.705779,13647363597.911707,12737595223.741388,29245377849.662275,21616080006.073712,31112247324.050833,26561423558.146157,3099,0.035868055556,8409,1395984732.831367,135295547.4970547542498863185531,278994.88554987,27039.526222316894154961906191,70215.483443,6805.1190330164132433903799,94.761247739037,0.05337364766506263,0.048210999284063034,,
2019-06-25,9975,11045,216164,274032,946,128981,257570,37,51213,334167,326028,319828,308303,242217,28463,265308,85934,282863,176841,3350,172354,3043,239445,26731,15,263692,82011,174,1613991326,4320,1189.124305555556,2027826224.800274994644815705794,0.779793784327,0.665732459129,2973544736.7872140418802018570042,2973567480.3067121336341668,2538600960.5870433716354240945634,3813244984.1895729232399091863874,0.19463822,0.018602496329112483437076,0.172433,0.0164802383083746494214,643.863234,61.5370580707915019751372,0,0,0,0,0,0,0.567640015163,23.393633665683,22.02712603677882,19.971820218683,18.80519321742428,0.000008150484804208068,0.0955747351630758,-29.22047808758014,10.694464343028747,0.0969176412285293,0.0000088073263276375,0.000312840646213875,0.0850744518267135,0.0969176412285293,0.005490653097,30701850239.187599,14492223560.737663,2051626670.15635,21217178591.60443,30701850239.187599,6802174632.583473,30701850239.187599,30701850239.187599,30701850239.187599,3557881595.358119,11975642248.427078,30701850239.187599,68.195584876,25664894093.339847,31105969506.667295,31112215446.773937,17660556177.285948,30993527093.96273,31112015753.294034,11406105759.528935,30125900438.864336,31112246678.509813,31112246643.094933,31112246148.129834,31112232610.285839,31112156927.962505,31110948415.94421,28801206422.107352,30741045995.23656,31081166508.091631,21631124749.163409,31112140740.989491,31110669396.110137,31076629382.047986,21321391932.497375,28626123753.152358,10270400965.300178,30701389126.958252,13657153770.983037,12749355732.218655,29244016632.914799,21622124749.163409,31112246680.187599,26561422914.282923,3308,0.038287037037,8525,1329945023.710746,127109143.4226051142999588725468,252601.14287177,24142.287331859690185678190166,56082.4302605,5360.0634194489556481752459,91.869024122423,0.052560489484976027,0.04674620853381542,,
2019-06-26,14691,11010,216110,273941,945,128963,257477,37,51273,334219,326065,319858,308296,242123,28497,265218,85967,282795,176786,3359,172710,3077,239508,26892,15,263621,82359,173,1613991344,4320,1488.467824074074,2045907627.1424158184154942452604,0.786090773709,0.671113604509,3000289585.3852343775257061433446,3000312627.2624207704387884,2561453747.5343225130921355521222,3816721536.15086466468122302603,0.1941006,0.01871796765077983251324,0.172433,0.0166284664546473264882,972.6381,93.79573526159094724074,0,0,0,0,0,0,0.567005454579,13.376267836994,22.16154311304459,11.419794791139,18.92009622489919,0.000007496766617521565,0.0964343626489554,-23.676548635262165,5.2079759942421004,0.0955747351630758,0.00000815048480420806,0.000302287233948359,0.0840547860160405,0.0955747351630758,0.005486110307,30702307977.549499,14499858571.111127,2618963976.59576,21215545692.877326,30702307977.549499,6804674458.400753,30702307977.549499,30702307977.549499,30702307977.549499,4055115548.436452,11966768615.31897,30702307977.549499,68.1903385963,25655095242.93615,31105977079.015469,31112214408.639174,17640813020.388469,30993628552.945442,31112014723.983624,11391505684.303611,30126966065.38903,31112245705.865475,31112245670.405743,31112245173.834019,31112231608.207538,31112155892.369765,31110947198.4945,28801126463.06189,30741551405.03699,31081179917.005075,21638357932.054257,31112139903.193681,31110684496.836005,31077070580.074635,21354531338.913585,28639298952.563715,10264893843.43168,30705172305.772956,13629506441.029626,12734361197.896503,29241673575.370063,21621357932.054257,31112245707.549499,26561628834.097643,5011,0.057997685185,12812,2325928733.387415,224299454.971107475901153256291,254525.25737374,24544.980972897952662958391196,76956.567596,7421.2575477715138588892184,89.896596815368,0.0516741066601439,0.04553691212388325,,
2019-06-27,11508,11017,216246,274062,948,129047,257591,37,51407,334440,326274,320063,308480,242244,28523,265345,86114,282933,176938,3372,167666,2724,237712,24974,14,263295,78497,136,1613991362,4320,1251.362037037037,1797982395.186765295569283606516,0.694545568625,0.592958210197,2637450697.8197562596767098406,2637471013.415220671519288,2251685297.420256785864360097432,3797376035.4417682221956249302449,0.19359258,0.01641125175220977370824,0.172433,0.014617509479902524724,711.065549,60.278527911360315075172,0,0,0,0,0,0,0.566585859525,17.398425003878,19.491596599136283,14.85365311734,16.640668021511285,0.000007630391891643587,0.084772111370228,-33.478048720497476,-8.789219238962598,0.0964343626489554,0.00000749676661752154,0.00028869533794438,0.0835144619827306,0.0964343626489554,0.005494669017,30706681044.48395,14503218057.012008,2965605824.472442,21209597898.704897,30706681044.48395,7018390346.764541,30706681044.48395,30706681044.48395,30706681044.48395,4311792605.668326,11874730230.574672,30706681044.48395,68.1712229416,25646061786.819897,31105977628.991231,31112213640.979465,17627758073.082066,30993513426.914972,31112013755.410698,11368428035.49431,30126668020.39247,31112244994.79468,31112244959.32187,31112244461.584631,31112230869.297451,31112155190.598436,31110946589.63757,28792883104.998461,30741623951.88567,31081195265.653609,21636502568.115255,31112134231.152717,31110471991.598781,31071349583.836711,20946105587.165021,28416349149.799544,10133135405.345998,30661119066.197936,13191132296.361874,12708521412.604139,29233983437.726967,21608502568.115255,31112244996.48395,26561628123.032094,3673,0.042511574074,9779,1788221921.785952,151591347.908321866843641437056,259012.17625646,21957.00905185775157813667288,84052.822966,7125.335269455809767056248,87.622374896683,0.05261374850316194,0.0513138746301855,,
2019-06-28,10736,10991,216424,274270,952,129074,257797,38,51387,334701,326538,320314,308723,242424,28467,265557,86123,283139,177101,3372,169208,2872,238441,25430,14,263571,79458,151,1613991380,4320,1221.811342592593,1812756286.8464867851140824700852,0.711629174628,0.607770598197,2741339582.1353758228531627558653,2741360755.9720880062894842,2341255329.4583777109717420719532,3852202354.641719859185368001139,0.19290724,0.016997303278601319533148,0.172433,0.0151932918445106639391,658.392411,58.0117961674042274162997,0,0,0,0,0,0,0.567177955182,13.309464054899,20.079583860520376,11.367017006516,17.14907304192137,0.000007129777828616795,0.0881112771018927,-25.495360780433266,-3.280794801524379,0.084772111370228,0.0000076303918916436,0.000289112429084172,0.0745294245500608,0.084772111370228,0.005501934736,30706680386.091539,18359252565.252545,6708823239.580084,20573487826.651276,30706680386.091539,10775605107.100954,30706680386.091539,30706680386.091539,30706680386.091539,8173161692.112019,15724564927.516197,30706680386.091539,66.1266593406,25650082939.518755,31105975687.760785,31112212960.70294,17646179124.799778,30993246661.334784,31112012955.97422,11377209242.066873,30125599013.378148,31112244336.403769,31112244300.862324,31112243802.798367,31112230191.109779,31112154546.591352,31110944426.089675,28788913576.670611,30741153416.48172,31081188353.150057,21653333026.541391,31112134327.067506,31110533327.025024,31072940539.723811,21133217446.278275,28471852996.116585,10062337567.546404,30671681540.7074,13365253636.70653,12705679095.427331,29236826317.283262,21628333026.541391,31112244338.091539,26571574110.212116,3413,0.039502314815,9050,2337603092.788643,205969193.8629415164796963646061,350422.25783542,30876.152662807582022287099434,78910.748146,6952.9267962098716296159342,85.638409984536,0.05266727447607839,0.051761289525766245,,
2019-06-29,8327,10990,216796,274630,951,129386,258170,38,51595,335137,326959,320730,309127,242800,28529,265918,86412,283513,177464,3381,170371,2917,239061,25771,14,263970,80291,155,1613991403,4320,1064.800231481481,1853922625.7520239086924183405705,0.725738258767,0.61982053302,2800872044.273478530904426969551,2800893727.532688222512263,2392099331.1723733513093481258695,3859341863.8726224943452985283055,0.19110343,0.017204038973010736779415,0.172433,0.0155232381346224940865,550.951197,49.5992451072956467734285,0,0,0,0,0,0,0.566331286674,11.863364044802,20.247408961332095,10.131967740207,17.292404889898968,0.000007537014635460364,0.0900247524233905,-28.481703422227568,7.250622389954985,0.0881112771018927,0.00000712977782861681,0.000284738613565958,0.0774761024971846,0.0881112771018927,0.005511759331,30707826525.140342,18382431275.145425,6809449997.683462,20593476525.577561,30707826525.140342,11241320383.6389,30707826525.140342,30707826525.140342,30707826525.140342,8689122268.272496,15726981123.06383,30707826525.140342,66.1909075619,25629956506.838681,31105976027.538703,31112212355.892478,17619837055.290909,30993147667.022318,31112012536.952962,11362771844.589784,30123880544.827241,31112243785.449327,31112243749.886311,31112243251.41946,31112229622.453586,31112153911.657929,31110944401.8041,28778105849.417672,30740952816.612653,31081187094.440253,21637641585.164776,31112134119.991826,31110560775.698877,31073839263.988007,21158569191.95266,28492529475.517352,10054388391.793362,30677604200.617364,13392236248.12148,12691735124.137022,29225128913.243931,21607641585.164776,31112243787.140342,26571573559.260919,2883,0.033368055556,7203,2622548180.233229,236094250.6439097281872449429245,449960.97571684,40507.62543909574571292074602,63315.57828,5699.96925920080090575834,83.243408516562,0.052479507295543786,0.04959490145387038,,
2019-06-30,7689,10971,217078,274930,947,129546,258448,38,51646,335470,327288,321050,309441,243093,28540,266207,86525,283805,177728,3380,166876,2635,237962,24368,14,263983,77604,135,1613991421,4320,1058.994444444444,1685196478.1941808977003278737452,0.662155654733,0.565517477857,2544999341.461518492233570604453,2545019086.5611858910839876,2173569912.8183458671828382601992,3843506165.4620632260192191396636,0.18645878,0.015252435135164393151268,0.172433,0.0141051182876011620598,522.084587,42.7068186238620212761522,0,0,0,0,0,0,0.566027591726,16.704040290837,18.284120004473227,14.266172413946,15.61564770435677,0.000007544357203119194,0.0818005734842006,-40.12471408100767,-8.351809367700875,0.0900247524233905,0.00000753701463546034,0.000282625850945747,0.0791205694212178,0.0900247524233905,0.005521599598,30707826003.055755,18382875880.849074,2431534678.172319,20601279507.162242,30707826003.055755,11075591992.963691,30707826003.055755,30707826003.055755,30707826003.055755,8551948498.029608,15709401822.356785,30707826003.055755,66.2159887722,25621483441.122768,31105975564.82123,31112211828.929367,17610388128.498376,30992919773.27466,31112011771.31874,11367231525.948545,30121900871.225269,31112243263.362665,31112243227.730494,31112242729.167881,31112229089.068639,31112153332.824307,31110944605.913857,28774103950.010648,30740205391.076991,31081168718.574319,21636312313.725542,31112130303.540138,31110398253.140169,31069431057.49804,20829165849.014651,28323512640.976687,10051909571.795041,30644115495.294999,13168316899.511281,12698746557.879136,29222977708.478596,21610312313.725542,31112243265.055755,26571573037.176332,2800,0.032407407407,6580,1862557963.424109,152358309.5556568416391886322654,359042.90675092,29369.915677659615151699514552,72765.3487835,5952.2472602681784856799701,81.388895224812,0.05294739410953014,0.05140984811657374,,
2019-07-01,9103,10961,216557,274092,944,129672,257678,38,51696,334653,326468,320222,308606,242399,28554,265406,86616,282959,177418,3375,167312,2683,237524,24625,15,263212,78233,135,1613991441,4320,1131.067361111111,1733043598.7378345500381535007939,0.684843106966,0.584893812489,2591652572.4133711233288745645552,2591672727.2673654801182342,2213414340.1729593297277575287681,3784301172.1274263156775546596195,0.19089434,0.015901515433332959429818,0.172433,0.0143636841758425220641,573.828379,47.7999548061662523723083,0,0,0,0,0,0,0.56581058704,11.211983686759,18.995461211926322,9.575652901249,16.22317230797815,0.000007881137320851582,0.0833000885900177,-41.990317732454066,-8.35659371941343,0.0818005734842006,0.00000754435720311918,0.000280464850138837,0.0720220509760939,0.0818005734842006,0.005474217967,30707825429.227376,18655655771.488201,2806845497.841065,20804822996.857107,30707825429.227376,11421341918.068249,30707825429.227376,30707825429.227376,30707825429.227376,8782613216.60031,15896173306.138182,30707825429.227376,66.8702131291,25615422773.578225,31106016070.158199,31112211250.684922,17603636301.252218,30993994264.836116,31112012112.147428,11398644834.618058,30121929957.309499,31112242689.53214,31112242653.83678,31112242155.133921,31112228507.373128,31112153017.339202,31110950356.552423,28771655745.890798,30740913401.300275,31081342263.997995,21629971518.668582,31112130338.719721,31110434555.366788,31070501347.636154,20886785787.933922,28350517412.698767,10179757895.641072,30651364534.460001,13179994581.0057,12714012241.556826,29213195217.883779,21600971518.668582,31112242691.227376,26571572463.347953,3006,0.034791666667,6769,2774909735.90772,231150226.830415695967240366644,518373.89993587,43180.591787410941536752164899,79342.02420350001,6609.197645062879374894287850177,79.709199373665,0.05273984509808076,0.051409109294183165,,
2019-07-02,7877,10949,216688,274225,946,129775,257810,38,51757,334854,326661,320405,308775,242526,28550,265535,86673,283107,177530,3369,166157,2574,237184,24143,15,263287,77233,130,1613991460,4320,1038.275462962963,1674666799.1498973400104932791905,0.662767772488,0.566040256607,2501737472.9404749394713850722585,2501756971.3138417985447646,2136621875.6076575610715407317862,3774681836.9703515931201340419101,0.19018494,0.015292783745739055225494,0.172433,0.0138653490630174108933,531.947291,42.7739172480992618032791,0,0,0,0,0,0,0.566069752311,16.973666982431,18.773307152353766,14.496448398846,16.033440428133662,0.000007468831934721896,0.0804100668840501,-48.014666461999084,-16.348573634193933,0.0833000885900177,0.00000788113732085158,0.000283466311594683,0.0737646136487734,0.0833000885900177,0.005475850658,30709445537.280085,18693248109.371764,2873720189.133626,20826581347.889405,30709445537.280085,11513165624.302644,30709445537.280085,30709445537.280085,30709445537.280085,8797869753.127379,15884952147.051655,30709445537.280085,66.9401492868,25608424410.654932,31106015769.34007,31112210687.224769,17611699212.957909,30993947682.966526,31112011561.33496,11396256455.270533,30121708836.983302,31112242157.582224,31112242121.816183,31112241622.510093,31112227964.134356,31112152425.708789,31110949057.79168,28766923241.12782,30740469837.690518,31081333971.334562,21623940567.744813,31112129075.173319,31110376166.579261,31068944460.986877,20755204604.456303,28287300989.716922,10177665651.593992,30638011034.269174,13119476330.048998,12711806631.516377,29210719010.757394,21602940567.744813,31112242159.280085,26571571923.806862,2797,0.032372685185,6763,1832971165.952784,147389334.0507986568814192904784,488764.08099731,39301.552443514977604540005231,78102.138,6280.1981403673109091138,77.474697847189,0.05257839913085337,0.05049874235836124,,
2019-07-03,9144,10892,216902,274464,947,129905,258026,38,51771,335170,326970,320704,309055,242732,28553,265773,86734,283343,177703,3373,167214,2651,237734,24460,15,263533,77984,135,1613991479,4320,1142.927083333333,1720511193.4036988165187389915238,0.678156977601,0.579183485191,2563257483.5911863567092525223612,2563277511.4279696361071908,2189163352.7678793062310642169458,3779740632.7035123352102924298822,0.19167409,0.015791534813455884494982,0.172433,0.0142063109442107617734,606.648491,49.9802073673962861853218,0,0,0,0,0,0,0.566722873521,11.281725410388,19.295022879937598,9.635216119533,16.479014398661942,0.0000068931772022947,0.0823874255172198,-44.82438000927396,-6.848408836136553,0.0804100668840501,0.0000074688319347219,0.000276730423909486,0.0712377677001096,0.0804100668840501,0.005476512002,30717304539.631594,18748582470.524374,2104327392.788984,20883177045.556481,30717304539.631594,11569662393.79035,30717304539.631594,30717304539.631594,30717304539.631594,8812770565.814149,15867242767.348273,30717304539.631594,67.1220587248,25597195965.479501,31106016065.489894,31112210057.392956,17632018934.390685,30993826939.23964,31112010683.870958,11390087238.001405,30120391381.086565,31112241550.932253,31112241515.130347,31112241015.054586,31112227331.742161,31112151788.688714,31110947893.239883,28764322691.952124,30739924232.149731,31081308351.033679,21644268581.135224,31112128558.206631,31110417224.843369,31070002050.440559,20865019899.618148,28323488595.023433,10174939987.162513,30645977763.277653,13187574552.96912,12719980398.194216,29210500841.612384,21622268581.135224,31112241552.631594,26571571317.158371,3165,0.036631944444,8154,2757755611.032974,227204384.9986741235393026056852,770959.35935281,63517.356795483128066838517638,54753.876657,4511.0309348576273587582086,75.695539653546,0.052565082022889696,0.048602276954250415,,
2019-07-04,8324,10904,217192,274802,951,130118,258352,38,51867,335579,327378,321108,309439,243056,28614,266112,86887,283697,177965,3375,165325,2491,237168,23706,14,263775,76440,119,1613991498,4320,1061.271990740741,1621522574.6440548598575743571434,0.640608147324,0.547114710177,2414092104.339432026820063588861,2414111010.6222217965777604,2061767880.2929349531042062643208,3768438029.4342122298021030416927,0.19015349,0.014754579685305232120526,0.172433,0.0133795937107240949942,566.277079,43.9391371994665260607546,0,0,0,0,0,0,0.566276911569,15.593597275238,18.216250663058716,13.3177926155,15.557683341471447,0.000006942196261132912,0.0775929996620374,-48.73393837597688,-4.814196335457738,0.0823874255172198,0.00000689317720229472,0.000272754374600842,0.0729448808471884,0.0823874255172198,0.005486967238,30717688005.354515,18761015927.752177,1962413414.162396,20897794668.420191,30717688005.354515,11515410963.922808,30717688005.354515,30717688005.354515,30717688005.354515,8691126235.181475,15819108302.478657,30717688005.354515,67.1690434565,25584711983.364459,31106006479.997196,31112209462.047955,17618143737.755606,30993691873.114629,31112009777.401809,11371107957.361026,30118590261.011958,31112240984.653675,31112240948.830517,31112240447.75338,31112226752.013349,31112151192.747752,31110946663.371407,28760265442.716884,30739493594.702263,31081278780.35713,21625580662.019817,31112126754.200924,31110304520.518355,31067286768.802832,20643584883.923358,28217635836.835929,10047233987.051604,30624347130.099594,12956316580.688915,12689754902.44951,29204958615.176582,21605580662.019817,31112240986.354515,26571570750.881292,2978,0.034467592593,7392,1995193311.536915,154813033.947783126525374210621,1049019.51365827,81396.570768756781823315559298,49999.624669,3879.6208600437138478406206,74.398477534271,0.05276487291730145,0.04753684600013994,,
2019-07-05,7255,10901,217231,274825,950,130275,258375,37,51992,335666,327459,321182,309503,243082,28679,266119,87089,283737,178051,3376,164803,2460,236971,23518,14,263705,76087,118,1613991518,4320,1054.830092592593,1596863241.6604739895965956793052,0.631633532011,0.539449891698,2377605821.9913025590663670525056,2377624487.1893496730286652,2030606575.131056620802145787593,3764217226.437238229225092769052,0.19744156,0.015088537388968044517272,0.172433,0.0131773764732811411146,584.427027,44.6620713896959528441374,0,0,0,0,0,0,0.565714440485,21.694325065262,18.356601390326567,18.528150761196,15.677550557576561,0.00000694830853370898,0.0764202703269162,-48.092015282966955,-7.5938284246344265,0.0775929996620374,0.0000069421962611329,0.000273707072065482,0.0688879949368999,0.0775929996620374,0.00548415965,30717687420.927488,18760367460.074962,1772921371.772699,20895807288.161846,30717687420.927488,11472357002.602839,30717687420.927488,30717687420.927488,30717687420.927488,8277746409.657793,15780107163.356945,30717687420.927488,67.1626569421,25565774772.235158,31106008818.528311,31112208831.026556,17600643671.198845,30993846009.723137,31112009268.344754,11333939282.081318,30117551256.069392,31112240400.226864,31112240364.373418,31112239862.94198,31112226148.262509,31112150474.309945,31110946480.206574,28754594753.646252,30739959434.655788,31081314300.563057,21608429178.636963,31112125002.515048,31110275291.277756,31066525163.587344,20584873633.066356,28179206351.821386,10045898513.207958,30617622204.523152,12933386451.644035,12681759395.455108,29195272873.134239,21588429178.636963,31112240401.927488,26571570166.454265,2960,0.034259259259,6516,1434118844.82847,109595749.802716464186613064214,592805.79442917,45302.379061639484928665425554,45129.2766645,3448.7915223592810509070149,73.15878636747,0.05228489430207826,0.04749968470513001,,
2019-07-06,6766,10910,217573,275152,952,130520,258703,37,52109,336058,327848,321567,309874,243412,28731,266451,87278,284081,178396,3374,165648,2483,237488,23710,14,264124,76695,118,1613991537,4320,1012.475231481481,1615166199.7834977867322365275196,0.638842865674,0.545607059021,2404055157.0164728733545074373188,2404074067.4296949164741902,2053195761.3090811981092448958937,3763140024.2354047272329696489203,0.18996077,0.014678344278257125449849,0.172433,0.0133239665165218635021,486.299564,37.5765607959913764623868,0,0,0,0,0,0,0.565340366448,26.993094989175,18.857599245731244,23.053592616056,16.105430329581836,0.000006894079458025668,0.0772703978735037,-46.6750962213273,-7.234442870962948,0.0764202703269162,0.000006948308533709,0.00026547851911344,0.0681990855789717,0.0764202703269162,0.005496497233,30718071549.627924,18739430297.819529,1672389788.868668,20902780938.537708,30718071549.627924,11415224611.280923,30718071549.627924,30718071549.627924,30718071549.627924,3933447258.900631,15746639940.701574,30718071549.627924,67.1850724834,25554461800.273126,31106008179.737968,31112208296.150077,17589005114.927023,30993658681.795113,31112008609.864505,11326505357.282075,30115829121.244526,31112239913.925206,31112239878.051778,31112239376.033867,31112225644.270533,31112149979.844092,31110946076.31241,28749188112.055467,30739440878.114168,31081320798.147565,21587964073.371226,31112125643.659884,31110299011.607775,31067182858.293092,20597390617.720779,28192574272.467217,10043742054.943727,30622614770.429498,12918755097.19207,12664453317.220155,29188938904.452657,21573964073.371226,31112239915.627924,26571569680.154701,2560,0.02962962963,5972,1152599949.287226,89061856.6704041403709262737362,638757.49412165,49357.045715462096313039525105,58670.4492345,4533.48895576701558349791765,72.180124423018,0.05225040427236087,0.047532614648022255,,
2019-07-07,6184,10929,217862,275448,953,130783,258990,39,52241,336411,328196,321906,310203,243710,28798,266741,87450,284381,178658,3375,167047,2560,238246,24207,16,264476,77720,127,1613991555,4320,962.424305555556,1670733685.688795088309400603558,0.666773945252,0.569461740672,2487043838.65795072703573989006,2487063441.790705330370812,2124072668.969497988975845934854,3729965539.8497984290678966699869,0.18485074,0.01477656069172428015028,0.172433,0.013783913928373198826,499.466694,39.926266550979884452668,0,0,0,0,0,0,0.564291092657,9.0256684085,19.48270364909124,7.708418841551,16.639303938043074,0.000006977698549349255,0.079937795714122,-45.30461958051034,-6.595714695428083,0.0772703978735037,0.00000689407945802566,0.000268977919725037,0.0689226977213794,0.0772703978735037,0.005505057135,30718453648.16123,18738035844.528747,5913155971.641752,20900422269.132439,30718453648.16123,11337854427.477971,30718453648.16123,30718453648.16123,30718453648.16123,7652957825.344778,15744952949.508288,30718453648.16123,67.1774923996,25541232315.229448,31106006363.699246,31112207780.472144,17556359575.142719,30993605925.547122,31112007970.352053,11278349736.022037,30114645978.293713,31112239414.457319,31112239378.541559,31112238876.162161,31112225129.478212,31112149459.771803,31110946305.841175,28744073598.159231,30738928027.607703,31081301287.692463,21560910875.495304,31112125909.207903,31110357856.411588,31068603476.739343,20665539670.73911,28242521281.404756,10073745634.882899,30632915333.576825,12965106601.03055,12588116209.874968,29181645103.305101,21549910875.495304,31112239416.16123,26571569180.688007,2702,0.031273148148,5728,3447084249.944571,275552316.581436576699861931662,1030599.20959008,82383.82907934741782448710976,42300.667104,3381.422085530632673642688,71.461919254441,0.05229934277567527,0.04769608622078096,,
2019-07-08,7284,10940,218127,275757,952,130970,259283,40,52309,336777,328552,322260,310552,243998,28832,267043,87577,284701,178894,3376,167580,2590,238676,24348,16,264778,78064,130,1613991574,4320,1090.896296296296,1681768586.4747026974910138169774,0.671040146254,0.573105309695,2502015974.6888699236407729878346,2502035747.8060673859928332,2136859691.691278385201675343638,3728563765.7563228781364640372665,0.18538916,0.014908815893473616841672,0.175733,0.0141322769001585589386,646.266617,51.9721326260447306359314,0,0,0,0,0,0,0.563738895099,13.892433985974,19.729459490671545,11.864905142263,16.85004698249959,0.000006527718256649843,0.0804190271614242,-44.55185518916532,-4.30129239253743,0.079937795714122,0.00000697769854934923,0.000261065198112165,0.0711796102998834,0.079937795714122,0.005513339003,30720089686.894613,18745715832.322729,6038277357.359422,20912570642.006247,30720089686.894613,11351036983.338502,30720089686.894613,30720089686.894613,30720089686.894613,7660320276.926101,15752960778.706408,30720089686.894613,67.2165407211,25533621669.582335,31105999783.010958,31112207095.733481,17539179108.184088,30993507354.330646,31112007130.600649,11293546936.645056,30113218615.095474,31112238768.188138,31112238732.270248,31112238229.678159,31112224467.588312,31112148710.532209,31110945038.630337,28740501286.084763,30738435801.982314,31081281253.560024,21544301111.349883,31112125181.122674,31110374255.351326,31068955737.911327,20685154169.745246,28252467301.994982,10073209582.006842,30635170948.721725,13001887786.101419,12591491219.207768,29178352785.214984,21535301111.349883,31112238769.894613,26571568534.42139,3486,0.040347222222,7242,2239509563.356998,180099180.4038756724581987165516,496608.71697547,39936.789899050345118481664374,39345.154832,3164.0990751050486066317344,70.525838139289,0.05202872788422381,0.04762125583922468,,
2019-07-09,7849,10951,218170,275787,951,131044,259308,40,52368,336898,328664,322360,310629,244024,28859,267061,87659,284743,178938,3394,166550,2502,238264,23944,15,264758,77313,118,1613991606,4318,1088.187355257063,1631791313.9104506717761103048048,0.651803416788,0.556707504456,2427041174.4109441786012171541208,2427060405.6874320046523856,2072944081.9374942981390017253768,3723578477.6513030692673834135975,0.19055634,0.014865149894936881114224,0.175733,0.0137087928246677225688,649.60656,50.675295753131639481216,0,0,0,0,0,0,0.562824913241,12.486886878371,19.288759232671225,10.665092347527,16.474594547819105,0.0000062014901393245845,0.0780092118422136,-44.12265702997376,-1.019035319705489,0.0804190271614242,0.00000652771825664983,0.000256662238715808,0.0717801473504272,0.0804190271614242,0.005515011199,30720089037.288053,18747600741.065597,2124877707.728891,20917931041.413618,30720089037.288053,11513618563.005511,30720089037.288053,30720089037.288053,30720089037.288053,7507470318.826095,15769296779.538221,30720089037.288053,67.2337713556,25529752176.226124,31106002168.963049,31112206410.420818,17510742720.793724,30993556923.725846,31112006427.172853,11284893055.853673,30112805217.364187,31112238118.579392,31112238082.598137,31112237579.039166,31112223798.883576,31112147976.516528,31110944271.653648,28737361985.704901,30738473516.035098,31081290878.494239,21545665561.586379,31112123953.435699,31110318081.194328,31067606662.898556,20554910355.383463,28195181416.560967,9944097220.473921,30624678780.53246,12838959546.847605,12585195710.857853,29174352897.070492,21519665561.586379,31112238120.288053,26573067884.987263,3409,0.039456018519,7521,2491592854.43506,194367194.806170269005687848816,773479.92698205,60338.55947964264549383946588,30355.060667,2367.9743580552486595724712,69.654497931058,0.050453164299901494,0.046474869572507696,,
2019-07-10,8515,10989,218267,275845,956,131137,259372,40,52462,337020,328783,322469,310723,244107,28885,267111,87750,284812,179021,3405,163592,2314,237061,22863,15,264570,75047,110,1613991647,4320,1156.88912037037,1497232457.1487999246711482568252,0.605015951878,0.516745533455,2226045234.8565583804828891114043,2226062923.7779780755338858,1901270419.0856327277271279115873,3679316599.7457931355045385657583,0.18737198,0.013406252261067611051554,0.175733,0.0125734964672636457859,702.832312,50.2868533059285420567176,0,0,0,0,0,0,0.562396397062,10.615418018097,17.68924179228441,9.066653250349,15.108422609341472,0.000005909816350144287,0.0715488637152023,-44.285976320271466,-16.024790462322322,0.0780092118422136,0.00000620149013932457,0.000252994873127708,0.069647355167129,0.0780092118422136,0.005521467897,30722444661.455741,18742576897.163626,5890428818.99181,20926013068.613924,30722444661.455741,11507536800.889304,30722444661.455741,30722444661.455741,30722444661.455741,7460600195.277571,15767217535.45693,30722444661.455741,67.2597498786,25527231080.851848,31106006222.506957,31112205678.625638,17497410228.124933,30993566612.597915,31112006049.664356,11260989638.143086,30113014751.134438,31112237415.7461,31112237379.711093,31112236875.528827,31112223080.178002,31112147209.290007,31110945343.993111,28732844319.9847,30738500286.066745,31081287490.507816,21527618823.773696,31112120018.506,31110146983.854492,31063534186.265595,20272396955.060603,28042123293.986857,9946495297.761216,30593151643.357249,12711144036.400181,12564198455.94395,29169098676.053243,21492618823.773696,31112237417.455741,26573034432.154951,3751,0.043414351852,8044,2930853722.803658,209699253.5820722256535926500134,724727.9637024,51853.46230553909688547299552,39999.683356,2861.9318930896897634829188,68.677118535384,0.050886607995590104,0.04661637623944494,,
2019-07-11,9332,10994,218258,275802,950,131155,259314,41,52577,337087,328842,322516,310750,244064,28922,267068,87735,284803,179025,3396,159460,2092,234806,21232,13,264039,71893,100,1613991674,4320,1161.672453703704,1357831052.6881701465879215783714,0.551537525938,0.471069483622,2017617261.3634649311706422103354,2017633336.5981139171703134,1723251595.3315167230858639714444,3658168604.088619213887787913754,0.1891565,0.01226673036810282706385,0.172433,0.0111822174631222018757,656.183915,42.5532887169677181874535,0,0,0,0,0,0,0.56188356421,19.044230814642,16.151999389969205,16.265721830223,13.79546024390597,0.000005741610063942613,0.0648496370365429,-50.55981118403977,-26.263970834845367,0.0715488637152023,0.00000590981635014428,0.000247804442928029,0.0636834025591176,0.0715488637152023,0.005522045489,30722851813.271826,18720266306.561887,6015982460.269411,20938144216.952666,30722851813.271826,11529366246.196576,30722851813.271826,30722851813.271826,30722851813.271826,7730556781.649245,15779092159.366765,30722851813.271826,67.2987428632,25520362280.742479,31106014018.871363,31112204958.173863,17481454481.976562,30993582234.198801,31112005146.02184,11282451258.524791,30115420567.151481,31112236759.562199,31112236723.462877,31112236218.218693,31112222404.336173,31112146482.766402,31110945200.204614,28730604055.360821,30738303676.036583,31081291574.085361,21513422966.974163,31112112200.901433,31109821738.587829,31057445109.835349,19941637320.55195,27794834327.529197,9665334002.637062,30546614483.879936,12554286315.725265,12554286315.725265,29164653048.334205,21487422966.974163,31112236761.271826,26573033775.971036,3469,0.040150462963,8054,1633683033.149898,105943751.7325293675991194076242,330821.43614265,21453.650057758707376867244685,51999.83038,3372.170126104796661593302,67.791951492303,0.05143866632488636,0.048989955740011415,,
2019-07-12,7845,10977,218504,276046,948,131350,259558,41,52680,337391,329140,322803,311029,244320,28940,267318,87900,285057,179252,3383,162784,2242,236624,22466,14,264617,74378,108,1613991691,4320,1042.281481481481,1455653857.5087480441191393926014,0.591283041215,0.50501621911,2162567058.848839360870276802058,2162584327.7321277421192572,1847053548.81908253437758405218,3657414314.4799777218863667468996,0.18939767,0.013164761269030965149094,0.172433,0.0119855713108974171306,557.776136,38.7702217878527661148752,0,0,0,0,0,0,0.562301361507,21.723025675125,17.396329398313494,18.553686693853,14.858245352486271,0.000005883913115402996,0.0695085703484682,-44.07441824363613,-27.577550789604125,0.0648496370365429,0.00000574161006394261,0.000242395380360515,0.0576617453763998,0.0648496370365429,0.005524717452,30723306380.49569,18688490764.711263,2219360962.028468,20942077361.267827,30723306380.49569,11542119998.671907,30723306380.49569,30723306380.49569,30723306380.49569,7747009499.318282,15769812582.085248,30723306380.49569,67.3113858621,25508188078.212898,31106011556.18932,31112204365.085172,17494452776.747506,30993496658.010878,31112004434.591618,11300089899.920735,30113981669.6485,31112236201.784693,31112236165.630305,31112235660.106543,31112221832.750904,31112145910.292881,31110945706.892789,28723258343.95359,30737993538.859106,31081284715.044416,21502419571.490945,31112116515.722464,31110055506.357374,31062061914.879069,20175663890.791911,27969335696.231693,9818699511.363864,30581050035.894991,12701591530.846955,12581813938.837533,29158736106.618536,21492419571.490945,31112236203.49569,26573033218.1949,2945,0.034085648148,6781,1432223883.946413,99551834.5920456030952254345666,325606.48403127,22632.441201204918382605400614,86209.791467,5992.3193549107430448808494,66.822281009675,0.051268309257864776,0.047852961230554464,,
2019-07-13,6766,10990,218578,276099,951,131439,259620,43,52725,337487,329239,322893,311111,244396,28955,267374,87965,285115,179332,3392,160667,2150,235598,21592,15,264387,72855,106,1613991712,4320,1014.707638888889,1394515590.2674162202608767505428,0.56936333242,0.486294543619,2070367051.9400653521209176829388,2070383616.6839889404383722,1768305304.0436929523102611935858,3636284484.8807878645408311566962,0.18645425,0.012407617998157248327975,0.172433,0.0114745724180395394631,482.543606,32.1109158450467069708442,0,0,0,0,0,0,0.562099447863,6.221059881036,16.335166281801847,5.313421682451,13.951903432523375,0.000005864639285011462,0.0665451068997207,-51.45792010383635,-25.906654570503914,0.0695085703484682,0.00000588391311540298,0.000251958948766804,0.0617109165330896,0.0695085703484682,0.005525747897,30723750954.952084,18708567819.498638,4562813972.835583,20955944850.593804,30723750954.952084,11421588280.222194,30723750954.952084,30723750954.952084,30723750954.952084,7763235081.542012,15794030658.627156,30723750954.952084,67.3559593677,25506597290.659678,31106010842.675447,31112203870.87706,17488170520.539013,30993512726.542361,31112004070.884921,11295506164.775055,30113233850.766266,31112235719.241912,31112235683.031878,31112235177.093749,31112221335.242829,31112145420.273636,31110946159.231513,28720034645.853231,30737765662.412024,31081288433.258523,21503416387.001667,31112111759.825757,31109892499.949883,31058803661.910251,20030002027.850285,27835101625.555853,9655795990.584549,30557278492.655621,12639542763.771437,12546822620.092302,29155233570.038142,21485416387.001667,31112235720.952084,26573032735.651294,2588,0.029953703704,5709,5001114973.316841,332799730.5171630205032555063087,1032939.19617081,68737.049230098122192098492767,75412.656808,5018.3433088803100201535256,65.629442330404,0.050906438912543935,0.047114198420164656,,
2019-07-14,6486,10989,218862,276398,948,131698,259911,43,52834,337816,329566,323213,311422,244689,28965,267669,88144,285421,179586,3397,157207,1937,234108,20203,14,264425,70238,96,1613991733,4320,958.713657407407,1253452166.007529025055579081752,0.51346727604,0.438553591063,1860578438.857091652850045599072,1860593351.819124934739408,1589124358.827710544637325275152,3623557966.9411059212412833838825,0.18656588,0.01115704000994702955424,0.172433,0.010311863455607188984,446.63872,26.70995397996422790656,0,0,0,0,0,0,0.561322886202,24.347613069124,14.708384845735543,20.795352778152,12.562465601680548,0.000005815589353787328,0.059802146083448,-56.320609469878015,-33.81617164896139,0.0665451068997207,0.00000586463928501148,0.00024766625615415,0.0591766182152002,0.0665451068997207,0.005529528135,30724666910.313364,18713046564.262105,4397831092.987928,20959986356.651149,30724666910.313364,11391359880.156917,30724666910.313364,30724666910.313364,30724666910.313364,7757274598.072713,15786105091.104021,30724666910.313364,67.3689504205,25497646328.829068,31106009054.730476,31112203397.729051,17464009700.386167,30993463964.218428,31112003607.942091,11293932872.155575,30111493085.335928,31112235272.60261,31112235236.364552,31112234730.01502,31112220885.604726,31112144916.249156,31110945407.63732,28711799614.156786,30737285661.833314,31081259345.124472,21498465732.357174,31112107189.933897,31109609292.474791,31052880623.942072,19682206980.706329,27605981736.730399,9495695931.988862,30512636073.344162,12477223768.36478,12541521494.306709,29149193644.481065,21479465732.357174,31112235274.313364,26573032289.012574,2394,0.027708333333,5600,1277835128.477885,76417283.02379602234243254748,438588.32163556,26228.52288094403617560421088,56715.327567,3391.698304332339436811016,64.658232686912,0.0514906953336825,0.050195858761870736,,
2019-07-15,8547,11004,218952,276480,941,131895,259975,42,52958,337930,329670,323311,311509,244750,29023,267738,88345,285466,179716,3389,157198,1926,234113,20156,14,264471,70281,93,1613991753,4320,1117.619212962963,1246412291.3277476387631611526604,0.511584962441,0.436945901266,1849517986.5518267865379339114192,1849532845.2423286934510312,1579677595.8514587270237291190312,3615270428.8416363301417368814525,0.18887587,0.011228036886588944941364,0.172433,0.0102505634227664526076,578.337928,34.3802497825551850805216,0,0,0,0,0,0,0.560217781151,18.477783832115,14.616742988646376,15.781917966095,12.484194039405498,0.000005440653171902023,0.0594466454957372,-58.279158592287835,-35.19312722919604,0.059802146083448,0.00000581558935378734,0.00025963007184716,0.0530786912964586,0.059802146083448,0.00552666493,30724666331.975436,18711050425.808364,1752669342.217491,20966907063.193757,30724666331.975436,11374747519.359065,30724666331.975436,30724666331.975436,30724666331.975436,7331059380.330781,15640082294.766156,30724666331.975436,67.3911959976,25487059333.626959,31106012435.140163,31112202846.059936,17429627088.032114,30993607666.648379,31112002929.51718,11287891799.888563,30110116607.427967,31112234694.260027,31112234657.999428,31112234151.358104,31112220281.952657,31112144278.000792,31110944389.676518,28706407318.691519,30737350323.441756,31081290918.542067,21474487322.841491,31112106200.084451,31109597978.228217,31052657689.369586,19649322571.82463,27585277426.590804,9510542389.76246,30510149053.11489,12440386999.954245,12552675821.94968,29140212445.877174,21464487322.841491,31112234695.975436,26573031710.674646,3062,0.035439814815,7356,1683764404.793063,100094145.6700741661154146310436,491242.46859199,29202.716882838845274431065028,88282.02499,5248.070243226342428872628,63.814362848058,0.05140132433603114,0.04992565118267502,,
2019-07-16,8535,11023,218986,276479,939,132022,259968,42,53072,337975,329714,323347,311539,244742,29070,267734,88472,285460,179782,3391,152747,1682,231971,18307,12,263476,67035,77,1613991773,4320,1108.371064814815,1090254261.8908596476209426090625,0.449979365462,0.384328416991,1617078873.486064902875460330975,1617091894.758160181793575,1381150806.6758924826354543636,3593673393.9447498217679106404573,0.18871129,0.009808393671560725723625,0.172433,0.0089623188202901406625,576.324278,29.954834186666862304975,0,0,0,0,0,0,0.559405401459,18.360476981814,12.797860629463356,15.681725863946,10.93068236925506,0.000005487792844752876,0.0519756590692625,-66.99013702485802,-43.757392714619634,0.0594466454957372,0.00000544065317190202,0.000257815373554976,0.0528718701390835,0.0594466454957372,0.005526537907,30724665755.651158,18595272150.741413,2197615550.884851,20976246985.882225,30724665755.651158,11413307990.922541,30724665755.651158,30724665755.651158,30724665755.651158,7338173262.246107,15709449083.652067,30724665755.651158,67.4212173424,25479702857.575398,31106019860.753407,31112202249.384616,17404351817.987381,30993731180.749569,31112002276.044299,11270033700.854786,30110163324.473158,31112234117.935875,31112234081.636075,31112233574.715566,31112219682.051576,31112143687.604244,31110943672.099953,28702489825.675708,30737708300.522752,31081315491.90456,21454527112.873491,31112087372.354029,31109212004.683143,31044532040.561564,19184175433.196603,27241975308.735258,9151314129.797632,30449695931.949318,12133483960.274143,12536767311.871924,29133064655.17681,21442527112.873491,31112234119.651158,26573031134.350368,3054,0.035347222222,7304,1694522105.850954,88073903.259037927285187701425,499930.30410711,25984.207044663871523708706375,72407.89232799999,3763.447925563995274611509307375,62.549946057768,0.05237786226641266,0.05429754632808971,,
2019-07-17,8307,11040,219158,276648,936,132222,260128,42,53194,338211,329944,323574,311753,244907,29112,267905,88685,285642,180001,3390,154823,1800,233084,19079,12,264272,68631,84,1613991794,4320,1072.264351851852,1155543411.4348823751979269244104,0.477077079301,0.407472635781,1712282189.6078687751526875948738,1712296009.0986049097733172,1462464174.6002410207301240630958,3589110154.1017813360512736291591,0.18641084,0.010259242905749591287688,0.172433,0.0094899633088243112606,574.331799,31.6087274454487207276818,0,0,0,0,0,0,0.55873317214,20.36288510898,13.554340276846856,17.391987222739,11.576793349564223,0.000005688509027388053,0.0550356562190782,-67.92062548134233,-41.03763703101977,0.0519756590692625,0.00000548779284475287,0.000261182101974055,0.0463651553481248,0.0519756590692625,0.005531309835,30738508097.319359,18613100422.651543,2202711477.201803,20996268434.322972,30738508097.319359,11424846517.133554,30738508097.319359,30738508097.319359,30738508097.319359,7155419697.280175,15725676014.539588,30738508097.319359,67.485570921,25470716142.501411,31106020856.514623,31112201631.944623,17383436941.139863,30993721141.040007,31112001482.92762,11272078799.478904,30108298926.918588,31112233543.601362,31112233507.282494,31112232999.762205,31112219089.098721,31112143079.608351,31110943142.979609,28695447150.704747,30737606150.107269,31081345182.761238,21433739618.089548,31112098631.022568,31109388937.555137,31048032220.036845,19389446977.943813,27373622036.394222,9163241491.226151,30475663878.45362,12262286358.77387,12531250445.697601,29124800682.294897,21425739618.089548,31112233545.319359,26573030560.018569,3081,0.035659722222,7134,1527889264.159292,84088388.2830911535068942046344,310755.55442004,17102.635861230368448584407128,86109.344192,4739.0842642011900807638144,61.157847342425,0.05251225410180313,0.0558349976590762,,
2019-07-18,7055,11029,219356,276873,936,132428,260335,42,53311,338468,330206,323831,312006,245105,29155,268129,88886,285869,180225,3383,157447,1912,234346,20062,13,264807,70576,91,1613991814,4320,1028.965972222222,1236538355.7690939056842735278874,0.510634961172,0.436134499064,1832437023.4043676447991734666586,1832451841.2466753800984418,1565088691.6061153466436658739016,3588545953.0600416399664474218998,0.18687219,0.011006330498497293127377,0.172433,0.0101558963206209749339,485.680817,28.6054526822968286420411,0,0,0,0,0,0,0.558707592214,24.359232546794,14.564309110190642,20.80527674799,12.439410030619756,0.000005514816506487092,0.0588976374627883,-67.40964540621533,-33.621452982965224,0.0550356562190782,0.00000568850902738806,0.000260917428452897,0.0490842123477476,0.0550356562190782,0.005534631917,30738507611.638542,18594292798.7596,2621673203.32014,20994702148.288078,30738507611.638542,11368462936.550873,30738507611.638542,30738507611.638542,30738507611.638542,6062514858.83461,15727419732.922568,30738507611.638542,67.4805376652,25455866333.81107,31106019729.24724,31112201131.547566,17382640821.158468,30993670747.042607,31112000761.533711,11264400789.195457,30106566368.409734,31112233057.92062,31112233021.565945,31112232513.857359,31112218592.914336,31112142586.162339,31110941743.242421,28689700959.676525,30737475471.458914,31081364531.599594,21420896589.536404,31112103708.100616,31109573914.834129,31052258744.565951,19583342308.757125,27534476366.88127,9309679188.897272,30506284381.72639,12377011827.125497,12523010044.899578,29117721663.180574,21421896589.445642,31112233059.638542,26573030074.337752,2599,0.030081018519,6050,1277225503.712894,75225564.6759092026114119023402,299429.84401265,17635.710398196311587929471995,65492.357057,3857.3451025266708944020331,59.759750541019,0.052690806506717765,0.057579638490726066,,
2019-07-19,6132,11036,219534,277117,936,132642,260554,43,53437,338775,330505,324130,312297,245303,29216,268356,89059,286122,180412,3382,158280,1937,234844,20314,14,265093,71151,94,1613991834,4320,946.389814814815,1258866010.9150545819487862117952,0.520426924031,0.444497836064,1865969296.422701123383805828808,1865984411.9910378358834272,1593728679.51898428517276168188,3585458803.6489838974559676070812,0.18536192,0.011117159469332142649344,0.172433,0.0103417420297294576656,443.014977,26.5700104239938353096464,0,0,0,0,0,0,0.558216947607,27.17948244571,14.885725339445083,23.21405864033,12.713932343044247,0.000005694480447534568,0.0599754225103632,-67.05308046511898,-33.20055530755513,0.0588976374627883,0.0000055148165064871,0.000259184881246792,0.0523490128914271,0.0588976374627883,0.005537203465,30738507168.623565,18581640018.093503,2395215079.841966,20989698083.369636,30738507168.623565,11337178640.696285,30738507168.623565,30738507168.623565,30738507168.623565,5777291071.090509,15703704809.237372,30738507168.623565,67.4644547115,25442779621.804944,31106012695.535103,31112200651.183078,17367375524.476572,30993694292.951775,31111999998.493794,11292073184.518815,30105372605.813037,31112232614.903372,31112232578.560066,31112232070.515197,31112218130.542871,31112141987.747274,31110939521.957822,28684405812.969812,30737210295.718545,31081355306.665531,21402615672.447377,31112104116.519107,31109622070.013084,31053321167.79584,19609381133.669459,27563126231.3419,9477392812.708113,30512865240.10749,12421664518.727568,12516989154.780527,29110361540.866101,21407615671.72612,31112232616.623565,26573029631.322775,2390,0.027662037037,5326,1144695550.357475,68653599.27842229808565208492,312767.42681364,18758.358570627159160455114048,68199.6433575,4090.302425422147587792444,59.365738649283,0.05253021734045507,0.05768752642501036,,
2019-07-20,6369,11044,219786,277412,933,132886,260821,44,53557,339116,330838,324457,312617,245566,29268,268644,89239,286413,180652,3380,160464,2038,235945,21044,15,265522,72681,98,1613991855,4320,992.114814814815,1326792405.2630957483709283986744,0.548480615792,0.468458557729,1967853660.2889530761607280229656,1967869629.9229170844906224,1680748345.4783827376373428137896,3587827178.6256511795684482280317,0.18642452,0.011791380706334007859488,0.172433,0.0109064148285605990952,454.316566,28.7355954619076980846704,0,0,0,0,0,0,0.557588572628,28.509257822171,15.733042073326654,24.349822795458,13.437627486081825,0.000005822719906547595,0.0632501599378344,-60.76039562979658,-27.71212945811166,0.0599754225103632,0.00000569448044753458,0.000271343457618521,0.053490794832713,0.0599754225103632,0.005539183741,30738958329.306999,18574164918.648486,1630100328.555137,20976901980.439851,30738958329.306999,11240017118.623261,30738958329.306999,30738958329.306999,30738958329.306999,5692881976.897984,15713294108.017238,30738958329.306999,67.4233268478,25430788401.64487,31106009662.711455,31112200191.977921,17347825122.663751,30993705081.261421,31111999139.672498,11321908421.649876,30103529389.014038,31112232160.585292,31112232124.211206,31112231615.982261,31112217662.158535,31112141487.980305,31110938566.895189,28679382484.534041,30736704598.091781,31081347388.157081,21386932728.948036,31112105946.259737,31109757177.109443,31056468079.925897,19757884902.635504,27668327105.694717,9634209104.352015,30534273333.038473,12483097733.901004,12514512794.012034,29103842717.617647,21397932726.926779,31112232162.306999,26573029177.006209,2437,0.028206018519,5501,1091302774.571425,69025075.03224507091510262202,282370.33454452,17859.968821640695854039187488,77211.782814,4883.6576120708334342980016,58.363693210546,0.052664754023640674,0.05889338208509424,,
2019-07-21,5538,11041,219845,277520,929,132943,260862,44,53567,339292,331014,324627,312767,245612,29278,268746,89247,286532,180701,3374,159187,1959,235448,20565,14,265463,71777,93,1613991877,4320,949.675,1280843429.8947950066168549860656,0.529914156963,0.452600901496,1899108522.9014720324470931365815,1899123958.3985007107894286,1622032961.7721223073712438846425,3583804089.6780004920083731526151,0.18605418,0.011356854163803165737538,0.172433,0.0105254095018293664653,389.039284,23.7471816670735498415844,0,0,0,0,0,0,0.557505684893,33.023169592457,15.231177392432736,28.205165178933,13.00898367797279,0.000005764142305904559,0.0610405751905341,-62.78882652883005,-31.572052136306123,0.0632501599378344,0.0000058227199065476,0.000274199491963605,0.0564281711996067,0.0632501599378344,0.005536416105,30738957940.267715,18561868618.217446,1436396087.789485,20983475760.127216,30738957940.267715,11175008171.693283,30738957940.267715,30738957940.267715,30738957940.267715,3661661526.200813,15698557973.692415,30738957940.267715,67.4444569359,25430487694.457446,31106011838.313448,31112199772.562894,17345246083.300421,30993722948.967995,31111997950.919763,11335845734.312437,30103076550.405324,31112231771.546267,31112231735.141987,31112231226.180577,31112217262.557516,31112141032.649549,31110937520.461179,28678445668.954455,30736380760.735433,31081345576.811472,21387331914.203552,31112103174.268303,31109668616.800856,31054335752.173414,19640073008.48969,27589910908.570556,9473914005.693656,30519216146.347372,12416722589.592532,12527404156.220491,29103635957.306302,21405331907.028306,31112231773.267715,26573028787.966925,2091,0.024201388889,4738,942133421.995155,57508365.9848104520538920622855,322153.63693872,19664.443298461961839845770352,59476.504006,3630.4800148483456119296046,57.542811881292,0.05272849604157547,0.05877726651358674,,
2019-07-22,5915,11046,219875,277582,926,133020,260871,44,53591,339399,331111,324720,312858,245630,29305,268785,89287,286598,180761,3375,158307,1910,235008,20214,14,265385,71076,92,1613991899,4320,928.471990740741,1243772748.43426334697038608968,0.515109704307,0.439956383367,1844091884.82375635065414369086,1844106898.44717810334668,1575043120.83436514394833725266,3579998337.0609246449895587408659,0.1857399,0.011009221372196832942,0.172433,0.01022049149844495714,426.644548,25.28818135560995541384,0,0,0,0,0,0,0.557086779905,41.15723118791,14.833317948436738,35.152485832507,12.66917098117758,0.0000057442358670270845,0.05927224776258,-64.96960469124774,-36.73141343408115,0.0610405751905341,0.00000576414230590454,0.000270483520483118,0.0544668858063256,0.0610405751905341,0.005536400419,30739642332.623167,18559874712.760765,1501101737.797217,20984065821.432996,30739642332.623167,11122231060.100583,30739642332.623167,30739642332.623167,30739642332.623167,3624922226.034235,15686514264.469123,30739642332.623167,67.4463544181,25426563855.46675,31106013888.917412,31112199326.707578,17332212776.560815,30993760585.125422,31111996937.044611,11338162281.070028,30102678152.015332,31112231344.900029,31112231308.472078,31112230799.405216,31112216821.370128,31112140442.692252,31110937138.848244,28678146048.277515,30736190575.718175,31081363556.647432,21380517550.88601,31112100764.350036,31109592184.200778,31052773522.190017,19552530755.192532,27527213202.526048,9473089439.543715,30506781747.006789,12399678410.693286,12527246535.263721,29101850296.743053,21398517543.710764,31112231346.623167,26573028361.322377,2297,0.026585648148,4960,755935966.746039,44806023.91361665940082742062,226551.47491302,13428.2151520224486951107916,64664.107326,3832.78699077273648666108,56.895420736873,0.052764136863450425,0.057674587541110094,,
2019-07-23,6320,11048,220023,277766,924,133186,261058,42,53675,339633,331341,324942,313074,245795,29323,268968,89456,286794,180895,3365,156327,1828,234140,19346,10,265362,69660,83,1613991922,4319,981.474415373929,1168534631.924022340778217119094,0.483077951211,0.412597988361,1732695042.2569874815052511156382,1732709173.6159059960545356,1479898817.7501617230189587771442,3586781466.4575550908696235224563,0.18449283,0.010274731274104742879238,0.172433,0.0096030980596248815138,442.96728,24.669629520134264233008,0,0,0,0,0,0,0.55700240144,7.054026953193,13.741330258906057,6.024860632608,11.736501755081182,0.000005644445750500302,0.0556917646832386,-66.3474680849596,-42.02454445555045,0.05927224776258,0.00000574423586702705,0.000273126849352483,0.0529409551266017,0.05927224776258,0.005536085006,30739641889.655887,18549634893.533852,1804452250.808738,20982180014.77179,30739641889.655887,10990992394.589215,30739641889.655887,30739641889.655887,30739641889.655887,3104795890.809408,15676553427.073181,30739641889.655887,67.4402940752,25417416136.635768,31106006910.694973,31112198863.440306,17329587327.497234,30993805463.679789,31111996567.16238,11346746880.700749,30101137414.682599,31112230901.930374,31112230865.460252,31112230356.094839,31112216372.032179,31112139960.782193,31110935074.972051,28672639818.874154,30736299141.92477,31081348351.579209,21360550193.955654,31112096721.361376,31109410057.716789,31049072627.987851,19406545536.827461,27367791885.64048,9136139524.612825,30479475065.750915,12285568134.197224,12564438752.646654,29096910115.386981,21391550137.967654,31112230903.655887,26573027918.355097,2401,0.027789351852,5355,4410563088.304017,245632041.6344054246805009494562,942353.52594809,52481.330815521208304596684274,73545.83038,4095.897078956340504668668,56.438244963498,0.05298005502596661,0.05777421016909419,,
2019-07-24,6261,11049,220149,277853,925,133294,261177,41,53763,339773,331471,325069,313192,245923,29381,269062,89572,286900,181020,3361,158199,1894,235091,20075,10,265606,71053,88,1613991947,4320,943.866203703704,1234434661.808590349360078519436,0.51041014125,0.435942473675,1829762449.2200328282541485313615,1829777397.164502446731459,1562804309.48454715163025688251,3584886547.7839936722475573983647,0.18217626,0.01071409135723977049629,0.172433,0.0101410738973504305445,423.924156,24.931690528309035421374,0,0,0,0,0,0,0.556895905859,39.441184030094,14.64727689643097,33.686805847217,12.510272831160878,0.000006005611452759638,0.0588116769838165,-66.03823607501357,-39.3178824429496,0.0556917646832386,0.0000056444457505003,0.000262249871212204,0.0500347055867174,0.0556917646832386,0.00553874093,30742434104.731731,18554176260.439228,1891951680.331963,20989618475.736984,30742434104.731731,10925842165.075837,30742434104.731731,30742434104.731731,30742434104.731731,3066372834.765453,15681997688.71066,30742434104.731731,67.4642034727,25408587770.701577,31106006158.443391,31112198410.346661,17326273776.31785,30993771371.154695,31111996491.191181,11315105752.805948,30100681334.726479,31112230478.003534,31112230441.518229,31112229931.756159,31112215943.925777,31112139558.789436,31110935568.987972,28670956993.888542,30736303177.208072,31081344174.112866,21351371656.837694,31112098789.671821,31109554407.965529,31052125633.587659,19515959512.660678,27486181176.17589,9134034342.616006,30501836445.251577,12370935360.533728,12563122702.889021,29091643198.152321,21387371258.724879,31112230479.731731,26573027494.43094,2327,0.02693287037,5149,788825975.812315,46392178.4859177172226964001975,238106.57964696,14003.44724991838772020342284,70548.542274,4149.078079897611164108721,55.860091933349,0.053118183111012324,0.05909639889238754,,
2019-07-25,4264,11055,220349,278061,925,133478,261381,41,53861,340011,331711,325303,313420,246119,29432,269261,89715,287109,181232,3366,158306,1888,235285,20058,10,265806,71100,88,1613991968,4320,878.471990740741,1231760793.5119092805692726119296,0.509373291742,0.43505689741,1825542052.9766753064787192688512,1825556984.1009409417569824,1559199656.7857921923041576997808,3583898258.0613008696000876380371,0.18238296,0.010701507455844050615424,0.172433,0.0101176833358421048752,300.931883,17.6574872434666566769552,0,0,0,0,0,0,0.556472968289,62.75631025305,14.6945455294524,53.600308603216,12.550645058428637,0.000005928556074268203,0.0586760268384944,-66.06653567270884,-38.60717820627222,0.0588116769838165,0.00000600561145275964,0.000271210972477884,0.0527953868931701,0.0588116769838165,0.005542992975,30743764373.799848,18548051946.881841,1387812447.839713,20992573285.548584,30743764373.799848,10855550123.536912,30743764373.799848,30743764373.799848,30743764373.799848,2812891275.306926,15677079269.224445,30743764373.799848,67.4737013866,25398537643.920931,31106005286.961417,31112198095.555418,17313115077.692064,30993739816.896909,31111996164.167892,11307530004.425759,30099837509.365063,31112230177.070697,31112230140.540864,31112229630.526991,31112215632.6624,31112139195.898324,31110934746.444227,28667438173.899391,30736107430.626002,31081353181.349375,21342603402.303076,31112098426.120657,31109552890.165559,31051967397.678553,19491413530.115901,27472703945.88719,9133087198.887631,30500121231.008199,12360492841.196798,12552436723.552091,29086007949.217753,21376603295.696221,31112230178.799848,26573027193.499057,1650,0.019097222222,3716,495762578.35024,29089378.352799865022477478656,180909.96699863,10615.078078962750076916062672,44263.409461,2597.2010014969029439555184,55.438429541638,0.05311859730562377,0.05915293711859722,,
2019-07-26,4748,11040,220457,278124,925,133544,261470,41,53901,340098,331792,325387,313497,246208,29448,269314,89761,287164,181331,3359,160663,2001,236410,20914,12,266117,72800,92,1613991991,4319,918.911785135448,1311959931.3028170748659374020065,0.542467559528,0.463322786603,1944547428.6620131652114477792175,1944563354.502297033802569,1660842418.139873234376771505431,3584633577.6333595556307950630388,0.18491709,0.011557514641680449149635,0.172433,0.0107772457494809424495,341.911703,21.3698447968459656733545,0,0,0,0,0,0,0.556700093524,34.122711124761,15.6182640588765,29.144285823325,13.339595149160091,0.000006353866961111008,0.0625010627286015,-61.84072726861401,-35.187975518518634,0.0586760268384944,0.0000059285560742682,0.000267147981283155,0.0527006624378428,0.0586760268384944,0.005545995735,30743764031.888145,18557637095.637449,1373992438.441016,20991001977.034271,30743764031.888145,10809419897.703412,30743764031.888145,30743764031.888145,30743764031.888145,2820551931.338798,15682919400.012262,30743764031.888145,67.4686516752,25392525443.576684,31106008987.150939,31112197760.098151,17320181259.926419,30993661633.279465,31111996219.171859,11319375908.717392,30099514773.506827,31112229835.157871,31112229798.6558,31112229288.389079,31112215284.21795,31112138829.2908,31110934544.534062,28666549710.270982,30735908934.908481,31081350813.754285,21338066228.133687,31112102171.502382,31109724000.367811,31055699590.234358,19683716189.894521,27611374898.966443,9494314561.08778,30527254567.405193,12438431208.409724,12563706361.265541,29084239205.620338,21379065055.287999,31112229836.888145,26573026851.587354,1849,0.021400462963,4260,911774850.571921,56986897.1299568936690794984815,304035.79624349,19002.560372754672783081179235,62638.762926,3914.989250879924038027989,55.156697355758,0.05322845540643026,0.06075557570365161,,
2019-07-27,4437,11038,220619,278372,927,133669,261644,41,53935,340396,332084,325675,313779,246369,29450,269555,89857,287414,181480,3366,159237,1923,235868,20314,12,266198,71670,90,1613992016,4320,865.682638888889,1253338694.8442766304551153543262,0.51900011217,0.443279185206,1858036925.8724109035344432717254,1858052162.6152853030180858,1586953596.4838586093130382310061,3580031838.7265734564872506120988,0.18627551,0.011124460747375990962673,0.172433,0.0102977795634664172959,325.237047,19.4233088554903449165081,0,0,0,0,0,0,0.556632171507,44.97106385604,14.900196713856705,38.40988870043,12.726292160350534,0.000006321852635371803,0.0597204686079023,-63.99874579050641,-29.55175040163486,0.0625010627286015,0.00000635386696111101,0.00028491765474841,0.0561811206116712,0.0625010627286015,0.005549605713,30743763706.651098,18550433388.054112,1338051827.099615,20986752516.513794,30743763706.651098,10714208485.893994,30743763706.651098,30743763706.651098,30743763706.651098,2766484080.207982,15686281086.114849,30743763706.651098,67.4549938912,25390327084.22913,31106007603.270864,31112197412.993987,17318067873.486279,30993598206.977411,31111995065.010721,11311452247.370658,30098422154.328749,31112229509.920034,31112229473.399581,31112228962.778654,31112214946.583208,31112138416.47733,31110932614.231451,28663668500.966813,30735726499.754163,31081341046.305198,21339528894.697914,31112099498.749289,31109606909.646048,31053112817.519532,19549153596.648489,27510706667.831052,9493372591.202263,30507232311.444933,12399031650.51142,12556876979.088067,29083601513.831678,21376528495.585099,31112229511.651098,26573026526.350307,1746,0.020208333333,3988,691827740.861249,41316276.8801801882178892479727,215782.43745155,12886.628281961933351803383565,49987.647356,2985.2857247068884073013188,54.98041686219,0.05316919013244975,0.05713925391344732,,
2019-07-28,3854,11038,220785,278550,926,133763,261800,41,53970,340626,332309,325898,313996,246532,29468,269724,89929,287603,181607,3376,159100,1903,235935,20238,12,266309,71565,90,1613992037,4320,863.107638888889,1244131408.0567722751697163747825,0.515427564885,0.440227863689,1844145962.9766648185912816420025,1844161102.828326541965255,1575089290.757136201387050642085,3577895496.1156572035471954497237,0.18610177,0.011030994448256884986225,0.172433,0.0102207919123836353025,287.155025,17.0208240714962948210625,0,0,0,0,0,0,0.556209347788,64.030845488198,14.950006764742533,54.688891785873,12.768835018831243,0.0000062198639721699365,0.0592739899693425,-63.675792666560156,-32.72825917527276,0.0597204686079023,0.00000632185263537181,0.000288999237867494,0.0537540569216149,0.0597204686079023,0.005555250524,30744892927.496073,18540927346.106369,1160933357.709086,20989499925.688449,30744892927.496073,10601658739.822968,30744892927.496073,30744892927.496073,30744892927.496073,2663992907.275343,15687547134.996625,30744892927.496073,67.4638251545,25383731290.145411,31106007546.900948,31112197098.445304,17304912725.190912,30993513837.185133,31111994563.235234,11305164807.403587,30097462254.365078,31112229222.764774,31112229186.225975,31112228675.37255,31112214651.372142,31112138070.902516,31110932342.319263,28661050661.699866,30735519284.146396,31081319360.919597,21339943083.576076,31112098230.8932,31109590493.214811,31052653279.317226,19503819323.282433,27492481128.69977,9492348538.747089,30504100968.196871,12391022009.551182,12548739895.127829,29081531153.752236,21369943045.588076,31112229224.496073,26573026239.195282,1543,0.017858796296,3413,485894399.601995,28800899.7681683480542518382875,163706.54687711,9703.540217509515908015000175,43577.421849,2583.0076655674326996642825,54.82865401438,0.053159555754920096,0.05635394857246386,,
2019-07-29,4646,11042,220928,278657,926,133923,261934,40,54052,340797,332477,326062,314154,246679,29504,269821,90034,287712,181742,3376,159759,1927,236302,20428,12,266503,72068,91,1613992059,4319,880.909006714517,1264562978.1130152298851655166612,0.524645775624,0.448104530341,1874464086.6767591694539982154234,1874479496.3632805713504684,1600996116.2865985284587655547118,3572818411.521187936239662456105,0.1842189,0.01109890626935168844906,0.172433,0.0103888238652120911282,347.436852,20.9325376216371648925608,0,0,0,0,0,0,0.555765387208,47.08295340419,15.215121127673937,40.213960928455,12.995367586595313,0.00000633916870201847,0.0602484667390354,-63.08833278472885,-33.07566517296918,0.0592739899693425,0.00000621986397216993,0.000281015887312161,0.0533135835584845,0.0592739899693425,0.005555721712,30744892580.059221,18538152542.630492,1204979805.329602,20989131285.123578,30744892580.059221,10161055946.136417,30744892580.059221,30744892580.059221,30744892580.059221,2671684406.455777,14970792328.852879,30744892580.059221,67.4626410344,25376268524.746402,31106008372.930047,31112196732.437894,17291099928.778019,30993577960.822192,31111994677.114396,11266921768.399142,30096818398.028091,31112228875.32737,31112228838.770736,31112228327.7669,31112214281.179163,31112137638.853343,31110933376.778922,28657873064.744357,30735240842.528395,31081316654.819589,21325526225.963286,31112099296.65311,31109628725.506661,31053526498.307378,19529390918.116317,27516270880.11195,9494099670.748544,30510528035.983723,12395883461.35777,12536861948.991941,29076863774.118458,21356526186.975286,31112228877.059221,26573225891.727167,1886,0.021828703704,4103,660796033.969492,39811947.8738974450823291080168,185526.94612445,11177.71404277373843356135553,59248.385324999996,3569.6243725948153570216380438584,54.685966653692,0.05311704328796423,0.0562518543859122,,
2019-07-30,5409,11033,221102,278945,925,134061,262128,40,54099,341132,332809,326392,314480,246857,29532,270098,90123,288010,181914,3370,159713,1920,236344,20357,12,266688,71936,91,1613992081,4320,940.013657407407,1255561225.7751766566584003039796,0.522790860829,0.446520230515,1861568001.2912892055151681053224,1861583327.6585781909793428,1589981454.0312968458553474936052,3560827360.9442931253989389383686,0.18549582,0.011098950462857116859076,0.172433,0.0103173501438568331694,379.338953,22.6973537623601658405054,0,0,0,0,0,0,0.555586819506,20.244629410282,15.119288675835874,17.291114417393,12.913516227207042,0.000006239783492409193,0.0598339653306318,-60.99354397330001,-26.853855930254014,0.0602484667390354,0.00000633916870201847,0.000285753427794685,0.0540607984436169,0.0602484667390354,0.005558888448,30744892200.720268,18534219286.504145,1843803625.906859,20984088532.945622,30744892200.720268,10123776631.248959,30744892200.720268,30744892200.720268,30744892200.720268,3166917454.34367,14971646294.243781,30744892200.720268,67.4464335928,25367164475.060512,31106005914.167859,31112196317.304091,17285544078.787408,30993496363.375451,31111993083.799816,11264303535.295613,30095644340.72435,31112228495.986414,31112228459.421047,31112227948.250686,31112213889.937678,31112137123.723336,31110930753.840512,28654684683.648567,30734877317.605811,31081310318.378225,21317971345.660467,31112097610.778645,31109603788.623993,31053158354.899373,19518252217.644317,27497725693.798359,9489175275.145333,30506530344.92312,12393326199.537166,12534192177.376538,29074366155.289223,21358970494.076318,31112228497.720268,26573225512.388214,2045,0.023668981481,4600,1536813930.608119,91953671.4436381771038724795842,360321.96639201,21559.492044964602947379771918,53877.116462,3223.6815185017198246406916,54.63834430213,0.053054935460632315,0.054059511070919566,,
2019-07-31,6736,11022,221237,279172,924,134201,262261,41,54125,341422,333095,326671,314751,246987,29538,270304,90236,288236,182038,3362,159960,1925,236576,20392,12,266862,72122,91,1613992102,4320,1012.023148148148,1260192497.7941358063512396718678,0.525040558981,0.448441716123,1868625995.5735808581694007459714,1868641409.0854091864651052,1596009744.2243260092108493125366,3559012658.3727304344259712252812,0.1854375,0.0111375287200607965875,0.172433,0.0103564677575260847346,483.435571,29.0355378837154855570902,0,0,0,0,0,0,0.555783462861,46.513804946801,15.215775031247063,39.727846081503,12.995926029778525,0.000005970851796523957,0.0600608222180562,-57.635193572281004,-27.89824928799222,0.0598339653306318,0.00000623978349240919,0.000284883542539774,0.0536172424704258,0.0598339653306318,0.005556267802,30744891717.284697,18530384968.716556,1837203392.29323,20981938828.924019,30744891717.284697,10114418317.713997,30744891717.284697,30744891717.284697,30744891717.284697,2800522649.742258,14947292092.723269,30744891717.284697,67.4395251259,25362527126.921081,31106002881.893846,31112195809.324367,17291661823.112666,30993524947.232606,31111991250.321092,11303006173.420366,30093940835.289329,31112228012.549492,31112227975.948721,31112227464.360467,31112213384.29829,31112136460.182179,31110928693.839248,28652454057.656698,30734682042.820693,31081294462.897692,21311822353.302388,31112096621.94394,31109618064.554044,31053343772.617369,19530982913.496043,27500649502.981616,9488230000.236487,30507761062.245974,12403232734.249282,12543327850.118654,29073967595.92839,21363813137.096035,31112228014.284697,26573225028.952643,2607,0.030173611111,5972,668881594.396949,40173578.5260051299562179905338,139787.65074481,8395.761239663764762160438322,53891.410055,3236.762398393721299235091,54.475102881349,0.053048822832475806,0.05386065351528236,,
2019-08-01,5431,11009,221387,279278,923,134292,262416,41,54160,341565,333237,326807,314876,247152,29542,270398,90279,288345,182160,3360,159263,1881,236320,20072,10,266871,71548,87,1613992122,4320,902.11712962963,1232988896.4952079578937945907042,0.514338232135,0.43930076462,1828991398.754185243175991482682,1829006507.1249213706804812,1562157486.5645618263626914894232,3556009031.5735853567697054296373,0.18439049,0.010839745198727216520978,0.172433,0.0101368014361919105826,370.624887,21.7878879728941940927214,0,0,0,0,0,0,0.555849898952,42.82076801355,14.955078243980639,36.573590984832,12.773262606322957,0.000005652419624540311,0.0587868994693122,-57.89033928585929,-26.891119797124567,0.0600608222180562,0.00000597085179652394,0.000275396885589216,0.0541860982931754,0.0600608222180562,0.005559214277,30744891346.65981,18513424897.355479,1346156063.466287,20973871859.645361,30744891346.65981,9729429460.523976,30744891346.65981,30744891346.65981,30744891346.65981,2721448235.14247,14926844483.894822,30744891346.65981,67.4135973157,25358298742.128018,31106001152.426777,31112195430.363451,17293728591.888338,30993441786.394323,31111991590.322109,11309496638.664854,30093280390.788216,31112227641.924565,31112227605.275994,31112227093.356126,31112213009.449259,31112136013.660892,31110929977.450677,28650358296.8367,30734295782.483119,31081273172.872348,21312395631.799301,31112094421.595366,31109548608.006699,31051942958.744034,19460398548.465814,27444801596.591478,9147859837.376917,30496977944.666925,12338247255.967936,12545590667.639478,29072761996.114805,21367382395.203286,31112227643.65981,26573224658.327756,2010,0.023263888889,4652,726568650.842846,42712718.2346521846526419105212,210995.20334246,12403.753807400281501637256012,45618.2870745,2681.7576562108556426651589,54.263593389641,0.05307818575242149,0.05370320930205161,,
2019-08-02,5393,11011,221494,279284,928,134361,262517,41,54199,341608,333275,326842,314910,247255,29561,270413,90328,288354,182253,3355,158637,1852,236102,19773,10,266913,71096,83,1613992147,4320,940.154861111111,1206564054.4273247683094217008988,0.504134403884,0.430583939675,1789746583.5942695971075051399026,1789761389.2289093540523636,1528632303.3034941924799514320896,3550137760.4964691034529190277679,0.1860257,0.01070122232449491018462,0.172433,0.0099192953934839694078,372.795499,21.4452493196908812343434,0,0,0,0,0,0,0.556452841919,51.379185313699,14.700856226541845,43.883241967256,12.55608135816761,0.000005463169438582316,0.0575255049409566,-55.946327481351254,-30.176838783567526,0.0587868994693122,0.00000565241962454034,0.000270467151367309,0.0530113772226138,0.0587868994693122,0.00556048618,30744890973.864311,18514479541.408842,1441695338.654822,20974419184.424818,30744890973.864311,9686470410.054698,30744890973.864311,30744890973.864311,30744890973.864311,2747038968.141966,14895784897.602091,30744890973.864311,67.4153573186,25355868075.220793,31106002852.143365,31112195043.365298,17312487283.291428,30993394079.728385,31111992422.938688,11313482219.315685,30092760806.684102,31112227269.126739,31112227232.453795,31112226720.43635,31112212627.144267,31112135690.125917,31110931157.924944,28648355799.249797,30734090448.882672,31081262349.048297,21310033439.499321,31112094113.025605,31109494536.711818,31050707096.008829,19415777925.913213,27389458836.456947,9146493705.491977,30488108496.6694,12270167301.426236,12544714448.101663,29069694044.144351,21371007369.891853,31112227270.864311,26573122736.992256,2004,0.023194444444,4527,605541467.442634,34834078.6773253523013675836844,239798.91457635,13794.55364529785157385273641,53175.7008375,3058.9590412664362626711525,54.120083544484,0.05306720645050605,0.05333260096084575,,
2019-08-03,4951,11036,221744,279496,927,134558,262747,40,54280,341866,333532,327095,315154,247489,29617,270625,90468,288570,182482,3362,158931,1855,236416,19854,10,267150,71254,83,1613992167,4320,890.040972222222,1209171347.269724661336126325476,0.505495474766,0.431746275633,1793788173.530514604378717017136,1793803033.800367341932392,1532083672.072660490232298651276,3548574147.6898415184565833030803,0.18534307,0.01068603054506024392564,0.172257,0.009931547824261475964,367.720643,21.201084147074899374836,0,0,0,0,0,0,0.555518167088,29.023405119439,14.727725608742434,24.789039055779,12.579025921165613,0.000005333317328151892,0.057655409209852,-55.524735613517606,-25.695089169158553,0.0575255049409566,0.0000054631694385823,0.000264281926983328,0.0517545212251103,0.0575255049409566,0.005570411343,30745793322.143668,18494801877.406685,1617750526.258091,20972383404.107463,30745793322.143668,9624904652.835412,30745793322.143668,30745793322.143668,30745793322.143668,2950121795.801259,14884531745.819069,30745793322.143668,67.4088147705,25347858462.869356,31106005881.802006,31112194658.285441,17283407263.247023,30993325529.918549,31111992235.147513,11261277163.272032,30091340971.105249,31112226901.405756,31112226864.726701,31112226352.307605,31112212250.839666,31112135303.502438,31110930979.564688,28645579303.856477,30733767501.664547,31081251320.533046,21289183277.017689,31112094072.186716,31109507880.030426,31050814931.768592,19394016030.416541,27391789757.638145,9124515373.225609,30488196895.984722,12245671789.942591,12520218936.618018,29064566248.036235,21345169307.367942,31112226903.143668,26573112446.331613,1984,0.022962962963,4357,1071970252.115794,61804883.546524319776749602488,276585.62284035,15946.6572664221670774431282,44763.191128,2580.840102023656536593056,53.945742890938,0.05306159806905714,0.052607131737183045,,
2019-08-04,5541,11022,221769,279495,933,134617,262749,40,54296,341927,333589,327150,315193,247495,29590,270631,90496,288574,182541,3364,158284,1834,236060,19482,10,267104,70723,83,1613992187,4320,955.132407407407,1182813343.783399880021347981615,0.494792846772,0.42260510528,1753621312.4466976837778823445925,1753635862.619324451598555,1497776946.862644856420012675505,3544152515.3179095972288684664001,0.18731054,0.01055764218537981813695,0.172433,0.0097190788887352424525,401.968427,22.6567005897584187950975,0,0,0,0,0,0,0.556134543781,40.60373282123,14.452812199119881,34.679856217849,12.344220941848834,0.000005130326560202418,0.0563643785628925,-55.36428574712284,-26.244204159743404,0.057655409209852,0.00000533331732815187,0.000259901850274759,0.0518746122287496,0.057655409209852,0.005569198257,30748051392.175241,18512086589.887931,1537789784.334435,20985121701.707278,30748051392.175241,9599629058.037638,30748051392.175241,30748051392.175241,30748051392.175241,2975184496.801322,14897238971.556293,30748051392.175241,67.4497587015,25347225457.348475,31106009155.1365,31112194229.343566,17302583891.228448,30993300580.231468,31111991695.652575,11265985930.419538,30090711898.348053,31112226499.436584,31112226462.739921,31112225949.622197,31112211830.466626,31112134913.5646,31110930828.670889,28642138542.716676,30733541177.295093,31081267102.865006,21299238670.6116,31112092771.294921,31109443944.858208,31049570560.340881,19363035246.020688,27327532969.60265,9123514229.642803,30478076347.075142,12248303949.736938,12522851096.412365,29063851549.129915,21354226489.418585,31112226501.175241,26573112044.363186,2146,0.024837962963,4835,766240548.329789,43188672.3362985537069677546825,284684.56781618,16046.06875140461212550910065,79473.243726,4479.459994993285272037455,53.865249395384,0.05309410907883319,0.05265045632414511,,
2019-08-05,7487,11022,221917,279685,932,134778,262920,40,54367,342174,333835,327393,315428,247662,29592,270833,90639,288765,182708,3373,158507,1836,236229,19524,10,267280,70888,83,1613992206,4320,1062.921990740741,1185188607.99218147807966340463,0.496356730336,0.423940824918,1757313150.55871557413653449929,1757327763.524101118389405,1500930160.0155615207019658840775,3540423737.9251062123349904704529,0.19184084,0.0108357541400386977887,0.172433,0.0097395403065858801275,569.383613,32.1605182808568900487775,0,0,0,0,0,0,0.555710674599,29.390128923938,14.50895006300409,25.102259602769,12.39216854025068,0.000004790748675863943,0.0564830415673675,-56.72304930413426,-26.902095599619358,0.0563643785628925,0.00000513032656020242,0.000252994984112732,0.0506460443063441,0.0563643785628925,0.005572191265,30748050822.791628,18530864733.391905,1713021877.839207,20983087579.988116,30748050822.791628,9606986374.723164,30748050822.791628,30748050822.791628,30748050822.791628,3104476409.55773,14900534320.145514,30748050822.791628,67.4432219218,25341170266.592978,31106004964.824996,31112193642.677237,17289396060.833927,30993283298.579855,31111990765.311818,11258123971.987948,30089354401.294613,31112225930.051496,31112225893.34418,31112225379.886122,31112211239.921094,31112134414.033463,31110929630.185828,28636507129.360113,30733377861.13337,31081271464.800878,21297760086.891886,31112091975.626618,31109443979.76931,31049675179.721047,19354593007.492166,27328901413.800314,9104013147.114589,30478533150.685344,12239249601.637798,12513796748.313225,29060349982.959391,21345755655.628064,31112225931.791628,26573111474.979573,2968,0.034351851852,6734,1058594401.280447,59792631.5705059993678110132725,257347.21699498,14535.75355477379927257931515,94327.12128200001,5327.882712301322110795550673675,53.836799235077,0.053023870734369795,0.05255131213943381,,
2019-08-06,6369,11020,221882,279573,930,134844,262849,40,54419,342135,333795,327350,315370,247596,29610,270720,90701,288657,182679,3364,156610,1735,235388,18737,10,266959,69476,74,1613992227,4320,984.587268518519,1119084016.7871475431482734543,0.469683339149,0.401158943907,1659767905.6843245931523500982368,1659781732.2434984293720772,1417616263.2905813047419276880976,3533801962.5971657767046868472387,0.19471273,0.010387490294215719769286,0.172433,0.0091989163415381172406,463.611004,24.7326140635057873967528,0,0,0,0,0,0,0.555768264465,39.455127362452,13.692508298045176,33.698826220014,11.694841418533763,0.000004670003575170529,0.0533477718391382,-58.77393471358197,-33.26339391453391,0.0564830415673675,0.00000479074867586396,0.000243147067310551,0.0502753464404262,0.0564830415673675,0.005563469534,30748050359.180624,18519271428.652812,1776527057.62678,20977146340.0865,30748050359.180624,9624625529.490592,30748050359.180624,30748050359.180624,30748050359.180624,3125827860.258355,14911042755.374718,30748050359.180624,67.4241267682,25334343221.684608,31106011239.172293,31112193145.59685,17291187552.080836,30993459552.109283,31111990777.087305,11259649473.827239,30089134387.488766,31112225466.440514,31112225429.722704,31112224915.586877,31112210752.458403,31112133888.086014,31110930366.346283,28633635330.178551,30733491225.403159,31081281102.861399,21290473574.222103,31112087410.1854,31109302766.981961,31046258334.354661,19177667924.502656,27179146124.969983,9101996489.561482,30451823906.812023,12075275563.469401,12515248230.795924,29055920492.286379,21347455098.021043,31112225468.180624,26573111011.368568,2381,0.02755787037,5536,788547079.885719,42067229.7021620206129074473658,208132.86047613,11103.424352907768107020871166,98635.96924,5262.009182147773723308968,53.78542502704,0.053204742306246444,0.05252872927222033,,
2019-08-07,5841,11003,221966,279630,930,134929,262930,39,54436,342256,333909,327457,315464,247682,29613,270782,90803,288721,182729,3363,155648,1666,234973,18342,10,266475,68812,70,1613992246,4320,973.857638888889,1089948442.0185367388891730576362,0.458135806351,0.391296136178,1616246514.469308811098868948841,1616259999.3474100645068868,1380444417.2572469769810525130762,3527876433.2810590787887871540061,0.18976983,0.009858337860245162718714,0.172433,0.0089577082524427309814,401.742729,20.8701011924757074381382,0,0,0,0,0,0,0.555894010884,39.362078956575,13.311354817718655,33.619353026159,11.369296255084986,0.000004340915292768552,0.0519489207543958,-58.04695119365074,-35.402201956361246,0.0533477718391382,0.00000467000357517055,0.000236335200345862,0.0475948948179143,0.0533477718391382,0.005558964815,30748049957.437895,18499663473.30759,1512017674.115355,20981156609.039039,30748049957.437895,9669779247.817258,30748049957.437895,30748049957.437895,30748049957.437895,2698106050.073781,14923784712.723561,30748049957.437895,67.4370173275,25330313140.664838,31106009974.29355,31112192720.663472,17295099579.703985,30993517535.787555,31111990656.928359,11236684244.149047,30088022978.231026,31112225064.695157,31112225027.929922,31112224513.161415,31112210335.713087,31112133507.081326,31110930242.368911,28631178276.631338,30733722717.873886,31081262109.214521,21295274482.583376,31112076553.921699,31109207181.341049,31044313416.64634,19052176344.244627,27103132299.529618,9101014353.246173,30437833917.658379,12007213701.959118,12521357520.547875,29054400626.189819,21354251124.112116,31112225066.437895,26573110609.625839,2117,0.024502314815,5113,790411123.883003,41061004.8379910443373771545874,243286.55723592,12638.474082458586181637657136,89952.647004,4672.9429308589347787001832,53.760650864181,0.052635450124379736,0.05244872151851555,,
2019-08-08,5980,11046,222230,279880,928,135219,263187,40,54625,342567,334212,327756,315757,247942,29683,271029,91021,288968,183046,3369,156059,1699,235324,18464,9,266738,69115,71,1613992267,4320,946.970833333333,1095292898.270580342576356523545,0.460891973957,0.393650192087,1623694512.391981991591518890115,1623708082.22091282611351,1386805787.061615977694101115755,3522939439.4777382924675607883665,0.19902646,0.0103868551597458044351,0.172433,0.008998987349523517105,437.062116,22.80953444433478497546,0,0,0,0,0,0,0.554073429598,24.069792044901,13.325737444749123,20.558132485195,11.381580503106596,0.00000437152682538698,0.052188312849185,-53.586396297264635,-33.0998075525434,0.0519489207543958,0.00000434091529276854,0.000229818839253331,0.0463506453425585,0.0519489207543958,0.005568932834,30752048433.375779,18506492920.374837,1801971374.930861,20987321460.952057,30752048433.375779,9651442000.159698,30752048433.375779,30752048433.375779,30752048433.375779,2768330155.001143,14934540456.198708,30752048433.375779,67.4568331611,25314923229.62542,31106010081.683987,31112192265.146522,17238457002.816615,30993526527.839132,31111990292.069631,11193623470.700511,30087038499.041495,31112224627.63078,31112224590.843082,31112224075.887269,31112209883.022926,31112132995.778857,31110930119.405522,28622099261.302822,30733251551.131692,31081300016.771287,21258351511.637776,31112076312.022431,31109224000.320961,31044554482.506006,19066616007.73161,27104054096.144622,8890140542.313946,30439119425.303242,11966676025.00955,12464863018.598307,29042702285.181558,21314335273.019322,31112224629.375779,26573110172.563723,2196,0.025416666667,5175,1292583856.617368,67457770.69295328808443564508,301045.39550532,15711.0512824382720020251642,100463.384928,5243.01456251056106608368,53.726125254434,0.05262990609558681,0.05247334140066531,,
2019-08-09,6015,11034,222340,279974,930,135347,263286,41,54665,342722,334364,327903,315896,248041,29676,271128,91110,289077,183205,3362,150615,1422,232066,16467,8,265659,65109,64,1613992288,4320,982.386111111111,998830242.4445372475825553955604,0.421337477819,0.359866493854,1480392254.8146560960313420939204,1480404645.9929197754465784,1264410593.207886199304005535178,3513554650.9639455558363131708048,0.18922878,0.009003947073175587281112,0.172433,0.0082047646540282405332,398.894278,18.9803208946577209646712,0,0,0,0,0,0,0.55434322431,39.192491167845,12.172809030961732,33.474507074501,10.396858425722872,0.000004012562459298619,0.0475823343213204,-61.30716850734637,-33.49672957669855,0.052188312849185,0.00000437152682538697,0.000236627989442357,0.0466408575301101,0.052188312849185,0.005568895002,30752048034.481501,18513971218.803745,1824546454.196318,20991619194.205601,30752048034.481501,9419776481.448401,30752048034.481501,30752048034.481501,30752048034.481501,2765062044.553545,14924423709.534031,30752048034.481501,67.4706476744,25311933495.529382,31106011333.896673,31112191819.898488,17246850695.382088,30993500888.674163,31111989843.937025,11223592205.273418,30085472970.055964,31112224228.734837,31112224191.92146,31112223676.660128,31112209469.919806,31112132600.595021,31110929746.302568,28618793072.47171,30732898843.050379,31081331063.208142,21254053211.904399,31112052273.784281,31108550451.471821,31033338060.445121,18515744103.868799,26703150740.244139,8688637784.589423,30356457094.724113,11825770757.517976,12463416828.29346,29041245089.954772,21319012435.2349,31112224230.481501,26573109773.669445,2108,0.024398148148,5111,793831249.390126,37772343.9031924462206190423704,199327.39755439,9484.462869831727259395616556,99999.62279,4758.215483599710654731916,53.634367485017,0.05301198754934778,0.05276940539401576,,
2019-08-10,5159,11044,222299,279948,928,135373,263248,41,54720,342754,334388,327921,315911,247998,29715,271090,91146,289056,183209,3368,156153,1689,235312,18410,9,266796,69180,71,1613992310,4320,947.547222222222,1092244701.1206395882102999013345,0.460538228961,0.393348055031,1618843127.2375558869769237167435,1618856696.170521581050869,1382662188.4053581699038125182595,3515111288.1347169082877159940338,0.19020617,0.009896880157947658399755,0.172433,0.0089720997813866320995,363.103572,18.893143881750623305158,0,0,0,0,0,0,0.553753637022,41.55592222006,13.30910998014887,35.493125548267,11.36737885299731,0.000004603115939445662,0.0520323823246515,-54.507057265734325,-19.764574325479796,0.0475823343213204,0.00000401256245929862,0.000226779272297534,0.04247407717179,0.0475823343213204,0.005569564208,30752047671.377929,18479767517.414715,1520865352.228958,20991633523.632923,30752047671.377929,5853128241.153292,30752047671.377929,30752047671.377929,30752047671.377929,2779066595.969811,14879391332.67388,30752047671.377929,67.470694519,25308543841.450962,31106012564.37733,31112191435.852862,17228507122.402496,30993553957.364357,31111989278.12169,11209909278.61075,30086049422.736909,31112223865.627854,31112223828.783394,31112223313.450721,31112209090.975996,31112132120.551038,31110929160.216654,28618288903.37724,30732956592.951411,31081364919.545833,21247880739.661725,31112075312.441785,31109210231.549953,31044479682.635178,19036607546.395852,27086763128.456861,8887643791.415057,30437644701.189003,11953198197.011035,12450542226.599792,29037863674.022641,21306857336.601348,31112223867.377929,26573109410.565873,1909,0.022094907407,4476,748683273.171569,38955774.3097345774074176332035,198917.60388498,10350.15681644686190002458447,109309.410426,5687.629034967878790916539,53.579411190664,0.05338537667781084,0.05350231381823109,,
2019-08-11,4501,11036,222369,280035,925,135451,263319,41,54760,342875,334508,328035,316016,248075,29709,271162,91223,289139,183293,3365,158190,1780,236313,19211,9,267507,70704,81,1613992332,4320,887.853703703704,1155679560.6410829390449189503365,0.487079132721,0.416016775817,1712775382.8640296322013045174025,1712789757.392106612990123,1462890205.3310399647663885505745,3516421188.6811078149444005902699,0.1879978,0.0103495657745112955389,0.172433,0.0094926997826373831165,331.816124,18.266983977373118621262,0,0,0,0,0,0,0.553697991178,46.144695144946,14.112404207391753,39.412419883482,12.053476535927576,0.000004774552801807466,0.0550515259993005,-50.511916870439265,-20.79893785282882,0.0520323823246515,0.00000460311593944565,0.000252187271802653,0.0465170451082878,0.0520323823246515,0.005568965251,30752047339.561805,18443723207.58337,1474005440.660272,20992688933.922873,30752047339.561805,5505624049.432652,30752047339.561805,30752047339.561805,30752047339.561805,2752221210.031873,14842897684.976851,30752047339.561805,67.4740875075,25303588165.825163,31106011842.444953,31112191107.191841,17226775672.732109,30993553094.416774,31111988824.814389,11221639320.189687,30085276309.170794,31112223533.810811,31112223496.934003,31112222981.176721,31112208753.057092,31112131706.869033,31110929147.817004,28614992408.472872,30732922731.828064,31081376252.573655,21246276594.515819,31112086963.567143,31109383226.931486,31048143228.814489,19210149842.792057,27233514186.308987,8886682045.013565,30464720524.866923,12154128729.964241,12464805443.932701,29036019256.544679,21309244318.686564,31112223535.561805,26573109078.749749,1765,0.020428240741,4129,674231857.808017,37117492.6496747256994052921085,197812.71957124,10889.89207446845771489991762,99999.614484,5505.131376685952853668442,52.985213400644,0.05354242118019593,0.0529098969273447,,
2019-08-12,3851,11028,222465,280070,924,135531,263360,41,54799,342984,334610,328127,316104,248142,29720,271186,91280,289195,183418,3363,157065,1727,235853,18668,9,267415,69818,75,1613992354,4320,871.039814814815,1111437907.8496058943677656129792,0.469109101747,0.400668479937,1648097914.2228308701119225303296,1648111760.7144733006437632,1407648846.7626132895408458226944,3513250772.7644712703943920115132,0.18828438,0.009973928619575186416896,0.172433,0.0091342385048574295936,278.849167,14.7713882972448411611264,0,0,0,0,0,0,0.553614131565,70.330395711067,13.635602579275435,60.06955021342,11.64623781147219,0.000004652972817547783,0.0529726821713792,-52.572214918574694,-20.395826771747895,0.0550515259993005,0.00000477455280180747,0.00025511651926597,0.0491770442067165,0.0550515259993005,0.005572738964,30752047060.712638,18432451767.379471,1350685830.279698,20981340991.076126,30752047060.712638,5385035510.645101,30752047060.712638,30752047060.712638,30752047060.712638,2703572149.900799,14792168888.895138,30752047060.712638,67.4376138856,25299344775.614448,31106019253.999651,31112190777.673303,17224166459.328676,30993487052.510565,31111988794.789151,11226750884.121713,30084604163.350868,31112223254.959786,31112223218.028027,31112222702.152301,31112208462.130505,31112131319.048806,31110930558.661573,28612347175.445584,30732699997.543479,31081397152.699617,21240653620.454444,31112084390.001453,31109286855.129223,31045857549.842363,19110414359.407305,27129922435.466419,8887765123.319623,30447075809.965723,12048005046.59845,12469459930.124973,29033475032.336844,21306615106.698189,31112223256.712638,26573108799.900582,1481,0.017141203704,3331,442372361.795442,23433650.5227923195820574136064,155724.16930424,8249.126926955550327705207808,81677.557636,4326.6793011863342376115712,52.404213544803,0.05361696097363601,0.052799458172122005,,
2019-08-13,4399,11032,222603,280206,926,135644,263477,41,54837,343160,334786,328296,316267,248259,29744,271313,91369,289340,183546,3361,156728,1713,235757,18549,9,267046,69582,72,1613992399,4320,877.262731481481,1101899230.7190411736932491974794,0.465410483139,0.397509470172,1633890677.5143657999469833351105,1633904421.9853515727194598,1395514370.7915801396842593643177,3510644338.0803774653015266013962,0.18571938,0.009753245993787604717794,0.172433,0.0090554979585155735729,330.209053,17.3412711332799454585789,0,0,0,0,0,0,0.553496678117,55.001175982181,13.649660869788272,46.976785258569,11.658245048070881,0.000004832591630478881,0.0525160378727713,-48.38729733716147,-12.183690198190634,0.0529726821713792,0.00000465297281754777,0.000251088093274605,0.0472897204619028,0.0529726821713792,0.00557407931,30752046730.503585,18412956212.39597,1320085811.805727,20982147080.260938,30752046730.503585,5352029242.582293,30752046730.503585,30752046730.503585,30752046730.503585,2616788116.894156,14754256343.615758,30752046730.503585,67.4402055097,25294400764.212287,31106022523.820162,31112190423.20431,17220512038.663035,30993465215.273853,31111988191.376267,11220884125.034367,30083361284.17936,31112222924.750349,31112222887.793873,31112222371.639238,31112208125.537549,31112130899.048273,31110930123.982344,28609919470.088082,30732506578.843721,31081393883.966933,21235402307.863356,31112074589.892162,31109245241.591898,31044977806.39298,19076769139.520687,27101253673.313374,8886920200.210504,30440840237.875422,11984036493.598003,12462167051.368365,29030768151.795643,21305350106.207241,31112222926.503585,26573108469.691529,1778,0.020578703704,3966,565664685.725688,29706468.0588595059833561591544,184047.87021534,9665.464922631692357653571742,114058.5821075,5989.90481767206495961951475,51.765974759117,0.053605394986819294,0.04936769472558032,,
2019-08-14,5588,11048,222597,280223,923,135659,263503,40,54875,343206,334825,328332,316295,248262,29782,271332,91405,289340,183571,3366,150573,1397,232107,16328,8,265839,65016,63,1613992427,4320,975.177314814815,986599224.63905498653693437856,0.418164418545,0.35715636438,1463141575.23705464176419248328,1463153901.79985589481072,1249676687.94929015379093136136,3498962394.5750129121832308664592,0.18891052,0.0088840594884657002464,0.172433,0.00810915681019038056,392.367156,18.45219183782936815392,0,0,0,0,0,0,0.552765915543,47.581507052074,12.471797976328272,40.639608050805,10.652226313304926,0.000004691349740312553,0.04702787059432,-49.3802928979045,-20.890623512655097,0.0525160378727713,0.00000483259163047887,0.000251757598056983,0.0470376800400334,0.0525160378727713,0.005578432231,30752046338.136429,18407564541.090499,1471361532.885481,20979032479.480708,30752046338.136429,5346586525.485802,30752046338.136429,30752046338.136429,30752046338.136429,2599137764.580471,14492385291.960765,30752046338.136429,67.430195501,25293114596.839164,31106018888.880868,31112190049.340509,17197776173.671615,30993444014.494912,31111987978.796813,11187243649.417331,30083659284.076587,31112222532.382985,31112222495.401698,31112221978.845136,31112207721.299583,31112130539.381562,31110928371.958273,28609851592.149446,30732596424.228126,31081412950.402842,21226494609.013837,31112049597.171452,31108510458.433184,31032550092.325234,18427655714.367446,26650672175.144706,8685684500.587654,30348316205.262854,11798881008.164523,12457048717.467154,29028055141.321775,21292455429.402971,31112222534.136429,26573108077.324373,2077,0.024039351852,4841,653872154.576504,30750215.07065303407438785728,166646.79778017,7837.0440409636481946106344,100225.800443,4713.40597344554412928376,50.90153212506,0.05425014131020697,0.053031506919728674,,
2019-08-15,5992,11045,222722,280345,925,135742,263613,40,54881,343402,335016,328518,316477,248371,29765,271441,91442,289490,183648,3367,150912,1416,232355,16418,8,265971,65265,64,1613992451,4320,990.51412037037,992255971.39894965592042165111,0.422035628751,0.360462783943,1475372835.6218493794706317787495,1475385285.2529489643700806,1260123466.9565783076963974185679,3495849011.5787012185697319916746,0.18675017,0.008855880717064820953337,0.172433,0.0081769461290752146113,422.242134,20.0231462837377883814774,0,0,0,0,0,0,0.552852848153,48.251808488972,12.752614117178997,41.212115834043,10.8920727873682,0.000004599477196229035,0.0474210048486961,-49.55033898779442,-8.763052363601368,0.04702787059432,0.00000469134974031257,0.000252320060357619,0.0422396956295822,0.04702787059432,0.005577972592,30752497270.894295,18383782584.093854,1544105163.201003,20924397839.4151,30752497270.894295,5297971242.946313,30752497270.894295,30752497270.894295,30752497270.894295,2626067901.367854,14397381557.452465,30752497270.894295,67.2545913441,25294358501.256646,31106022913.545933,31112189573.389975,17200480606.928572,30993415752.15948,31111987473.106392,11189514711.226309,30082706418.529499,31112222110.138572,31112222073.131824,31112221556.408054,31112207288.968553,31112130025.538613,31110927971.124997,28608961590.859657,30732345462.516385,31081378734.470545,21232252743.694722,31112049565.853612,31108539645.427383,31033061287.255445,18467649755.590251,26671510421.516156,8683719667.963806,30352590587.364954,11822736241.697123,12459680368.290378,29029764040.539298,21299201057.989471,31112222111.894295,26573107655.082239,2261,0.026168981481,5183,644788725.773981,30576529.2913125329852711561741,154474.90950638,7325.355432703937251437631118,92499.638874,4386.4258235465922597721914,50.268859482635,0.05424444376265388,0.04739410523883018,,
2019-08-16,5141,11056,222816,280463,928,135823,263713,40,54940,343578,335180,328679,316631,248467,29783,271556,91515,289618,183748,3373,150538,1395,232153,16234,8,266039,64939,64,1613992478,4320,929.636111111111,977154068.6224809232780045493032,0.427316258286,0.364973313918,1453281851.0310509423108856649316,1453294131.7758502759165448,1241256523.5762312684125449774192,3400951456.5621777465756849276741,0.19082085,0.00891342574149356670198,0.172433,0.0080545115530245263404,375.153788,17.5237948629723655768144,0,0,0,0,0,0,0.552798629781,33.065276839713,12.64444885055646,28.241246219396,10.79969767161418,0.000004502989866108957,0.0467109634062188,-50.36593321970547,-15.12599900639257,0.0474210048486961,0.00000459947719622905,0.000252217068335268,0.0427124763708916,0.0474210048486961,0.005583557876,30752956485.740507,18382131141.890647,5109469511.488076,20919158958.994814,30752956485.740507,8928724232.020843,30752956485.740507,30752956485.740507,30752956485.740507,6030791687.032999,14387673263.327397,30752956485.740507,67.2377534977,25289538835.820498,31106021622.566406,31112189163.116939,17198793545.512161,30993367093.437636,31111986716.164213,11161217183.14834,30082297947.789479,31112221734.982335,31112221697.959554,31112221180.81689,31112206899.689822,31112129594.747499,31110926482.124595,28605454628.528607,30732230404.482184,31081380130.460534,21224577490.383154,31112048194.180638,31108475333.418608,31032055629.715102,18411489365.233174,26624687083.120106,8650190505.215675,30344017346.732641,11794980374.139827,12436608085.272662,29026339638.109374,21286542729.704763,31112221736.740507,26573130440.100884,1966,0.02275462963,4683,940933350.945768,43951903.3237186007557527420384,270063.63889067,12614.932753572374729011298596,71327.534797,3331.7778677584651031955836,49.865151776328,0.05424992265841374,0.046042984012296326,,
2019-08-17,4258,11060,222882,280525,927,135933,263768,40,54997,343659,335257,328750,316699,248524,29826,271612,91628,289670,183834,3370,151070,1412,232485,16411,8,266129,65373,65,1613992506,4320,890.729166666667,990364743.79932084396124893388,0.433724061071,0.370446255094,1473095235.9533998335528892615592,1473107698.9489218025037134,1258179249.2878495842668283455325,3396388091.3509964169638794573126,0.18631754,0.008821725610992325498466,0.172433,0.0081643231886822875757,313.013459,14.8204986382151472519911,0,0,0,0,0,0,0.552312354634,47.416390953825,12.92348700773104,40.498616598683,11.038025773700005,0.0000046386870135781105,0.0473477999494429,-56.37417919992931,-19.610018348601198,0.0467109634062188,0.00000450298986610896,0.000251705370755741,0.0421329139353507,0.0467109634062188,0.005583673902,30754189429.727048,18367897709.827648,5066520630.772688,20916805952.0572,30754189429.727048,8832277096.190605,30754189429.727048,30754189429.727048,30754189429.727048,6054521046.103584,14338683015.175967,30754189429.727048,67.2301912075,25281202773.219525,31106021596.572768,31112188864.726386,17183664272.43705,30993422974.015033,31111986400.923177,11155132810.990926,30081140651.325148,31112221421.968663,31112221384.906824,31112220867.579707,31112206581.311277,31112129257.753983,31110926134.501483,28603724615.892886,30732321392.148398,31081394934.294123,21210084630.401499,31112048610.440614,31108532091.747795,31033001574.145079,18434419627.426768,26653184790.293163,8648684804.190611,30351034842.4446,11807600365.45608,12428445496.879539,29021727462.03896,21276036493.782564,31112221423.727048,26573130127.087425,1680,0.019444444444,3723,656149082.582528,31067215.4991280244553668736512,208353.11056214,9865.061397740363245998831806,99999.638962,4734.7629005892918530342698,49.444084060727,0.05382866014004422,0.044088835842256535,,
2019-08-18,4643,11059,222921,280548,929,135982,263787,40,55028,343749,335341,328827,316768,248554,29838,271634,91679,289720,183893,3363,156048,1617,235480,18028,9,267227,68981,70,1613992527,4320,879.129861111111,1059961551.27859038289878573652,0.464145391827,0.396429290751,1576836958.591000060175129210476,1576850315.900332815732344,1346785658.399298848109837667104,3397290991.9118964465583229286664,0.185326,0.009392736226938275864,0.172433,0.008739290147198168212,327.841689,16.615750132042625740596,0,0,0,0,0,0,0.552387150693,56.204170136493,13.971095416656105,48.004310064943,11.932794216146434,0.000004905693176384907,0.050682236852564,-48.724855074588035,-15.494989895558339,0.0473477999494429,0.00000463868701357808,0.000255178633284961,0.0427258346311266,0.0473477999494429,0.005583625345,30754189101.885359,18360982251.792644,1388088707.704896,20913866812.19393,30754189101.885359,8803573732.487883,30754189101.885359,30754189101.885359,30754189101.885359,6060685852.774931,14320680297.433858,30754189101.885359,67.2207450177,25279130470.585791,31106023373.033297,31112188486.391195,17185991162.874334,30993410144.553682,31111985983.478779,11150708620.190453,30080832482.436766,31112221094.12503,31112221057.02345,31112220539.395956,31112206242.026601,31112128880.273222,31110926514.662164,28602180057.228267,30732315647.350795,31081406533.417461,21204543375.22864,31112069950.805471,31109130005.545352,31042975243.5972,18849966226.715033,26977948737.674821,8847362011.941717,30423268234.245373,11901663699.497163,12421521124.714777,29020013959.871141,21278460498.015504,31112221095.885359,26573129799.245736,1769,0.020474537037,4004,553557165.248211,28055515.360543739512471763004,165255.09796602,8375.49801620749296302187528,99999.64718,5068.20580354959367836952,49.24080279933,0.0540528701173544,0.04598237567076391,,
2019-08-19,4405,11077,223010,280601,928,136063,263842,40,55088,343839,335430,328914,316846,248631,29859,271684,91763,289778,183991,3368,155875,1606,235058,17864,9,267005,68810,69,1613992552,4320,905.986342592593,1051633027.8159158271940961674548,0.460752905177,0.393531747379,1563455448.0593750072131791664936,1563468708.4180721452603676,1335356429.6847284222823783689298,3393262268.1083257984430603690587,0.18483636,0.009288421298587976924616,0.172433,0.0086651260053996985498,326.421003,16.4033515730976844137918,0,0,0,0,0,0,0.551981135249,50.742365032438,14.063517036920464,43.339350339391,12.01173204042541,0.000004616797611427856,0.0502521327437306,-50.55764952409359,-20.550188658619902,0.050682236852564,0.0000049056931763849,0.000260301144627421,0.0457104817075928,0.050682236852564,0.005588270677,30754606864.464356,18366212250.701783,1456056384.574391,20927132250.861858,30754606864.464356,8831583309.579831,30754606864.464356,30754606864.464356,30754606864.464356,6079927058.146912,14322694033.887174,30754606864.464356,67.2633831121,25277050516.502243,31106027046.508579,31112188135.847267,17173358940.44167,30993372452.000914,31111985753.745471,11143426086.582488,30080331097.681504,31112220767.703596,31112220730.594166,31112220212.349416,31112205906.175483,31112128523.916049,31110928061.16354,28599648969.215081,30732232766.257791,31081416361.311013,21197518099.553809,31112064216.234153,31109031963.919146,31042441969.239129,18818292187.196532,26939439407.197353,8848662665.683701,30418213744.422992,11872779037.976583,12413430883.277125,29016564146.881171,21267458994.079032,31112220769.464356,26573129472.824733,1766,0.020439814815,3855,613140927.695731,30811639.2891800000881946340686,190272.91350718,9561.619707099180434203085708,100843.130573,5067.5823838477536429356338,49.090530142755,0.05403155404698696,0.044622612021852553,,
2019-08-20,4280,11080,223149,280765,927,136161,263994,40,55142,344048,335632,329113,317038,248776,29880,271849,91845,289943,184123,3363,152970,1504,233512,16981,8,266595,66833,67,1613992575,4320,899.597685185185,1030420277.0928541317736398477793,0.451978356893,0.386037353745,1531943568.8111578647249184716942,1531956578.0938092027164134,1308441947.2089296167057175643175,3389417978.6416194573626615744957,0.18555483,0.009136587631940377387707,0.172433,0.0084904780712977134257,328.803158,16.1900332463764901877782,0,0,0,0,0,0,0.551727540528,49.056214127438,13.967343652339203,41.899198927683,11.92958976940997,0.0000045713020028129645,0.0492392875568929,-46.75496090851119,-19.3335131538395,0.0502521327437306,0.00000461679761142784,0.000247831866393239,0.0453810538511707,0.0502521327437306,0.005593804361,30755185083.661198,18348215689.987163,1370455087.607527,20926790947.214017,30755185083.661198,8815424793.091018,30755185083.661198,30755185083.661198,30755185083.661198,6109634138.170314,14270721741.836278,30755185083.661198,67.2622868147,25270786107.557128,31106024629.240062,31112187796.330702,17165468864.103045,30993280983.670281,31111985296.865858,11142392280.713258,30079393165.050465,31112220438.898982,31112220401.773548,31112219883.15752,31112205562.10572,31112128196.387048,31110926989.741254,28596126390.935205,30732080568.038646,31081408282.974903,21185796098.65779,31112052498.957085,31108692395.751544,31036345551.94019,18608913442.436404,26755892226.248319,8648023438.864878,30376805411.119072,11830094029.946326,12411979301.846868,29013217385.793884,21262713049.444654,31112220440.661198,26573129144.021575,1772,0.020509259259,3893,634215684.884247,31228328.4811072117925634761463,213039.39711766,10489.908135623561183525318614,99999.647092,4923.9113787507968720404468,48.960372650659,0.05389852843806877,0.04438066923829709,,
2019-08-21,4435,11082,223318,280957,927,136268,264175,40,55176,344260,335837,329315,317233,248954,29904,272024,91899,290126,184279,3365,151295,1399,232814,16352,8,266519,65434,63,1613992596,4320,867.676851851852,983757831.1803866776502797349604,0.432443027041,0.369352113817,1463613450.4396430510282192249335,1463625894.1456929203872682,1250080791.9829604051458515123894,3384523183.2110732073066549300926,0.18746408,0.008818880421544064336536,0.172433,0.0081117727072200052711,312.127693,14.6834358924622588989131,0,0,0,0,0,0,0.551612279418,38.560066176723,13.520892509087862,32.934377619059,11.548273221320775,0.000004659189078567952,0.0470430411070967,-50.21129248409457,-20.632264030998826,0.0492392875568929,0.00000457130200281297,0.000250304151641167,0.0443911842050779,0.0492392875568929,0.005599881005,30756326590.533505,18430601965.117111,1489620533.10735,20911867260.894012,30756326590.533505,8964603306.334946,30756326590.533505,30756326590.533505,30756326590.533505,6244702065.359666,14350495038.467721,30756326590.533505,67.2143202076,25266440581.949138,31106023538.020817,31112187484.80644,17161882662.865388,30993173633.66,31111984925.89548,11141881292.107885,30078871732.010501,31112220126.770172,31112220089.625067,31112219570.717531,31112205240.676754,31112127759.400214,31110926230.190321,28594734862.475576,30731695217.548964,31081396766.298578,21181828012.018509,31112046766.480888,31108510694.912398,31032542642.10192,18385642454.894524,26620064609.782119,8646584981.062449,30346473715.32995,11744895073.619742,12409913671.566061,29011797387.846856,21258754386.586593,31112220128.533505,26573128831.893882,1665,0.019270833333,3815,806850797.038173,37956715.2123605087592511023291,293721.67204918,13817.560692254750551329415706,95195.585925,4478.2898618839310321339475,48.873738626356,0.0539728906962418,0.044758424800642016,,
2019-08-22,5100,11088,223261,280864,926,136249,264108,39,55165,344196,335769,329244,317155,248885,29894,271946,91889,290040,184235,3374,153269,1516,233730,17043,8,266717,66981,67,1613992620,4320,943.807175925926,1033846493.561888541539044219876,0.454510034305,0.388199672747,1537835958.1547941185138756291273,1537849051.2811003583336378,1313474666.4212845263612506209184,3383502765.7972125259525898686287,0.1863607,0.00921156342709286039801,0.172433,0.0085231355989964793919,371.789594,18.3770689134785561959942,0,0,0,0,0,0,0.551344361207,43.50134701175,14.380647872002816,37.154754349542,12.282595270606606,0.000004884394712705516,0.0494286801192143,-44.90185898416089,-11.24597972365793,0.0470430411070967,0.00000465918907856795,0.000252245179873326,0.0424515182383618,0.0470430411070967,0.005598099811,30757083980.743911,18444950453.175285,1586673828.878734,20915923529.99132,30757083980.743911,9001081029.910939,30757083980.743911,30757083980.743911,30757083980.743911,6229640618.392556,14344033079.463193,30757083980.743911,67.2273585541,25270031653.784417,31106024085.664309,31112187097.591388,17153546927.511768,30993229874.499279,31111984853.526358,11099204565.667588,30078734283.476417,31112219754.9788,31112219717.815122,31112219198.617589,31112204864.584819,31112127483.251115,31110925860.498895,28594993117.202425,30731806185.245042,31081402426.100206,21188447664.000151,31112052190.919181,31108713429.051958,31036724495.001872,18624804831.997504,26765503878.728592,8645473619.699061,30378740239.956881,11814868311.344832,12400288355.89957,29012180910.99008,21255405632.619661,31112219756.743911,26573128460.104288,1995,0.023090277778,4411,715201295.912528,35351456.0765078763543448867504,194497.67629666,9613.763425598096540132914238,99999.63905,4942.850170639340969598415,48.477995823735,0.05392731623882149,0.04470837619289247,,
2019-08-23,4266,11079,223282,280889,926,136264,264111,40,55167,344272,335843,329313,317221,248888,29876,271957,91889,290081,184265,3369,153778,1525,234002,17179,8,266750,67384,67,1613992647,4320,870.680787037037,1041840696.011616881220973909462,0.459054679338,0.392081279925,1550130528.847236076133327627748,1550143742.062291851710714,1323975528.750194786792616001691,3376788427.6521572431241731583216,0.18714104,0.00932408694900956390536,0.172433,0.008591275782578562847,309.344139,15.412715720733947236101,0,0,0,0,0,0,0.551626867603,50.558433902455,14.656333723031633,43.182253373568,12.518060143567705,0.0000047842480703598805,0.049823849162159,-45.85176525762053,-15.282386564373478,0.0494286801192143,0.00000488439471270553,0.000257983757854449,0.0446066987188985,0.0494286801192143,0.005596919258,30757083671.399772,18450860597.705989,1418873056.52194,20910481898.353418,30757083671.399772,8888582308.92231,30757083671.399772,30757083671.399772,30757083671.399772,6183267106.34905,14320210793.768592,30757083671.399772,67.2098688867,25268942902.707388,31106027068.792875,31112186746.932246,17162336157.944571,30993221511.383885,31111984298.155518,11142676917.533817,30078366841.302168,31112219445.63314,31112219408.434271,31112218889.09659,31112204541.572624,31112127065.569634,31110925344.553006,28592747329.336767,30731610010.876831,31081414317.363993,21188387814.284752,31112052252.577858,31108766441.17311,31037714236.386252,18649351207.568102,26793490525.983311,8644549393.627473,30386586909.883294,11827047420.757005,12410480381.64388,29012223648.197702,21261327978.662619,31112219447.399772,26573128150.760149,1653,0.019131944444,3739,615371502.753159,30660176.931864505803940510281,201649.8692301,10046.9726680895897993837859,95024.717621,4734.497197425456413703739,48.06872792811,0.05294473963570917,0.043397199291391,,
2019-08-24,4402,11072,223334,280931,930,136323,264152,40,55214,344347,335913,329380,317285,248932,29891,271998,91957,290114,184346,3372,156272,1606,235676,17899,9,267312,69001,69,1613992673,4320,906.166898148148,1052347175.0371031939787703298798,0.464892428931,0.397067335206,1565011093.3063836357821290822805,1565024449.6548660323346518,1336685103.2967775657951635378646,3366394021.3135025869898410709749,0.18529101,0.009320533678062462724533,0.172433,0.0086737483038672228889,323.888687,16.2922929457124323292071,0,0,0,0,0,0,0.5518022013,50.864463191248,14.9224055646887,43.443634697366,12.745313633228903,0.000004957298162185459,0.0503021365044233,-46.45670526289123,-14.271399727047315,0.049823849162159,0.00000478424807035987,0.000256000139423872,0.0447124661987218,0.049823849162159,0.005598254913,30757083347.511085,18455759196.80917,1354704330.301512,20920526406.359806,30757083347.511085,8872909781.694804,30757083347.511085,30757083347.511085,30757083347.511085,2545574081.604393,14290967605.381389,30757083347.511085,67.2421543552,25262343106.878704,31106029599.51229,31112186421.280649,17167790999.681074,30993213406.516977,31111984014.561578,11131828101.146866,30078253164.995823,31112219121.743255,31112219084.524956,31112218565.085839,31112204201.014258,31112126735.501128,31110925293.648885,28590972895.416565,30731656015.064125,31081432147.0273,21186702499.867961,31112062371.618036,31109091875.563998,31042565780.721489,18806027800.367018,26933132752.882537,8842135573.330111,30417860693.417417,11854521473.135223,12397256831.657299,29009866755.383303,21257645256.374391,31112219123.511085,26573127826.871462,1748,0.020231481481,3788,611669074.468171,30768261.2794321983644365607843,234295.4842839,11785.56343281870176798297487,138128.560927,6948.1617269095045990483991,47.846618402121,0.05290515406632452,0.043481507738227426,,
2019-08-25,4776,11080,223573,281214,928,136520,264407,40,55282,344678,336243,329704,317604,249187,29909,272279,92091,290406,184594,3381,153625,1512,234035,17058,8,267023,67148,66,1613992699,4320,921.700462962963,1034926970.0299203026070949052958,0.457536208161,0.39078434339,1539157505.3334708054754259566496,1539170658.3078576389810764,1314603400.4890513138658852512914,3364012460.3911533270625156585155,0.18587718,0.009195559427677865884812,0.172433,0.0085304602684029177122,349.077341,17.2692604547867103838394,0,0,0,0,0,0,0.551245612021,37.153472740694,14.868855038573301,31.732997718328,12.699575792181378,0.000004897961483459756,0.0494711584696834,-47.6271531775583,-20.847492330647047,0.0503021365044233,0.00000495729816218546,0.000263204391369288,0.0451801506412528,0.0503021365044233,0.005605730591,30757082998.433744,18441783801.345242,1449532914.316994,20919804630.492687,30757082998.433744,8882078162.801103,30757082998.433744,30757082998.433744,30757082998.433744,2564628237.418526,14260249147.651403,30757082998.433744,67.2398351984,25256325409.508554,31106025579.242535,31112186041.767067,17150474079.62945,30993116889.542717,31111983242.040488,11126731385.115679,30076612734.421334,31112218772.665805,31112218735.405297,31112218215.817755,31112203842.067603,31112126338.548399,31110924563.768066,28587055264.605238,30731178557.961068,31081432979.494354,21181488484.865671,31112050753.476188,31108712726.908155,31036788443.640934,18604989887.746873,26756852819.475725,8639886444.583856,30377871598.709104,11790742388.869492,12393495948.323035,29007112044.821529,21246451813.476678,31112218774.433744,26573127477.794121,1878,0.021736111111,4447,837397327.339372,41427015.8828954156884451948248,262107.78598651,12966.775816676498167196370934,103436.54265049999,5117.125593019050820620267003166,47.76809723978,0.05290422413713202,0.04155853802147525,,
2019-08-26,4432,11076,223747,281434,928,136604,264621,39,55309,344948,336508,329966,317859,249380,29909,272488,92162,290646,184751,3380,153902,1517,234338,17094,8,267257,67305,66,1613992724,4320,859.277546296296,1038316454.799552574492187043388,0.459075108389,0.392098726375,1543512390.8342669029193255044866,1543525596.5507124687836198,1318322931.3243341627729454671867,3362221916.6908464841547022071358,0.18718497,0.009286458338894609958561,0.172433,0.0085545964013596512529,312.973262,15.5269579536805094605006,0,0,0,0,0,0,0.551239508641,37.711273180449,15.060175871293202,32.20941827124,12.862984008940868,0.000004787497763488654,0.0496111324477313,-46.44854625581613,-16.9277575943758,0.0494711584696834,0.00000489796148345975,0.0002655107697489,0.0444393123148396,0.0494711584696834,0.005612586349,30757467209.460482,18433639350.851301,1447252709.341846,20929102069.85276,30757467209.460482,8847363788.471439,30757467209.460482,30757467209.460482,30757467209.460482,2535889160.152233,14167640726.369736,30757467209.460482,67.2697194376,25254630694.498628,31106019209.849948,31112185691.451831,17150284017.435322,30992960906.836947,31111982814.980495,11101874567.854412,30075503096.500056,31112218459.691069,31112218422.401875,31112217902.52564,31112203521.490527,31112125912.650061,31110922829.575138,28583704105.784853,30730932120.735555,31081412331.891665,21179281710.501861,31112050743.277293,31108733070.585807,31037030753.655589,18614511510.685498,26762669076.290985,8639007268.600996,30379486799.864259,11796530849.871699,12395610837.04194,29006155175.478436,21248235162.916838,31112218461.460482,26573127164.820859,1672,0.019351851852,3874,825011086.541365,40929734.2852503687667578552245,280580.10628556,13919.896815131442595291950028,99999.655134,4961.0961355803272806974942,47.701238640652,0.05290405716292084,0.04097882670149066,,
2019-08-27,4494,11077,223873,281604,929,136721,264779,39,55365,345161,336717,330173,318055,249530,29916,272656,92247,290817,184886,3380,154133,1521,234499,17118,8,267424,67445,66,1613992749,4320,897.033101851852,1040332063.7000862681813813571191,0.460080883355,0.392957778712,1546405646.9296125378299918881558,1546418893.8552832279896326,1320794125.5343015456291131584912,3361160402.1750633449024029374519,0.18757414,0.009323208910990941110534,0.172433,0.0085706317627200687073,331.068364,16.4554640708574886297484,0,0,0,0,0,0,0.551093618752,41.769580061507,15.234095789187684,35.675643115253,13.011530490810333,0.000004888182936784987,0.0497041271840081,-50.478003851148415,-16.145130081987215,0.0496111324477313,0.00000478749776348863,0.000263091603390866,0.0447062721241874,0.0496111324477313,0.005615293459,30757466878.392118,18409892032.556418,1497728552.07697,20930496573.226311,30757466878.392118,8841640862.549407,30757466878.392118,30757466878.392118,30757466878.392118,2647667234.892231,14037831886.968998,30757466878.392118,67.2742023263,25249029101.520878,31106012836.783973,31112185349.734138,17145744876.878496,30992928786.03191,31111982271.776889,11102849194.628204,30074762111.742081,31112218128.622152,31112218091.323659,31112217570.792301,31112203177.762231,31112125573.218339,31110921891.890241,28579781480.927801,30730718255.52483,31081413569.333719,21172705306.321142,31112050401.870144,31108734460.754569,31037230242.058057,18615658089.584318,26761986194.380611,8638295364.151318,30380514243.427148,11795878008.031491,12393632516.893713,29003639526.726462,21243652754.549587,31112218130.392118,26573127833.924752,1765,0.020428240741,3933,744853505.459677,37022293.3688220573049537913837,252382.54876736,12544.454302956988166559255616,105297.098816,5233.7003916575327206444096,47.517647000726,0.05290171071657175,0.04100414694237736,,
2019-08-28,5485,11088,224001,281748,931,136861,264922,40,55432,345335,336892,330345,318220,249665,29966,272793,92350,290966,185031,3385,151122,1379,233096,16070,8,267205,65156,60,1613992771,4320,923.92962962963,961144123.5190708683071676038392,0.425874266218,0.363899784928,1428778348.356250295467069279884,1428790605.1572915777164656,1220858302.365602891274655813884,3354929991.5324882086090659269066,0.18737355,0.00860482764205684684428,0.172433,0.0079187070149590925288,381.117803,17.5022195295674115711608,0,0,0,0,0,0,0.550540070586,33.549385919848,14.269034078398088,28.667180172933,12.192562087318544,0.000004722296080658955,0.0459233848216936,-56.74502645317028,-23.77667464865207,0.0497041271840081,0.00000488818293678498,0.00026596345964695,0.0448527063087218,0.0497041271840081,0.005618841785,30758794404.274315,18416494469.454438,1480372981.255503,20929296201.725947,30758794404.274315,8889467129.473677,30758794404.274315,30758794404.274315,30758794404.274315,2670307112.608135,14013285997.418375,30758794404.274315,67.2703449506,25239191342.438657,31106010080.029059,31112184947.742371,17128522555.785823,30992944983.828002,31111981977.81493,11118278492.969399,30073752730.635275,31112217747.503671,31112217710.189463,31112217189.427302,31112202786.490305,31112125109.427311,31110921015.277864,28578097528.404838,30730414855.096787,31081420789.182091,21159326866.161932,31112042517.585629,31108412473.345898,31030662167.582558,18299180199.612948,26531780557.039638,8637362809.717715,30330346387.987264,11652258623.63308,12370505093.439762,28999138404.088943,21227286690.297414,31112217749.274315,26584675914.151815,2034,0.023541666667,4696,927355803.876813,42587317.4480659010636244304968,290739.20035617,13351.728180707871881062609512,113010.376184,5189.8189943421894999852224,47.435301298008,0.053233373650404384,0.04288247224492242,,
2019-08-29,6130,11063,224324,282075,929,137051,265247,40,55497,345715,337271,330715,318585,249984,29971,273111,92487,291300,185417,3377,150250,1330,232761,15649,8,267355,64440,57,1613992797,4320,978.463888888889,932617465.063646086831187117795,0.414054619427,0.353800167218,1386492724.642173826178044837095,1386504637.92874615219451,1184726204.730983163655790924595,3348574462.3759880826292108773535,0.18499234,0.0082440454470185712329,0.172433,0.007684347841460642605,431.587128,19.23335797352593799868,0,0,0,0,0,0,0.550717673556,36.542667710651,13.995127916955651,31.224870681351,11.958515531380497,0.000004699724525869374,0.044564253022685,-57.868702081749795,-25.520140982749687,0.0459233848216936,0.00000472229608065896,0.000265183619698248,0.0415098621172021,0.0459233848216936,0.005627557101,30758793972.687187,18427124275.124268,1519635114.336408,20927478905.321407,30758793972.687187,8889999360.332839,30758793972.687187,30758793972.687187,30758793972.687187,2557398643.662229,13841845035.084997,30758793972.687187,67.2645047816,25229218333.475569,31106010941.801473,31112184484.51422,17134047940.359902,30992704761.530248,31111981522.32809,11124288909.700547,30072019894.249025,31112217315.91652,31112217278.557068,31112216757.412836,31112202341.447312,31112124581.210255,31110919859.672255,28572886279.923276,30729864332.138814,31081499026.388769,21157114799.672046,31112038223.167093,31108267601.481148,31028084412.96594,18201028256.896732,26434448798.711034,8635706489.663496,30311362091.36921,11591556167.077464,12376330438.995121,28996750919.215286,21237022391.314572,31112217317.687187,26584675482.564687,2333,0.027002314815,5568,851394254.082296,37941748.96098360041874488476,224453.97864133,10002.62389612056488196857105,105117.787743,4684.495690163947993949955,47.298405251339,0.05327016884401587,0.04305029556754211,,
2019-08-30,5199,11073,224534,282294,928,137183,265450,40,55526,345974,337528,330971,318833,250194,29975,273317,92575,291518,185605,3378,150586,1341,233063,15726,8,267567,64624,58,1613992825,4319,922.321833757814,937173977.830217085070477832948,0.416428033565,0.35582819441,1393126707.6602251084209581893202,1393138694.1451295717645036,1190394788.5725308099830164808202,3345420085.5188722863355445949765,0.1896744,0.00849314186685291082704,0.172433,0.0077211154036973253778,361.70909,16.196421952041327343594,0,0,0,0,0,0,0.550347557455,51.501754156808,14.190796697984146,44.007066560066,12.125709988967218,0.000004675191343877896,0.0447774811300466,-55.37481608729341,-25.446439997977482,0.044564253022685,0.00000469972452586937,0.000264106557551161,0.0403499641386728,0.044564253022685,0.005636013178,30758793610.978097,18428494704.82847,1333210336.326225,20929582329.75178,30758793610.978097,8414680843.694212,30758793610.978097,30758793610.978097,30758793610.978097,2548697885.479191,13825350606.811288,30758793610.978097,67.2712663304,25227633762.886963,31106012820.892993,31112184123.642753,17122532608.733897,30992556591.006258,31111981071.484949,11124724117.124103,30070516459.530255,31112216954.207404,31112216916.846321,31112216395.541438,31112201967.813347,31112124176.156737,31110919990.055456,28570078628.650418,30729437832.178595,31081487512.654882,21150483325.09236,31112037966.689737,31108289349.133459,31028404171.773333,18218167147.776014,26447523012.465416,8634091694.878816,30313409600.763008,11613487489.116516,12372471204.018096,28995685339.884226,21231384881.16364,31112216955.978097,26584675120.855597,1907,0.022071759259,4349,604100141.15733,27050082.671330831502760831578,200692.97006264,8986.525679912869810388119024,89695.634958,4016.3446017793931591290428,47.250043329665,0.05326062726570922,0.04306145149932344,,
2019-08-31,4569,11079,224732,282571,926,137313,265706,40,55590,346295,337846,331288,319145,250455,30004,273583,92666,291816,185782,3379,150834,1344,233357,15764,8,267834,64754,58,1613992847,4320,869.870138888889,940309118.6155525492532247607341,0.41840601659,0.35751833487,1397344313.4894653334822533998688,1397356350.6016820813079946,1193998633.8400387514095731501188,3339685038.1781441987169082463738,0.18935813,0.008504649773369273252963,0.172433,0.0077444906874153430583,319.257809,14.3388395996423323712759,0,0,0,0,0,0,0.549775986763,42.405777360176,14.426993303121499,36.234763147627,12.327534543959288,0.0000046759946166120225,0.0449130426740551,-56.007301592838765,-23.600252642171576,0.0447774811300466,0.00000467519134387789,0.000265943061662568,0.0408171601183767,0.0447774811300466,0.005644393267,30758793291.720288,18428134595.283297,1363328677.902758,20936215019.757291,30758793291.720288,8439439263.453013,30758793291.720288,30758793291.720288,30758793291.720288,2543548343.049394,13856382160.263413,30758793291.720288,67.2925856239,25221601735.543601,31106000624.553091,31112183746.802628,17104749601.822369,30992430709.387847,31111980433.110429,11122317483.778338,30069701731.212064,31112216634.949285,31112216597.585249,31112216076.007242,31112201641.741756,31112123748.16233,31110919508.028882,28567253981.317121,30729046979.50516,31081465980.131048,21139217598.078168,31112037583.092191,31108299316.619049,31028550405.20656,18212256886.070883,26448249986.358574,8633694256.408209,30314067524.069722,11608919668.21016,12368283084.11174,28993167022.95763,21222108677.601373,31112216636.720288,26584674801.597788,1686,0.019513888889,3971,733678724.303694,32951743.8536981152555468895394,275555.53111501,12376.037328040362041701177051,100079.1265175,4494.85808006263686766611425,47.168659849066,0.053171825792960856,0.043064836184016055,,
2019-09-01,3600,11088,224845,282738,928,137373,265862,40,55601,346535,338085,331522,319380,250596,30007,273747,92684,292023,185885,3375,150648,1330,233297,15655,8,267975,64563,58,1613992869,4320,842.84537037037,932427924.0017007449598115712256,0.415254193301,0.354825173755,1386192026.9507589841722755788144,1386203978.9520007267487648,1184469259.4467067546200059508144,3338177071.5720662810782267431396,0.18846098,0.008396801583854879821024,0.172433,0.0076826815158705451504,245.941575,10.95782589316771946436,0,0,0,0,0,0,0.550099731704,48.231585896262,14.553030661505266,41.212782729788,12.435230556228472,0.000004563646311858432,0.0445545894107888,-58.339426212578296,-22.548112430270674,0.0449130426740551,0.00000467599461661203,0.000260852980280485,0.0409362143890301,0.0449130426740551,0.005648466953,30758793045.778713,18418928470.714705,1212904500.334506,20927763813.617712,30758793045.778713,8398910227.391386,30758793045.778713,30758793045.778713,30758793045.778713,2464323719.332896,13820378565.142364,30758793045.778713,67.2654225297,25222880710.389244,31105993502.56018,31112183422.160746,17114821889.298346,30992344064.610224,31111979900.7769,11124917538.279925,30069194126.474221,31112216389.008071,31112216351.632766,31112215830.066057,31112201383.160361,31112123399.996817,31110917973.717916,28566543285.691752,30728695817.365114,31081455564.750946,21132250145.094167,31112036732.17902,31108253892.062597,31027918694.028653,18183949020.88155,26422644439.265854,8633169712.217437,30309068683.439773,11611004268.621731,12371269898.915809,28994048573.099022,21222099229.133198,31112216390.778713,26584674555.656213,1305,0.015104166667,3133,645058954.886857,28740336.8807364491439991228016,272659.96157227,12148.252636613942069348906576,65035.716975,2897.63966685739240829988,47.130807969091,0.052972380901618814,0.04299790367155173,,
2019-09-02,4613,11077,224783,282676,927,137406,265788,40,55700,346522,338067,331503,319357,250523,30031,273680,92765,291963,185862,3373,151338,1367,233595,15897,8,267937,65186,59,1613992893,4320,879.582175925926,950770814.9238117684949293425556,0.423601585682,0.361957828229,1413561474.9688457971683738178668,1413573677.9943095830990104,1207855822.1748944495330030488668,3337007043.2881862189970045054108,0.20086226,0.009126034351452976206024,0.175733,0.0079843042425385727892,331.021006,15.0397046802546269538744,0,0,0,0,0,0,0.54984465866,39.527712161393,14.996531009516298,33.775522406936,12.81419139742035,0.00000437822196936997,0.0454342908989124,-56.54260785262697,-21.19682867301771,0.0445545894107888,0.00000456364631185843,0.000260231319103558,0.0405643502787578,0.0445545894107888,0.005644197682,30758792714.757707,18407079540.57718,1200730000.905052,20926282684.574069,30758792714.757707,8381083906.280371,30758792714.757707,30758792714.757707,30758792714.757707,2391433253.772788,13762225516.177583,30758792714.757707,67.2606626425,25213437370.515232,31105995593.479743,31112183063.269302,17106885819.544937,30992460405.745256,31111979442.561965,11127090289.583453,30069740616.299651,31112216057.986319,31112216020.606121,31112215498.908324,31112201031.414581,31112123011.347355,31110917972.394031,28562968974.217349,30729103197.456218,31081483253.188467,21125647822.357376,31112037069.680674,31108335765.696944,31029491482.166744,18260636931.734086,26469214903.427547,8631775006.338773,30321299315.910431,11636040519.502167,12371175866.363897,28988411485.78097,21217480455.196674,31112216059.757707,26584674224.635207,1648,0.019074074074,3923,787098831.643112,35761277.2830672268999857513888,270330.11746785,12282.25719577145726180696634,72620.1089625,3299.443155712940560742385,47.122072794793,0.05299036120806607,0.04326247874834796,,
2019-09-03,5565,11077,224882,282808,929,137467,265928,41,55708,346676,338215,331648,319500,250646,30030,273828,92790,292084,185959,3364,152374,1393,234258,16252,8,268255,65897,61,1613992915,4319,971.200972447326,976053011.9397877589176390252763,0.435894985778,0.372462255527,1451330295.193182315816921384173,1451342842.6567230942285842,1240128409.133634403895518403423,3329541156.8059353328827682784845,0.18895001,0.008814186579877444842427,0.172433,0.0080436970314423769891,394.149717,18.3863930255621197338159,0,0,0,0,0,0,0.55041704822,29.554959771874,15.49036601704039,25.254034429856,13.236162043356932,0.000004392994256644969,0.0466482461677427,-54.94442455523827,-17.238072418927405,0.0454342908989124,0.00000437822196936996,0.000254419539606962,0.0414198791429977,0.0454342908989124,0.005645567121,30758792320.60799,18394003374.272235,1334575167.61878,20923680783.838969,30758792320.60799,8366615445.996382,30758792320.60799,30758792320.60799,30758792320.60799,2375254180.758524,13726625447.141437,30758792320.60799,67.2523005392,25213911586.633737,31105990269.383391,31112182672.464574,17124693910.259835,30992376524.452779,31111979072.412916,11175130288.044657,30069171030.626725,31112215663.835308,31112215626.434152,31112215104.734611,31112200634.004903,31112122724.590423,31110916635.969102,28562563114.937075,30728756996.417028,31081473692.157525,21125367563.730376,31112040566.663985,31108453030.515933,31031533630.625617,18327792460.960115,26546374278.341367,8630283961.987061,30335950344.338657,11704764550.767237,12396336529.148742,28989239432.955909,21227121842.638439,31112215665.60799,26584673830.48549,2086,0.024143518519,4988,1052690171.319948,49106150.2500961706118786413796,341070.88665667,15910.358681410611120003798809,99999.626767,4664.8072061094080748888509,47.123573156812,0.05302570072663856,0.04361206700981181,,
2019-09-04,4632,11078,225105,283062,931,137654,266174,41,55774,346975,338512,331943,319787,250889,30042,274073,92923,292341,186179,3374,151626,1366,233937,15889,8,268321,65260,59,1613992940,4320,907.860185185185,950617673.8695517364652592342503,0.424880481658,0.363050614,1413289476.5055399342677056555296,1413301710.8961062796462654,1207623400.8276210290670204302796,3326322430.7025235489483229465591,0.1858025,0.00844018065823407355725,0.172433,0.0078328637743909581717,348.008086,15.8084585318618429711214,0,0,0,0,0,0,0.549803516368,20.984901069038,15.125956671760767,17.931116035536,12.924782601430046,0.000004294650100609002,0.0454255494852549,-56.87053514844396,-19.57665836554551,0.0466482461677427,0.00000439299425664495,0.000260264966728824,0.0424933875118116,0.0466482461677427,0.005651911732,30762662021.599904,18390007731.305546,1470640272.197069,20926938356.092347,30762662021.599904,8361367019.486622,30762662021.599904,30762662021.599904,30762662021.599904,2568479780.5246,13673501674.608678,30762662021.599904,67.2627716878,25205584827.151929,31105985369.393563,31112182297.755598,17105605383.603147,30992305409.856861,31111978660.361417,11113649308.360441,30067687494.196855,31112215315.826868,31112215278.418045,31112214756.360673,31112200273.916526,31112122326.468261,31110915893.139881,28557598421.343636,30728318253.343908,31081464105.815802,21121008514.236716,31112036241.258591,31108330260.697808,31029434203.198502,18246097899.531434,26458997400.089683,8630737549.488519,30319188974.785085,11599344580.502157,12338756425.045635,28985768752.076132,21215813946.53151,31112215317.599904,26584673482.477404,1873,0.021678240741,4165,1482600047.302789,67347921.8155940972500711459161,537699.41782717,24425.291512700861594111595633,101405.769086,4606.4127817064245512500214,47.049942007106,0.053059673872623364,0.04373528025270674,,
2019-09-05,4457,11092,225272,283285,925,137798,266388,41,55821,347258,338785,332214,320060,251081,30069,274293,93048,292585,186319,3375,151022,1325,233680,15640,7,268495,64763,57,1613992970,4320,859.045601851852,930588251.3923598100255036206724,0.416332430096,0.355746499592,1383480191.2783680262686506126724,1383492182.6567149771394076,1182152048.9967926823922982141724,3323018077.0680007519287450702472,0.19345409,0.008602405891500478469754,0.172433,0.0076676520774986044698,338.15775,15.03700552858068766215,0,0,0,0,0,0,0.548971955508,32.582085901931,14.9018957353749,27.840644088996,12.733327653381236,0.000004202897174346116,0.0444674283779706,-49.25281743652517,-16.64613751431807,0.0454255494852549,0.00000429465010060899,0.000259976008170797,0.0411627633766349,0.0454255494852549,0.005657267867,30762661683.442154,18382707271.363492,1448631145.064849,20927413285.122154,30762661683.442154,8335579310.958405,30762661683.442154,30762661683.442154,30762661683.442154,2402329943.968111,13620680407.508032,30762661683.442154,67.2642989223,25200674052.304405,31105979249.528995,31112181920.682575,17079733497.447342,30992256247.877871,31111978161.639978,11117773741.988439,30066180068.45635,31112214977.666203,31112214940.244455,31112214418.22453,31112199923.480116,31112121933.753974,31110913882.937297,28555651630.402367,30728186923.702572,31081440261.200782,21107575778.148008,31112034863.41461,31108229993.683242,31027726996.136698,18143957884.920842,26395784793.177878,8405667883.9995,30305664200.530926,11557007354.065139,12338122509.782194,28983776251.176887,21204357717.957837,31112214979.442154,26584673144.319654,1748,0.020231481481,4045,954887144.828193,42461375.7216925116606030051258,342614.0327088,15235.16496076624047776476128,68744.200979,3056.8778334344989025532174,47.037134127523,0.05257709557767132,0.042806984336349614,,
2019-09-06,4839,11102,225378,283409,926,137894,266507,41,55846,347409,338936,332361,320203,251192,30094,274413,93113,292712,186430,3378,151032,1315,233756,15620,7,268603,64710,57,1613992994,4320,918.652083333333,928185187.4203920385565871708444,0.415561957173,0.355086791141,1379990078.1687743136113019446106,1380002054.4252718660170108,1179165321.0896690155018278902706,3320780582.4097260701213320113703,0.18854674,0.008363037909562768899252,0.172433,0.0076483089331570353834,341.081057,15.1287357709008367050186,0,0,0,0,0,0,0.548756170917,27.333797796275,14.92122886103124,23.356013180772,12.749798639362751,0.000004293475540873592,0.0443552506373898,-49.50749058667025,-14.617570503355338,0.0444674283779706,0.00000420289717434612,0.000254767022472051,0.0402923236951233,0.0444674283779706,0.005662218294,30762661342.361097,18339093550.860074,1362773025.482919,20926162609.437878,30762661342.361097,8304236327.217748,30762661342.361097,30762661342.361097,30762661342.361097,2404584806.988204,13596536556.455351,30762661342.361097,67.2602797733,25197900449.753136,31105976422.057957,31112181563.108297,17073019773.70766,30992212680.917431,31111977796.540257,11104715699.909177,30065314433.635378,31112214636.584124,31112214599.137612,31112214076.944866,31112199575.206869,31112121564.159768,31110913149.249258,28555327584.26191,30727986197.787107,31081442477.603656,21097653692.944468,31112034242.301886,31108221262.044365,31027497199.801812,18110506540.038355,26386326522.828988,8405667883.9995,30303017164.27449,11543846320.728193,12324298065.387774,28982516114.675431,21193453026.49437,31112214638.361097,26584571254.697797,1809,0.0209375,4292,1138232413.594626,50486583.9885907653410959472148,350516.68696145,15547.25550276261611152122321,109608.046851,4861.6923899508688107495198,47.024598712852,0.05253988911294052,0.04263463286978087,,
2019-09-07,4317,11110,225536,283568,925,138028,266650,41,55902,347616,339140,332559,320392,251330,30115,274557,93243,292883,186586,3374,152591,1370,234688,16110,8,268943,65797,59,1613993014,4320,853.113657407407,963012861.6155066123473166171048,0.431305074281,0.368538871113,1432230724.4296886667550087614845,1432243168.0564181055970138,1223803580.8752341087813705114945,3320690642.9709136332297512239921,0.18610954,0.008567432662739534636662,0.172433,0.0079378419630405092399,304.102982,13.9991846781379007884346,0,0,0,0,0,0,0.548519514536,51.056012317389,15.588073375176158,43.626023121457,13.31959976147195,0.000004386519091586984,0.0460343551584703,-44.45626464338414,-11.791831072406099,0.0443552506373898,0.00000429347554087359,0.000262099310284231,0.0402220890758166,0.0443552506373898,0.00566619845,30762661038.258115,18332614411.213388,1305049580.428204,20919438499.798616,30762661038.258115,8272118994.09453,30762661038.258115,30762661038.258115,30762661038.258115,2363527807.866397,13565167897.644566,30762661038.258115,67.2386679876,25195787783.511847,31105979228.10025,31112181232.291162,17065656702.767996,30992160831.590375,31111977320.282796,11103946969.424177,30063952618.847934,31112214332.479487,31112214295.012696,31112213772.445214,31112199263.509024,31112121138.114588,31110912313.772873,28553162950.879431,30727928573.82518,31081441815.364586,21085928632.654782,31112038117.92686,31108395278.884834,31030603643.718107,18226890672.985142,26490405101.673347,8627371474.353078,30324594532.407554,11588496552.650701,12323826674.209177,28980298081.608933,21187662895.878394,31112214334.258115,26584570950.594815,1634,0.018912037037,3676,609374154.425726,28052146.2492263968808211269378,213896.35247528,9846.580656948387390063364184,90209.3639685,4152.72989954564278839738555,47.008052420644,0.05250007746898757,0.04330358996458443,,
2019-09-08,4239,11122,225754,283787,924,138219,266849,41,55979,347889,339407,332819,320646,251548,30139,274754,93364,293111,186798,3375,153205,1389,235160,16303,8,269172,66232,60,1613993037,4320,888.176851851852,975209415.7832882015935911099392,0.436815953294,0.373247772008,1450244369.9093600562852258692864,1450256984.8428970216594688,1239195766.2138778355332061790464,3320035266.5113467528025016901076,0.19793303,0.009226320641206775622784,0.172433,0.0080376789418380951424,317.484577,14.7990181630620312745856,0,0,0,0,0,0,0.548067266163,44.156968909674,15.96530176099359,37.730971453539,13.641931497232243,0.00000447892334744994,0.0466133451360128,-39.769112511736225,-2.036447347799455,0.0460343551584703,0.00000438651909158699,0.00025820293967431,0.0417011195696139,0.0460343551584703,0.005671425082,30762660720.773538,18323523640.546414,1223453471.748171,20921249331.875464,30762660720.773538,8226147922.012563,30762660720.773538,30762660720.773538,30762660720.773538,2336585428.521331,13528544068.053197,30762660720.773538,67.2444889991,25188403413.17439,31105977985.8918,31112180874.539104,17051586080.466638,30992113568.793113,31111976853.067908,11093167654.331002,30062507407.363039,31112214014.992897,31112213977.497514,31112213454.815454,31112198933.760433,31112120655.997685,31110912770.173356,28548378397.821257,30727443175.219451,31081436011.119134,21073690371.688156,31112038305.160669,31108449490.841743,31031471782.714184,18257136288.409209,26522010232.979846,8626050054.55523,30330960627.723946,11598985947.704882,12313629004.614915,28975906711.303323,21176414435.784865,31112214016.773538,26584570633.110238,1604,0.018564814815,3832,704582193.592492,32842932.9666158159863968958976,250933.94170376,11696.870430977480703365168128,116976.913588,5452.6852460229894124619264,47.003261458548,0.05250509088064505,0.04004759783505836,,
2019-09-09,3876,11105,225903,283961,926,138314,266999,41,56000,348095,339606,333013,320828,251704,30128,274914,93436,293282,186934,3370,153547,1391,235427,16366,8,269346,66436,60,1613993057,4320,863.303935185185,981790723.4620738629093807344175,0.440273154644,0.376201859329,1460121927.468159519404460304038,1460134640.444093020883079,1247635878.241157861362587168588,3316400084.9593038233241915035292,0.18979069,0.008907034075094817512685,0.172433,0.0080924233252475380545,258.305126,12.122473231187790610599,0,0,0,0,0,0,0.548556719709,53.125024650076,16.227992056811765,45.393939738177,13.866393443593012,0.000004542074879983168,0.0469308271922865,-38.24980461042605,-9.80457727369524,0.0466133451360128,0.00000447892334744993,0.000256674857355,0.0423004168513391,0.0466133451360128,0.005674097253,30763814308.468412,18309363685.876812,1207155635.278284,20919953518.812895,30763814308.468412,8207487506.606844,30763814308.468412,30763814308.468412,30763814308.468412,2369057379.647349,13515126752.303889,30763814308.468412,67.2403245916,25185359089.780045,31105976601.448869,31112180603.544459,17066813922.22342,30992016087.856361,31111976342.760526,11096805078.619072,30061442995.702311,31112213756.687555,31112213719.160081,31112213195.915206,31112198669.496532,31112120293.361099,31110912727.835508,28545305779.299179,30727210534.427641,31081424786.291957,21073937367.749845,31112038321.758049,31108473466.927791,31031911784.216171,18271445690.617599,26535748936.706834,8625401928.483535,30333856215.122373,11602623371.992952,12319418516.124985,28975531203.107697,21183576039.989678,31112213758.468412,26584570374.805112,1361,0.015752314815,3427,585641399.009196,27484635.293549483755673766654,217842.52650342,10223.52996646309590083986983,96803.449894,4543.065978592478906042631,46.990216200482,0.05248774249258704,0.036304521018459365,,
2019-09-10,4538,11114,226080,284171,932,138442,267190,40,56035,348362,339866,333273,321083,251885,30130,275122,93500,293507,187090,3371,153285,1385,235352,16202,8,269505,66124,60,1613993078,4319,878.910395924983,969127370.319376157860032992363,0.434863095392,0.37168952526,1441570868.5368714215303942634224,1441583434.4574461996217076,1232150526.0674774266210835005622,3314999326.9422993596022563588614,0.19282243,0.008934343368669781932058,0.172433,0.0079896080040576011198,312.179508,14.4647016279921124218648,0,0,0,0,0,0,0.548521616478,32.010813847729,16.291573888256405,27.360528700444,13.924859176195872,0.0000045939704155565145,0.0463345647530206,-36.59772206853545,-15.83418640636894,0.0469308271922865,0.00000454207487998315,0.000258731364060908,0.0425200353661188,0.0469308271922865,0.005679134419,30763813996.288904,18249375186.971104,1400636519.387535,20915862175.142105,30763813996.288904,8167049721.550733,30763813996.288904,30763813996.288904,30763813996.288904,2480683495.407545,13500843121.13931,30763813996.288904,67.2271749847,25183948448.698282,31105973958.831778,31112180256.618224,17065721611.758293,30991933544.496075,31111975656.263193,11041346192.681388,30060395392.799263,31112213444.506707,31112213406.96939,31112212883.404462,31112198347.340587,31112119939.882371,31110911147.813524,28542365249.144468,30726726707.888942,31081408239.130975,21067652035.594816,31112036969.898148,31108416838.485358,31030995496.723554,18243875925.713241,26496983188.512413,8624928800.502616,30325397339.083495,11577052264.589731,12293411809.721764,28974686116.468498,21179266578.400768,31112213446.288904,26592470062.798037,1619,0.018738425926,4226,971928223.827275,45033871.222213172696448916865,331733.33381453,15370.719636364738483937669318,95096.73653,4406.265896550224519862518,46.961162102416,0.05245965168662399,0.034525916498397424,,
2019-09-11,5418,11115,226551,284691,932,138774,267688,40,56160,348919,340424,333831,321642,252382,30172,275631,93736,294052,187520,3379,152381,1335,235171,15753,7,269822,65340,58,1613993101,4320,942.547685185185,935526140.9228228929851486340995,0.420435461864,0.359357826846,1392702859.7002645451109562976415,1392715014.7006386592232894,1190381683.9920788007797893697952,3312524717.887276690362122641251,0.19227425,0.008606938274527425948325,0.172433,0.0077187672685842625237,336.287669,15.0535352995406828981641,0,0,0,0,0,0,0.547847712813,26.987835586505,15.891899854388235,23.067250095027,13.583246690949942,0.000004413647207369575,0.0447638634633989,-35.86884648284275,-15.496324466680445,0.0463345647530206,0.00000459397041555653,0.000257993579417801,0.0419729408685084,0.0463345647530206,0.005692484337,30764727453.001235,18241828066.495806,1422045233.65808,20899137575.284455,30764727453.001235,8153069322.742476,30764727453.001235,30764727453.001235,30764727453.001235,2355517668.630307,13400932871.82001,30764727453.001235,67.173419973,25168956276.900274,31105967445.894406,31112179875.616475,17044754792.871003,30991725785.369963,31111974995.880399,11047691276.963895,30057741564.03786,31112213108.21918,31112213070.688554,31112212547.104276,31112198008.385358,31112119501.502808,31110910323.597211,28534688985.252332,30725876661.123061,31081379157.441612,21056408471.365643,31112032357.395436,31108268070.130294,31028086300.350139,18112427600.848277,26383684746.901286,8405667883.9995,30302837361.821973,11530893955.547103,12287096086.31693,28968294484.043285,21166035337.913155,31112213110.001235,26592469726.510368,1749,0.020243055556,5219,1152823575.283634,51604837.1213839551986451836026,566603.04010449,25363.341125184121565946551061,169947.189808,7607.4928005536491191184112,46.981985343797,0.05240195205656581,0.03440241526555927,,
2019-09-12,5803,11160,226962,285135,943,139067,268127,38,56269,349431,340929,334329,322133,252807,30211,276070,93889,294511,187877,3401,153288,1382,235880,16004,7,270318,65932,57,1613993125,4320,976.418981481481,950095134.2732206892250188682592,0.427442815597,0.365347205337,1414535828.4726312820346936448056,1414548190.1250156215525264,1209042924.3959878262690245647728,3309298406.3740498200944537183798,0.19773955,0.00899034987887399189972,0.172433,0.0078397720671655166872,354.151526,16.1017162670651338743184,0,0,0,0,0,0,0.546558806672,20.568601074527,16.335620212204756,17.580552640178,13.96250673587543,0.000004370281644388912,0.0454656131202584,-31.04975991704522,-13.425279282480728,0.0447638634633989,0.00000441364720736959,0.000251399253929321,0.0406596140026222,0.0447638634633989,0.005708864451,30764727098.849709,18194959178.934776,1341660088.049333,20897004770.620388,30764727098.849709,8254940956.169853,30764727098.849709,30764727098.849709,30764727098.849709,2444921421.026266,13387822214.95484,30764727098.849709,67.1665655368,25165219745.78282,31105963345.570661,31112179478.126083,17004653876.770421,30991569940.344949,31111974613.561096,10879253098.848443,30055947654.651956,31112212754.065133,31112212716.493493,31112212192.630919,31112197640.752119,31112119059.807052,31110909281.875068,28529206007.700075,30724879720.633281,31081333260.194119,21039744992.514091,31112033190.897685,31108330338.742761,31029297183.951329,18154203276.802748,26425119775.252712,8405667883.9995,30311760632.247431,11393145114.297199,12171635307.125254,28964002154.251876,21132541600.399909,31112212755.849709,26592469372.358842,1791,0.020729166667,5472,1512607135.65885,68771610.83280748808796624684,638795.69725427,29043.238034248350896192903368,100005.748224,4546.8226585543525842210816,46.878187046034,0.052370342225098857,0.03461189284521611,,
2019-09-13,3819,11152,227164,285350,941,139220,268337,38,56298,349683,341176,334573,322377,253009,30208,276291,93959,294734,188064,3397,153750,1386,236272,16092,7,270593,66135,57,1613993146,4320,861.210648148148,956793256.83134910758059745992,0.430691424625,0.368123880852,1424889171.63517596274612025176,1424901635.98708733664496,1217892211.58345159187357013984,3308375997.6753860425673595936749,0.19142881,0.0087671308687694226856,0.172433,0.00789715339657869608,266.851758,12.22138028725763765808,0,0,0,0,0,0,0.546535743524,32.237646353602,16.661692616136452,27.554408578161,14.241209823851216,0.000004426958737657931,0.04579838775976,-34.386131758476985,-2.614370625380809,0.0454656131202584,0.0000043702816443889,0.000251404428966994,0.041142906565239,0.0454656131202584,0.00571324296,30764726831.997951,18115280415.463261,1328796055.492929,20891417878.076917,30764726831.997951,8238786431.404079,30764726831.997951,30764726831.997951,30764726831.997951,2358978705.492111,13358465569.150028,30764726831.997951,67.1486088798,25160105790.692767,31105961544.429578,31112179179.020054,17003936185.365723,30991486516.179391,31111974168.378459,10888200270.438488,30054508223.812018,31112212487.211443,31112212449.61989,31112211925.710142,31112197364.118345,31112118816.812802,31110908532.00798,28526045270.511038,30724234179.112213,31081321767.748647,21032170914.766841,31112034196.413417,31108370223.313215,31029894010.599581,18164747158.5513,26441063425.730148,8407987882.9995,30314179524.115569,11401592506.650718,12176176003.497552,28963097065.230794,21130901253.204493,31112212488.997951,26592469105.507084,1394,0.016134259259,3426,965089453.111451,44199540.99645294992549301176,388023.54838817,17770.8529289994070051860392,99998.7412625,4579.781127827887249097,46.828585778312,0.05232802441978589,0.02833342971778719,,
2019-09-14,3529,11163,227300,285509,941,139316,268488,38,56334,349852,341341,334735,322537,253151,30214,276445,94037,294881,188192,3399,154396,1405,236693,16310,8,270820,66629,58,1613993169,4320,846.356018518519,967877309.344390530905939072681,0.437709853977,0.374122726143,1447926172.6009751816232568746083,1447938850.4264908874408962,1237582572.1660970653281444181634,3307958821.2277569898263131426707,0.18628416,0.008669448150864488713152,0.172433,0.0080248312738883240651,256.885862,11.9551692494902960523714,0,0,0,0,0,0,0.54612491394,54.598933279759,17.163712525646737,46.667219340686,14.670300114302279,0.000004490669029686987,0.0465388369621147,-31.744159953255163,-1.860289315665267,0.04579838775976,0.00000442695873765792,0.000252314282089257,0.0413337655736537,0.04579838775976,0.005718715086,30769365819.112089,18090378889.499758,1173274557.42337,20797195901.82923,30769365819.112089,8215458991.110457,30769365819.112089,30769365819.112089,30769365819.112089,2305186104.801601,13331366090.369359,30769365819.112089,66.8457638006,25158250145.68127,31105959903.193996,31112178929.763961,16991154227.739216,30991411839.537789,31111973897.559989,10883643547.039492,30053417581.211577,31112212230.325418,31112212192.717046,31112211668.758654,31112197102.196929,31112118531.966975,31110907612.196482,28523161455.30217,30724083522.513733,31081311629.391685,21024962894.505792,31112035561.381998,31108430335.371057,31031013963.227411,18192893331.567726,26484000527.126749,8624604828.981253,30323087084.956973,11418644514.399078,12169860467.792497,28961171872.014592,21123694878.070347,31112212232.112089,26592468848.621222,1379,0.015960648148,3029,569831869.65753,26519312.477808783161073578691,239372.99287573,11140.140688577042079015106231,96275.898362,4480.5683372502437017861214,46.778760700878,0.052341609166001245,0.02845460789979889,,
2019-09-15,3762,11174,227296,285542,937,139402,268496,38,56396,349938,341425,334817,322616,253169,30247,276468,94127,294933,188228,3393,154505,1406,236750,16344,8,270838,66737,58,1613993284,4320,833.241666666667,969461621.565598331919162724863,0.438542153491,0.374834114884,1450333289.4582390590855171349336,1450346004.0302259471803148,1239639999.286352860680884574069,3307169625.3451089743621760845939,0.21956154,0.010235126053124886627252,0.172433,0.0080381723079483026754,336.148717,15.6699779528382087341946,0,0,0,0,0,0,0.545542100116,71.647281196559,17.45175579135947,61.238914018548,14.91649863792869,0.000004523135931670174,0.0466162063407138,-32.720596134610716,-0.2028582983419899,0.0465388369621147,0.00000449066902968697,0.000246764773260113,0.0420173962159498,0.0465388369621147,0.005714820761,30769365482.963372,18046723834.300467,1216264592.507991,20796664886.882635,30769365482.963372,8151411913.298151,30769365482.963372,30769365482.963372,30769365482.963372,2268650105.104677,13292626073.232646,30769365482.963372,66.8440577495,25153504741.172494,31105955841.15164,31112178563.25889,16973021416.976646,30991538455.017706,31111973207.892475,10878215089.701009,30053106677.842372,31112211894.175532,31112211856.553619,31112211332.495745,31112196754.570956,31112118078.779362,31110907660.419416,28521045143.327127,30724255852.317628,31081329477.4564,21010218482.722846,31112035117.60574,31108439649.811611,31031179376.674395,18188440757.431306,26483795011.665257,8623907233.91547,30323797832.881855,11412808285.432287,12161566889.526542,28957092550.30692,21115875020.099308,31112211895.963372,26592468512.472505,1531,0.017719907407,3208,434241347.003934,20242684.2336048896092329680892,172541.9187619,8043.24968742740815205824422,39209.095243,1827.7792742803878928044534,46.746564049802,0.052257369907830205,0.02832511599316816,,
2019-09-16,3831,11174,227339,285587,936,139434,268546,38,56416,350033,341515,334903,322693,253248,30251,276517,94148,294999,188296,3391,154869,1413,236996,16470,8,270914,67003,59,1613993311,4320,859.093287037037,978490413.2872646154077359704143,0.442918642802,0.378618952945,1463839853.0996494797789844880947,1463852699.4720895782585538,1251330287.1022105795940001089245,3304985863.4083554197358379686898,0.18989428,0.008934588720738740017084,0.172433,0.0081130297178153189099,284.651523,13.3929483644104710840369,0,0,0,0,0,0,0.545429343415,57.916451563796,17.82304932770281,49.508564621879,15.23562935183525,0.000004586775580959921,0.0470503309564603,-32.52793970880747,-0.6282636010548175,0.0466162063407138,0.00000452313593167016,0.000246069037274231,0.0420894553499164,0.0466162063407138,0.005718432152,30771855927.311849,18048232931.05897,1210333968.094518,20796674399.437181,30771855927.311849,4646581492.755306,30771855927.311849,30771855927.311849,30771855927.311849,2258029578.17666,13283017713.376525,30771855927.311849,66.844088936,25151021703.094805,31105948545.013361,31112178238.989664,16969513151.339847,30991474040.709044,31111972931.029704,10875431437.229483,30052991706.021069,31112211609.523095,31112211571.881377,31112211047.651514,31112196466.065334,31112117770.449877,31110909264.796012,28519451637.351618,30724116578.378805,31081330475.963907,21005121539.034942,31112035384.746616,31108477212.78564,31031834821.846706,18202827975.427292,26508531476.953664,8624796720.554763,30328912045.865239,11431303401.350761,12159592359.247602,28956123400.96916,21113754153.412312,31112211611.311849,26595568227.993415,1499,0.017349537037,3268,537191260.363066,25275026.5870002891560162152798,192519.85669464,9058.122973173121121312382792,47918.944909,2254.6022170528383933456127,46.71937661842,0.05221635974041612,0.028265015776202898,,
2019-09-17,5081,11133,227282,285542,937,139426,268498,38,56395,349998,341479,334875,322665,253199,30202,276463,94142,294958,188247,3384,156675,1512,237817,17037,8,271134,68406,64,1613993334,4320,937.611574074074,1023255449.3714071694148655887471,0.463336881303,0.396073019996,1530335143.5683444449981195559284,1530348593.6501853757016522,1308172274.6002618173115850434246,3302856313.2428211576215239521293,0.19628843,0.009654957687184353093901,0.172433,0.0084815662281992859031,409.850237,20.1595514127729228779659,0,0,0,0,0,0,0.546443318771,34.500540042568,18.83143064175747,29.492003847723,16.097621204178246,0.000004824389999806272,0.0491876046244007,-22.4372471498069,-2.9490257750683386,0.0470503309564603,0.00000458677558095994,0.000238313342974832,0.0427811138563011,0.0470503309564603,0.005707763773,30771855517.461612,18054869456.519675,1328408107.717335,20803116093.679353,30771855517.461612,4618959490.854414,30771855517.461612,30771855517.461612,30771855517.461612,2311656678.587647,13267936009.09807,30771855517.461612,66.8647945303,25150744437.865881,31105946277.799742,31112177812.92,17001059943.226039,30991553936.385431,31111972473.106222,10896027875.306219,30052915328.910663,31112211199.671211,31112211162.078009,31112210637.843296,31112196049.889448,31112117291.545627,31110908590.235639,28517082011.19686,30724254845.657714,31081335260.305074,21024607399.154025,31112040549.552755,31108657015.808199,31035683740.710012,18436261536.703376,26634236644.237074,8663811753.261232,30358418263.423489,11557313546.660315,12182219166.008138,28957536422.946139,21139148336.461547,31112211201.461612,26595567818.143178,2088,0.024166666667,4664,901789107.158165,44356846.0574871351485932367155,250536.56372102,12323.293440265503999079492714,96097.2579805,4726.79393103386887310478635,46.709485356389,0.05231659711932116,0.026575751754514924,,
2019-09-18,5729,11168,227289,285579,936,139473,268503,38,56448,350070,341548,334938,322721,253215,30226,276484,94206,294992,188275,3390,161784,1746,240937,18971,9,272647,72174,70,1613993357,4320,1000.634259259259,1107082690.3598533344764687353659,0.500817693896,0.428112641232,1655472052.12093689816841789136,1655486624.3727146124381674,1415142718.3109961179163488104754,3305538267.3120101117617465721862,0.19414111,0.010330194277402163240009,0.172433,0.0091751118031378681927,419.927212,22.3442097468580714931828,0,0,0,0,0,0,0.545844591208,36.614752715025,20.62113697863234,31.299290508132,17.62751101791077,0.000005236497505354725,0.0532097208952919,-22.822323089015384,5.885497769107682,0.0491876046244007,0.00000482438999980627,0.000235023998986441,0.0444330953810873,0.0491876046244007,0.005709043326,30771855097.5344,18008918211.64908,1511515038.078485,20806023255.382461,30771855097.5344,4659225581.258079,30771855097.5344,30771855097.5344,30771855097.5344,2306618447.639234,13260079099.389683,30771855097.5344,66.8741395508,25151716934.296841,31105943794.854944,31112177382.48819,16982431975.630592,30991629638.463393,31111971681.297656,10886873678.447214,30053081796.168883,31112210779.743057,31112210742.127725,31112210217.341174,31112195619.959116,31112116770.7823,31110908655.772191,28516188690.364684,30724481658.68127,31081348515.577061,21011460093.515902,31112069292.880314,31109269783.611221,31045750892.128686,18876404540.859731,27009019319.043844,8862438380.3023,30431818034.090476,11665505767.231957,12173645561.337344,28955353688.205412,21121076892.692805,31112210781.5344,26595567398.215966,2163,0.025034722222,5066,849717899.877201,45213252.2921994526387890499719,195017.88261805,10376.847103697238109090958795,96834.529837,5152.5383056535858433744203,46.576244242272,0.052172696967563895,0.030233538786602246,,
2019-09-19,5375,11169,227124,285355,935,139411,268298,38,56479,349924,341397,334780,322551,253036,30234,276241,94186,294777,188136,3392,161027,1713,240477,18766,9,271894,71732,69,1613993383,4320,959.215972222222,1091389901.909300530626837302629,0.493782537538,0.422098796566,1632212918.359193307515449476889,1632227306.183702509814398,1395260172.655095304007800131247,3305529852.2649707513212515125905,0.19080628,0.01001010443077466300164,0.174674,0.009163770612482636762,387.145947,20.310502146057000070311,0,0,0,0,0,0,0.54600867777,38.30454807987,20.53881860026178,32.743773662275,17.557142983000535,0.00000510908911001421,0.052462132959013,-27.002181125603173,6.545272204428848,0.0532097208952919,0.00000523649750535474,0.000252512395242471,0.0482766040352733,0.0532097208952919,0.005701025491,30771854710.388453,17962857511.188188,1530440005.298447,20803384085.850433,30771854710.388453,4622985307.314269,30771854710.388453,30771854710.388453,30771854710.388453,2389409141.506592,13215325879.640327,30771854710.388453,66.8656576378,25150967698.437846,31105948402.35534,31112176958.068051,16987536859.945369,30991805869.116451,31111971906.707824,10887066463.200802,30054257503.33129,31112210392.594946,31112210354.933461,31112209829.438777,31112195210.38546,31112116214.396568,31110910347.971917,28516790707.871317,30724878368.373842,31081368639.586605,21013172582.341218,31112058981.810312,31109218049.193569,31044587300.452037,18818304426.259341,26969698926.756057,8861455986.560327,30423966431.489701,11648340040.29263,12178304115.755726,28953945805.983855,21119801247.833977,31112210394.388453,26595567011.070019,2029,0.023483796296,4814,812232801.429105,42611465.222245310748790273365,197412.37524819,10356.67427802511076497243647,66655.523559,3496.890939404881402887267,46.536132802848,0.05174447211610253,0.030096741447705518,,
2019-09-20,3997,11176,227053,285289,936,139361,268229,38,56462,349898,341371,334753,322516,252963,30224,276166,94178,294710,188075,3396,160763,1695,240251,18651,9,271804,71513,68,1613993409,4320,845.597685185185,1082626173.6312342712206907811565,0.489944696034,0.418818104192,1619327721.119144785577685309915,1619342010.354314493130191,1384245552.028007467138311127926,3305123484.8103853489181876493051,0.19190637,0.009988339103465086470645,0.172433,0.0089747895113007205305,288.051463,14.9924970791393038557855,0,0,0,0,0,0,0.545900224848,52.652133020772,20.75074217098257,45.00848098149,17.7383010102556,0.000005117732616475374,0.0520479810204585,-35.757305074285966,10.639065408139144,0.052462132959013,0.00000510908911001419,0.000236782865984873,0.0474793104118036,0.052462132959013,0.005702078185,30772376507.33699,17925412549.913114,1437870863.956928,20800541200.737189,30772376507.33699,4622645553.238605,30772376507.33699,30772376507.33699,30772376507.33699,2272013685.263428,13183994567.863664,30772376507.33699,66.8565207346,25154941317.23481,31105947872.556577,31112176652.507857,16984162492.569275,30991821400.907667,31111971654.33885,10891068528.376709,30054358537.116474,31112210104.54354,31112210066.890152,31112209540.947406,31112194908.580205,31112115862.527627,31110909663.537815,28517275462.600479,30725122609.81377,31081372429.033172,21011437462.698932,31112058312.795891,31109187877.944204,31044192012.427554,18777035463.974535,26949899280.219622,8862185592.71808,30420200681.50235,11626360574.22666,12173195500.027655,28954945290.747547,21113127798.365851,31112210106.33699,26595566723.018556,1501,0.017372685185,3310,590901228.902968,30755215.946907282099119370828,215916.51832685,11238.018847879368680039860725,83157.355345,4328.1724527080831993256825,46.503984271984,0.051695717756282,0.02879336559563788,,
2019-09-21,3391,11133,227001,285246,940,139279,268174,38,56394,349870,341342,334726,322500,252902,30184,276111,94110,294684,188000,3383,160536,1659,240107,18528,9,271727,71315,67,1613993433,4320,843.920601851852,1073788806.7607806146414005506,0.487493590496,0.417007720485,1610794897.0527252425866868197198,1610809123.6442928915318268,1377892799.584531797069226322634,3304238103.7537660198822996457439,0.19075742,0.009876221588697551870636,0.172433,0.0089274981660156913514,244.360259,12.6514400611809765920222,0,0,0,0,0,0,0.547239287118,42.237100080711,21.01039587855352,36.130109539724,17.972538434563848,0.000005184419821277656,0.0517737217702858,-40.903881042728045,4.744293485918752,0.0520479810204585,0.00000511773261647537,0.000239636475956879,0.0472557999177003,0.0520479810204585,0.005695669415,30772376262.976731,17907400158.085255,1383991405.737873,20740035099.757,30772376262.976731,4430584395.400286,30772376262.976731,30772376262.976731,30772376262.976731,2394043589.519757,13112241514.219527,30772376262.976731,66.662044232,25155139768.087201,31105949253.764133,31112176383.517226,17025823545.520157,30991793783.776566,31111971264.094888,10912782913.046872,30054404910.621947,31112209860.183315,31112209822.546124,31112209297.152026,31112194662.778631,31112115520.566651,31110909001.369044,28519339396.198181,30725138443.42195,31081359692.875483,21027136283.987871,31112057534.009289,31109171313.947183,31043891534.44011,18739752666.792273,26935628594.599313,8903117167.811102,30417762293.533289,11628623993.343496,12195137508.210191,28959993469.558957,21141690192.311003,31112209861.976731,26613748296.83073,1281,0.014826388889,2716,736608569.303395,38136967.120722258175516060291,311656.57820653,16135.620967944201267209526274,70998.534943,3675.8583942367961903967094,46.488885196122,0.051567439211644125,0.027475777859632865,,
2019-09-22,3708,11117,226956,285213,937,139232,268143,40,56352,349851,341319,334702,322470,252870,30149,276080,94089,294640,187956,3379,156269,1492,237401,16978,9,270757,68245,67,1613993461,4320,848.301157407407,1016316385.3123688044554865484868,0.462977446795,0.39670596395,1524252222.874329884167966459218,1524265698.0332598169764276,1306067825.9040444744216426543186,3292281802.118004194725181649777,0.19116149,0.009365401230640369993494,0.175553,0.0086007086586456763518,263.611701,12.9148886052133264563606,0,0,0,0,0,0,0.547510441264,8.450713766406,19.75254368497351,7.241062332462,16.92512656341063,0.000004876284055345296,0.0489920916113406,-40.9700807069,-1.6693964131741885,0.0517737217702858,0.00000518441982127765,0.00024024925572689,0.0470456756833813,0.0517737217702858,0.005692783262,30772375999.36503,17907431384.149941,5213286665.839868,20744498793.293278,30772375999.36503,8375138276.177379,30772375999.36503,30772375999.36503,30772375999.36503,6379069595.94397,13067956865.47134,30772375999.36503,66.6763918767,25157059362.78676,31105946344.33758,31112176129.201503,17034259605.909534,30991793633.576259,31111971025.72836,10943242893.637084,30054204795.457201,31112209596.5709,31112209558.92792,31112209033.275867,31112194392.380403,31112115285.287441,31110908523.68167,28518837468.826362,30725307243.806063,31081360697.292636,21033883706.785945,31112038596.237247,31108638215.271867,31035466420.535623,18421362209.615353,26632092450.708196,8653920029.795339,30357191631.087882,11621056763.289852,12198129985.295542,28962217318.690499,21152388780.156004,31112209598.36503,26658748033.564631,1379,0.015960648148,3397,3681607312.514444,180369642.7316891026593717036264,1580603.21614186,77437.057566401592547354377516,99989.827743,4898.7108009872218993022658,46.621361149561,0.05158610197879572,0.02932638277155285,,
2019-09-23,3526,11122,227030,285315,936,139282,268209,40,56401,350014,341479,334857,322624,252939,30179,276162,94153,294760,188012,3371,154130,1388,236392,16210,8,270532,66575,62,1613993511,4320,864.215046296296,961914330.0041741255685310162704,0.43900561973,0.376165509803,1442743320.274414595677280634144,1442756087.4139136592162928,1236226262.7077590376805333168808,3286389183.7265030814737716259014,0.18731532,0.008686233879126402238176,0.172433,0.0079961071335724323944,270.85795,12.56029406308424266156,0,0,0,0,0,0,0.547575759639,40.615145657665,18.94613153337303,34.801415484049,16.23414577571323,0.000004784225151190144,0.0463722555054568,-48.49938588222835,-7.812552849760017,0.0489920916113406,0.0000048762840553453,0.000232133017473405,0.0445148498397199,0.0489920916113406,0.005694835457,30772375728.50708,17875569480.947227,5221580768.111309,20743315577.802378,30772375728.50708,8353332871.770513,30772375728.50708,30772375728.50708,30772375728.50708,6398439406.812284,13019094086.574289,30772375728.50708,66.6725893987,25152673815.549266,31105946598.141144,31112175825.32181,17036291656.54431,30991759506.343382,31111970286.888306,10943687183.904345,30054051523.491443,31112209325.711048,31112209288.049014,31112208762.409611,31112194107.053694,31112114863.389939,31110907837.345968,28517786884.883291,30725380817.453878,31081342801.472952,21022394505.634514,31112031807.895383,31108411305.115672,31030845542.600854,18209116529.284566,26465335394.644312,8444485378.787913,30321029836.329495,11516814484.024916,12197495206.392826,28960141103.631662,21150711388.028967,31112209327.50708,26658747762.706681,1446,0.016736111111,3275,766024812.264473,35522298.3178477197244162762664,298871.26195647,13859.334522683737420329065496,73612.276245,3413.567282371408066513716,46.589324068908,0.05131413008039552,0.030882980600916165,,
2019-09-24,6586,11118,226932,285177,935,139237,268093,40,56446,349923,341385,334754,322508,252824,30183,276036,94202,294624,187931,3372,146404,1136,231422,13251,8,269222,61172,51,1613993551,4320,1033.905787037037,790034516.0301868407550856167872,0.362172081266,0.310330071248,1185184130.5434975772846043240544,1185194636.0429462179237488,1015534588.9372646979455492611272,3272433718.2451345627810557524001,0.18964754,0.007224406848381931205712,0.172433,0.0065686385707246270824,460.843532,17.5553090148879213609696,0,0,0,0,0,0,0.547340866077,26.466021131986,15.982500758584372,22.677623837868,13.694734784050345,0.000004422488269538248,0.0380938600541928,-53.74057610327385,-22.997841100613723,0.0463722555054568,0.00000478422515119014,0.000230447797140711,0.0422076535101723,0.0463722555054568,0.005690700624,30773144497.663548,17851819742.623162,1496308549.738422,20739156255.267224,30773144497.663548,8397297507.097721,30773144497.663548,30773144497.663548,30773144497.663548,6488364608.732345,12975762764.038951,30773144497.663548,66.659221607,25151590047.934213,31105949490.766553,31112175349.795659,17028983346.657625,30991847452.583035,31111970073.763622,10945277073.599163,30054691129.086028,31112208864.865954,31112208827.160258,31112208301.109024,31112193635.915812,31112114445.583661,31110907495.235387,28516043090.097155,30726018442.940228,31081358555.565217,21024217350.902594,31112002874.996513,31107248423.70578,31012558992.475501,17609731415.303591,25756939791.039208,8444485378.787913,30191336160.517608,11259933029.613495,12197136517.362409,28957422306.679688,21150544025.425258,31112208866.663548,26658747301.863149,2430,0.028125,5797,1175552936.782864,44781349.0601017768075263921792,291941.40055733,11121.174856855972925923273224,95157.251639,3624.9070270776744466219992,46.571374199993,0.053300637496615434,0.04697616831249497,,
2019-09-25,5771,11125,227039,285278,937,139337,268193,41,56504,350047,341507,334877,322628,252925,30198,276140,94311,294725,188020,3376,147414,1154,232050,13607,8,269473,61830,52,1613993605,4320,946.830092592593,809560343.477388609990816923592,0.3716287773,0.318433116875,1214895954.029973279633260399925,1214906738.949891700756218,1040993402.424344934015043297908,3269111619.549243226421166385478,0.1885904,0.0073642381978873104432,0.172433,0.006733310312594398239,411.127073,16.054039310443186537359,0,0,0,0,0,0,0.547222364691,30.489735737789,16.662154405066424,26.125376119177,14.277101465614026,0.000004635341764745372,0.039048849771183,-51.74725143065369,-21.290146294637356,0.0380938600541928,0.00000442248826953825,0.000226159096138715,0.034671281663972,0.0380938600541928,0.005693159217,30773144086.536475,17798737588.544674,1588853708.625267,20731989500.874424,30773144086.465873,8363137813.778657,30773144086.536475,30773144086.536475,30773144086.536475,6501044188.46224,12910189090.298104,30773144086.536475,66.6361873041,25147826910.797168,31105950034.102507,31112174929.969603,17025296281.796935,30991847488.216727,31111969653.425288,10973929597.750248,30053587288.698082,31112208453.738222,31112208416.041008,31112207889.849747,31112193219.065712,31112114054.521615,31110907321.910207,28512359832.247891,30726095635.369731,31081348225.645623,21017924715.508482,31112006376.016796,31107384061.306374,31014922012.014458,17647113120.510122,25843842218.006187,8444485378.787913,30205812487.344058,11287868629.985845,12198685843.645462,28953614189.140151,21141331680.293158,31112208455.536475,26658746890.736076,2180,0.025231481481,5144,1020415812.163839,39846063.753325439643256851537,248510.50270204,9704.04928657312695722731332,85122.786751,3323.946911944245653996433,46.562470377016,0.052801055386643904,0.0473312838963595,,
2019-09-26,5102,11145,227061,285255,931,139367,268197,41,56566,350050,341510,334875,322628,252931,30234,276131,94381,294698,188065,3378,146552,1128,231546,13275,8,269317,61297,50,1613993644,4319,932.537161379949,789036882.4484969430423632736118,0.362872696661,0.310930397937,1184192510.4570784722799944044958,1184203036.0661968778561876,1014684907.1252828905220821691564,3263382782.3172396018856602413141,0.18777696,0.007147164511782875770176,0.172433,0.0065631428811088251598,348.138482,13.2508429348113926448892,0,0,0,0,0,0,0.546327950068,31.036880410245,16.667291187803254,26.594201397518,14.281502932659508,0.000004703833646389839,0.0380619886049006,-51.97607976729032,-23.42288103361619,0.039048849771183,0.00000463534176474537,0.000229906539629925,0.0357196474984416,0.039048849771183,0.005698985778,30773533702.397993,17764504469.555286,1575839220.866336,20730311561.989853,30773533702.127391,8420697671.444653,30773533702.397993,30773533702.397993,30773533702.397993,6508851831.399266,12849570964.595232,30773533702.397993,66.6307948649,25143402782.413091,31105952557.466214,31112174571.328317,16997468877.402006,30991829876.064129,31111969641.114923,10978660997.348967,30053489167.747106,31112208105.598891,31112208067.873909,31112207541.775383,31112192859.236894,31112113764.623062,31110907439.464038,28510787640.135825,30726323517.064956,31081372527.287485,21001290844.62937,31112002195.045086,31107250107.459793,31012596868.748487,17567181963.315167,25748219301.362448,8444485378.787913,30190293735.099145,11240273258.483299,12191279307.858562,28949267297.446498,21122746400.405753,31112208107.397993,26658746542.597594,1854,0.021458333333,4330,1002427038.289832,38154366.5086318430237583506992,278244.37924255,10590.53439210757913984604053,96236.85772900001,3662.966182252638615006623449006,46.564037780689,0.05282690784839861,0.047399766996882295,,
2019-09-27,4958,11109,226877,285074,932,139216,268012,41,56488,349933,341386,334747,322503,252740,30194,275951,94281,294562,187901,3381,147468,1159,231965,13657,8,269301,61940,52,1613993680,4320,896.2625,812473641.6606815032286334212744,0.374008429396,0.320472139779,1219950726.5428167354038925965584,1219961583.6447357203454266,1045324621.1348913026559306068655,3261826821.6884982073228368267543,0.18848879,0.007390894213819840411009,0.172433,0.0067613254983046818943,348.327289,13.6583727063325694052119,0,0,0,0,0,0,0.546993393628,32.321055864542,17.720250340045673,27.694557444978,15.183739449556821,0.000004789590226788883,0.0392113197491471,-54.390203366039984,-14.61578909875086,0.0380619886049006,0.00000470383364638984,0.000228827823630682,0.0348486519959079,0.0380619886049006,0.005691841275,30773533354.070704,17732346647.134038,1518429057.183203,20720385002.556664,30773533353.7995,8435510040.185215,30773533354.070704,30773533354.070704,30773533354.070704,6533243764.075868,12804416668.645491,30773533354.070704,66.5988899374,25148231202.136741,31105952611.274007,31112174159.551523,17018172105.398769,30991854729.190205,31111969172.445412,11014856431.977356,30053903228.394579,31112207757.269768,31112207719.520728,31112207193.503046,31112192512.14925,31112113367.143582,31110906872.016868,28513678092.446883,30726643714.51562,31081388131.898376,21027284130.693223,31112006112.814135,31107406502.026771,31015388439.0478,17665932870.600553,25860894349.217682,8487194513.458891,30209413938.973685,11328110221.212953,12224605670.791055,28954295542.324563,21144832413.903805,31112207759.070704,26658746194.270305,1848,0.021388888889,4047,962598743.353626,37744767.1157662159397071923846,290411.49635981,11387.418042592778994002218051,60138.882969,2358.1249694539958844657399,46.513980316045,0.05284888593634835,0.0459847306700012,,
2019-09-28,3325,11106,226943,285132,930,139265,268075,41,56487,350031,341484,334842,322594,252798,30189,276021,94301,294627,187954,3375,147018,1142,231730,13428,8,269314,61590,50,1613993718,4320,848.667361111111,798964615.0193294985554530714932,0.368584647828,0.315824728387,1201459817.113690136785049406006,1201470518.8178745995770974,1029480534.9163065158671573204929,3259657786.0562574170842180392419,0.18939582,0.007313896550097369887958,0.172433,0.0066588434941327627077,237.312964,9.1643124367421695828116,0,0,0,0,0,0,0.547078216276,57.227363335139,17.829673596232926,49.035727852839,15.277499629849142,0.00000470825276070038,0.0386169903332469,-53.90390320213404,-13.345366041276856,0.0392113197491471,0.00000478959022678889,0.000225244121553356,0.0358721679804134,0.0392113197491471,0.005691720039,30773987672.75774,17686208466.125394,1418018736.110394,20689458399.648228,30773987671.252043,8388904561.149944,30773987672.75774,30773987672.75774,30773987672.75774,6517845657.875177,12762675008.442623,30773987672.75774,66.4994870106,25148149573.759926,31105953051.572072,31112173887.576833,17020810995.412035,30991840019.137736,31111968880.343557,11019215197.312307,30053217712.546226,31112207519.957105,31112207482.193843,31112206956.001127,31112192262.532497,31112113182.36491,31110906204.805691,28512150153.772693,30726436377.218957,31081383471.71315,21023403153.447334,31112004535.373715,31107329439.112701,31014092808.822952,17630030897.350275,25802540650.914796,8487194513.458891,30199785389.199576,11280827458.446639,12229373359.959517,28954064523.992295,21147825578.932561,31112207521.75774,26658745956.957341,1253,0.014502314815,2825,543659636.030345,20994498.9091603609237907771805,229166.83511041,8849.733456159489249255290229,71347.071021,2755.2091519234370318280849,46.423448602487,0.05277760488563442,0.0457889826772898,,
2019-09-29,3763,11100,226940,285158,929,139295,268093,41,56477,350092,341544,334900,322647,252812,30192,276046,94320,294646,187971,3372,145844,1112,231062,12940,8,269183,60848,49,1613993753,4320,857.566435185185,773247482.1617707046093997766992,0.359310411164,0.307878023478,1162955623.4675319507799164762746,1162965991.7032905945177316,996487904.6675017755299667880992,3236632135.7039980882832373368314,0.18877964,0.007056469573034118428744,0.172433,0.0064454419866834799718,254.097389,9.4980078045805908977294,0,0,0,0,0,0,0.547176557885,40.558118341659,17.854359006267096,34.752550783521,15.298651501669406,0.000004635050169039123,0.0373793994576646,-55.710709017750204,-16.52187993982032,0.0386169903332469,0.00000470825276070037,0.000222193550687625,0.0353462500450131,0.0386169903332469,0.005689016539,30773987418.660351,17521598911.327981,1262272397.779261,20686460814.800952,30773624206.3459,8393323082.313586,30773987418.660351,30773987418.660351,30773987418.660351,6461209871.1527,12758693743.869101,30773987418.660351,66.489852799,25146751866.582504,31105948156.288506,31112173630.914366,17023870480.911647,30991890343.89138,31111968461.995157,11032964161.245838,30052521711.80813,31112207265.858918,31112207228.091248,31112206701.679411,31112191992.803791,31112112932.688322,31110905572.711662,28511942455.671706,30726409486.925474,31081391656.123562,21021634046.197165,31112000231.610418,31107150024.669144,31010974624.370228,17556573022.657071,25674306912.260831,8487194513.458891,30179820584.682589,11267876352.38017,12241664253.243061,28954033633.837396,21148984704.033233,31112207267.660351,26658745702.859952,1346,0.015578703704,3227,767101841.499969,28673806.1581374571879777123974,334198.05018329,12492.122415773837000625344534,75901.730108,2837.1610892347800411857768,46.373650098305,0.05125650739242505,0.046027491280278394,,
2019-09-30,4605,11112,226944,285175,934,139317,268108,41,56527,350138,341587,334941,322689,252815,30216,276065,94380,294671,187969,3376,147270,1150,231884,13509,8,269373,61777,49,1613993804,4320,878.075694444444,803288225.1121270407237334836143,0.373781143182,0.320277386332,1208878193.2738633277146124587099,1208888983.9232720791076438,1035837027.0902726408165853389652,3234187211.7568689347654686846404,0.18662671,0.007251461154319894704263,0.172433,0.0066999584422982241049,334.435068,12.9946185315292354410204,0,0,0,0,0,0,0.5470886251,31.321144452563,18.910333607415332,26.837775166532,16.20347182551322,0.000004691344602651539,0.0388554304703753,-54.2365692666464,-13.487423347470283,0.0373793994576646,0.00000463505016903913,0.000220068681497831,0.0342008934511978,0.0373793994576646,0.005688773617,30773987084.225283,17466460348.456784,1448412536.979078,20673769802.256631,30647271686.138086,8414670641.471015,30773987084.225283,30773987084.225283,30773987084.225283,2592945281.929998,12402697007.38505,30773987084.225283,66.4490624102,25143449198.235971,31105948293.38626,31112173282.542275,17021134514.918935,30991954211.675085,31111968142.486412,11035068880.912595,30052694861.890252,31112206931.422293,31112206893.642442,31112206367.243613,31112191651.089122,31112112616.076816,31110904197.905486,28510514946.736877,30726751224.572364,31081386554.856648,21014172569.812164,31112004473.415627,31107364503.321577,31014721703.406172,17640523945.580528,25817024580.004578,8487194513.458891,30203033219.510098,11265681145.660849,12226850401.310868,28950941777.280508,21138602034.732927,31112206933.225283,26658745368.424884,1792,0.020740740741,4030,993329186.305631,38596233.1326929179335970733143,311149.34589932,12089.841775493782229796414796,85541.408494,3323.7482500765881027877982,46.369151734186,0.05112789720688393,0.04672570689164982,,
2019-10-01,3756,11126,227097,285372,934,139433,268277,41,56568,350375,341824,335173,322913,252972,30244,276263,94466,294871,188112,3377,146926,1138,231768,13374,8,269424,61495,49,1613993860,4320,850.133796296296,793273642.0564632595930207180656,0.369567916582,0.316667248685,1194438912.386437949600768839272,1194449584.6390868592719328,1023464611.3363329205534988923488,3231987569.2466411478867311453521,0.18652158,0.007160811047145649774944,0.172433,0.0066199317595983576144,273.254118,10.4905883107597573792224,0,0,0,0,0,0,0.546863757847,56.821711430316,19.378939211466125,48.688141521028,16.60500029134751,0.000004617366062275323,0.0383913274117968,-54.20130411044142,-13.833057560394836,0.0388554304703753,0.00000469134460265154,0.000216454268920217,0.0356710501755441,0.0388554304703753,0.005693922829,30773986810.971165,17383406849.281179,1378075134.762946,20662834435.172667,30150681679.404973,8393820893.299885,30773986810.971165,30773986810.971165,30773986810.971165,2563084911.532786,12362427688.853693,30773986810.971165,66.4139148373,25139819236.079982,31105944799.935827,31112172983.857034,17014138248.987342,30991890281.582443,31111967498.305343,11031469796.42607,30051624934.052957,31112206658.16827,31112206620.358329,31112206093.592835,31112191364.286203,31112112324.740743,31110902922.646282,28508834928.305401,30726516154.427235,31081378519.81708,21005249878.023583,31112000771.272122,31107291615.803247,31013467027.450807,17601925533.402302,25774820512.547323,8487194513.458891,30193654055.218052,11262082061.174324,12221058271.162497,28948910928.052495,21130665449.944346,31112206659.971165,26658745095.170766,1465,0.016956018519,3244,547540823.336976,21020819.0200546357266840384768,183491.86672523,7044.496332850087623686193264,49227.796014,1889.9204345346194476179552,46.344728846613,0.051086587934577835,0.04674082625485555,,
2019-10-02,3734,11139,227257,285589,934,139543,268460,41,56596,350621,342066,335417,323151,253150,30254,276471,94534,295097,188249,3380,147997,1163,232467,13745,8,269769,62227,49,1613993904,4320,823.428009259259,813837898.164358975034092278206,0.379419805382,0.325107720098,1225954992.123258997546279881939,1225965956.600780342767129,1050465544.4406630678212799122005,3231130728.3735343631004126324111,0.18656402,0.00735142627948207990523,0.172433,0.0067946032018924843295,269.771579,10.6301626397092858432085,0,0,0,0,0,0,0.546528266517,70.076839984551,20.395135567663274,60.045683846485,17.475671884920633,0.000004712007667567438,0.0394043089309615,-52.0071458158052,-13.271874279642917,0.0383913274117968,0.00000461736606227532,0.000217348162779933,0.0351741052269916,0.0383913274117968,0.005698972083,30773986541.199586,17333867979.311666,1288127345.362289,20653525470.786644,30009680744.265014,8429688900.936015,30773986541.199586,30773986541.199586,30773986541.199586,2459198715.257895,12328083932.035772,30773986541.199586,66.3839947953,25138554723.789149,31105940155.437772,31112172692.991546,17003700225.970255,30991822514.483543,31111966743.030715,11024292723.188065,30050432035.672493,31112206388.395055,31112206350.601726,31112205823.606508,31112191092.97216,31112111989.371467,31110902038.308402,28505790409.17305,30726228838.009655,31081354458.373581,20998372011.571833,31112004210.052438,31107425818.188583,31015871899.660319,17655420030.950178,25865473484.428055,8487194513.458891,30210650259.21295,11254904987.936319,12214273597.934979,28947222509.805836,21123787583.492596,31112206390.199586,26658646552.617787,1446,0.016736111111,3181,443972736.171585,17494438.8530294006135830289775,159590.26960824,6288.54428601852507781152276,57426.34413,2262.845404874227510780995,46.325311074106,0.05105073521709477,0.046873070755212194,,
2019-10-03,3564,11132,227320,285658,934,139635,268522,41,56631,350762,342197,335545,323274,253213,30259,276541,94605,295190,188342,3375,147079,1139,231938,13344,8,269670,61567,49,1613993943,4320,851.178935185185,791712073.5315727149331349716125,0.36947439627,0.316585947111,1192980318.466094670031292645775,1192990997.924339220456975,1022211032.2645972389542653404375,3228857887.0693963445856721559147,0.18847341,0.007226908555727026099125,0.172433,0.0066118479152559413625,258.020092,9.89363757160373126895,0,0,0,0,0,0,0.546446608357,46.242899369942,20.158817678917988,39.623454945707,17.273181719624674,0.0000046453679826509776,0.0383444463371625,-52.251227409607544,-17.800883233038434,0.0394043089309615,0.00000471200766756744,0.000218026881694617,0.0359845804049777,0.0394043089309615,0.005697595252,30773986283.179494,17284463712.968635,1218908522.139078,20647372674.781973,29816330408.813693,8424552532.318097,30773986283.179494,30773986283.179494,30773986283.179494,2370207939.741802,12299134497.066682,30773986283.179494,66.3642191976,25134648822.021783,31105939652.435145,31112172389.790927,17001159519.429815,30991844497.311658,31111966264.041533,11025897620.202764,30049663008.687034,31112206130.373754,31112206092.556515,31112205565.306935,31112190819.356005,31112111682.074571,31110901379.112405,28503814318.771135,30726084464.264588,31081376644.963168,20993676233.323521,31111999576.410502,31107272637.667307,31013293032.935811,17592594918.270769,25760224672.699667,8487194513.458891,30192028076.997491,11256509884.951018,12208250700.314841,28945885000.106718,21124988620.204074,31112206132.179494,26658646294.597695,1369,0.015844907407,3150,672799641.806253,25798129.7609020198513387771125,248649.43030206,9534.32473698336690297830475,67753.165881,2597.9576332968737173526625,46.258337401982,0.05107768159760341,0.046667777600738175,,
2019-10-04,6109,11138,227335,285674,936,139657,268529,41,56665,353049,344472,337816,325541,253220,30252,276552,94640,297431,188345,3383,148185,1166,232607,13755,8,269848,62365,49,1613993983,4320,1017.741898148148,815323568.5505526442520126656848,0.380707900836,0.32621142938,1228796428.0326448721298165863312,1228807454.4949545036521824,1052900237.4928308747612523441056,3227662008.9394619275944172209959,0.17717475,0.0069976299233391653964,0.167994,0.0066350303377961010336,667.948821,26.3810653441797768003024,0,0,0,0,0,0,0.546104233283,49.517844120006,21.017559035530073,42.429607252001,18.0089983948434,0.000004836781383474626,0.0394956387596944,-51.30895200182217,-13.054130974211658,0.0383444463371625,0.00000464536798265098,0.000218527823380754,0.0349817269135519,0.0383444463371625,0.005691919995,30777360768.230673,17246688938.212797,1279218959.917429,20643382260.792717,29735264808.486686,8355350737.519906,30777360768.230673,30777360768.230673,30777360768.230673,2315931606.434514,12291689361.551562,30777360768.230673,66.3513947429,25135986020.448279,31105938045.724853,31112169492.92878,16990507110.791194,30991872263.645022,31111963234.800072,11015464593.477121,30049783228.399543,31112205462.423966,31112205424.577625,31112204897.160553,31112190140.199224,31112108732.441581,31110898337.547911,28502313989.67583,30726165240.308569,31081370741.780035,20995075741.289643,31112000964.49869,31107439215.124883,31016105503.21947,17646021792.930456,25865283388.199365,8487194513.458891,30211809386.123941,11246076858.225375,12196878186.189919,28963045394.341154,21141056216.109073,31112205464.230673,26658645626.648874,3770,0.043634259259,7764,628302908.115922,24815224.6906119181476164942368,90673.14011566,3581.193587215262267362254304,1831.759245,72.346501435250550574728,46.142618816226,0.051140135840686406,0.04696172980746669,,
2019-10-05,3255,11142,227323,285669,936,139688,268525,41,56689,353265,344685,338021,325741,253215,30280,276548,94677,297599,188334,3382,148371,1170,232666,13809,8,269854,62517,49,1613994013,4320,806.573842592593,818882350.6820131154575285852497,0.382547657182,0.327787833157,1234262090.6823507494521486868025,1234273176.5132092466883102,1057583515.8250883096206406638662,3226427002.0002348065484528449392,0.18613187,0.007384096032483863384319,0.172433,0.0068406438465873147621,260.212348,10.3229660050700095762476,0,0,0,0,0,0,0.545930024072,104.688840166872,22.225126642021483,89.703145293981,19.043708586020358,0.000004872647962351184,0.0396713149257237,-52.030902700327424,-10.785677578384371,0.0394956387596944,0.00000483678138347463,0.000224147143212802,0.0360133621196967,0.0394956387596944,0.005689955548,30777360508.018325,17233108539.384332,1266779714.604443,20641674021.019981,29652643057.621651,8335724352.851917,30777360508.018325,30777360508.018325,30777360508.018325,2173372312.327321,12273505728.391865,30777360508.018325,66.3459047202,25131391022.056759,31105936859.978977,31112169045.862467,16985086935.965692,30991956830.955514,31111962828.347355,11016877909.914065,30049488385.472323,31112205202.211031,31112205164.322,31112204636.561179,31112189864.509402,31112108281.247163,31110897925.2634,28502422330.320446,30726254660.761112,31081376929.373748,20984573823.518096,31112000798.2745,31107455911.031508,31016578862.070278,17650025863.983811,25873328889.488887,8487194513.458891,30214768161.946124,11247490174.662319,12196008390.49625,28962500769.852138,21133446835.96377,31112205204.018325,26658645366.436526,1398,0.016180555556,2922,297187409.416573,11789815.3109248525254467988801,115768.63749173,4592.694076456364676023015001,25863.35796,1026.033418667882865155652,46.083839791476,0.051091009322248936,0.046882114271664374,,
2019-10-06,2972,11148,227366,285702,935,139737,268546,41,56709,353318,344740,338072,325789,253241,30291,276575,94728,297624,188369,3381,147539,1148,232229,13483,8,269796,61934,49,1613994047,4320,815.050231481481,798993899.217415591633403364751,0.373557550129,0.320084615541,1204146256.495378813899340397098,1204157080.135525590337078,1031778614.654828633396836067291,3223455813.112904799204044823652,0.18668802,0.00722544996381008753586,0.172433,0.006673733074086193769,214.504539,8.302042164005218494627,0,0,0,0,0,0,0.545581318177,72.799656156584,22.416392903697076,62.378741761156,19.20759599672738,0.000004927468225558416,0.038703340277593,-52.167386992395286,-12.74237047154109,0.0396713149257237,0.00000487264796235119,0.000225168754276126,0.0361779954307228,0.0396713149257237,0.005689844311,30777360293.513786,17237804289.577148,1193830197.835027,20644055357.671207,29618163956.06107,8349313102.316801,30777360293.513786,30777360293.513786,30777360293.513786,2222317993.144844,12284207814.959556,30777360293.513786,66.3535592049,25128697283.464787,31105940042.173486,31112168834.691848,16974237809.56607,30991986937.248248,31111962518.756673,11014174426.673508,30048818359.908407,31112204987.706872,31112204949.799064,31112204421.908202,31112189638.194947,31112108041.481895,31110898127.39082,28501292954.212238,30726296145.894728,31081377771.886331,20977672164.80597,31111998464.798643,31107336405.560489,31014359558.7303,17585808185.990699,25786186648.807326,8487194513.458891,30198758306.141162,11244786691.421762,12193770145.186685,28960952578.176098,21128531061.20604,31112204989.513786,26658645151.931987,1149,0.013298611111,2499,427367471.662161,16540548.679315200878854258473,186417.54905225,7214.98183468411620906123425,86098.522614,3332.300418127677947988102,46.054455546445,0.051048005218137855,0.04703584582993909,,
2019-10-07,3971,11158,227428,285802,931,139787,268614,41,56739,353493,344907,338234,325944,253307,30302,276664,94763,297753,188420,3386,150673,1220,234228,14675,8,270311,64285,53,1613994075,4320,844.578240740741,858272687.5471478755194844295034,0.401244563107,0.343808367597,1293856149.7050171061150736704956,1293867792.1815192753933054,1108646974.0327975442857274151705,3224607306.0455469189937679031588,0.18595592,0.007733306368522915424808,0.172433,0.0071709317834221780917,299.760942,12.4660898228086972241958,0,0,0,0,0,0,0.544807291107,57.41851602756,24.974081450608814,49.199336465589,21.399163914611737,0.000005055513388092697,0.0415867715774949,-50.581637171515915,-9.661444296688588,0.038703340277593,0.00000492746822555842,0.000227861120986346,0.0353022985493812,0.038703340277593,0.005693932449,30777359993.752844,17219196193.520798,1258831199.87602,20638117723.271666,29573053498.018137,8313307956.892388,30777359993.752844,30777359993.752844,30777359993.752844,2197462427.099157,12252004542.175717,30777359993.752844,66.3344752616,25126219431.710255,31105939018.696467,31112168481.084916,16950155957.392946,30991957868.283229,31111961868.567122,11016132867.766834,30048427894.068694,31112204687.945648,31112204650.000522,31112204121.806363,31112189324.40522,31112107624.903195,31110897378.38767,28499672800.802973,30726163245.235977,31081369833.206391,20971421468.125367,31112008972.900056,31107818254.038423,31022033432.095552,17751944113.773023,26078540666.932357,8489194513.458891,30256300071.031801,11345670962.439252,12197059925.268591,28960067448.853945,21118413775.346836,31112204689.752844,26658644852.171045,1612,0.018657407407,3566,541849682.68458,22533778.983141722008143258642,176736.13584004,7349.885310668853204170315796,68293.320973,2840.0987395726927489705377,46.030975630676,0.051062823252413056,0.048500484903888426,,
2019-10-08,3585,11150,227508,285907,930,139855,268693,41,56752,353648,345058,338381,326086,253382,30306,276752,94819,297860,188489,3386,150508,1214,234175,14570,8,270374,64147,53,1613994104,4320,860.568981481481,851910421.0800243894876936594153,0.398532734228,0.341484723248,1284560219.9644453726216311759831,1284571790.0916275059685874,1100681709.522877555400836864125,3223223865.0459892516941133170853,0.18755126,0.007743613553638658312994,0.172433,0.0071194110660444231027,273.637295,11.2979324497367805910605,0,0,0,0,0,0,0.544957442235,62.294989393297,25.842598833826223,53.37776645615,22.143357252427656,0.000005041197112964461,0.0412879847015619,-52.106636515782874,-11.424540373388915,0.0415867715774949,0.0000050555133880927,0.000229759175456146,0.0379204616885496,0.0415867715774949,0.005692748215,30777359720.115549,17190017682.401661,1217059216.510759,20633373782.658787,29520385691.901356,8305982824.88033,30777359720.115549,30777359720.115549,30777359720.115549,2073104303.670889,12210480599.531413,30777359720.115549,66.3192280004,25123609293.644583,31105938930.571277,31112168185.093103,16954827340.908903,30991951905.579902,31111961355.515491,11017606686.765126,30047550786.142583,31112204414.307214,31112204376.356827,31112203848.085739,31112189036.852197,31112107233.411029,31110896711.743611,28497821657.449093,30726048497.965999,31081366448.022627,20974881453.536448,31112008070.632556,31107786027.418687,31021463824.903814,17744053285.674555,26052437885.876479,8491194513.458891,30251817751.056255,11350787447.46347,12211704507.65902,28959120030.421299,21123806288.383734,31112204416.115549,26658644578.53375,1459,0.016886574074,3179,499433497.286435,20620602.5954098849769561828265,183169.61921197,7562.704435814736045106175943,36856.727743,1521.7400112026160551617917,45.818176404739,0.050781353445127415,0.04841128698315453,,
2019-10-09,3744,11108,227463,285856,933,139811,268649,41,56702,353641,345047,338364,326061,253339,30265,276702,94776,297806,188453,3377,151625,1251,235151,15015,8,270593,64896,55,1613994136,4320,873.282638888889,879938321.2909335826813401755968,0.411483024975,0.352581242701,1326694515.3997634987388702050736,1326706477.1254103495296628,1136784684.9888065079368401053854,3224177997.3341995026719206133572,0.18878921,0.008050397471247635656078,0.172433,0.0073529318077004695294,283.561397,12.0916971544732185678646,0,0,0,0,0,0,0.545864238828,39.646164342998,27.129798465046424,33.971009844787,23.24630051900424,0.000004959363575469148,0.0426422541375518,-50.29496905485817,-9.138072587477353,0.0412879847015619,0.00000504119711296446,0.000228528746854564,0.0376950124818187,0.0412879847015619,0.005687048453,30777359436.554152,17196454615.43028,1135427789.61918,20635361312.103776,29493307756.550899,8326875375.988852,30777359436.554152,30777359436.554152,30777359436.554152,2059823365.222298,12188462506.376653,30777359436.554152,66.3256168679,25122978315.117388,31105938288.08179,31112167888.518537,16983039627.063125,30991937543.762179,31111961158.116212,11045639103.094291,30047330061.916732,31112204130.744272,31112204092.768489,31112203564.178693,31112188739.305964,31112106949.179837,31110896499.442338,28498032236.734298,30726036480.541644,31081370871.563957,20989719876.970106,31112014156.697873,31108027705.867288,31024218133.260697,17853537538.530032,26168123157.291857,8534795127.032294,30270649761.046069,11422701048.507969,12226276126.945436,28962691232.435555,21147452811.938863,31112204132.554152,26658644294.972353,1502,0.017384259259,3310,784746889.090891,33463376.2782669502471664206538,282861.32469927,12061.844493510829317349047186,95004.065435,4051.187502379870697902033,45.540897309091,0.05085252951315749,0.048829733978649814,,
2019-10-10,3067,11105,227547,285938,931,139887,268726,41,56723,353773,345169,338482,326176,253416,30266,276789,94818,297897,188546,3379,150955,1227,234441,14683,8,270601,64418,53,1613994158,4320,795.321759259259,860437758.459466327042894052034,0.402699176227,0.34505475851,1297699890.989912455139728199829,1297711600.858761328524071,1111940497.8682319902386932567675,3222504458.9114828462121651475265,0.18733448,0.00781378056760563895348,0.172433,0.0071922351113043532705,229.297398,9.564067184508351597423,0,0,0,0,0,0,0.545625991826,33.924360976792,26.911707410659172,29.068254606711,23.059428103878265,0.000004862424534117804,0.0417103171162385,-50.42000279547443,-9.980125337166651,0.0426422541375518,0.00000495936357546914,0.00021954612991256,0.0388046435868432,0.0426422541375518,0.005688259131,30777359207.256754,17175873608.264422,1167386212.706797,20628895149.888084,29467173855.756436,8306875434.99027,30777359207.256754,30777359207.256754,30777359207.256754,2013860322.722414,11842461001.387991,30777359207.256754,66.3048339939,25121345565.948801,31105938874.921629,31112167636.881353,16975627112.601448,30991918567.674071,31111960721.498868,11045667990.532909,30046836735.754186,31112203901.447058,31112203863.458008,31112203334.743604,31112188499.122591,31112106717.433575,31110896233.306948,28496235502.401993,30725833971.010458,31081379208.09525,20989445595.948768,31112012086.833458,31107840871.078431,31022431026.590587,17794818120.565368,26088494905.882832,8534795127.032294,30258326112.712922,11375805717.816632,12225358052.498472,28961978711.643283,21146247525.635306,31112203903.256754,26658644065.674955,1224,0.014166666667,2747,917105083.410137,38252743.8579511745213982096745,513834.20536565,21432.187650971679691445107525,71059.06572849999,2963.896165519369729079076087615,45.463461239939,0.050867678231748016,0.048922303333487654,,
2019-10-11,3647,11072,227406,285836,931,139751,268621,42,56591,353719,345110,338421,326111,253296,30217,276683,94679,297800,188391,3367,149590,1195,233582,14139,8,270199,63374,53,1613994191,4318,876.218619731357,830823811.6088910033925728817756,0.389163809695,0.333456912926,1253264202.3582405340843143478926,1253275524.2804755737234316,1073865558.8918983704085362842272,3220402748.495306085304526225294,0.18556333,0.007474876479300421522618,0.172433,0.0069459595058744073218,323.251323,13.0212349131449805931158,0,0,0,0,0,0,0.54681034804,54.08806428022,27.986939320114114,46.345622310416,23.980745782186727,0.000004859202293554952,0.0402820777106146,-42.68688365699709,-10.012061975948123,0.0417103171162385,0.0000048624245341178,0.000217724197476921,0.0379238549960839,0.0417103171162385,0.005678420965,30777358884.005431,17171142891.943215,1055987988.179593,20625147927.510286,29423009659.744112,8288820414.069357,30777358884.005431,30777358884.005431,30777358884.005431,1989463524.019274,11754922139.896257,30777358884.005431,66.2927904623,25130847443.864518,31105934418.911433,31112167283.762547,17012474867.888037,30991930877.927337,31111960353.438607,11099581102.834042,30046974351.048014,31112203578.195458,31112203540.190438,31112203011.184468,31112188159.394768,31112106329.632007,31110895072.189338,28502861714.952587,30725800329.583446,31081367240.628831,21012221222.64062,31112004518.958302,31107661255.991615,31019451130.128164,17753759935.771583,25973110352.345375,8534795127.032294,30236229148.776524,11405190960.097477,12264362004.192433,28971289239.977269,21180659699.101613,31112203580.005431,26658643742.423632,1742,0.020162037037,3710,575213847.898471,23170808.9212678554430998102766,240544.39658891,9689.628076247370130339644086,163289.85312400002,6577.654552895813015411564612292,45.407811671842,0.050903659651475364,0.04893009446318454,,
2019-10-12,2518,11086,227483,285923,928,139826,268698,42,56641,353823,345214,338526,326213,253377,30247,276769,94742,297883,188468,3368,149836,1197,233754,14219,8,270328,63546,54,1613994220,4320,767.33912037037,834993930.2879076199834312320192,0.391236181006,0.335232634074,1259496688.1794424875382438294016,1259508074.0642428311045696,1079205893.7416000908476163735392,3219274569.4981066378817975132684,0.18749476,0.007590238026685483195776,0.172433,0.0069805018212533402208,189.182215,7.658550256367638323984,0,0,0,0,0,0,0.546008765354,56.242648987406,28.508258072317204,48.191788701394,24.427440278880635,0.000004863481017948231,0.0404824008238176,-44.058896709291155,-10.960398319626755,0.0402820777106146,0.00000485920229355495,0.000222673266772384,0.0365477296858928,0.0402820777106146,0.00568222678,30777358694.823216,17166438849.367802,984072144.120775,20626097101.351842,29400347757.480372,8277457870.183728,30777358694.823216,30777358694.823216,30777358694.823216,1943804618.373175,11740134706.465925,30777358694.823216,66.2958416743,25125123123.174673,31105934672.874406,31112167098.287998,16987535760.86889,30991928942.866445,31111959914.544568,11095958204.211973,30046643999.823219,31112203389.012414,31112203351.013895,31112202821.977482,31112187963.175254,31112106113.930315,31110895068.047521,28500778987.974599,30725710024.851495,31081370988.330206,20998354065.706823,31112005391.55093,31107684938.168374,31019870634.099203,17742323340.412038,25983710296.405849,8534795127.032294,30238942325.759426,11426410726.873449,12261231752.895839,28967802008.372011,21166780667.696347,31112203390.823216,26658643553.241417,1009,0.011678240741,2199,553178129.959524,22393978.7839913137733431588224,313533.98532596,12692.608465854458413667584896,65499.819437,2651.5899443363128490226912,45.367462566584,0.050870185339665995,0.04882582210708408,,
2019-10-13,2554,11104,227608,286095,926,139947,268846,42,56712,354045,345435,338743,326419,253510,30290,276930,94846,298060,188605,3369,150534,1213,234263,14505,8,270534,64075,54,1613994244,4320,810.966666666667,849839708.015712328579165040175,0.398278626355,0.341266987404,1281845914.9236349681504157757,1281857511.66818050696545,1098355936.658530033556929930275,3218465240.4110845381998893875058,0.19135237,0.00788385998903319454275,0.172433,0.007104367871111085975,214.1233,8.8220392440906345975,0,0,0,0,0,0,0.545319813437,72.810430725885,29.628792814486918,62.387973396322,25.38757592074241,0.000004969183253730193,0.041200743889575,-42.88712944595977,-10.03887712009077,0.0404824008238176,0.00000486348101794823,0.000224503352942699,0.0367244039573928,0.0404824008238176,0.00568856387,30777358480.699916,17014057772.11968,982729376.322795,20626804950.255929,29366658508.531127,8189615020.418987,30777358480.699916,30777358480.699916,30777358480.699916,1937896642.853027,11724330421.194209,30777358480.699916,66.2981172793,25117352212.471568,31105930867.304124,31112166868.784344,16966100831.945411,30991892718.966074,31111959416.271307,11084548260.409916,30045711714.241895,31112203174.888991,31112203136.863494,31112202607.009303,31112187735.499691,31112105800.766768,31110893264.979865,28497923029.05626,30725545225.359344,31081374503.130759,20980142128.516152,31112006319.675295,31107775303.18152,31021246861.736058,17764697340.933792,26041931405.403765,8534795127.032294,30249232338.850686,11415277566.601229,12250378593.623619,28963436402.755743,21149530967.324583,31112203176.699916,26658643339.118117,1119,0.012951388889,2382,427304204.44607,17605251.09032112510012272025,199405.55207044,8215.657081013510319981663,50000.639226,2060.06353106546355746895,45.348358497554,0.05087147100505124,0.04894303827690777,,
2019-10-14,3121,11118,227534,286014,927,139924,268762,42,56708,354004,345390,338693,326362,253431,30292,276852,94834,297979,188573,3369,150857,1219,234349,14664,8,270472,64294,53,1613994267,4320,844.896990740741,858580426.2161560458054115660256,0.402509333903,0.344892089397,1295087124.6439753863543765827072,1295098851.1791385934036356,1109701730.4867369504011352193158,3217533149.0715991002044552952726,0.19370675,0.00806330295523015441805,0.172433,0.0071777546135031495638,240.196364,9.9984954147273539738504,0,0,0,0,0,0,0.545093666884,68.485472951938,30.47619638504485,58.682112115709,26.11367777780589,0.000004987359460626867,0.0416263395840886,-40.72807814011653,-10.555694337667171,0.041200743889575,0.0000049691832537302,0.000227033118869557,0.0374020407569706,0.041200743889575,0.005689354261,30777358240.503552,17037861420.571528,1118258559.676159,20625892999.353296,29318619332.772238,8217997649.243546,30777358240.503552,30777358240.503552,30777358240.503552,1907092931.761093,11725071778.580935,30777358240.503552,66.2951866232,25118426526.366839,31105931616.746097,31112166614.75055,16959064783.502601,30991929176.781174,31111959054.031763,11078748683.526851,30046058076.675139,31112202934.691696,31112202896.636919,31112202366.480917,31112187484.890288,31112105546.973903,31110893300.78894,28498427424.173947,30725624700.00106,31081398816.729072,20970648646.219636,31112006499.793249,31107814854.650093,31022118185.749347,17768664116.724913,26078456912.873024,8534795127.032294,30254946903.295429,11386841893.982689,12244022251.339226,28963454449.862767,21140142485.461255,31112202936.503552,26658643098.921753,1240,0.014351851852,2709,454289086.363432,18910391.7783095740847440880752,206151.95885674,8581.351445295720710750867164,62902.6912685,2618.4087874956659007503891,45.329941933108,0.05088232169875534,0.04887487696565152,,
2019-10-15,3958,11119,227427,285554,925,139905,268380,42,56722,353565,344943,338246,325906,253114,30306,276437,94846,297472,188523,3367,148527,1161,232702,13784,8,269697,62508,51,1613994290,4320,852.392824074074,816516310.0254045509016605081272,0.383123022871,0.328163894588,1231503898.5419392237113924425093,1231515059.6152157178810554,1054844244.3293450483910077008092,3214382391.6237620309163524101675,0.19519597,0.007726376705889523536803,0.172433,0.0068253576881051807167,259.220245,10.2606281403400655973755,0,0,0,0,0,0,0.545216918186,66.869835660237,29.48625855467641,57.277334930863,25.256444709621103,0.000004850393205686405,0.0395826650821199,-45.9172121172041,-15.088188874028829,0.0416263395840886,0.00000498735946062687,0.000223172862439021,0.0377667203151649,0.0416263395840886,0.005685052629,30777357981.283307,17038713505.682114,1201177023.089224,20628128710.672328,29293990309.4597,8198700009.450165,30777357981.283307,30777357981.283307,30777357981.283307,1846729431.276956,11687764706.383521,30777357981.283307,66.3023731384,25114951453.464167,31105976736.990027,31112166425.486995,16962899261.69202,30992062587.19446,31111959741.682526,11105200371.045021,30046379983.515595,31112202675.470065,31112202637.427649,31112202106.865224,31112187204.18631,31112105622.427663,31110897873.495631,28498452241.198577,30725976107.583728,31081473729.866739,20966085726.944856,31111997378.872023,31107476470.701846,31016531669.485363,17634082208.962116,25857596071.976466,8534795127.032294,30210689717.650242,11363529225.756245,12268604773.695491,28958877581.718305,21132625839.140163,31112202677.283307,26649146593.361508,1328,0.01537037037,2940,465265128.440917,18416433.7534663157248602599483,187778.6094646,7432.77780802345179037200554,53813.3078045,2130.07413978655244807475955,45.169412658485,0.05099251702074731,0.04959439334249404,,
2019-10-16,4122,11128,227503,285737,927,139985,268454,44,56796,353898,345273,338568,326215,253172,30341,276554,94936,297756,188621,3373,147630,1140,232210,13428,9,269689,61904,53,1613994313,4320,888.830324074074,794200323.6799689190946157532629,0.375083117572,0.321277315866,1198282337.6405442114105582085056,1198293210.5346600238406562,1026388325.8170148542908682457203,3194711469.2767056595924860288288,0.18524249,0.007134589879116999858003,0.172257,0.0066344554578544967979,335.103659,12.9064728829572218637273,0,0,0,0,0,0,0.544689475877,29.177919758352,28.95393313932105,24.992337173697,24.800481511895732,0.0000048120390278769434,0.0385148670756747,-48.48077419656516,-18.14113462599062,0.0395826650821199,0.00000485039320568641,0.000219558561218354,0.0359001879102055,0.0395826650821199,0.005689749494,30777357646.179648,17028187162.754392,2843527360.312336,20620617023.538207,29262630598.47931,8182318020.797389,30777357646.179648,30777357646.179648,30777357646.179648,3522224002.857995,11604328707.254379,30777357646.179648,66.2782299908,25107240117.347247,31105978855.02773,31112165892.794869,16946489187.125629,30992034661.02929,31111958181.755635,11103459660.644755,30046109666.92356,31112202340.366341,31112202302.26331,31112201771.06115,31112186859.878148,31112104697.504166,31110895357.249269,28495906306.922648,30726037887.951725,31081484945.330382,20956448400.644042,31111993717.361671,31107332816.817397,31014003934.815442,17559134605.033185,25756615168.707105,8293407858.832416,30193063249.829097,11361984682.355979,12230273787.339273,28956257172.657302,21120030199.814276,31112202342.179648,26649146258.257849,1809,0.0209375,3887,1066292682.955037,41068120.9477777959298965384639,299668.45717881,11541.690795014382964739293107,8499.827743,327.3697356877770955032021,44.934409755966,0.05099566763638653,0.04967011467776096,,
2019-10-17,3262,11175,227575,285788,923,140049,268514,43,56849,353988,345355,338648,326288,253236,30384,276614,94992,297789,188687,3384,148425,1154,232671,13768,9,269813,62461,52,1613994335,4320,816.853935185185,811375308.338896377233835041419,0.383655017684,0.328619573539,1223100099.281376950732893260858,1223111206.959950865347641,1047645969.6724336208766854525915,3188020598.9899540187242364587373,0.19082103,0.007501661888217199664505,0.172433,0.0067787814811132525055,244.0601,9.59462565842181321335,0,0,0,0,0,0,0.542867361678,73.849829686456,29.972781505542795,63.2560462365,25.673175697233372,0.000004869941762732448,0.0393125531720335,-48.60439819497669,-20.07630078304005,0.0385148670756747,0.00000481203902787694,0.000220090392422758,0.03481273570806,0.0385148670756747,0.005701781074,30777357402.119548,17035202784.201577,2806466233.486996,20639089625.857714,29249666404.785311,8161152145.570123,30777357402.119548,30777357402.119548,30777357402.119548,3569764936.716971,11610347673.318442,30777357402.119548,66.3376046503,25107052919.701429,31105980926.64002,31112165669.03638,16889799069.005612,30992030516.783342,31111957999.800014,11064793737.248349,30046037390.520005,31112202096.304825,31112202058.189164,31112201526.612385,31112186601.33789,31112104540.931658,31110895239.227906,28495399667.796607,30725972507.492961,31081484128.460871,20921606127.304127,31111995181.099784,31107434833.089058,31015878883.019012,17549927568.542026,25831593699.872116,8293407858.832416,30205927017.448241,11323308802.959573,12201682665.850283,28953057807.040632,21076147921.886132,31112202098.119548,26649146014.197749,1279,0.014803240741,2677,421290099.519697,16561989.4382193731921627938495,184501.5646058,7253.2275688888865220118943,53052.07131,2085.612374260887939708885,44.72144381057,0.050949547052921575,0.04900911447430426,,
2019-10-18,3772,11169,227484,285665,921,139990,268414,43,56850,353919,345271,338560,326190,253131,30371,276505,94977,297662,188612,3387,147146,1127,231884,13279,9,269529,61641,52,1613994357,4320,864.287731481481,785178417.39721125965059736557,0.371573410233,0.318271076345,1183409149.65802477238694335413,1183419907.64123818184414,1013648698.87025898911877232322,3184859618.7629600910125587125077,0.19867254,0.0075568711921526872686,0.172433,0.00655880259182504197,282.909691,10.76098435092599299319,0,0,0,0,0,0,0.542587600757,56.894638796751,29.385996971781168,48.733083233035,25.170565568179917,0.0000047788957367042205,0.03803681773109,-48.71962901037103,-28.515284254280733,0.0393125531720335,0.00000486994176273244,0.000222016728627268,0.0353809272861676,0.0393125531720335,0.005698771971,30777742624.209857,17031234449.945131,1115449066.790279,20642589581.184473,29204079307.172933,8141907454.623894,30777742624.209857,30777742624.209857,30777742624.209857,3555588471.220157,11600305687.41733,30777742624.209857,66.3488547156,25107807581.117068,31105983372.578264,31112165366.137647,16881094937.185532,30992099961.140073,31111957958.065281,11064443633.499505,30046471926.861312,31112201813.393974,31112201775.250533,31112201243.233032,31112186302.062641,31112104335.915114,31110894550.06527,28494988032.030004,30726265582.904929,31081498150.701957,20923443768.225881,31111990360.426995,31107256911.729124,31012785897.249866,17477391753.994661,25707659592.352359,8295407858.832416,30185130006.93142,11323254973.210729,12201503447.913921,28953209552.258833,21075041196.864788,31112201815.209857,26649145731.288058,1424,0.016481481481,3070,546838902.103838,20800011.64759305394274092342,213265.37172162,8111.9360725284154954991658,53721.485448499996,2043.39435024799806889659407564,44.613779570056,0.050959109393435474,0.04641757205998649,,
2019-10-19,3578,11153,227531,285710,922,140048,268454,43,56856,354005,345344,338629,326260,253173,30356,276544,95021,297696,188666,3395,148105,1149,232484,13621,9,269725,62274,52,1613994382,4320,854.610648148148,805091151.5017743332152056333598,0.381195619502,0.326512975909,1213621233.4226479305623560994316,1213632276.3677064423925228,1039526847.3163575753294488231534,3183722926.8515254181801052070997,0.18725127,0.007304276326643719971486,0.172433,0.0067262469292312760594,264.398795,10.313638241874813211031,0,0,0,0,0,0,0.542644968399,59.641502414776,30.448389276139494,51.085908244695,26.08055729283997,0.0000049075923671888276,0.0390078867109618,-48.14498809436776,-25.645633315295388,0.03803681773109,0.00000477889573670422,0.000219700170882648,0.0340698112286777,0.03803681773109,0.005696454804,30777742359.811062,17026241437.272785,1272960153.060288,20639189132.887111,29195424893.954631,8100447766.492896,30777742359.811062,30777742359.811062,30777742359.811062,3632229952.820854,11592774559.500556,30777742359.811062,66.3379256501,25105800988.34093,31105983375.352978,31112165099.569905,16882879627.365538,30992105232.762447,31111957611.786864,11065016743.133575,30045787266.800159,31112201548.99449,31112201510.824936,31112200978.817194,31112186020.129104,31112104007.166605,31110894422.57413,28492753890.029408,30726222557.966336,31081501223.300921,20937961715.009188,31111994073.597009,31107400659.726554,31015133192.067734,17534222570.778519,25798504741.07152,8316553899.250804,30200782828.557887,11323741987.844799,12200527045.990416,28953026945.44468,21082642129.700292,31112201550.811062,26649145466.889263,1412,0.016342592593,2950,521653551.48906,20348602.638856130670214777908,205723.75180261,8024.848804070234266796850298,77522.378317,3023.9841509538574905352906,44.487566938749,0.050811047761616865,0.04688489755679876,,
2019-10-20,3496,11170,227593,285767,921,140134,268525,43,56926,354099,345428,338707,326329,253222,30386,276604,95117,297742,188730,3398,148628,1162,232795,13796,9,269830,62657,52,1613994405,4320,812.618981481481,814495248.1367067728487164069184,0.385908167958,0.330549507208,1227963528.3400719074124254982636,1227974711.7720711033489912,1051811733.6301927435994338903008,3182009685.9799453289212446552553,0.18877298,0.007450656813282110215656,0.172433,0.0068057362143918801876,252.955799,9.9838803587174923127628,0,0,0,0,0,0,0.542303501512,76.665276207223,31.057467479462286,65.667615703342,26.602262980802372,0.000004805243650861007,0.0394688732109972,-47.80451975118395,-24.16829157026635,0.0390078867109618,0.00000490759236718882,0.000227301291518697,0.0349409488400416,0.0390078867109618,0.005697287181,30777742106.855263,17021118909.65774,1217561837.560709,20636394755.494672,29182295058.163438,8089443477.154994,30777742106.855263,30777742106.855263,30777742106.855263,3662141505.457201,11597212373.378188,30777742106.855263,66.3289445769,25103377967.544537,31105983997.43556,31112164859.334316,16872255703.567746,30992147116.974306,31111957491.367069,11062128573.768576,30045216074.359567,31112201296.038011,31112201257.823733,31112200725.416078,31112185755.687668,31112103811.121948,31110892830.22895,28489438387.715902,30726361821.895008,31081503824.530737,20930472626.128633,31111994819.502783,31107464664.406922,31016285697.085537,17559624461.057359,25835974270.142678,8316553899.250804,30208230713.515558,11320695899.4798,12197279223.272977,28948165648.995167,21072165939.437509,31112201297.855263,26649145213.933464,1340,0.015509259259,2782,405818681.377479,16017206.0819417891895072120588,161305.49936515,6366.54630267969468659842758,56164.805275499995,2216.761578339055965831362545014,44.442786938875,0.0506987599731953,0.047050446136018664,,
2019-10-21,4049,11178,227714,285916,922,140265,268649,43,57034,354301,345619,338899,326512,253344,30436,276736,95239,297894,188853,3393,148491,1154,232752,13714,9,269938,62600,52,1613994430,4320,863.104861111111,809090465.0218667627951293270415,0.383599560625,0.328572069882,1219738656.0431041479786690658467,1219749776.0105644242467446,1044766720.4800571480687220968468,3179718595.2377135086189368119352,0.18541766,0.007269208866688177740566,0.172433,0.0067601516085881061833,291.847396,11.4417347232354017280196,0,0,0,0,0,0,0.542156451325,66.686744233635,32.95485242329571,57.120507517969,28.2274673509849,0.000004774252456280529,0.0392045119471801,-47.812618337441855,-24.277199693840583,0.0394688732109972,0.00000480524365086101,0.000225294585105596,0.035390707785004,0.0394688732109972,0.005699719523,30777741815.007867,17011715386.70477,1152919795.270401,20637687471.073415,29168928660.380336,8105498811.770052,30777741815.007867,30777741815.007867,30777741815.007867,3712381197.250535,11613282013.912609,30777741815.007867,66.3331002107,25092259132.908389,31105982803.602705,31112164546.412794,16867680490.33498,30992158441.345968,31111956971.885344,11056918555.602722,30044853057.532917,31112201004.18694,31112200965.988096,31112200432.956313,31112185443.844046,31112103415.048866,31110892061.164918,28485264942.616124,30726305427.533369,31081506262.103217,20911526074.213004,31111993897.255928,31107421808.51724,31015613943.385786,17530646302.855319,25801917556.764983,8316553899.250804,30203681473.362308,11315529428.313946,12192066879.411122,28941963246.450971,21061135407.910895,31112201006.007867,26649144922.086068,1574,0.018217592593,3288,466542509.512944,18290571.3880675985051052492144,158265.53640099,6204.723112659479460733348299,45728.3031455,1792.75580699202809668500455,44.404754476651,0.050645431741977866,0.04704702920552976,,
2019-10-22,4084,11171,227813,285989,922,140381,268738,43,57126,354401,345713,338991,326602,253442,30475,276805,95360,297961,188946,3391,148102,1142,232556,13497,9,269977,62325,52,1613994452,4320,840.020833333333,796752251.9246044940847617768915,0.378061668167,0.323828589528,1201321620.531538214264962195802,1201332583.675834997639767,1028991613.5458296945642353091165,3177581124.150813336149080229245,0.18692273,0.007217564547918893741585,0.172433,0.0066580790238367404785,286.926391,11.0789615984311524980695,0,0,0,0,0,0,0.541731631379,74.508343360548,32.75489555258355,63.820095423966,28.056194319773525,0.00000480901348342993,0.0386125568994145,-48.67165632549936,-21.186143254033805,0.0392045119471801,0.00000477425245628053,0.000225056713524496,0.0351823333491115,0.0392045119471801,0.00570088585,30778193231.081476,17012945456.133973,1166389366.604263,20634537464.072627,29151133268.595406,8001020907.863013,30778193231.081476,30778193231.081476,30778193231.081476,3716412133.408317,11613264913.087908,30778193231.081476,66.3229761546,25080474983.272707,31105985014.963935,31112164255.435647,16854463251.325775,30992199945.042757,31111956932.044872,11041514183.180139,30044296146.892176,31112200717.258905,31112200679.044637,31112200145.922633,31112185148.351866,31112103105.674563,31110892629.035401,28481669121.442813,30726361907.197598,31081501746.584163,20896898424.606076,31111992577.886288,31107348290.009134,31014356785.95498,17486740014.335642,25736597932.343767,8316553899.250804,30193694550.485019,11300046793.891363,12179107753.305235,28935973027.297935,21049496024.854866,31112200719.081476,26649144635.159677,1535,0.017766203704,3241,417566668.588091,16123316.7501566211154195727195,142433.22509978,5499.71100853236877418607881,55510.2462,2143.3925398980075308499,44.345099180482,0.05054738827689995,0.04625993390854784,,
2019-10-23,4706,11165,227949,286103,928,140472,268848,42,57185,354590,345894,339168,326769,253564,30500,276922,95458,298077,189100,3391,145962,1082,231337,12564,9,269780,60888,50,1613994476,4320,907.369907407407,748015314.568581157546634799442,0.355318290376,0.304347756701,1127061630.123368609323700486196,1127071927.5650297943359416,965384243.0367900089292413312156,3171977521.7010634995749595907193,0.19038519,0.006896839179339596442924,0.172433,0.0062465083035663889268,330.889466,11.9867067030768375400136,0,0,0,0,0,0,0.541966796118,58.839442049171,30.82291089255171,50.398903400809,26.401353488486134,0.0000048572725194431685,0.0362257126162996,-51.05894604334637,-21.880632672618688,0.0386125568994145,0.00000480901348342994,0.00022545940478677,0.0347267217320492,0.0386125568994145,0.005707668983,30778192900.19201,17024441453.113377,1276610655.44268,20648739818.910145,29143884712.499385,5709682633.923998,30778192900.19201,30778192900.19201,30778192900.19201,3783568570.372513,11620858675.918467,30778192900.19201,66.3686256879,25071601512.319974,31105988201.689909,31112163889.541831,16861779564.57409,30992089942.618947,31111956439.282557,10987418082.680475,30043738878.38315,31112200386.368193,31112200348.130842,31112199814.642136,31112184790.081197,31112102739.292522,31110892963.306694,28478828956.096606,30726304136.987357,31081520443.025084,20890100828.827404,31111983930.38658,31106989114.780809,31008293323.267484,17317067171.685986,25480190475.252817,8316553899.250804,30153139595.184273,11223342685.934098,12154709483.607127,28932784561.616776,21043695058.093051,31112200388.19201,26649144304.270211,1738,0.020115740741,3904,528764367.993021,19154866.0366544652443036450916,157355.27128158,5700.306836106378733689241368,60154.7290305,2179.1479263702676556055378,44.309733203601,0.05074222683373366,0.04659715351151068,,
2019-10-24,5127,11154,227965,286130,927,140501,268855,42,57235,354674,345973,339247,326844,253576,30516,276937,95489,298104,189142,3383,147218,1124,232091,13062,9,269950,61814,51,1613994501,4320,948.615740740741,776056488.6909179575066334254328,0.368959145688,0.31603182587,1168915604.291387867313869270438,1168926298.5342874013259496,1001234247.8298631562211874436056,3168143730.6905413907451245306074,0.19088272,0.007171649383921620993472,0.174696,0.0065634985753219123296,383.292505,14.400672084644565177238,0,0,0,0,0,0,0.541931329847,31.019960649101,32.1561596173639,26.57013633336,27.54334715816025,0.000005040126335874543,0.0375709722908476,-49.041217746136944,-1.3726300317199136,0.0362257126162996,0.00000485727251944317,0.000224553146350877,0.0325973331414681,0.0362257126162996,0.005708907042,30778192516.899505,17039727566.057424,1501304311.947757,20655746747.335778,29138005929.193801,5831125770.274861,30778192516.899505,30778192516.899505,30778192516.899505,2296905124.112671,11626990518.829436,30778192516.899505,66.3911479872,25063820513.249428,31105988731.040645,31112163477.278567,16860675923.132599,30992074501.957828,31111955821.062616,10969037979.936259,30043695452.067993,31112200003.076057,31112199964.839759,31112199431.10021,31112184386.903166,31112102256.355005,31110892751.980629,28476930274.521272,30726277702.015085,31081541760.966248,20879306191.980017,31111987721.63124,31107189741.667452,31011604214.317614,17432704476.570869,25610352597.330379,8318553899.250804,30176892994.517858,11232246057.876916,12147135699.480709,28930322264.347024,21041768952.554332,31112200004.899505,26649143920.977706,2008,0.023240740741,4397,1002973548.446511,37682691.3971369577078434527236,270958.79184401,10180.185260332842384449882876,99999.655398,3757.0842820525666293353448,44.291429661956,0.050787843049308695,0.030879460757839473,,
2019-10-25,5859,11192,227979,286137,924,140569,268851,43,57258,354696,345991,339265,326867,253573,30537,276940,95566,298104,189171,3385,151145,1209,234545,14615,9,270544,64692,57,1613994520,4320,950.054861111111,851118567.7682097636757036007373,0.40438553421,0.346376285618,1281638611.2794875880326819371207,1281650355.0031271205272886,1097787097.0259435191279410421848,3169348314.5580862789949932569875,0.18778069,0.007735453813463720844429,0.172433,0.0071032197582029854953,441.660178,18.1937871682395338130498,0,0,0,0,0,0,0.541418828639,40.904398351754,35.36502212702955,35.036647871693,30.29189713497467,0.0000047586607912075295,0.0411940855764441,-43.893233711867325,5.493723420361084,0.0375709722908476,0.00000504012633587455,0.000233324621663631,0.0338682489788686,0.0375709722908476,0.005708382998,30778192075.239327,17045021485.78564,1523398966.157378,20661183659.212053,29119206444.708719,5811496451.236345,30778192075.239327,30778192075.239327,30778192075.239327,2372256758.000547,11598621857.255662,30778192075.239327,66.4086241065,25068970429.964983,31105991740.93506,31112163037.720416,16844730643.919861,30992159020.897324,31111955236.793018,10991306074.48697,30042619732.606597,31112199561.416042,31112199523.182654,31112198989.479108,31112183936.551495,31112101771.808751,31110892085.070122,28475898221.206182,30726390332.323047,31081552114.924394,20868365021.240843,31112002270.611477,31107810908.783002,31021481902.698025,17639259722.275877,25999552202.816816,8318553899.250804,30248177384.370185,11380853155.482916,12142468613.891194,28927663988.052035,21028817160.576829,31112199563.239327,26649143479.317528,2352,0.027222222222,5132,760607680.760696,31332537.8913567856723467210936,179579.27425935,7397.603991595389073834177335,91913.327495,3786.2854784447624208605295,44.246554712866,0.05123219458199414,0.034951312258127344,,
2019-10-26,5757,11218,227936,286089,925,140570,268781,42,57270,354698,345989,339258,326857,253509,30554,276881,95585,298064,189129,3396,150697,1198,234203,14429,9,270435,64350,57,1613994543,4320,990.192361111111,839595957.4536096833730108387504,0.399157249951,0.341897999792,1264210379.5343298602476590830412,1264221981.2677093777545354,1082858948.7783832543889751557211,3167198841.2831017536162228012781,0.19169808,0.007789443024569676270192,0.172433,0.0070066274479933392567,435.729739,17.7054041232500379165261,0,0,0,0,0,0,0.540612890306,29.814618329759,34.73924664478139,25.537700675012,29.75588929824906,0.000004393023174896804,0.0406339125804999,-44.51673180103147,6.757198112523622,0.0411940855764441,0.00000475866079120753,0.000227388184065851,0.0371273162550622,0.0411940855764441,0.005709795882,30778191639.509588,17046462681.01458,1564210114.144952,20662444350.892496,29104955499.107652,5805252552.333404,30778191639.509588,30778191639.509588,30778191639.509588,2455123100.665005,11598504441.749994,30778191639.509588,66.4126771181,25071646095.418264,31105994950.647348,31112162585.507432,16819655894.113692,30992232253.161376,31111954549.673322,10953140695.835554,30042582055.063637,31112199125.686026,31112199087.418843,31112198553.670366,31112183491.520374,31112101277.418126,31110891768.569594,28476090776.142866,30726604143.173592,31081561656.303495,20861113870.303395,31112000640.332109,31107740980.867228,31020457531.350661,17587300762.234779,25950093354.608406,8318553899.250804,30239526251.462466,11366959364.45126,12129308101.580105,28926365318.643459,21010711561.559513,31112199127.509588,26649143043.587789,2273,0.02630787037,5097,1043521630.34252,42402366.703198689599909825748,237758.68174365,9661.065489226371635120650635,100000.639226,4063.4172323033931826290774,44.195092836545,0.05112924919780445,0.034696367362085416,,
2019-10-27,5662,11188,227931,286078,923,140622,268758,42,57307,354755,346040,339307,326896,253498,30534,276868,95648,298063,189140,3391,152140,1240,235018,15008,10,270698,65425,58,1613994571,4320,943.292592592593,874088016.3962992026800525336436,0.415646422801,0.356021794111,1316170502.756702849895029757189,1316182598.8279884600785668,1127365371.2447623884998241192248,3166562805.6863631822069658327438,0.18876889,0.007985679415996671297862,0.172433,0.0072946059000429256214,413.592633,17.4966233893517390567814,0,0,0,0,0,0,0.540946520436,36.396223756501,36.207406063955894,31.175172381704,31.013440654996188,0.000004425958454715767,0.0423040015544758,-41.55006935789224,7.887216816761108,0.0406339125804999,0.00000439302317489681,0.00022609490538053,0.0365507847293438,0.0406339125804999,0.005699259964,30778191225.916955,16321557457.74931,1490178132.460627,20662064681.297742,29087071078.854295,5812009356.787511,30778191225.916955,30778191225.916955,30778191225.916955,2431564276.205149,11622894580.359321,30778191225.916955,66.4114576771,25067648905.709341,31105996656.37334,31112162140.879214,16830035637.400773,30992326145.52785,31111954032.147238,10966086043.641573,30042377086.566086,31112198712.09044,31112198673.816229,31112198139.67021,31112183060.416165,31112100826.273692,31110892196.305006,28472534618.006754,30726789240.344472,31081574426.949172,20877497016.624531,31112006985.919298,31107940256.267956,31023901799.247631,17706992966.657456,26093447806.089384,8579941167.050126,30264314776.418072,11408854749.96384,12148536189.684515,28924836621.006905,21033005887.847924,31112198713.916955,26649142629.995156,2191,0.025358796296,4933,854819415.38949,36162281.877433079553109779342,218859.88548843,9258.648935914938302535614994,89657.900401,3792.8879579349404521647958,44.170975231654,0.0508715536805433,0.035036460013338364,,
2019-10-28,5788,11192,228023,286211,920,140721,268871,43,57382,354969,346249,339505,327083,253595,30560,276988,95724,298217,189229,3380,152650,1251,235687,15183,10,270837,65787,58,1613994610,4320,983.744212962963,884446763.0347383190929766216944,0.420886722572,0.360510370161,1332637312.7946909339395702438832,1332649578.6693524743207776,1141470008.8172265410060365418688,3166261232.1202503070722363554422,0.18876813,0.008085557028729423029328,0.172433,0.0073858699301354556048,431.146408,18.4674122142113901483648,0,0,0,0,0,0,0.540845217132,33.509231760839,37.25464532044469,28.702320358485,31.910452989816708,0.000004596250153919987,0.0428332739680656,-41.02592838916662,10.918208794714726,0.0423040015544758,0.00000442595845471577,0.000229199935477566,0.0380637082289053,0.0423040015544758,0.00570037206,30778190794.770547,16324120948.496126,1418584429.886708,20648591179.234599,29077250296.457038,5789695550.167324,30778190794.770547,30778190794.770547,30778190794.770547,2484876439.135682,11622998054.056534,30778190794.770547,66.3681524255,25060335358.394687,31105993457.960432,31112161660.276937,16826883635.706166,30992332701.823322,31111953396.999717,10999096057.066166,30042084990.727366,31112198280.942287,31112198242.605617,31112197708.197927,31112182614.966093,31112100261.99005,31110890522.730313,28469424895.836409,30726636135.95455,31081569924.523633,20859328475.349368,31112006959.024977,31108072578.277699,31024875467.388445,17737513007.034194,26126709157.011113,8579941167.050126,30270780062.668602,11413326413.472325,12158699184.660223,28921412464.770325,21027676733.901876,31112198282.770547,26649142198.848748,2284,0.026435185185,5190,928466474.696381,39769258.8808341343918498905936,238807.31479558,10228.899140217163815312030048,88997.013292,3812.0334526758117867279552,44.174197243317,0.05087859109992761,0.034915939742032664,,
2019-10-29,4671,11158,228067,286249,917,140784,268917,43,57430,355056,346332,339583,327152,253649,30550,277022,95771,298257,189278,3331,153158,1266,235965,15318,10,270906,66134,59,1613994642,4319,917.156054642278,895874494.9775470595274985113665,0.426363942433,0.36520188017,1349784322.074017627940030120434,1349796760.866307094096419,1156157271.2554704909887848663105,3165803173.6237893928472400819318,0.18958332,0.00822496030651092394398,0.172433,0.0074809038080596866245,347.885391,15.0928021103862545609115,0,0,0,0,0,0,0.542807579425,42.468244276243,37.8325970156983,36.37615922371,32.40549724489912,0.000004600090793639261,0.0433844090635765,-37.3920171900842,16.06502429958268,0.0428332739680656,0.00000459625015391999,0.000234299464342399,0.0385904252045554,0.0428332739680656,0.005690122877,30778190446.885156,16310040109.263291,1505477284.874582,20649687625.448861,29078366112.987924,5824179236.325955,30778190446.885156,30778190446.885156,30778190446.885156,2575132543.751789,11153689382.575216,30778190446.885156,66.3716773359,25052763085.116396,31105991918.250597,31112161294.270105,16887936851.627735,30992337897.109259,31111953164.942538,11076845507.109215,30042146091.527082,31112197933.056196,31112197894.694609,31112197359.679642,31112182255.128758,31112099864.245278,31110890462.941204,28465914308.989462,30726536878.226573,31081569079.263843,20847581233.747847,31112007263.633885,31108125407.736724,31025917924.30186,17839469155.699843,26158517883.058103,8579941167.050126,30277744680.089709,11511796254.616732,12236931958.734907,28919419105.873158,21064578105.76926,31112197934.885156,26649141850.963357,1835,0.021238425926,4064,732599109.407728,31783379.442156706592012419192,208282.93014025,9036.231842164933070311604125,84999.64718,3687.65946351679668893927,44.154600734901,0.05088656082633204,0.03427833660608253,,
2019-10-30,10069,10404,223275,281447,905,136119,264109,42,52970,350316,341592,334839,322401,248853,26146,272211,91221,293467,184535,3253,147193,1207,230086,12348,12,265999,60741,56,1613994666,4320,1172.143055555556,864552173.1175298749592974269562,0.414610768564,0.355134702583,1298321670.8417677265763834735401,1298333652.2868191196623722,1112076953.5930578436751143760008,3131422937.5604626630537788550198,0.21704642,0.009057414552412115414894,0.177491,0.0074067545842137307637,405.008613,16.9011352743733191663891,0,0,0,0,0,0,0.585811946042,14.04289891869,35.83505342326485,12.028439946617,30.694501938761615,0.000004544372142169245,0.0417303107437207,-39.857430829837114,7.398914999892515,0.0433844090635765,0.00000460009079363926,0.000227345262418659,0.0390618780086032,0.0433844090635765,0.005355992821,30778825540.876543,16520450669.56669,2556662078.194756,20717606883.567766,29073299027.860727,6586096467.954462,30778825540.876543,30778825540.876543,30778825540.876543,3590622194.062013,11845371087.760408,30778825540.876543,66.5899824777,25928001142.075253,31105994152.148125,31112160856.150569,18225896980.605963,30992547225.059401,31111952771.355215,12499040081.55901,30044728946.243413,31112197528.047739,31112197489.65413,31112196954.295302,31112181834.602548,31112099358.698979,31110890863.168156,28472387245.25375,30727448425.644431,31081605557.366505,22093600055.378025,31112004528.561366,31107871606.706271,31023062637.258287,19067254639.587697,26461654116.852111,10241711015.991213,30258352759.874118,12884936483.572969,13662365303.244101,29214402758.348106,22339519268.11099,31112197529.876543,26649141445.954744,1866,0.021597222222,4141,2215511035.86374,92453963.982736406409705817418,583388.24939853,24344.972931635887658749310571,100811.3452785,4206.88876496432561346771495,44.191701769952,0.05093116427040268,0.03456943311786901,,
2019-10-31,6790,10382,221797,279985,922,134636,262642,43,51501,348934,340195,333438,320996,247381,24626,270742,89788,292015,183072,3265,145349,1216,228395,12233,12,264334,58992,56,1613994692,4320,1018.323842592593,857619110.161304623091251798785,0.412396505596,0.353238075706,1286476472.8402561013783784691655,1286488361.0500817362310146,1101930951.2591845191836429604106,3119513515.2316333360994099222739,0.19597084,0.008103313111562147524084,0.172433,0.0071300331710880852683,388.806138,16.0769728593868441132638,0,0,0,0,0,0,0.594920208869,19.967593407654,35.188744428502055,17.103234814295,30.140906141958197,0.000004516475547274619,0.0413495860484251,-40.807544014154,7.705538818434524,0.0417303107437207,0.00000454437214216924,0.000227689834942403,0.0374275983328071,0.0417303107437207,0.005298982355,30778825152.070405,16562985645.930164,3191992784.853854,20740693973.50035,29059408031.991677,6796548145.766846,30778825152.070405,30778825152.070405,30778825152.070405,4171412604.588058,11984676129.478057,30778825152.070405,66.6641892228,26184628750.879663,31105992073.32713,31112160419.934852,18509274821.532369,30992477499.638409,31111952327.684546,12689729283.843977,30044403004.481161,31112197139.237786,31112197100.827041,31112196565.055768,31112181420.914177,31112098870.366243,31110889874.664822,28469168541.933007,30727678928.845361,31081609060.541716,22371797548.740017,31111999335.162784,31107818535.402539,31022131821.323171,19331159968.60067,26694670880.871422,10200433244.416383,30251259400.717976,13048563819.45735,13820840319.503754,29300190824.377937,22592949627.487914,31112197141.070405,26649141057.148606,1984,0.022962962963,4487,1558134548.610334,64428218.5927870075516342849834,711841.64506813,29434.357355597120140768702063,56962.869108,2355.3910577464219208418108,44.222652990463,0.050875016641506045,0.03453239392157822,,
2019-11-01,4509,10352,221732,279890,917,134582,262550,44,51482,348901,340155,333395,320943,247292,24630,270650,89742,291931,182997,3262,146076,1226,228805,12359,11,264488,59520,58,1613994715,4320,876.569675925926,876997471.9472063814710044482714,0.420739687561,0.360384424568,1314636086.033072970111248428062,1314648247.3698982923952782,1126051055.7662699333499077990337,3124583025.7998037344629065158516,0.19066513,0.008056495064314312044621,0.175487,0.0074151479578427669379,305.445545,12.9065053778281067637765,0,0,0,0,0,0,0.595328020992,14.604636250469,35.653311129695716,12.509595806508,30.538830529369136,0.000004567392041438104,0.0422546852920317,-40.108650683160434,7.233666668445349,0.0413495860484251,0.00000451647554727462,0.000226659307594751,0.0370881736268944,0.0413495860484251,0.005294166716,30778824846.62486,16573574025.863245,1886221588.566421,20755034995.198242,29061587323.83678,5589597837.25714,30778824846.62486,30778824846.62486,30778824846.62486,2953849244.541299,11984488629.192379,30778824846.62486,66.7102844099,26178879753.503139,31105997519.988803,31112160080.098694,18521962570.851565,30992528248.172496,31111952006.927141,12746490854.551751,30045110139.155602,31112196833.791562,31112196795.354447,31112196259.270169,31112181099.885299,31112098537.1449,31110889878.154615,28471141591.107534,30727770042.274253,31081609351.516204,22379921974.064424,31112004918.625943,31107937181.579644,31024048538.162498,19379793440.037248,26726954682.363517,10142942228.906334,30265052080.619855,13129448682.975538,13871821439.264234,29301579858.56964,22603857013.618907,31112196835.62486,26649140751.703061,1602,0.018541666667,3662,2130295907.549569,90014983.1524100953655084693373,689226.51889706,29123.049650917809724690556802,78571.984038,3320.0344582962281009900046,44.223507894722,0.05090240988473459,0.034438232206601506,,
2019-11-02,3702,10372,221785,279945,918,134678,262621,44,51536,349019,340266,333502,321045,247353,24662,270707,89827,291991,183069,3267,146323,1231,228945,12409,11,264565,59672,58,1613994742,4320,865.256944444444,881244793.6080131116352439008397,0.42294821157,0.362303323034,1321103086.9090731073895216360241,1321115319.8708359530722498,1131675286.3942082938652873824383,3123557567.4985571415300655241177,0.19447233,0.008257790317206566403579,0.172433,0.0073219442466024851179,277.900953,11.8003820843092541823939,0,0,0,0,0,0,0.594754819559,64.080675079428,36.07407015538945,54.892397907051,30.901550438444247,0.000004565771503453434,0.0424625463026363,-41.28170776633106,10.739755972125339,0.0422546852920317,0.0000045673920414381,0.000230443732108714,0.0378714789293065,0.0422546852920317,0.0052962835,30778824568.723907,16570023262.785913,1471962542.591685,20753460881.202519,29045627712.789878,5632894915.562758,30778824568.723907,30778824568.723907,30778824568.723907,2927774283.995852,11967699349.366835,30778824568.723907,66.7052255301,26175005670.092738,31105994206.725018,31112159778.473648,18504128849.772575,30992582243.096189,31111951912.286358,12725751452.633059,30044528978.621194,31112196555.889774,31112196517.431029,31112195981.013541,31112180803.239143,31112098242.842567,31110889128.739621,28469064980.746474,30727745925.561286,31081616548.048459,22364374640.926442,31112004962.044527,31107954421.56442,31024453174.438922,19370339470.243994,26729940568.934544,10142942228.906334,30266846131.646081,13108913272.862623,13843521000.987449,29298429648.282699,22584575511.227241,31112196557.723907,26651140473.974541,1429,0.016539351852,3194,485516054.866153,20616247.9604273280408275391539,187543.12189893,7963.558497374278977721149159,68603.43537,2913.076550918541867665931,44.086238962689,0.050890871767518366,0.03398282481261374,,
2019-11-03,4508,10374,221762,279953,926,134637,262608,44,51562,349079,340319,333543,321083,247332,24670,270707,89847,292002,183040,3272,145776,1227,228586,12317,11,264508,59345,57,1613994769,4320,899.623148148148,868263711.4196805410340651384367,0.417464668018,0.357606042716,1300843781.6853870913822555033471,1300855840.3586675419478618,1114320881.7388854069777800623093,3116057193.2044301943964874191013,0.19078511,0.007976988254741614776913,0.172433,0.0072096612556916043439,318.22957,13.305616681519194718931,0,0,0,0,0,0,0.594856110417,19.040678257186,35.429215121129495,16.310509903783,30.34915859146714,0.0000045399585016658745,0.0418113774955583,-41.25256212151758,5.863277082195545,0.0424625463026363,0.00000456577150345343,0.000232037333200643,0.0380617070918654,0.0424625463026363,0.005298919504,30778824250.494337,16573020057.974271,1589651175.161417,20766206794.117649,29042537264.531943,5671811772.1565,30778824250.494337,30778824250.494337,30778824250.494337,2858716369.156482,11988639983.312674,30778824250.494337,66.7461937893,26173704114.185881,31105993066.025184,31112159447.754791,18507280041.556682,30992562715.36475,31111951335.130882,12677393520.564454,30045000708.835455,31112196237.657982,31112196199.140135,31112195662.502432,31112180474.646701,31112097877.724312,31110888036.82791,28468389614.876945,30728041278.172438,31081614297.206668,22361512973.37764,31112003342.373874,31107873551.803361,31023231759.920346,19343602239.459809,26706444105.184811,10120942228.049664,30258893073.403895,13037008728.136422,13796478122.3857,29297801311.676206,22576965745.567863,31112196239.494337,26651140155.744971,1668,0.019305555556,3682,1633985713.074711,68319193.4717157529826385561513,657727.13806287,27500.477658619849674291150321,68340.7637715,2857.42147238496107080612845,44.046296819795,0.05083499487063805,0.03378054083088067,,
2019-11-04,5130,10383,221994,280245,927,134814,262874,44,51683,349410,340645,333871,321401,247593,24737,270977,90009,292297,183229,3273,146934,1258,229756,12530,11,264851,60170,57,1613994797,4320,894.561111111111,894505434.1453453297661698265712,0.430239542554,0.368549177251,1340361991.311046284827417782134,1340374432.1099613604515768,1148172727.6472391663790619035812,3115385404.4958252284190680461682,0.18793336,0.008096462675696419464288,0.172433,0.0074286829573970299764,366.657982,15.7961985355296665020056,0,0,0,0,0,0,0.594306509019,40.978391117556,36.609191812869646,35.102659885199,31.359942980499756,0.000004574210506861371,0.0430815618669108,-43.778178195789685,8.596253861441394,0.0418113774955583,0.00000453995850166587,0.000229850277002223,0.0374764626570954,0.0418113774955583,0.005303840479,30778823884.836355,16573035085.923558,1584362385.085366,20763068825.329164,29035276736.925297,5677122858.609382,30778823884.836355,30778823884.836355,30778823884.836355,2846873030.489886,11988896686.686918,30778823884.836355,66.7361085993,26160416880.601169,31105985455.280156,31112159067.694077,18490180517.088367,30992521142.212847,31111950717.36148,12649257583.915913,30044134041.684829,31112195870.99735,31112195832.491737,31112195295.311018,31112180098.304608,31112097371.325835,31110886901.986206,28464594278.879253,30727954957.111383,31081583366.178066,22345500760.321235,31112004541.01502,31108087713.179602,31025497641.043206,19397778079.506292,26741657198.617635,10120942228.049664,30274673576.973397,13008062127.864613,13767924121.439053,29292114037.10103,22563787710.6944,31112195872.836355,26651139789.086989,1951,0.022581018519,4309,759234196.959651,32708995.0277915441688596161308,213233.36835099,9186.426550702955039241421692,59255.186099,2552.8059658593813242329692,43.942565685529,0.05089103651418402,0.034164941625316345,,
2019-11-05,5539,10389,222068,280359,931,134913,262952,44,51710,349605,340837,334059,321577,247663,24742,271075,90089,292431,183291,3273,148064,1310,230374,12711,11,265081,60931,61,1613994819,4320,969.008796296296,919512251.0831734916191968213504,0.442310353143,0.378887757015,1377772763.4311410168362794717568,1377785569.4294837829767424,1180214815.9173018808211056347264,3114945769.7330556375587081732521,0.18956638,0.008394759395938020771072,0.173971,0.0077041334379584260224,405.672058,17.9647853198706106359552,0,0,0,0,0,0,0.594363836484,30.47195451547,37.583615794313566,26.102600620115,32.19452537712274,0.000004746010016501416,0.0442840096220544,-41.780186132139605,14.41908968175619,0.0430815618669108,0.00000457421050686137,0.000231578429978291,0.0387254787814659,0.0430815618669108,0.005303538988,30778823479.164297,16579633980.04112,1344205123.199735,20763979118.666716,29026567431.446144,5753898747.188001,30778823479.164297,30778823479.164297,30778823479.164297,2913916808.172917,12002805090.78868,30778823479.164297,66.7390353104,26158550711.599872,31105983616.39615,31112158613.893156,18491963859.290337,30992557902.437312,31111949905.335174,12613887742.919816,30043260581.200323,31112195465.32512,31112195426.792513,31112194889.23846,31112179668.72726,31112096810.225464,31110885833.636239,28463527089.609302,30727829995.680814,31081572104.624687,22337896621.503831,31112007226.423048,31108210839.290862,31027900453.610912,19508210518.108643,26780267406.707513,10120942228.049664,30290580998.494966,13070266155.018061,13738206990.565089,29291583042.056967,22558062642.867139,31112195467.164297,26651037834.874131,2140,0.024768518519,5017,1021010826.573966,45214453.2682232266276664757504,268730.82348536,11900.478372968284772931523584,86120.5180285,3813.7618490304034264077504,43.904774177522,0.05084857620292994,0.03404842999638483,,
2019-11-06,5059,10422,222286,280608,934,135093,263178,43,51812,349929,341150,334372,321875,247894,24810,271322,90250,292685,183495,3288,148708,1339,230866,12844,11,265354,61375,62,1613994843,4320,901.790740740741,931569415.6888494355598828636355,0.452120269825,0.387291035274,1394999763.3123677434231392895798,1395012746.7515607872315278,1194971644.9341596465231369241257,3085461671.1903325750120615589921,0.18752331,0.008408116893893811661983,0.172433,0.0077315018616341169869,386.298011,17.3207204606546113666223,0,0,0,0,0,0,0.593059601203,14.478242754705,37.72318132462177,12.402216842866,32.3140786293732,0.000004792948708839269,0.0448377158759293,-44.309877325762834,7.817255764555866,0.0442840096220544,0.00000474601001650141,0.000234037907752128,0.0399999034393661,0.0442840096220544,0.005313554102,30778823092.866286,17472834117.000233,2500648464.564965,20776469039.292735,29023791748.652774,6869733250.555779,30778823092.866286,30778823092.866286,30778823092.866286,3954634068.777175,13056570125.887111,30778823092.866286,66.7791809138,26150096258.316458,31105981019.173386,31112158205.154921,18451386007.196515,30992501039.453376,31111949036.184253,12532967145.354782,30042042588.077042,31112195079.023476,31112195040.496054,31112194502.431699,31112179263.087793,31112096412.864843,31110885002.048728,28460184178.024209,30727654724.01553,31081558430.105586,22317292063.121924,31112007493.285806,31108269948.429113,31028882413.289971,19529529445.22273,26794713155.535839,10120942227.715478,30297133802.472635,13035213179.230248,13681416097.704097,29286293842.222995,22526173466.149106,31112195080.866286,26651037448.936349,2060,0.023842592593,4477,2148893039.575226,96351455.5562360803785900075218,720936.06388144,32325.126397026822290025022192,70000.5833085,3138.66626553584201450608905,43.943516622788,0.05083678346792683,0.03163727845272339,,
2019-11-07,5456,10430,222235,280534,935,135112,263104,43,51809,349922,341140,334353,321850,247833,24813,271242,90293,292623,183501,3285,147531,1284,230163,12652,11,265116,60555,59,1613994870,4320,956.890046296296,903112621.0809868989001014306304,0.43853218437,0.37565133585,1352155570.6807166371605727297028,1352168172.5543344264023256,1158270851.0487516638687574547296,3083366783.2680925559661429622669,0.19089952,0.008296613338243497350272,0.172433,0.0074940467516803655588,395.543813,17.1905831654028866305268,0,0,0,0,0,0,0.592934365738,42.991526010194,36.63417406665627,36.826998682291,31.38122335456736,0.000004718468966504013,0.0434606296456036,-44.482251546106454,5.262172420732152,0.0448377158759293,0.00000479294870883927,0.000234070252216622,0.0405386951685226,0.0448377158759293,0.005312041297,30778822697.322473,17476080012.239569,2392641183.019125,20780016958.920064,29016991274.294086,6894892330.489969,30778822697.322473,30778822697.322473,30778822697.322473,3842252611.332716,13052843753.034023,30778822697.322473,66.7905853929,26150070034.195579,31105983277.735125,31112157770.492481,18447489422.468077,30992547666.224069,31111948642.826202,12505553209.232663,30041300093.516869,31112194683.478426,31112194644.884375,31112194106.55337,31112178851.600265,31112095983.333557,31110885591.345044,28460300026.249258,30727825371.801957,31081598507.41015,22312017521.624985,31112003364.288867,31108124419.514656,31026206442.474217,19398134961.366494,26749804414.455008,10120942227.715478,30277962439.578796,12943592959.830188,13656628548.587071,29285717554.936621,22523736622.186,31112194685.322473,26651037053.392536,2072,0.023981481481,4676,723682026.963763,31451676.5550518220500294623468,181752.58095284,7899.081607923966308804934224,79763.128685,3466.555795153405891299266,43.91206220624,0.048195091100203875,0.03218955781616645,,
2019-11-08,5935,10437,221988,280248,940,134971,262821,43,51825,349688,340905,334113,321595,247565,24849,270960,90245,292330,183290,3289,146372,1246,229047,12481,11,264778,59865,57,1613994895,4320,978.905092592593,877433904.7796515593202247650267,0.426169106651,0.365060991115,1312922947.5802037880632594066815,1312935200.9367013020060734,1124663766.1444560291934613241642,3080755801.1356176698825982563861,0.19537662,0.008244820198601940174198,0.1755,0.00740603427807605895,405.797238,17.1244914790688813437902,0,0,0,0,0,0,0.59306032494,35.042976891769,35.58719723371921,30.018186856013,30.484371791327273,0.000004800139071994126,0.0421996255161029,-44.58195962155807,-1.038004745295841,0.0434606296456036,0.00000471846896650401,0.000232695212325822,0.0393306333496518,0.0434606296456036,0.005306004824,30778822291.525235,17508933998.799344,1416235897.43611,20792457137.915423,29043600994.018233,6973850753.541422,30778822291.525235,30778822291.525235,30778822291.525235,3851496905.305109,13113062849.878431,30778822291.525235,66.8305711616,26145732834.575631,31105988110.556678,31112157358.973744,18451408048.999907,30992732798.59647,31111948227.326054,12465244773.857522,30043211036.726364,31112194277.68095,31112194239.068753,31112193699.907931,31112178425.902431,31112095599.721017,31110886577.473415,28463664095.537969,30728555173.275866,31081625811.49616,22309565803.061976,31112001681.83205,31107925697.118049,31024002462.362806,19301070926.547755,26704326981.948773,10120942227.715478,30263334168.859714,12852888153.041147,13617764260.893084,29285134368.402589,22514393577.371019,31112194279.525235,26651036647.595298,2077,0.024039351852,4691,887829660.579799,37466079.1985562629066249453171,216606.33054606,9140.706033460932580680149574,87374.871193,3687.1868438623270348337597,43.900904818171,0.04765616043338906,0.03214098138869658,,
2019-11-09,5516,10436,222093,280372,943,135061,262932,43,51892,349900,341114,334315,321775,247668,24898,271080,90356,292468,183395,3283,146611,1257,229222,12511,11,264886,60019,58,1613994918,4320,913.566203703704,881275847.5318266241343757459396,0.428313748338,0.366898113251,1318666701.9230974537585691844735,1318679025.0087784951000206,1129583924.9151167828893377828978,3078740075.5625824678832998913661,0.1902033,0.00806162236964570710413,0.173114,0.0073373053721930531154,380.4066,16.12324473929141420826,0,0,0,0,0,0,0.592964847326,47.034041737976,35.84090644982644,40.289860503433,30.701701742425218,0.000004810495590269618,0.0423842402820861,-42.428070023616975,1.6157229492394107,0.0421996255161029,0.00000480013907199413,0.000229298157787597,0.0383480236715144,0.0421996255161029,0.005307748106,30778821911.118635,17520078523.54525,1380996359.719013,20792536132.924436,29041252652.207091,7001347323.318638,30778821911.118635,30778821911.118635,30778821911.118635,3837621725.078622,13118260301.419649,30778821911.118635,66.8308258824,26135833520.121209,31105987421.497737,31112156951.748554,18448437305.352683,30992710941.135484,31111947779.462538,12457932518.169389,30042456170.143124,31112193897.276338,31112193858.635359,31112193318.595078,31112178027.122154,31112095188.409849,31110885483.547231,28461732545.706496,30728613557.572775,31081624567.538027,22297477928.684765,31112001149.113402,31107941695.884743,31024333242.285717,19316676948.202834,26701820653.759015,10120942227.715478,30264613615.75253,12869756270.645802,13610717394.358201,29281608594.09104,22511045287.622898,31112193899.118635,26651036267.188698,2000,0.023148148148,4468,661482465.666952,28036431.7672148625948543885672,183466.3548335,7776.08206694153255619816435,55678.5589495,2359.89342107590342768455195,43.604000801667,0.04755509469762374,0.031885612309244665,,
2019-11-10,7259,10448,222011,280311,946,135064,262847,43,51966,349925,341133,334329,321768,247593,24953,271005,90414,292424,183338,3287,147841,1313,230143,12763,11,264955,60973,59,1613994942,4320,1044.065277777778,912283362.7943258214029406905254,0.443452708455,0.379866306516,1364760741.8147800778800331070625,1364773517.5662983559522118,1169068566.6953131551326117619104,3077578997.2484511326382546320037,0.19459213,0.008535936257503695010429,0.175553,0.0077007699017095201649,499.51801,21.911748912122465072233,0,0,0,0,0,0,0.592577515489,35.44608743922,36.925688255597535,30.363495496231,31.63093729220711,0.000004850858525773153,0.0438657835622833,-41.18258062294612,8.89652683114796,0.0423842402820861,0.00000481049559026962,0.000229150352103537,0.038515533792614,0.0423842402820861,0.005305158954,30778821411.600625,17508469730.134365,1293536906.106781,20797151873.487238,29038422388.660343,7066595543.273649,30778821411.600625,30778821411.600625,30778821411.600625,3918531409.973037,13168357657.893926,30778821411.600625,66.8456627483,26128309860.945849,31105988461.046471,31112156418.736246,18436386266.143355,30992859286.144347,31111947163.798861,12440368752.258328,30043429507.922196,31112193397.756159,31112193359.090425,31112192818.161654,31112177513.496066,31112094573.929762,31110885483.075789,28461755535.504601,30729074023.721984,31081640817.82455,22284378563.803163,31112004058.440031,31108176009.061345,31027311555.274716,19426975164.645924,26750112624.569063,10120942227.715478,30285961445.813628,12875329754.498348,13591179932.552591,29278291063.596527,22493975108.348859,31112193399.600625,26651035767.670688,2567,0.029710648148,5886,877732794.993226,38502436.8106908306729725929258,210537.0681873,9235.37346494178262858006209,61346.8652,2691.02831108776940931116,43.625732435331,0.04647731546111881,0.03174088463940331,,
2019-11-11,10349,10501,221884,280184,956,135073,262698,42,52000,349912,341115,334304,321726,247456,24995,270869,90486,292309,183274,3323,147177,1286,229697,12707,11,264684,60552,57,1613994964,4320,1165.22337962963,898357530.997382995157398538057,0.43594625547,0.373436197725,1342463388.5391313898071176256085,1342475984.058636219718627,1149968412.644115003971203776552,3079424061.3260822537542063810014,0.19487441,0.008408657113350500831045,0.175245,0.0075616655661926495025,660.429392,28.496939669536633089704,0,0,0,0,0,0,0.591308622371,11.445846179323,35.390581280254224,9.804633537551,30.315948222389963,0.000004952149554743535,0.0431491087688245,-42.92728584984744,6.587326568433066,0.0438657835622833,0.00000485085852577316,0.000232038717096378,0.0398223197442523,0.0438657835622833,0.005307293191,30778820751.171233,17534477624.808864,3067140014.44802,20819839774.916786,29049347863.753477,7204293245.719628,30778820751.171233,30778820751.171233,30778820751.171233,5225909957.552012,13256201347.087585,30778820751.171233,66.9185870294,26128794726.305135,31105990549.916253,31112155705.612484,18396907827.530193,30993062693.139095,31111946240.742461,12319967440.815541,30043500849.123699,31112192737.327771,31112192698.618319,31112192156.814789,31112176822.314557,31112093826.704593,31110885061.410435,28463217858.02785,30729620566.394129,31081691567.717774,22271569639.171897,31112000350.814769,31108104987.203137,31025961961.358405,19301408890.096512,26725976315.124277,10054941338.117793,30275544804.294474,12732223953.384872,13490644169.845263,29276536376.86231,22446479165.327146,31112192739.171233,26651035107.241296,3389,0.039224537037,8126,2718208182.403815,117288260.5188509597795418654675,652063.52211586,28135.95983996004301184500657,62358.284397,2690.7043960834446983813265,43.771221483137,0.045559600657009036,0.031932171665322244,,
2019-11-12,9422,10506,221904,280135,958,135154,262671,42,52106,350006,341176,334358,321779,247446,25039,270840,90599,292281,183311,3339,147667,1317,229893,12818,11,264745,61013,58,1613994988,4320,1161.163425925926,907875742.6026779014309306437502,0.44064336329,0.37745978895,1356362430.6928328857779455201652,1356375184.0194112704163358,1161874476.0084897589301811206351,3078141063.0256903009465277234727,0.19332898,0.008428341027964105246154,0.172433,0.0075173630382518676709,628.512509,27.4005364648039779147457,0,0,0,0,0,0,0.590397419942,16.963334154148,35.24892006196594,14.530972353488,30.194599614457033,0.00000496029772074987,0.0435958490442773,-42.13906676435178,5.813257064293767,0.0431491087688245,0.00000495214955474354,0.000233973424460865,0.0391432927932146,0.0431491087688245,0.005304442206,30778820122.658724,17312033459.487296,3154129838.043651,20824820768.615174,29053433846.886429,7321155210.700895,30778820122.658724,30778820122.658724,30778820122.658724,5342741202.787706,13314633146.741272,30778820122.658724,66.9345981619,26115361905.161845,31105998684.61675,31112155024.464832,18368557950.875712,30993210252.951853,31111945816.270285,12284066666.070103,30043452808.079645,31112192108.808943,31112192070.057402,31112191528.1053,31112176156.658146,31112093243.047312,31110885543.112187,28459197975.516637,30730016631.353957,31081710896.60043,22270375552.795515,31112001925.899719,31108152594.86973,31027030188.821386,19340235188.751046,26738157077.465459,9943796185.19915,30283749938.483397,12716089685.586133,13449554820.703603,29270597218.887712,22430606853.00356,31112192110.658724,26651034478.728787,3251,0.037627314815,7664,1834084728.151784,79958480.9429195440784109857032,488488.6604614,21296.07790131642369444754622,75570.703434,3294.5689790785121731582482,43.819740613209,0.0452905170793142,0.03183805659822674,,
2019-11-13,4445,10509,221817,280067,963,135118,262564,41,52116,350014,341178,334355,321770,247346,25065,270748,90596,292229,183236,3352,147318,1309,229682,12770,11,264552,60824,57,1613995012,4320,894.383101851852,903017276.6251089944352385897958,0.438637191025,0.375741279839,1348548882.3017568458477826980756,1348561575.5367418931695754,1155181305.4821836578626488276893,3074406160.4793239619764474490256,0.18908939,0.008196024476896464939661,0.172433,0.0074740581088377731767,308.59388,13.375911752110737011812,0,0,0,0,0,0,0.589921754214,19.595318207581,34.66308089438946,16.785557843284,29.692763506851776,0.000004944227921520997,0.0433447084307399,-40.167122884716875,4.128080594691855,0.0435958490442773,0.00000496029772074987,0.000233660272045102,0.0396238890724538,0.0435958490442773,0.005301652876,30778819814.064844,17290360812.184509,2860796906.114528,20833391417.732842,29044022503.846354,7360514433.808801,30778819814.064844,30778819814.064844,30778819814.064844,5392604554.839611,13337088753.63886,30778819814.064844,66.9621463839,26113297642.135756,31106001075.39561,31112154668.883024,18353758765.323966,30993295843.236796,31111945180.190859,12230498513.402063,30044129170.789123,31112191800.212633,31112191761.437526,31112191219.22272,31112175831.466917,31112092759.683109,31110885278.068913,28460934669.290685,30730309488.274701,31081722083.065632,22279088161.844266,31111999291.964093,31108126141.93454,31026390172.561299,19298372422.143695,26724507877.485013,9928796184.685148,30279851678.489508,12668733537.058075,13420154731.548327,29270654836.9307,22426205867.231246,31112191802.064844,26651034170.134907,1632,0.018888888889,3606,1587735982.262759,68819953.2161737063556345853841,616035.52661268,26701.880284003924827033121932,76178.7246195,3301.94460725785483073096805,43.862617126284,0.04510662037767284,0.03182703433735377,,
2019-11-14,4157,10498,221881,280157,962,135156,262646,41,52136,350181,341337,334512,321920,247425,25076,270831,90655,292321,183288,3349,146956,1301,229534,12681,11,264613,60543,56,1613995038,4320,851.145833333333,892506368.5363857671931043416573,0.433746081337,0.371551502681,1332236528.135314012090396492318,1332249080.9983411673921822,1141207967.6409817552525689995271,3071466430.3766763389946536444019,0.19136347,0.008194260598114290188279,0.172433,0.0073836502740812622181,307.521104,13.1681771113149591030928,0,0,0,0,0,0,0.589743152112,47.195120756453,34.39825953081236,40.427841981204,29.465914663434486,0.000004952948858750202,0.0428204013969557,-31.694697919312553,8.179682464833165,0.0433447084307399,0.000004944227921521,0.000230516060171528,0.039421549424922,0.0433447084307399,0.00530166683,30778819506.54374,17280877586.907099,1441286300.199565,20843017333.318089,29039275626.200436,7339050923.325073,30778819506.54374,30778819506.54374,30778819506.54374,4275647217.145009,13335537380.937098,30778819506.54374,66.9930864143,26107817370.125358,31105996955.131108,31112154335.351747,18348201881.097687,30993255483.920149,31111944787.082238,12229888865.421506,30043629473.420424,31112191492.689705,31112191453.916859,31112190911.430424,31112175501.575564,31112092386.069202,31110884472.204858,28460106239.25948,30730396957.800803,31081707647.58629,22282752770.833168,31111998426.45412,31108073047.53034,31025422752.159268,19279031502.379712,26701149726.012485,9928796184.685148,30272383867.583911,12646213959.184128,13420878525.344084,29270190531.018557,22433701405.816693,31112191494.54374,26651033862.613803,1607,0.018599537037,3580,659224746.03034,28228268.235825337484135835938,224975.12772094,9633.525273342026203995142358,65278.225566,2795.2398212171356903094262,43.4839218252,0.04500941127318634,0.030421259840101786,,
2019-11-15,6008,10502,221405,279684,966,134976,262143,41,52080,349825,340970,334132,321516,246932,25033,270343,90534,291850,182997,3344,147778,1358,229559,12867,11,264256,61169,57,1613995062,4320,982.222222222222,918676867.80619638235631514388,0.446613276696,0.382573678107,1369376552.284734303868819408432,1369389473.443944516719248,1173022504.382475650223239985176,3066134895.0825484648089444214303,0.19166162,0.00843582272124822651056,0.175733,0.007734738098702883704,416.864026,18.347914528750260216688,0,0,0,0,0,0,0.590343988169,34.388937165315,35.268647790315406,29.457928960012,30.21149842835705,0.000005199005655638397,0.044014147022488,-29.031566158907225,14.27833032893044,0.0428204013969557,0.0000049529488587502,0.000231754185931043,0.0388835235681182,0.0428204013969557,0.00528349648,30778819089.679714,17354792341.275468,1208996198.390671,20872308790.553635,29036489332.031075,7454979938.091366,30778819089.679714,30778819089.679714,30778819089.679714,4405118122.68692,13420022524.849822,30778819089.679714,67.0872351563,26118748352.495633,31106002107.503871,31112153884.242268,18366894961.480076,30993572016.369362,31111943908.604628,12228758330.71883,30045405733.704411,31112191075.821863,31112191036.976975,31112190493.353758,31112175049.275071,31112091801.782961,31110884633.086783,28462641768.269034,30731029839.632756,31081814560.708966,22298254868.460801,31112000926.252351,31108192635.745996,31028041660.625831,19421463043.228968,26753849277.125082,9928796184.685148,30289823621.17167,12672194279.179669,13423698408.782879,29272922205.514312,22450864075.175466,31112191077.679714,26651033445.749777,2175,0.025173611111,4729,904715110.214556,39820263.874449902722236935328,245727.98135877,10815.50749906409336398601976,78795.952666,3468.136645418329285553008,43.136782998948,0.044423054024099254,0.030205396163543168,,
2019-11-16,4838,10490,221325,279626,967,134904,262067,42,52023,349869,341003,334153,321513,246842,24997,270280,90476,291795,182919,3343,147583,1351,229398,12834,11,264161,61034,57,1613995085,4320,887.227546296296,915249342.115521601787432221595,0.445235906681,0.381393807598,1363701954.82039540811976229765,1363714837.78969471177373,1168161581.699994234561257668215,3062875060.9695293406186371356248,0.19268464,0.0084457061392539263432,0.173901,0.007622386212634266255,350.300684,15.35429413285692958042,0,0,0,0,0,0,0.590832355717,37.564637507275,35.039798758385025,32.178267554265,30.015463859502542,0.000005170247416007172,0.043831756071755,-26.830560193068248,11.495572113938424,0.044014147022488,0.0000051990056556384,0.000244536910953291,0.0398764944883381,0.044014147022488,0.005280325334,30778818739.37903,17409957883.716536,1325822853.020985,20880964491.069169,29026421431.262772,7295975913.44744,30778818739.37903,30778818739.37903,30778818739.37903,4325787571.57341,13490716048.759931,30778818739.37903,67.1150568407,26124849712.09631,31106002882.252238,31112153503.383576,18382088938.985362,30993588971.792755,31111943365.768763,12259242363.072216,30045584851.234506,31112190725.519625,31112190686.625407,31112190142.055687,31112174670.363511,31112091397.488292,31110882852.5847,28464609631.171502,30731137120.846906,31081818545.444062,22307530194.301311,31111999927.736655,31108174831.943313,31027779613.83421,19419003712.806876,26755082911.031454,9928796184.685148,30288224814.73571,12670498997.512897,13422494163.408436,29277041268.106137,22461069741.347593,31112190727.37903,26651033095.449093,1818,0.021041666667,3979,828230825.370097,36302811.508730404274763310235,245768.10721128,10772.4477255017559406253964,80071.383254,3509.66933911733612939077,42.903185354266,0.044390331565012583,0.030088785663517945,,
2019-11-17,4494,10477,221252,279567,970,134853,261993,41,51967,349895,341027,334166,321506,246771,24990,270211,90442,291751,182857,3342,148479,1400,229889,12995,11,264166,61684,58,1613995107,4320,908.667824074074,941785159.4667253601510778656512,0.458128452053,0.392437698226,1401982051.536078900247304356464,1401995311.0982207134127824,1200952717.0679321726071179195112,3060237898.898990672341243993379,0.19187975,0.0086465132198718455234,0.172433,0.0077702009411736357752,331.95197,14.958467983033656594968,0,0,0,0,0,0,0.591400446816,31.358586001203,35.881037684680805,26.862097856596,30.736078005721428,0.000005298211797861206,0.0450621455357944,-24.763577533948332,18.46980957863395,0.043831756071755,0.00000517024741600717,0.000240454491513889,0.0397104736036264,0.043831756071755,0.005276975642,30778818407.42706,17432284254.764091,1315704860.536163,20899696369.730848,29039868497.242547,7359832026.930501,30778818407.42706,30778818407.42706,30778818407.42706,4379760813.248584,13523206405.207801,30778818407.42706,67.1752650781,26127205468.177676,31106001780.392582,31112153127.758376,18399763301.285585,30993620123.042416,31111942842.176534,12242141367.668771,30045226301.104076,31112190393.566558,31112190354.62743,31112189809.11939,31112174320.703162,31112090970.093543,31110882559.567625,28467389008.107305,30731263831.724785,31081823788.911983,22314786392.404875,31112001201.687784,31108300921.10581,31029939034.473363,19540391753.561203,26796591143.591726,9948796184.685148,30303755068.306156,12699907157.916632,13425030504.70954,29279888684.482109,22469361320.057353,31112190395.42706,26651032763.497123,1730,0.020023148148,3790,992142642.98249,44708076.170344668952267440056,303490.26204838,13675.922357120479435154533072,86551.900588,3900.2143406960649044071072,42.778618455606,0.04445126513561072,0.0295774682355214,,
2019-11-18,5347,10488,221255,279580,970,134906,262003,41,52003,349991,341109,334246,321578,246759,25014,270224,90489,291782,182895,3347,146970,1322,229038,12725,11,263983,60594,57,1613995127,4319,953.826580226904,900954710.477583669739312305045,0.439514227763,0.376492555204,1343364113.3930060441638932913448,1343376835.1129653504117258,1150739966.2472207417828619386097,3056474690.7753539949136798378068,0.18779906,0.008108799722378491732238,0.172433,0.0074453230092253415159,383.297884,16.5500603430467827052932,0,0,0,0,0,0,0.590929138175,27.262148963412,34.20527875100174,23.353046329893,29.300605042952498,0.000005276212759883009,0.0431780634172423,-29.29375919619842,10.690598896526776,0.0450621455357944,0.0000052982117978612,0.000245129701900735,0.0408030269594169,0.0450621455357944,0.005276907087,30778818024.129176,17410679645.224423,1317480046.748434,20866028700.06915,29022198383.378482,7371623044.02145,30778818024.129176,30778818024.129176,30778818024.129176,4270614433.462615,13485223822.07406,30778818024.129176,67.0670521488,26122882033.168645,31106002653.135949,31112152691.584603,18385099630.590912,30993681529.615066,31111942391.954064,12240540397.010269,30045036505.380326,31112190010.266066,31112189971.315998,31112189425.394381,31112173915.316313,31112090522.17059,31110880721.554727,28466337563.89229,30731283360.711601,31081844323.042601,22307243367.422943,31111996324.798868,31108107996.727316,31026449659.127042,19347212069.990734,26729239304.922385,9949796184.085148,30278045328.656567,12676132553.67537,13419004019.969146,29278093759.522902,22457943746.269546,31112190012.129176,26651032380.199239,2041,0.023622685185,4736,1141222948.120656,49275796.8271659040559711869488,301201.77722081,13005.309438226221382728372263,100001.207757,4317.8584903325686183085211,42.823378051454,0.044132907231362865,0.030610045832305477,,
2019-11-19,4478,10501,221289,279613,970,134936,262036,41,52027,350104,341215,334344,321671,246790,25048,270256,90535,291827,182935,3344,146121,1295,228233,12569,11,263958,60019,55,1613995150,4320,878.43287037037,877740016.4165680470131738390686,0.428418317047,0.366987679567,1308449807.15097571958894908517,1308462212.6677969964160142,1120831998.6553965631629401723751,3054140672.9970933640897553517956,0.19350455,0.008137999730177073987035,0.1739885,0.00731723551747963465145,343.277076,14.4368117021743153869252,0,0,0,0,0,0,0.590633531674,45.706044350516,33.404443637187384,39.152282922925,28.61460112662936,0.000005181321472639186,0.0420558572404477,-18.184797482482693,6.554491727242134,0.0431780634172423,0.00000527621275988301,0.000242488420945603,0.0390426502233242,0.0431780634172423,0.005278255566,30778817680.8521,17399253280.323777,1144526705.339033,20870815006.771318,29016318705.810933,7367186594.223034,30778817680.8521,30778817680.8521,30778817680.8521,4025818014.995795,13500438791.437474,30778817680.8521,67.0824369127,26119877612.047353,31106002927.983751,31112152309.23411,18375902462.233383,30993670328.86934,31111942066.394695,12239690549.800988,30044611506.751053,31112189666.987109,31112189628.0118,31112189081.614064,31112173547.589572,31112090113.631965,31110880406.749165,28466903848.083494,30731427117.496955,31081846326.107478,22298754760.265695,31111994614.860874,31107911115.118444,31024376657.974815,19276006254.408635,26686454569.246912,9949796184.085148,30263665282.629602,12631246777.182993,13419644156.52767,29276915758.615427,22454263250.040511,31112189668.8521,26651032036.922163,1774,0.020532407407,4058,680701865.824468,28627500.4924202113322779343236,203821.35053201,8571.881620529461428885580877,82255.85921649999,3459.340672399487780072654645523,42.802438720236,0.04409661788643068,0.031037931677714382,,
2019-11-20,4193,10507,221287,279639,969,134924,262051,41,52056,350209,341306,334433,321751,246796,25027,270275,90571,291870,182939,3346,145031,1271,227594,12360,9,263713,59227,55,1613995174,4320,894.899768518519,851422084.703427401159955223693,0.416284625621,0.356593830056,1269265105.0488679868460968571258,1269277151.6567106098941196,1087265964.9424019744412063239096,3049031904.9271137229903141991497,0.1905943,0.00777555997145688712718,0.172433,0.0070346444387803067458,308.953367,12.6041829870674473123342,0,0,0,0,0,0,0.590407050516,23.900267246266,32.241680130788026,20.473222675488,27.61856551426729,0.000005051212397332963,0.0407963930267426,-6.045475656908664,4.0604537602896995,0.0420558572404477,0.00000518132147263919,0.000239723027468086,0.0380052169586695,0.0420558572404477,0.005280464283,30778817371.898733,17431655392.749667,1486402420.317967,20870033391.072305,29012343058.735954,7431655893.04544,30778817371.898733,30778817371.898733,30778817371.898733,2908555537.280318,13477621534.230565,30778817371.898733,67.0799253298,26124244613.873525,31106000650.949304,31112151954.85302,18368855955.066829,30993634805.908821,31111941577.764614,12215346389.886433,30044903889.381143,31112189358.030596,31112189319.044934,31112188772.298326,31112173224.02092,31112089713.494744,31110879439.449488,28464561526.624927,30731717072.121232,31081847334.395469,22296912657.68072,31111987896.122326,31107755170.808628,31021740909.429032,19214396792.454834,26638255810.997433,9462694963.121049,30244098071.189281,12603661393.316742,13407886646.230692,29276738707.938232,22451539797.35017,31112189359.898733,26651031727.968796,1621,0.018761574074,3874,1301750689.200338,53106732.7394500427618429589988,510832.32520557,20840.116309851224049052476282,78987.182002,3222.3921210284413994066852,42.577498868543,0.044139577172208996,0.03156716206909291,,
2019-11-21,5234,10511,221412,279722,966,135038,262151,41,52104,350368,341455,334572,321884,246910,25063,270375,90642,291959,183045,3345,142297,1194,225915,11786,9,263316,57137,52,1613995199,4320,915.299768518519,799596057.6630469251893043902897,0.39162374433,0.335469056641,1192338144.7892646540933573068691,1192349475.6077023608402554,1021369511.9861357604660868010228,3044601258.3523526554718738900994,0.18983678,0.007275271893566232645922,0.172433,0.0066082924416612323167,373.788624,14.3250105186255084688176,0,0,0,0,0,0,0.590004567538,30.78586554829,30.21876494686002,26.371499233286,25.885714838095026,0.000005034475811955025,0.0383238268873199,-18.78067552826041,-0.7477619595271486,0.0407963930267426,0.00000505121239733296,0.000233911234691797,0.0368565937912545,0.0407963930267426,0.005282089229,30778816998.110109,17419021086.126517,1487943670.836446,20864201793.156703,29008361308.13013,7464278930.263854,30778816998.110109,30778816998.110109,30778816998.110109,2878621410.854737,13503344729.88571,30778816998.110109,67.0611823632,26117043288.391502,31106003357.363417,31112151542.821872,18356333607.918693,30993629733.608241,31111941136.006726,12215976968.898799,30044201952.469334,31112188984.240777,31112188945.182769,31112188398.154779,31112172828.648351,31112089406.078812,31110880139.384304,28462792121.745098,30731443002.936009,31081832265.412816,22289001691.067721,31111974946.297647,31107302734.059558,31014544439.813259,19016139230.08905,26485277526.419123,9462694963.121049,30189461534.574378,12529935770.680447,13410775479.697387,29273834620.525789,22445522475.739261,31112188986.110109,26651031354.180172,1969,0.022789351852,4801,1010599781.166079,38730051.0657721854625611016721,306613.49099597,11750.602350246373150415000803,87158.662921,3340.2535095146718131954279,42.506026236768,0.04435574491412664,0.03354180181242986,,
2019-11-22,5975,10485,221431,279728,957,135044,262158,45,52056,350433,341515,334629,321925,246915,25038,270386,90618,291963,183075,3340,141056,1156,225204,11555,9,263160,56271,55,1613995221,4320,994.931712962963,771829561.5548918237034481835166,0.381224516924,0.326560967336,1150167656.9934692385212548676712,1150178602.1378749342222746,985245822.3218826780325232604825,3017034859.8623853079620996408004,0.19079392,0.007053344877430704290592,0.175421,0.0064850327082947484771,407.726597,15.0729976319067356219547,0,0,0,0,0,0,0.59016418442,19.474304928621,28.919582452177313,16.681896293016,24.772821267449977,0.0000050798036501521715,0.0369683943672351,-15.428841742782756,2.0501508384443206,0.0383238268873199,0.00000503447581195502,0.000238438580050359,0.0346892684222239,0.0383238268873199,0.005280033641,30778816590.383512,17407923038.555643,3807820638.65757,20878092618.460066,29010161788.100223,9095124267.774811,30778816590.383512,30778816590.383512,30778816590.383512,5577409039.006759,13508629167.317302,30778816590.383512,67.1058307771,26116368548.277552,31106004567.137763,31112151123.916481,18361299397.872051,30993565862.682074,31111940642.622166,12301704920.640153,30043499991.797157,31112188576.513143,31112188537.44711,31112187989.592183,31112172406.879132,31112089016.55462,31110879237.286693,28464238132.257661,30731215421.353462,31081836791.846518,22303995288.821209,31111970103.428621,31107110043.431983,31011168888.570348,18945045676.254346,26430300146.270778,9235028074.341761,30167012249.081037,12588948944.934764,13430546551.044542,29276581298.589441,22466280286.212855,31112188578.383512,26651030946.453575,2137,0.024733796296,5475,1597602003.89274,59060780.921791877719310763174,459335.81591524,16980.907589750297215774752924,100991.846873,3733.5064230764829475908423,42.515523365431,0.04405919827738532,0.032077370274830735,,
2019-11-23,4068,10506,221411,279695,963,135116,262118,44,52084,350470,341547,334654,321940,246869,25071,270346,90652,291957,183116,3349,142099,1191,225758,11742,9,263252,56906,56,1613995241,4320,882.790740740741,793068983.0895320706793348714045,0.391862209488,0.335673327161,1181501600.7875181624532193042565,1181512855.225500070419511,1012086809.545821895358085203602,3015094520.931689002573827520983,0.18823434,0.00714829738079053568769,0.172433,0.0065482332408733413905,292.704403,11.1156025904240289870355,0,0,0,0,0,0,0.589642756289,8.360891743921,28.900936983053228,7.162028595156,24.7568493217163,0.000005184487597836365,0.0379755223238785,-10.83796041645983,1.0767622139218649,0.0369683943672351,0.00000507980365015217,0.000246824286025119,0.0336252921350378,0.0369683943672351,0.005280056075,30778816297.679109,17403293535.275128,4017602325.323122,20883688611.989437,29005672152.033427,9088963147.738823,30778816297.679109,30778816297.679109,30778816297.679109,5400002167.752018,13515986883.615192,30778816297.679109,67.1238179077,26114324664.452762,31106008515.732682,31112150782.88992,18345076454.947818,30993652750.271443,31111940287.831832,12187195035.945587,30043307308.079812,31112188283.807516,31112188244.701783,31112187696.183603,31112172104.202996,31112088645.912235,31110878502.868725,28464500765.874963,30731080963.726865,31081872926.897366,22296106393.079242,31111973282.038043,31107267209.795931,31013848114.220566,19006854100.753076,26472291981.888989,9301066212.583896,30183023914.154827,12533618483.253905,13369029484.758389,29275069850.529748,22449673588.949114,31112188285.679109,26651030653.749172,1555,0.017997685185,3588,3721156694.595272,141312869.126252681442458802452,1378911.70774934,52364.89234029248719377461519,79665.94719,3025.355955966770656976415,42.57505156252,0.04385786303422738,0.031754776896526636,,
2019-11-24,3909,10506,221505,279791,962,135192,262217,44,52124,350632,341698,334794,322083,246965,25098,270441,90720,292068,183193,3349,139636,1113,224334,11312,9,263041,55268,50,1613995258,4320,844.958564814815,737084414.5060610089102943835072,0.364348151493,0.312104492593,1096617082.7463964385583018164256,1096627539.2189781252314304,939373829.0610864296684078919168,3009805534.2190372036522449072013,0.19436689,0.006850885961425435400736,0.172433,0.0060777780566765877792,300.87994,10.605171266672668981056,0,0,0,0,0,0,0.589325161082,20.04188869493,26.72442271578508,17.168094516476,22.892424065748123,0.000005076372438471304,0.0352471861921824,-6.553744824058749,-14.4362941938012,0.0379755223238785,0.00000518448759783637,0.000249302541850195,0.0345297709790977,0.0379755223238785,0.005281739356,30778815996.799169,17408630188.909156,1398135019.305237,20911865431.957278,29018612292.89104,9131759436.318084,30778815996.799169,30778815996.799169,30778815996.799169,5348685390.496638,13543867258.249032,30778815996.799169,67.214383772,26108345852.129157,31106008496.210194,31112150438.823838,18335195195.742625,30993642674.201418,31111940083.976661,12191376517.336419,30042683051.918359,31112187982.92539,31112187943.760876,31112187395.53303,31112171792.872877,31112088309.787077,31110878125.175461,28463472435.173151,30731033681.559495,31081862344.096468,22288890044.851576,31111964586.582856,31106852494.998236,31006902400.345525,18785531556.867939,26348799513.661144,9301066212.583896,30136509179.867189,12367802130.771809,13362942690.206591,29273080411.172773,22444369668.404582,31112187984.799169,26651030352.869232,1548,0.017916666667,3487,1552358086.524509,54716254.5126693650093617984416,643208.85062913,22671.302118584582743327713312,99257.610507,3498.5514785313491075004768,42.538409090283,0.04414081875607662,0.02966433152346894,,
2019-11-25,5825,10529,221612,279871,960,135324,262306,42,52194,350796,341848,334937,322220,247071,25149,270527,90811,292148,183296,3347,140552,1134,224898,11467,9,263241,55863,49,1613995278,4320,977.284259259259,753705989.6602776232453572814134,0.373205677864,0.319691938079,1121488965.186843848994392200592,1121499673.6407120274352548,960679330.6736838154933350476314,3005015817.5633012041734518025675,0.18897304,0.006811837919673849361552,0.172433,0.0062156255093484280454,411.205329,14.8225590954887575466502,0,0,0,0,0,0,0.588703425977,13.559103773614,26.996560485733276,11.614871962294,23.125539762760837,0.000005049220721706451,0.0360466123616038,-2.558768850071394,-11.289339193729354,0.0352471861921824,0.0000050763724384713,0.000248961914131711,0.0320255355294506,0.0352471861921824,0.005282418553,30778815585.59384,17340535262.541166,1580089118.529649,20909204507.192793,29016416420.146055,9122730866.9121,30778815585.59384,30778815585.59384,30778815585.59384,5378033537.040053,13544670365.383057,30778815585.59384,67.2058319838,26100244723.544137,31106011076.861634,31112149996.386938,18315851414.210096,30993700516.28389,31111939777.156424,12155522506.812404,30042003210.655646,31112187571.717529,31112187532.530349,31112186983.991642,31112171352.637243,31112087931.600379,31110879112.844925,28461139074.115425,30730785885.249733,31081866504.590605,22272046059.054003,31111967384.816495,31106983063.59601,31009159021.421255,18831020541.000042,26377755460.573556,9306066212.583896,30150558278.295114,12359211333.437154,13365972486.373208,29269074438.241905,22430456074.538519,31112187573.59384,26651029534.663903,2176,0.025185185185,5188,2294560768.399608,82711142.5586444237123141713104,574924.19521072,20724.069602067855780778152736,113880.4664805,4105.0050307811984911214259,42.560543377258,0.04417560368910937,0.03003828140447751,,
2019-11-26,6083,10535,221701,279981,963,135432,262388,42,52242,351002,342046,335132,322402,247164,25183,270611,90892,292309,183405,3341,141284,1144,225357,11573,9,263368,56334,50,1613995317,4320,953.013425925926,767839420.3448807765511872980896,0.381126259977,0.326476791888,1142982925.5646329956920941897798,1142993855.0125977091828212,979091282.6195384222212300562184,2998961356.3609267068164050475902,0.1889879,0.00694293660019554436338,0.172433,0.0063347515199730686526,429.002531,15.7604660089689531806682,0,0,0,0,0,0,0.589151013405,16.855856370925,27.329597902403385,14.438905135618,23.410823088649252,0.000005127037264853023,0.0367374662621022,5.1598115936838,-13.158413123650847,0.0360466123616038,0.00000504922072170645,0.000245947468511466,0.0327708441246513,0.0360466123616038,0.005283998145,30778815156.591309,17345376863.169832,1592407002.638875,20900717944.638768,29011808389.62715,9134838165.844082,30778815156.591309,30778815156.591309,30778815156.591309,5385909537.530767,13574286272.835307,30778815156.591309,67.1785556171,26095467402.651148,31106010294.936648,31112149497.507465,18329776585.467432,30993697351.44195,31111939109.646524,12157267230.315749,30041272567.593972,31112187142.712284,31112187103.509779,31112186554.530117,31112170917.298049,31112087261.477806,31110879459.684966,28460779288.592475,30730598004.03829,31081879659.079136,22257206106.579975,31111967949.936379,31107084103.157105,31010872403.03495,18862953904.14113,26400531250.514352,9306066212.583896,30161463759.265689,12388513862.081352,13354497265.601981,29267397539.009536,22424268496.918785,31112187144.591309,26651029105.661372,2270,0.026273148148,5282,1845779084.725592,67809246.8524003142504360595024,568198.06089188,20874.157092207332971575710136,77281.090436,2839.1114525910189976745592,42.577894490104,0.043835359810571926,0.029195835941158446,,
2019-11-27,8373,10406,221288,279564,910,135026,261960,39,51881,350697,341720,334796,322054,246734,24972,270191,90507,291892,183003,3262,142996,1148,226199,11813,9,263239,57395,50,1613995342,4320,1113.418287037037,817015883.0429816792957846201153,0.404996042313,0.346923899279,1214234275.7124601352289154435183,1214245908.0234661793862902,1040125940.8928204451844729383014,2998138620.7592583723385335486235,0.19387838,0.007566609746788097293006,0.172433,0.0067296478259613680521,551.97175,21.542138032624797782975,0,0,0,0,0,0,0.592290812411,9.42812264393,28.34904703256638,8.076229712851,24.284093941312502,0.000005185109052868977,0.0390276097148537,8.256595136820431,-8.884831582216233,0.0367374662621022,0.00000512703726485302,0.000248321964680093,0.0334039054362631,0.0367374662621022,0.005255032224,30778814604.619559,17217496372.683139,1465956659.564028,20934304944.943369,29035645300.735083,9217919140.765096,30778814604.619559,30778814604.619559,30778814604.619559,5632044319.243676,13624008525.805914,30778814604.619559,67.2865112924,26122196634.593205,31106013335.720872,31112148917.039086,18427462272.816231,30993687227.580079,31111938491.238049,12565925918.873855,30042142053.509939,31112186590.733539,31112186551.477445,31112186001.807446,31112170338.937888,31112086668.553937,31110878831.148732,28471060646.78298,30730766858.136481,31081887183.618543,22311360654.876484,31111975206.150576,31107418381.807977,31016456257.069481,19111495924.923468,26524538095.303452,10051621375.983896,30199881948.856046,12880576085.129754,13803439554.195753,29287532255.495333,22549693322.180503,31112186592.619559,26651028553.689622,2847,0.032951388889,6855,3299934437.387557,128788553.3069668983851264554109,912744.49529104,35622.235931599829936792520848,60056.518101,2343.8623492788746826168237,42.71173189103,0.043827520711664375,0.03140212793323339,,
2019-11-28,10487,10440,221273,279520,911,135040,261906,38,51965,350761,341769,334834,322082,246691,25033,270135,90614,291837,183004,3287,143089,1155,226249,11880,9,263195,57525,52,1613995368,4320,1201.560185185185,822789066.720379699444399249311,0.407863762647,0.349380417607,1217737802.1425429439701481738165,1217749494.7408920525092694,1043127094.9078623975493200201372,2985648428.8731635366947460334526,0.19385635,0.007587580193315221123515,0.172433,0.0067490655605241898137,682.762074,26.7234578048602550809386,0,0,0,0,0,0,0.590708803057,11.132353629082,27.83627796119682,9.536091989721,23.844850436294564,0.000005263374062369463,0.0391402200305289,-5.613163864001805,-9.782751741133696,0.0390276097148537,0.00000518510905286898,0.000254669083076055,0.0354785607784468,0.0390276097148537,0.005260840562,30778813921.857485,17335656341.392222,1755324648.655221,21021574893.51399,29029026504.348815,9422579566.33184,30778813921.857485,30778813921.857485,30778813921.857485,5883964779.014548,13807633030.966698,30778813921.857485,67.5670136275,26116017913.199848,31106016954.615904,31112148215.932241,18378242099.297605,30993742636.198806,31111937848.686268,12458450552.29977,30042622557.032059,31112185907.96843,31112185868.645444,31112185318.328907,31112169614.463787,31112085908.20043,31110878720.173592,28470999188.254569,30731371307.131688,31081896123.00603,22298080153.342326,31111974824.498403,31107438757.444414,31016709672.029769,19077652317.290168,26527320965.81525,10051621375.983896,30201460532.143498,12856435494.76503,13739391803.765613,29283816801.682123,22514134816.106706,31112185909.857485,26651027870.927548,3522,0.040763888889,8681,2794753647.474895,109387272.6932905894052963219655,1098588.84574857,42999.009145683803498373518673,55733.196627,2181.4095789855111265060203,42.962512265126,0.04379782041565345,0.03128118349866264,,
2019-11-29,14230,10482,220626,278777,914,134613,261157,37,51863,350295,341246,334265,321460,245971,25033,269390,90360,291091,182451,3305,145180,1222,227156,12436,9,262837,59354,51,1613995388,4320,1389.736574074074,870322289.2195119771221418433365,0.43330946147,0.371177476367,1286034157.8644640413783100954885,1286046546.285051371613447,1101630487.408834223189293909947,2967934633.831150997798408675698,0.18985506,0.00784773209166154248717,0.175421,0.0072510946574263516845,968.830392,40.046977724351577140844,0,0,0,0,0,0,0.590086235295,3.817574493836,27.290820720424676,3.270174765301,23.377606223113286,0.000005335155275254228,0.0413353854864945,-0.4827682706036434,-0.9463750693148832,0.0391402200305289,0.00000526337406236946,0.000259188916688327,0.0356067364283157,0.0391402200305289,0.005249859163,30778812953.027093,17393375074.024969,3141652416.894745,21055139052.806757,29041303777.314497,9784236177.925204,30778812953.027093,30778812953.027093,30778812953.027093,6451267003.670467,13953311740.349097,30778812953.027093,67.6748968056,26132387833.614227,31106031340.024494,31112147184.206752,18358872083.654623,30994068568.243118,31111936780.940274,12491309476.26312,30047162124.719396,31112184939.127706,31112184899.580883,31112184346.815679,31112168576.817349,31112084878.86093,31110879216.881231,28481814128.929817,30732838476.558281,31081964998.911768,22304827409.73014,31111983487.129464,31107839467.551217,31023300708.645133,19217367445.005373,26671297628.114591,10134950175.442022,30254038091.14037,12884251132.262465,13766441984.308967,29290709805.225128,22498960281.695638,31112184941.027093,26651027308.521646,5103,0.0590625,11673,8149725693.961489,336872053.1690870496092126103105,2504162.57632033,103510.525413054044362720783185,84585.421905,3496.3710209809509619620225,43.865701825135,0.043787360718176786,0.032267082867558264,,
2019-11-30,4712,10490,220514,278660,913,134564,261052,37,51884,350297,341227,334226,321403,245859,25050,269289,90364,290976,182384,3302,144428,1201,226645,12311,9,262666,58848,51,1613995406,4320,907.016666666667,851815542.1801461921095174152488,0.424466261156,0.363602296573,1258769292.9166041085827712048992,1258781433.0923388985451994,1078275113.1109417840146090565959,2965534385.4395771020739969973135,0.18525797,0.007495360644504455206683,0.173971,0.0070387006112885970669,355.880565,14.3985879854184392929035,0,0,0,0,0,0,0.589940136217,33.388195439616,26.65591612679657,28.600681965164,22.83374017656593,0.000005354421423101721,0.0404590455379839,5.342490396789359,-2.1536866400506973,0.0413353854864945,0.00000533515527525423,0.00026796564179763,0.0375082971871782,0.0413353854864945,0.005246932316,30778812597.146528,17383526900.112563,2804340620.246767,21053772545.880792,29025337780.993556,9725058701.608831,30778812597.146528,30778812597.146528,30778812597.146528,4225186859.84797,13950311441.221903,30778812597.146528,67.6705053876,26130582989.455081,31106031562.123005,31112146804.122644,18354326412.17005,30994151350.84907,31111936387.864343,12492260628.104849,30047775612.414251,31112184583.24144,31112184543.588247,31112183989.693963,31112168195.077338,31112084591.489097,31110878181.249573,28482610844.509783,30733231530.467246,31081995832.686029,22298712693.357087,31111981482.321621,31107741881.456144,31021663314.10733,19163204755.395095,26637317066.457816,10134950175.442022,30241755596.158422,12882798187.640854,13764120920.007606,29290299874.39773,22495665504.934069,31112184585.146528,26651026952.641081,1921,0.022233796296,3833,931831869.782067,37701028.0532573323956635547213,276708.27078668,11195.352528495066200674174452,62865.144256,2543.4637342054310009054784,43.864991217839,0.043408257381145704,0.032460146737543265,,
2019-12-01,3851,10498,220432,278577,911,134489,260974,37,51872,350319,341236,334222,321390,245777,25044,269210,90321,290898,182303,3306,143003,1171,225640,12021,9,262297,57751,48,1613995425,4320,839.132407407407,834344652.0112067869702885294696,0.416295878006,0.356603459244,1232587231.7658791317978231284256,1232599130.9023535282292688,1055847280.482316993430530100604,2960844190.1257054547436436848136,0.18719733,0.007416291848452747684824,0.173971,0.0068922976047103501288,289.594276,11.4730037466740320815328,0,0,0,0,0,0,0.589600132814,24.059952669402,26.00682562966175,20.610010342332,22.277722344824564,0.000005340922844959995,0.0396175086923128,-3.2925504742437885,-6.241145997166405,0.0404590455379839,0.00000535442142310172,0.00026614954752805,0.0367878710048163,0.0404590455379839,0.005246139536,30778812307.552252,17374869412.518156,1015507077.833859,21059997954.215107,28992567071.681316,9689951101.808785,30778812307.552252,30778812307.552252,30778812307.552252,4256520007.544627,13966172399.925403,30778812307.552252,67.6905155683,26134584504.022665,31106030438.684686,31112146480.204193,18343747992.790348,30994164373.27809,31111936061.01771,12493917216.967724,30048593604.662074,31112184293.643219,31112184253.940398,31112183699.631267,31112167875.356445,31112084303.336277,31110877178.876989,28483436556.370825,30733398192.799585,31081994124.456033,22302452904.909154,31111973892.16729,31107510411.126211,31018306297.690894,19084455105.296211,26566775248.181951,10134950175.442022,30215402258.510207,12809445547.220632,13765426466.977998,29291825350.853902,22496527487.207528,31112184295.552252,26651026663.046805,1547,0.017905092593,3181,1293110785.505379,51229827.7848827851989603505512,439046.03813946,17393.910232315553658916343088,79999.59027,3169.384462903187498676456,43.857798946597,0.04303962821548019,0.03238054737449554,,
2019-12-02,3735,10460,220200,278302,908,134298,260715,38,51722,350135,341036,333998,321150,245523,24941,268947,90145,290621,182089,3289,141402,1122,224588,11717,9,261839,56571,48,1613995444,4320,864.313425925926,801863420.478706245515466505968,0.401835490894,0.344410273399,1184668248.2491369203624141918912,1184679695.0303395727247168,1015370529.7636303551850350532608,2948142399.3015351911736829377265,0.18787789,0.007153884492370789257312,0.172433,0.0065657846416785514464,269.041138,10.2443625747978618439104,0,0,0,0,0,0,0.591084409568,5.839098710542,24.12598342121942,5.004648989139,20.678204724130012,0.000005203017635018236,0.0380773091095008,-7.657296352808108,-10.327306238022851,0.0396175086923128,0.00000534092284495999,0.000261708615618501,0.0359825030038606,0.0396175086923128,0.005235212873,30778812038.511114,17368962973.443415,2066925333.759429,21058825826.498085,28973669510.51331,10175274436.126711,30778812038.511114,30778812038.511114,30778812038.511114,5420744708.185321,14132892802.879863,30778812038.511114,67.6867487302,26148023300.862492,31106033580.060214,31112146191.702554,18389926925.672315,30994214875.298006,31111935924.352617,12584654628.861468,30049205665.77305,31112184024.600153,31112183984.776458,31112183429.7575,31112167583.79388,31112084081.054657,31110877225.009449,28486974089.257986,30733517687.470692,31082009435.739427,22325473853.202127,31111968605.13712,31107302540.238122,31014732310.06753,19011049610.664215,26511638706.058326,10225966207.821208,30189470137.512874,12872014712.849548,13830053017.496923,29300025993.845616,22533783069.950026,31112184026.511114,26666026394.976576,1432,0.016574074074,3043,5328251082.712716,202885463.4894844015191525721728,5140300.83139676,195728.823672918385397450337408,82324.76386549999,3134.705481073305061810251304992,44.34422803045,0.04309897760975817,0.03306061217622694,,
2019-12-03,2754,10463,220204,278317,909,134279,260730,38,51703,350193,341082,334039,321187,245536,24938,268966,90121,290624,182090,3293,141142,1120,224435,11678,9,261844,56400,48,1613995461,4146,822.311143270622,797272485.2873670375068043013124,0.399949459833,0.342793769527,1176878182.476991201446885504024,1176889561.9495296155905816,1008693719.9864547092056375032632,2942567250.7918762491868209621744,0.18810739,0.007115523762742344101644,0.172433,0.0065226098186836286468,210.492174,7.9622712641342597534904,0,0,0,0,0,0,0.590948961262,6.840550582214,23.412674915667974,5.862986090035,20.066833175387206,0.0000051771985752344526,0.0378269230291396,-1.0865037268867013,-9.529593869137598,0.0380773091095008,0.00000520301763501824,0.000255462028585248,0.0343913728242081,0.0380773091095008,0.005238114864,30778811828.01894,17348426185.063171,2140083172.342865,21076852713.428369,28962417038.428087,10130962460.074204,30778811828.01894,30778811828.01894,30778811828.01894,5340681301.416477,14115212872.593685,30778811828.01894,67.7446907554,26149345959.274889,31106032321.397583,31112145981.846474,18385712708.659616,30994162699.713874,31111935605.102292,12560728866.573898,30049269770.669109,31112183814.107501,31112183774.252692,31112183218.877875,31112167356.352013,31112083884.505713,31110876637.909036,28487905209.339564,30733423560.138725,31082007276.199076,22326625883.62482,31111968030.997239,31107259878.812196,31014048969.890036,18998561380.705189,26501866945.484563,10225966208.479068,30185514249.620434,12848650475.621954,13806572874.389992,29301436144.904662,22531219604.773179,31112183816.01894,26666026184.826542,1119,0.012951388889,2389,4548198780.506715,172044365.191454102472398472414,3140436.48385032,118793.049152507861130164784672,55765.811483,2109.4490586249502492900268,44.550433137416,0.043090691181300024,0.03299088972963877,,
2019-12-04,3176,10466,220179,278307,911,134284,260705,38,51714,350243,341120,334073,321211,245510,24948,268956,90108,290620,182078,3295,140573,1109,224061,11585,9,261762,56056,49,1613995479,3978,825.574660633484,784220305.4223225971470047128805,0.393363389843,0.33714763669,1156933680.5498883605929244335386,1156944876.4791652566315482,991595726.180085005123763418972,2941132068.7729607546355994590775,0.18969233,0.007053874732216559017711,0.172433,0.0064120714933508272111,250.204182,9.3040607245675837071594,0,0,0,0,0,0,0.590981942598,9.184036032949,22.598739818282795,7.871540981526,19.369142931524014,0.000005153952501594131,0.0371858721552767,0.5167153684549924,-13.684948864777196,0.0378269230291396,0.00000517719857523445,0.000256513941202078,0.0341529383635696,0.0378269230291396,0.00523669594,30778811577.814758,17331585201.687504,1672455434.283408,21089200278.741915,28957831025.138339,10134750423.144445,30778811577.814758,30778811577.814758,30778811577.814758,5300320349.909848,14126505902.995015,30778811577.814758,67.784378535,26147635627.239515,31106031417.548901,31112145719.832684,18386738682.179765,30994201298.040261,31111935142.654517,12519246772.132685,30049549593.036789,31112183563.901691,31112183524.014463,31112182968.207905,31112167095.161765,31112083624.564206,31110876008.534258,28487641588.487121,30733318405.138847,31082015155.796149,22326310140.676686,31111966044.525204,31107165978.900736,31012557578.222453,18965386977.44185,26474689446.201998,10225966208.479068,30176316400.544211,12833213351.88239,13781278209.564348,29301068739.254782,22529906094.040777,31112183565.814758,26665926296.94116,1319,0.015266203704,2782,3387637358.367955,125972249.7167100533358534381485,1839844.03040655,68416.204900346985817828742385,76449.034779,2842.8240336861961266683493,44.689362467748,0.04303625653326255,0.03246881422833681,,
2019-12-05,3207,10472,220225,278361,916,134322,260747,38,51722,350352,341216,334162,321295,245549,24953,269003,90128,290680,182106,3299,141037,1120,224373,11668,9,261856,56329,49,1613995498,4320,825.526388888889,795022361.2457115016868828088738,0.398720155352,0.341738863791,1172159922.5981127602955269804916,1172171275.0564214392059702,1004645977.267664740387573506039,2939806044.0734117448702965109891,0.18687476,0.007040557133170814483412,0.172433,0.0064964599186323666921,243.68469,9.180886613173542775053,0,0,0,0,0,0,0.591359169083,11.873675496945,22.658958956975905,10.176802749702,19.42075609848667,0.000005088442578564819,0.0376752705029337,10.881635664692888,-14.923533743948527,0.0371858721552767,0.00000515395250159413,0.000255227010257001,0.0335925297400158,0.0371858721552767,0.005237204811,30778811334.130068,17331804126.074551,880259877.809715,21101968230.959474,28942631212.405197,10114616543.573384,30778811334.130068,30778811334.130068,30778811334.130068,5077372228.513918,14145806464.041777,30778811334.130068,67.8254174979,26148321108.098012,31106032326.71959,31112145453.096529,18398474877.742849,30994214257.196701,31111934742.261301,12510437804.713584,30049506661.484664,31112183320.215275,31112183280.291675,31112182724.176224,31112166839.132897,31112083311.643801,31110875488.320887,28487674553.069206,30733252663.901421,31082003408.273901,22324395497.323032,31111967040.83143,31107237863.788678,31013708227.206403,18991834713.508391,26495749702.97394,10225966208.479068,30183334576.511083,12824825737.421573,13773324052.867103,29301417148.832837,22525196013.13553,31112183322.130068,26665926053.25647,1304,0.015092592593,2772,2620265589.213322,98719214.8631408617126761227514,1297999.32204221,48902.475570564814778880231477,41304.7149665,1556.16630940946158054722105,44.768150037605,0.04304418311645163,0.032075804518619036,,
2019-12-06,2955,10475,220348,278488,916,134421,260869,38,51792,350587,341424,334360,321486,245667,24960,269122,90209,290839,182231,3297,141693,1133,224817,11760,9,262009,56725,49,1613995517,4320,780.300925925926,806802224.2223086642218729447816,0.405089811005,0.347198228438,1189928195.9247108240307081255128,1189939729.0046718253219824,1019874976.7810988286047445496616,2937442916.6035299007624248706392,0.18396124,0.007035850417080295657056,0.172433,0.0065949370365649123752,223.144981,8.5344864365897112341064,0,0,0,0,0,0,0.591276792658,13.235267328968,22.700845425836533,11.343808816408,19.456656528417305,0.000005076362685919139,0.0382463741659944,24.929777641163728,-14.700440424248734,0.0376752705029337,0.00000508844257856482,0.000254524116165426,0.0339535759873341,0.0376752705029337,0.005240226358,30778811110.985087,17316753909.73614,815309351.024885,21094868253.933789,28914422032.548955,10075043023.166412,30778811110.985087,30778811110.985087,30778811110.985087,4751015926.377234,14147851227.546571,30778811110.985087,67.802597416,26143778703.389593,31106032903.829153,31112145170.628118,18395911835.343658,30994157148.107991,31111934535.523282,12509507224.444543,30049315067.02886,31112183097.066081,31112183057.104834,31112182500.502484,31112166602.021893,31112082988.844111,31110875204.589592,28484072135.805388,30733106736.132188,31082006380.414527,22318509088.064615,31111967639.419277,31107322947.956287,31015119635.795502,19023475652.689127,26514714517.004163,10225966208.479068,30191711274.418932,12824012482.413956,13772641774.819947,29299056441.303502,22523063474.581325,31112183098.985087,26665925830.111489,1213,0.014039351852,2560,2350703036.491719,89905867.8868014728975270003736,1151603.31173365,44044.65115136346705434019156,36278.610625,1387.5253161861699535305,44.82666159222,0.04283488434213732,0.03212947400188632,,
2019-12-07,2801,10469,220282,278430,916,134372,260802,38,51795,350572,341412,334340,321464,245594,24968,269050,90197,290783,182170,3296,141957,1142,224933,11812,9,262042,56934,49,1613995536,4320,812.216898148148,812616489.578582125859896672572,0.408116774485,0.349792606697,1198505472.0255994635394576283826,1198517096.2982527249072506,1027226469.0170596031864598156048,2936672900.8850706987737833568724,0.18865493,0.007267377114962100444123,0.172433,0.0066424749041239466463,209.218321,8.0595213603280583950431,0,0,0,0,0,0,0.591217363176,14.847888522842,22.63477220128444,12.725969514265,19.400025838876005,0.000005128028249689783,0.0385220630860911,31.14259032618099,-11.36331111579299,0.0382463741659944,0.00000507636268591914,0.000257204614239608,0.0345916216142235,0.0382463741659944,0.005239329593,30778810901.766766,17302624684.608161,658001120.732247,21094833050.93252,28890652371.889591,9699022708.257546,30778810901.766766,30778810901.766766,30778810901.766766,2932863298.388667,14142829374.743283,30778810901.766766,67.8024847233,26141864135.296327,31106032754.165538,31112144940.922495,18394062730.748928,30994175858.854497,31111934236.440915,12509821820.220173,30049703206.954533,31112182887.848822,31112182847.843139,31112182291.039356,31112166377.363088,31112082664.618934,31110874529.436543,28484623453.891326,30733299753.881414,31082011996.737579,22317673416.926396,31111969949.098402,31107370399.410001,31015955802.450669,19045161179.449893,26528085552.179937,10225966208.479068,30197465034.691964,12824434763.445374,13772521855.108782,29299089948.824534,22523307384.345984,31112182889.766766,26665925620.893168,1109,0.012835648148,2351,2095394428.770378,80718916.3753363251565274894358,1202800.71280439,46334.364938646054702684019929,43230.295856,1665.3201841952146515684816,44.884913781822,0.04240082406403061,0.03182549436169519,,
2019-12-08,2763,10466,220270,278433,918,134324,260805,38,51802,350638,341466,334392,321509,245586,24975,269054,90186,290792,182148,3297,142035,1147,225010,11827,9,262054,57021,49,1613995555,4320,810.599537037037,815164339.9883614288273456864595,0.409529541629,0.351003474201,1202511103.1475708740964159600911,1202522774.4253252976755754,1030659652.2714977404693014669309,2936323221.9227484850537069430988,0.18720415,0.007235592284040777500585,0.172433,0.0066646753520902361767,210.979077,8.1545125021814156760723,0,0,0,0,0,0,0.591364454798,14.717823410216,22.454938183099205,12.614492056216,19.245891966396982,0.000005133632351774555,0.0386508113417399,28.22407605734297,-8.409586888416376,0.0385220630860911,0.00000512802824968978,0.00026113961997977,0.034860964366604,0.0385220630860911,0.00524184935,30778810690.787689,17286020774.296739,605380320.035627,21090484563.982405,28871313949.391996,9658043737.462871,30778810690.787689,30778810690.787689,30778810690.787689,2793436907.287268,14136767746.374622,30778810690.787689,67.7885083851,26141176839.408465,31106031686.205111,31112144708.261032,18398638947.404869,30994111577.340739,31111933987.915736,12508787663.971663,30050018438.924916,31112182676.866004,31112182636.851148,31112182079.839848,31112166148.543974,31112082430.991666,31110873593.728446,28484725095.221756,30733470284.590064,31082007262.784435,22319227340.663006,31111969938.027444,31107392238.97896,31016221172.24977,19057917404.976735,26532163124.851361,10225966208.479068,30199863531.113356,12823912890.525206,13772036395.005048,29299161553.268374,22524703316.973809,31112182678.787689,26665925409.914091,1127,0.013043981481,2386,2113911942.793886,81704411.6939773556807343222514,977117.1732661,37766.37152268220888733968739,49782.8079,1924.14591620497869346521,44.945310021505,0.04231840273308283,0.03148342136502793,,
2019-12-09,3233,10460,220315,278399,916,134360,260807,38,51811,350751,341569,334486,321591,245611,24980,269035,90204,290819,182196,3303,140724,1112,224253,11590,9,261868,56187,49,1613995575,4320,799.071296296296,785115840.7329038193567107337075,0.394865262022,0.33843487352,1158145767.1250360027917395764709,1158157017.1841669515049294,992634586.8145264216228730749087,2933015077.5881484184232585319681,0.19221343,0.007155112659257129503427,0.172433,0.0064187894736267107437,251.991808,9.3803527435616335469312,0,0,0,0,0,0,0.591176670531,31.184492289247,21.6619731415685,26.727901182421,18.566249922361255,0.00000507134585518181,0.0372248321007389,19.6401572271202,-12.172940099926354,0.0386508113417399,0.00000513363235177456,0.000256239830243984,0.034971133213444,0.0386508113417399,0.005243584381,30778810438.795881,17288199080.153806,641145774.814818,21091185545.396175,26442646181.236627,9630644147.315918,30778810438.795881,30778810438.795881,30778810438.795881,2722509877.14779,14134176275.754539,30778810438.795881,67.7907620111,26138322157.808483,31106036926.602809,31112144344.856788,18392796420.028477,30994078608.594099,31111934131.631469,12509488250.567632,30049629641.582212,31112182424.873334,31112182384.809814,31112181827.226454,31112165872.128439,31112082158.925222,31110875140.422809,28483707580.341554,30733363934.518814,31082013766.9067,22322919432.922861,31111965149.488367,31107186300.377559,31012641565.283441,18965205203.986238,26468391236.678762,10227466208.479068,30177306412.551318,12824923458.239739,13774711722.716882,29298812773.618696,22523489585.302002,31112182426.795881,26665925157.922283,1311,0.015173611111,2759,997681223.674249,37138516.0413336507747658025861,445047.29826579,16566.810954831499372547592231,51047.631096,1900.2394966890580762168344,44.97445605276,0.041824047360887386,0.032074621883622145,,
2019-12-10,3708,10473,220243,278294,913,134337,260710,38,51826,350697,341510,334424,321532,245516,24996,268935,90216,290719,182162,3304,139918,1079,223698,11461,9,261660,55654,46,1613995594,4320,869.173148148148,768310201.370111820715259100655,0.388342980097,0.332844693611,1132274386.063455439119024818817,1132285394.936644232401921,970460496.078178334796394215644,2915655603.6652907620000738979712,0.18964195,0.006901692767244550806325,0.172433,0.0062754026149503294455,278.204739,10.1247832294988424567765,0,0,0,0,0,0,0.590850913764,33.267124780943,21.25568392299099,28.512903599498,18.218023668364395,0.000005032192903991569,0.0363932809552135,22.931293015871773,-17.034923350815998,0.0372248321007389,0.00000507134585518181,0.000252584950185204,0.0336531020366977,0.0372248321007389,0.005242677948,30778810160.591142,17261237758.663725,838478967.070006,21111320035.02553,26434310694.220748,9626289980.889565,30778810160.591142,30778810160.591142,30778810160.591142,2207953619.407818,14170026194.906813,30778810160.591142,67.8554783917,26139345841.979242,31106040079.834136,31112144042.344268,18382661251.686214,30994126126.705889,31111933903.538971,12512986420.704789,30049995660.202604,31112182146.667077,31112182106.598495,31112181549.097198,31112165576.40887,31112081889.208448,31110875084.970572,28484693993.585544,30733624263.993117,31082043265.424845,22319546973.844691,31111961909.594199,31107058402.542294,31010560349.363964,18873815011.196311,26430841875.050916,10229466207.879068,30162795374.984443,12746753297.185955,13773984153.258644,29298064370.701676,22518267012.684794,31112182148.591142,26665924879.717544,1467,0.016979166667,3083,935223057.401525,34035835.4838074616932116005875,435398.55258488,15845.58185171483691593727188,84890.855944,3089.456770898547944264044,44.989748439358,0.04159328439823337,0.031383975450181664,,
2019-12-11,2926,10471,220206,278259,915,134310,260675,36,51817,350714,341521,334433,321520,245473,24996,268904,90202,290677,182118,3305,140095,1088,223785,11489,9,261639,55766,45,1613995612,4320,800.74212962963,772737577.361143729292571731187,0.39090693558,0.335042232537,1138716337.8788864373796436420888,1138727417.8756643091396748,975981824.1747141926708459641564,2913011344.2238077290577899778498,0.18935303,0.006930384679082669757614,0.172433,0.0063111058817926599554,231.957466,8.4897213874277020097908,0,0,0,0,0,0,0.590971010278,22.079917690189,21.453579692837074,18.924465758556,18.387638033450017,0.000005083052226891259,0.0366003368368738,25.802966781213044,-15.177073452516437,0.0363932809552135,0.00000503219290399156,0.000249788539124628,0.032822668994876,0.0363932809552135,0.005241561753,30778809928.633676,17258252947.165417,852887116.055167,21112854256.101615,26416619485.566885,9524397246.246229,30778809928.633676,30778809928.633676,30778809928.633676,1375553633.472999,14170123032.124797,30778809928.633676,67.8604101528,26139057472.573786,31106039930.209774,31112143814.317823,18386397579.223144,30994144105.215009,31111933583.821101,12425501086.187015,30050129652.741432,31112181914.708502,31112181874.632758,31112181316.187353,31112165334.021227,31112081678.873498,31110874355.038151,28485240367.632819,30733683915.207339,31082038862.846037,22320770274.071277,31111961972.60238,31107092252.705502,31011137963.951053,18896730899.146746,26438839965.050041,10229466207.879068,30166241549.504708,12688938298.609886,13746906870.644675,29298676152.033223,22519588052.350237,31112181916.633676,26665924647.760078,1225,0.014178240741,2538,1409071462.728262,51572490.1630808553809909873356,587688.85278069,21509.609967049191756056606922,70229.040794,2570.4065487909510236297972,45.001342436795,0.04159273216270142,0.031395072450522456,,
2019-12-12,2742,10463,220203,278267,918,134308,260675,37,51799,350786,341580,334488,321564,245472,24990,268911,90175,290694,182116,3303,139973,1082,223700,11467,9,261630,55669,45,1613995629,4320,812.660416666667,793689841.6384262689040612969388,0.397805058313,0.34095454075,1134907576.1421182715098893179768,1134918626.8096569449397608,972717373.3246949629035370574996,2852923944.5976842366362795937043,0.18541873,0.006763689008792979782204,0.172433,0.0062899966300772305084,211.93361,7.730896595779821962428,0,0,0,0,0,0,0.591336147401,16.723464775535,21.27642658760803,14.333506156196,18.235801944670555,0.00000507141421869256,0.0364779168145148,21.081341955095127,-16.327087064030586,0.0366003368368738,0.00000508305222689126,0.000255713221134773,0.0329166263884978,0.0366003368368738,0.005240513001,30778809716.700066,17884373915.490801,1439221526.983312,21758091221.991381,26403745071.250679,10025468552.82192,30778809716.700066,30778809716.700066,30778809716.700066,2038614808.664947,14750834369.785407,30778809716.700066,69.9343152097,26138135216.727452,31106039687.751233,31112143577.09937,18397757666.492948,30994148394.972002,31111933164.296659,12456419703.314694,30050215344.474638,31112181702.774663,31112181662.674035,31112181103.777849,31112165109.35556,31112081449.916262,31110873931.841805,28485665028.281815,30733572095.672083,31082038825.189189,22322459296.000469,31111961310.77782,31107069569.323301,31010812346.537377,18882502172.743813,26434225128.629906,10229466208.633509,30164162599.21402,12688838350.117543,13747974379.760869,29299993048.999819,22523235741.554478,31112181704.700066,26665924435.072027,1143,0.013229166667,2408,1860390901.185384,67863184.5359206607805768116832,803206.57536481,29299.302641028851627913144188,67374.101722,2457.6668780677743412744856,45.018513776803,0.041565698065500624,0.03125699409417672,,
2019-12-13,3015,10457,220285,278404,921,134320,260789,36,51816,350979,341763,334665,321733,245579,24997,269040,90201,290836,182177,3297,140653,1113,224189,11581,9,261854,56174,48,1613995649,4320,819.315740740741,808568588.6207110795320137062674,0.405757549734,0.347770537244,1157352010.5542287968923490484812,1157363288.6629981541659674,991954261.2465385441958837761971,2852324032.6975119829722897385585,0.19136377,0.007118602217024283695463,0.172433,0.0064143904360169550927,239.204718,8.8982529758766175045842,0,0,0,0,0,0,0.591690420473,36.768841738039,21.674817553080175,31.51418834593,18.57725863648269,0.000005134550017781576,0.0371993205245919,29.468335796382988,-14.177942656985815,0.0364779168145148,0.00000507141421869256,0.00025203383779723,0.0326332585517867,0.0364779168145148,0.005244209906,30778809477.495348,17871129057.482155,1411389644.735468,21736111768.121646,26390931627.85774,9913469231.281626,30778809477.495348,30778809477.495348,30778809477.495348,2017080629.263036,14752713927.348515,30778809477.495348,69.8636699334,26136104294.105532,31106033427.325836,31112143320.408598,18408779733.160556,30994038828.502249,31111932647.538697,12424581112.583058,30050030768.182698,31112181463.567628,31112181423.433066,31112180864.203897,31112164859.297609,31112081154.632866,31110872746.127538,28485085560.474331,30733544460.057481,31082019999.106714,22319807322.100817,31111963777.190139,31107173960.650574,31012515899.622931,18969651405.882233,26464632187.716018,10229466208.633509,30177221019.832884,12770255909.880245,13737213420.307759,29300106676.884657,22528205223.660508,31112181465.495348,26665924195.867309,1250,0.014467592593,2616,846156147.293289,31476433.7370168523687463337591,366963.93321665,13650.808972691099635595535135,56959.0380385,2118.83751276658380678898815,43.228118796755,0.04159605716621591,0.03160263190223355,,
2019-12-14,3095,10433,220237,278364,921,134270,260749,37,51769,350988,341763,334658,321721,245534,24968,268997,90140,290801,182130,3292,139671,1082,223594,11402,9,261687,55454,47,1613995672,4320,799.192824074074,787270326.1123387750550924375204,0.395216251962,0.340116703612,1126864386.7754516628747269817392,1126875376.8331873086668962,969761235.1337357792939418720049,2851260243.4261884714401923870791,0.18702548,0.006773949771301969462556,0.172433,0.0062454189713343470651,249.679012,9.0432228070544274986764,0,0,0,0,0,0,0.592310712597,9.094591537046,20.658230916874572,7.826658136956,17.778138846816056,0.000005122167537641964,0.0362193951931147,29.12232961119862,-15.415563582994098,0.0371993205245919,0.00000513455001778157,0.000257257218690189,0.0334694080533267,0.0371993205245919,0.005240832481,30778809227.816336,17859092193.282339,761314897.594985,21736153293.415532,26361128681.480962,9872340052.114621,30778809227.816336,30778809227.816336,30778809227.816336,2060674814.209087,14743542020.048108,30778809227.816336,69.8638039636,26138546678.982943,31106032057.51605,31112143050.207711,18428078226.387701,30994032894.876961,31111932443.303395,12449990351.795325,30050304689.097176,31112181213.886574,31112181173.715165,31112180614.221399,31112164598.344143,31112080885.446905,31110872226.827565,28486344767.069822,30733499179.297282,31082016855.132844,22330729651.423854,31111960122.50862,31107023539.327542,31009972420.079254,18904161591.436269,26424926548.118583,10320253516.633509,30159156480.225299,12743200255.875911,13749101136.195744,29303088894.842245,22543807949.820916,31112181215.816336,26774639111.535667,1335,0.015451388889,2757,3420954210.981731,123904892.5050971990402186875457,3844669.19323181,139251.592896456390805153018607,93304.093826,3379.4178474193473579798422,41.113425307835,0.041611817194221246,0.03182523654038726,,
2019-12-15,3501,10440,220199,278328,923,134220,260700,38,51748,351109,341877,334764,321822,245493,24972,268950,90108,290864,182080,3295,139848,1087,223693,11444,9,261650,55588,47,1613995694,4320,854.355324074074,791973856.01969694811645608572,0.397786818572,0.342328891101,1133333309.837734719529419059576,1133344372.994617997331364,975328284.12386101695129750673,2849097197.1058925786828907510595,0.18704464,0.00681353458763564817376,0.172257,0.006274860522399112038,274.768572,10.009082157699124150248,0,0,0,0,0,0,0.592252499114,8.947567053674,20.356414988282687,7.700131237466,17.518400923270868,0.000005122465135151634,0.036427318032934,30.445058421280606,-17.237250981321267,0.0362193951931147,0.00000512216753764197,0.000255349488261826,0.0325989189621655,0.0362193951931147,0.005241817971,30778808953.047764,17849699814.011676,800336720.077925,21741206841.07658,26335866659.748978,9857207538.07864,30778808953.047764,30778808953.047764,30778808953.047764,2126700674.74701,14762294563.695191,30778808953.047764,69.8800475681,26139810886.573533,31106032974.75316,31112142617.927967,18426266915.226023,30994023107.402131,31111931951.658699,12469484056.427321,30050504885.737797,31112180939.115429,31112180898.884884,31112180339.368071,31112164305.558306,31112080402.621827,31110872360.782467,28487816760.709485,30733587601.777171,31082005588.792662,22329301947.567094,31111959956.796862,31107062091.211579,31010587926.614311,18910856275.111198,26435927937.821172,10320253516.633509,30163625908.810445,12732750099.471561,13736947051.266936,29305067166.261039,22541384362.265674,31112180941.047764,26774638836.767095,1469,0.017002314815,3037,3477166558.732209,126663852.088420857530748571206,2167017.47798451,78938.63485346829846412185234,46131.535366,1680.448110124824373743844,39.189635323727,0.041480187488102685,0.031288661139960386,,
2019-12-16,3903,10440,220195,278329,922,134206,260698,37,51739,351178,341909,334796,321835,245487,24973,268950,90070,290845,182076,3295,137556,1035,222357,11055,9,261225,54020,41,1613995718,4320,838.906712962963,740380887.4434562606380568840416,0.372628404151,0.320677966782,1059610928.0064371746656478571312,1059621281.4387448204633328,911883995.389909554086239443972,2843612876.0007737657030117364491,0.19008443,0.006473848347050893040824,0.172433,0.0058726803243539023144,291.39943,9.924409475500294332824,0,0,0,0,0,0,0.59205222262,9.515460477641,18.781118249450724,8.18885110467,16.162726048343877,0.000004948531421403329,0.0340577518476968,18.564927859071677,-22.298910881091818,0.036427318032934,0.00000512246513515164,0.000255981411251481,0.032746159450617,0.036427318032934,0.005242215415,30778808661.648334,17864262244.416637,946196857.477209,21738982970.877612,26318790195.711396,9791446265.024782,30778808661.648334,30778808661.648334,30778808661.648334,2292051940.134928,14781181769.08263,30778808661.648334,69.8729003141,26139018166.835295,31106033415.403803,31112142337.259686,18420035704.187239,30993996801.851032,31111931616.054802,12430675615.370168,30050918922.516419,31112180647.713687,31112180607.475772,31112180047.166565,31112163997.934607,31112080110.760362,31110871860.759405,28488424718.710336,30733456185.594813,31082003439.109468,22332511029.177827,31111947521.666477,31106684800.709192,31004100645.170227,18760446075.660077,26324626207.353392,10320253516.633509,30119729585.715784,12550742614.223812,13725508064.823529,29306215442.179391,22544637800.548768,31112180649.648334,26774638545.367665,1533,0.017743055556,3342,3269645302.269222,111356768.3346727577083742278896,2364765.30879306,80538.590064916133022948824208,72163.472619,2457.7256429259646850139192,37.42281317347,0.041719739587218495,0.03320185629386873,,
2019-12-17,5903,10420,219971,278132,928,134057,260479,38,51678,351162,341864,334724,321740,245259,24925,268746,89955,290661,181895,3312,133502,915,219579,10292,8,260437,51312,36,1613995743,4320,982.509490740741,688040144.2777188826714678921044,0.3473068872,0.298886678929,981821306.2004992709025545960712,981830912.9116457482958872,844939505.4541189149174688114004,2826956050.6419021207706046717381,0.18848133,0.005947991566931737462356,0.172433,0.0054415470745072749956,423.329068,13.3591890852057975161776,0,0,0,0,0,0,0.592476418067,8.211407166123,17.151181731710572,7.06660393924,14.760029059082035,0.000004774949171693468,0.0315574575313732,-2.080481646236034,-29.969030200068847,0.0340577518476968,0.00000494853142140333,0.000257272674908986,0.0306047007851097,0.0340577518476968,0.005237037598,30778808238.319266,17913402056.159809,1190180262.858698,21802774941.349317,26308014997.49287,9885799355.786557,30778808238.319266,30778808238.319266,30778808238.319266,2510203814.393894,14853681041.283072,30778808238.319266,70.0779398382,26146416824.495272,31106033509.382242,31112141852.748696,18433233098.738858,30994054494.585145,31111930922.102167,12459210777.81137,30052080116.683852,31112180224.379819,31112180183.983661,31112179622.625591,31112163524.144315,31112079615.277808,31110870622.340921,28489977524.953668,30733675955.324871,31082031463.278737,22359971466.213171,31111929602.761513,31105910368.461696,30992311496.217065,18392320724.572412,26106227613.03954,10005569446.818757,30040586578.132267,12396515910.920547,13718662710.093001,29310957756.538911,22555830376.737273,31112180226.319266,26774638122.038597,2246,0.02599537037,4899,3788897517.428582,119567972.4969778253440553888024,1487748.11537608,46949.547968361160289916833056,99996.7085835,3155.6418844009031889818622,35.730650141004,0.04202597627140213,0.03469455480394282,,
2019-12-18,5393,10413,219827,278016,931,133995,260334,38,51643,351191,341880,334727,321723,245115,24925,268608,89894,290574,181782,3306,137663,1052,222167,11094,9,260894,54159,44,1613995764,4320,950.161342592593,751584921.363055394000993492716,0.380158330377,0.327158097916,1071257919.53996495995786871532,1071268414.396544048390072,921907203.732431270750795081812,2817925674.4854571761333576377536,0.18719059,0.00644536650868335712988,0.172433,0.005937231584086557556,378.873756,13.045421876930192540592,0,0,0,0,0,0,0.593110750669,7.36222909684,18.347102423846657,6.335815041461,15.78921899538869,0.0000047266819040021654,0.034432107450932,0.20563545429863675,-20.25555403399074,0.0315574575313732,0.00000477494917169347,0.000259719513751696,0.0283309145933957,0.0315574575313732,0.005230674675,30778807859.44551,17920854237.59935,1595355683.825911,21828025555.337063,26298270592.897698,10257544671.129041,30778807859.44551,30778807859.44551,30778807859.44551,2959472283.497339,14896975723.151468,30778807859.44551,70.1591005914,26148817481.020832,31106032311.473403,31112141403.854687,18452968344.281974,30994157996.196815,31111930165.73965,12480822111.033026,30052686511.091941,31112179845.5033,31112179805.038876,31112179242.67943,31112163107.335581,31112079067.243418,31110870112.052475,28493156074.093019,30733817683.654883,31082051529.999718,22361814040.984479,31111947038.536171,31106735690.20574,31005192025.873824,18816660877.358272,26353707121.157841,10322253516.033509,30128340480.525834,12660221568.17588,13738595254.064714,29313588627.626241,22563408847.403108,31112179847.44551,26774637743.164841,2024,0.023425925926,4509,4225918460.048821,145507278.495278092922581951172,1994856.68769482,68687.11981991834148134057224,69999.0374615,2410.214379336182341089118,34.499945204472,0.04255244827942952,0.03859879118201617,,
2019-12-19,4210,10410,219651,277826,930,133875,260152,38,51612,351072,341751,334592,321571,244937,24910,268424,89815,290373,181615,3308,134826,960,220234,10589,9,260304,52269,39,1613995786,4320,858.846990740741,720229215.9841758001915671673045,0.364606384355,0.313774344715,1025988396.671608351764545501829,1025998458.201118205193647,882948984.6153115903807390167085,2813961687.7129911918987646876778,0.18961844,0.00625305980220109098658,0.172433,0.0056863344138520532185,308.319588,10.167475388754394699866,0,0,0,0,0,0,0.592971286274,15.221163011647,17.450081459160344,13.099086178164,15.017257267044554,0.000004614650485038238,0.0329770659551945,-4.21854756828866,-21.58745982360233,0.034432107450932,0.00000472668190400217,0.000259114628471825,0.0310067734545405,0.034432107450932,0.005226086111,30778807551.125922,17921386450.826386,1465605058.168864,21840306137.687981,26265521378.98711,10258684605.871798,30778807551.125922,30778807551.125922,30778807551.125922,3012821760.968555,14910590433.261388,30778807551.125922,70.1985732315,26151440065.337379,31106032573.430516,31112141083.909531,18448629120.101013,30994239202.558922,31111929922.833168,12479743879.889132,30054024018.349931,31112179537.180286,31112179496.672574,31112178933.489276,31112162776.563302,31112078801.4518,31110870284.893709,28495423013.621331,30734161697.289274,31082058186.079642,22368806077.026495,31111934614.179077,31106211704.977925,30997160818.294082,18540828354.092124,26206406606.593271,10322253516.033509,30074214854.428494,12510145410.741063,13735450841.279448,29315894327.364903,22567622129.805147,31112179539.125922,26774637434.845253,1626,0.018819444444,3401,2044008037.711647,67405387.8725646699540128003415,865437.10804599,28539.576592105400920785395055,68979.742781,2274.7495272613886808259045,33.318917714679,0.042450030471611916,0.03900190586625006,,
2019-12-20,3566,10408,219613,277800,930,133856,260136,38,51606,351114,341777,334610,321581,244918,24903,268407,89813,290349,181566,3308,136911,1034,221586,10975,9,260629,53631,42,1613995808,4320,844.776388888889,736252434.2759606993813346478485,0.37304470707,0.32103622803,1049001099.8837049598675245497625,1049011396.001598702330129,902753342.759872433342890322019,2811998347.6600328044153386539314,0.18836048,0.00635090036442122644152,0.172433,0.0058138777440907208295,264.269747,8.9103129941472081252405,0,0,0,0,0,0,0.592970475386,12.073257368402,17.678617341549497,10.390049589589,15.213931522307998,0.000004693166238938523,0.0337167348714615,-13.37275856600649,-17.353637491040665,0.0329770659551945,0.00000461465048503825,0.00025794578941668,0.0296735402456285,0.0329770659551945,0.005223282214,30778807286.856175,17888704525.108094,975842243.17465,21836409637.017939,26229241789.604333,10260858774.606712,30778807286.856175,30778807286.856175,30778807286.856175,2378977041.972498,14921961925.470034,30778807286.856175,70.1860497913,26151093740.440443,31106029338.612708,31112140801.738607,18448603734.899252,30994303846.686148,31111929736.641918,12481791862.74838,30054024713.07663,31112179272.906253,31112179232.349021,31112178668.66422,31112162496.840308,31112078568.633731,31110870102.70583,28495951342.978776,30734352682.829361,31082047906.457541,22367557573.533338,31111944640.155918,31106625021.076688,31003537933.130542,18762798747.891952,26322556230.227928,10322253516.033509,30115270333.766711,12602207744.033709,13739765361.128218,29316753230.916217,22567309851.555467,31112179274.856175,26774637170.575506,1403,0.016238425926,3011,2576949892.270406,86886336.294722553716810418369,1054628.62653029,35558.633788575375691886318835,74522.207872,2512.645524856165103444928,32.497118770364,0.0424388810034991,0.0391466157975182,,
2019-12-21,3105,10424,219602,277793,929,133843,260127,38,51592,351153,341814,334642,321600,244909,24897,268397,89805,290343,181553,3318,134895,961,220265,10628,9,260292,52331,40,1613995843,4320,796.053472222222,723138355.562815553339413786446,0.36861455919,0.317223714185,1028759289.4595508066352425826422,1028769394.7068239121985898,885333567.7305120421457434424475,2790880782.6801836073793908478837,0.1861768,0.00615614586953530236984,0.172433,0.0057016916217357951879,236.072181,7.8059929162781844297603,0,0,0,0,0,0,0.592026881782,12.142833838255,17.653670991338505,10.449925958899,15.192463079009588,0.000004630917055169096,0.0330661278394263,-18.070424022486662,-13.719138914159963,0.0337167348714615,0.00000469316623893853,0.000262965027002525,0.0304891811547883,0.0337167348714615,0.005224639081,30778807050.783994,17913833373.994195,1416154431.888372,21869459861.59842,26190701023.385317,10771960117.222204,30778807050.783994,30778807050.783994,30778807050.783994,2957974648.358971,15374509581.012645,30778807050.783994,70.2922795422,26154775297.109078,31106029192.464471,31112140557.039503,18419246341.77828,30994311266.760052,31111929494.418519,12475180730.514295,30054141880.352271,31112179036.832691,31112178996.247354,31112178431.973284,31112162248.134191,31112078315.413938,31110869715.763398,28496196603.932891,30734457962.43678,31082047952.263284,22369870643.96163,31111934580.223927,31106232554.218827,30997538722.575916,18517517318.282633,26217324094.461538,10315373515.688643,30076814611.741685,12536041611.710408,13733251864.464369,29317729670.12753,22559983607.807521,31112179038.783994,26774636934.503325,1268,0.014675925926,2656,2562184367.603453,84721515.8473554061517374190139,1350327.38620396,44650.097977298510852781188148,55102.634762500005,1822.0307653460408217673929471315,32.133119649567,0.04243666917792863,0.03778207077788749,,
2019-12-22,3204,10432,219618,277825,926,133860,260143,38,51612,351265,341920,334739,321696,244927,24913,268425,89814,290374,181560,3320,137473,1064,221915,11102,9,260700,54072,45,1613995875,4320,834.841666666667,751018137.615849892262873977838,0.38305306167,0.329649254942,1068501835.5877491742340047179434,1068512339.6455557507690908,919535357.5037845524103311560472,2789435570.4370339056201617948076,0.18750203,0.006439480325765274585694,0.172433,0.0059219567436826342234,245.440161,8.4292798745280861360378,0,0,0,0,0,0,0.591454868445,14.578680524612,18.204559110742508,12.546176114671,15.666548444334108,0.000004591746956767611,0.0343435232448698,-17.63431698752199,-7.100311407334773,0.0330661278394263,0.0000046309170551691,0.000260164214091684,0.029892161226338,0.0330661278394263,0.005226188341,30779488127.343833,17895367540.13446,1385117655.981418,21867824458.80931,26168946360.877693,10754847912.343268,30779488127.343833,30779488127.343833,30779488127.343833,2965748470.432355,15328961948.884012,30779488127.343833,70.2870236253,26152617726.104405,31106027636.37266,31112140282.101125,18401449615.263258,30994309884.735025,31111928933.77506,12473306108.197421,30054377393.541846,31112178791.39093,31112178750.741879,31112178186.511446,31112161967.535799,31112078033.357692,31110869024.13545,28496188527.794577,30734420650.35137,31082039947.36204,22364269634.572735,31111945724.7886,31106718547.565512,31005183702.683154,18816493489.848492,26354357904.980391,10315373515.688643,30128407132.180397,12682550760.982501,13727935011.165256,29317459746.742874,22553513366.518171,31112178793.343833,26774636689.063164,1309,0.015150462963,2788,2134087425.869522,73292081.1169342849611906782356,1008010.30884574,34618.625472912057867014584652,57346.22765,1969.47150230337024540997,32.031571274281,0.04255804997264154,0.03809343208237797,,
2019-12-23,3709,10429,219620,277831,925,133848,260140,38,51637,351323,341971,334789,321733,244913,24933,268425,89821,290388,181547,3319,134935,957,220293,10637,9,260310,52399,41,1613995904,4320,857.127314814815,723847644.8069089948075691854444,0.369720767818,0.31817569853,1029452351.6481713980785537827058,1029462481.0522023296485034,885930003.3963978958012676257207,2784404992.2422930380862860873123,0.18792233,0.006218050094298171515407,0.172433,0.0057055328757903151207,278.876731,9.2275861175844074064749,0,0,0,0,0,0,0.591324960428,24.945351830986,17.55092704861839,21.467565348671,15.104043266206903,0.000004519194236145328,0.0330884046313079,-24.630032080820687,-12.869125672295619,0.0343435232448698,0.00000459174695676762,0.000260059074261158,0.031023370185998,0.0343435232448698,0.00522598489,30779487848.467102,17876965270.486325,963847570.700703,21876172419.688436,26131145712.178437,8551696916.99437,30779487848.467102,30779487848.467102,30779487848.467102,3013345722.558371,15339283079.426724,30779487848.467102,70.3138560661,26149100340.761035,31106027998.398657,31112139978.458412,18397407728.885371,30994313190.052282,31111928513.748279,12477162963.814282,30054716104.37847,31112178512.511323,31112178471.864252,31112177906.863593,31112161677.31821,31112077676.232828,31110867758.628824,28497137600.927662,30734533444.383805,31082030778.839281,22362587975.029366,31111933752.16308,31106234369.471165,30997646556.597711,18495644954.237606,26212862630.279243,10320373515.688643,30078084451.365898,12568665297.105797,13730750886.27664,29316978298.181211,22553705547.415026,31112178514.467102,26774636410.186433,1484,0.017175925926,3193,1247213457.852334,41268303.5550307086634314876386,460540.66479462,15238.555865895923542575483498,71598.32360999999,2369.074302531005430865472686921,31.903714196938,0.042608484715353584,0.03818921378215178,,
2019-12-24,3381,10424,219611,277816,927,133832,260125,38,51617,351352,341999,334815,321756,244903,24929,268412,89790,290376,181539,3319,137057,1055,221700,11026,9,260647,53801,42,1613995932,4320,808.208333333333,742298277.9552118844923060166502,0.37926988988,0.326108039086,1055367899.5935326802114717761832,1055378292.4828353340053588,907438121.070101964833866185285,2782630332.0003908763604692206484,0.18712031,0.006347378407852370961618,0.172433,0.0058491646417281367374,250.179858,8.4864450510410775406524,0,0,0,0,0,0,0.591278425213,21.870719324261,17.964141272733777,18.805124220381,15.446126994620316,0.000004688103230253358,0.0339213760807278,-25.81375100021045,-3.7614636930895076,0.0330884046313079,0.00000451919423614533,0.000258878716174412,0.029851989665838,0.0330884046313079,0.005227429639,30779487598.287244,17863648177.301802,973803848.716595,21882905816.929509,26122346600.144297,8569768441.615529,30779487598.287244,30779487598.287244,30779487598.287244,3059714988.509928,15331600216.820189,30779487598.287244,70.3354989517,26149096403.144838,31106028383.848773,31112139712.796415,18395959769.049185,30994284330.400217,31111928289.569374,12501536633.333647,30054631104.530408,31112178262.331217,31112178221.673888,31112177656.637886,31112161410.424805,31112077410.327168,31110867815.403625,28498050226.784409,30734380108.687425,31082029930.337324,22361771749.598024,31111944054.76617,31106658362.075115,31004021504.687412,18781613387.892885,26330908117.708017,10343791832.688643,30120577421.596408,12622161072.549849,13740679866.039505,29318414383.663727,22552945141.84446,31112178264.287244,26751217843.006575,1337,0.015474537037,2855,1422549382.258959,48254832.5890131596287087903602,530705.27609414,18002.253258415803724112515092,59820.407136,2029.1905277625089991935808,31.800383254516,0.04166047567509597,0.03616875204112546,,
2019-12-25,3171,10434,219675,277911,927,133841,260211,38,51629,351498,342142,334951,321876,244972,24930,268498,89801,290471,181594,3317,136606,1033,221105,10956,9,260595,53445,41,1613995956,4320,829.927546296296,731703462.702696038530376415054,0.374035273065,0.321607152442,1040092314.1790919256078543057282,1040102564.8561852020923012,894303696.8115141085910335731364,2780733233.1389397565448707597988,0.18661527,0.006238621671550876903194,0.172433,0.0057645028227890051926,245.772313,8.2162648219997501473286,0,0,0,0,0,0,0.591329123457,25.689199435036,17.696316171248302,22.08837207014,15.215842628722378,0.000004648808589002173,0.0334303922264822,-18.55155407973406,-7.2578807375207175,0.0339213760807278,0.00000468810323025336,0.000265723958014544,0.0306232668796478,0.0339213760807278,0.00523088661,30779487352.514931,17833546370.440729,863184846.889297,21887372955.29157,26106053275.762454,8555703892.518211,30779487352.514931,30779487352.514931,30779487352.514931,2819881353.709562,15326250822.14528,30779487352.514931,70.349857674,26152083854.283595,31106027452.739708,31112139459.041925,18397536956.540647,30994195794.805983,31111927993.012724,12501006831.40409,30054330898.715116,31112178016.556627,31112177975.870195,31112177410.165744,31112161154.934946,31112077088.659435,31110866363.343122,28497857353.984185,30734274277.646661,31082025528.397823,22360929874.868313,31111939650.824934,31106461085.950572,31002566426.741853,18717821049.071782,26310122095.540103,10343791832.688643,30109345278.361575,12592036162.807221,13741623717.87158,29318650884.325288,22554918984.78976,31112178018.514931,26751217597.234262,1317,0.015243055556,2804,1211099555.561976,40487533.1677551297372905608272,495236.2843311,16555.94322997433398633305642,61545.618779,2057.4941756035185094292338,31.74374991384,0.04153710451405987,0.03596288040106701,,
2019-12-26,3070,10433,219809,278063,928,133928,260351,38,51658,351730,342373,335178,322087,245118,24936,268651,89850,290643,181697,3318,137275,1059,221959,11052,9,260885,53933,44,1613995981,4320,793.425925925926,745359295.5935442736980024091935,0.381595815091,0.328107941037,1059279561.4712377755494711614044,1059290009.4364080959034534,910801487.2071138915267936194943,2775920278.9460186481053602115318,0.18511709,0.006302700868930801071261,0.172433,0.0058708443338880533457,240.467095,8.1872082615698285319255,0,0,0,0,0,0,0.591364839534,26.558526898231,18.015483228083564,22.835846812094,15.490272364080596,0.0000047322875686333335,0.0340471042891329,-16.63360733407423,-7.323210462515302,0.0334303922264822,0.00000464880858900217,0.000267697936807284,0.0301580863566853,0.0334303922264822,0.005233298183,30779487112.047836,17820945335.368753,729086036.926041,21892002599.218015,26088674496.125146,8500766200.964058,30779487112.047836,30779487112.047836,30779487112.047836,2323497865.887204,15332384299.079837,30779487112.047836,70.3647387058,26148980734.635428,31106023931.251652,31112139156.87903,18398648019.258851,30994138237.637142,31111927469.261326,12501299065.804598,30053811043.541066,31112177776.089662,31112177735.391068,31112177168.984423,31112160896.996634,31112076800.479569,31110865981.210756,28496077454.384469,30734018092.47652,31082003681.728254,22359529282.036931,31111943588.26583,31106671922.544615,31004234333.593076,18793027154.565518,26335815649.20981,10343791832.688643,30122433154.313054,12681339922.798806,13740730036.368901,29318098451.307854,22555477689.28842,31112177778.047836,26751217356.767167,1299,0.015034722222,2739,1171457208.34841,39884725.742894803380319993689,547114.58508219,18627.667336398998094870333051,64769.519827,2205.2145963069301071880083,31.708379173956,0.04152620952490179,0.035948583624272425,,
2019-12-27,3931,10432,219787,278024,926,133937,260322,38,51645,351756,342395,335198,322094,245096,24945,268613,89851,290611,181685,3324,134825,953,220307,10597,9,260473,52256,39,1613996006,4320,866.399074074074,720081157.352432206626172118701,0.369073301584,0.317340694305,1023804230.9651612904567186102324,1023814337.8186721095915606,880298694.3046256415390503863215,2773986160.9383917521732081165802,0.18987445,0.006248172928240472695645,0.172433,0.0056742294844582271513,267.153352,8.7911793380051804900872,0,0,0,0,0,0,0.590954555447,22.21215379958,17.329953144628316,19.098700118704,14.900832272586861,0.000004546936729418601,0.0329068651850761,-9.104396243432488,-15.683114017223755,0.0340471042891329,0.00000473228756863333,0.000271706415327818,0.0307099634517094,0.0340471042891329,0.005232838945,30779486844.894484,17808060357.722461,844444106.84784,21882399107.37541,26079021961.237742,8464810798.172059,30779486844.894484,30779486844.894484,30779486844.894484,2280795361.687163,15317285505.85491,30779486844.894484,70.3338720014,26146751639.944602,31106024979.838717,31112138862.427177,18385883029.93753,30994171026.515257,31111927347.072644,12505328267.736741,30053380891.352464,31112177508.93574,31112177468.224343,31112176901.343081,31112160618.713011,31112076520.992704,31110866369.761311,28496872874.279846,30734023757.896927,31082005206.748924,22361020837.556051,31111932009.256307,31106184966.233214,30996901563.524517,18468896411.086227,26197505253.950604,10347091831.688643,30072172701.871863,12535729798.588672,13742616052.298626,29318264129.941737,22551140139.381417,31112177510.894484,26751217089.613815,1407,0.016284722222,3253,1400682607.892033,46092073.7449839389130316887113,477970.31376878,15728.504677657766262802104158,50999.656233,1678.2388121445570219443313,31.696670561131,0.04102735834242952,0.03434257042670544,,
2019-12-28,3343,10442,219769,278012,924,133917,260317,38,51653,351658,342289,335083,321973,245091,24943,268598,89820,290459,181683,3333,136924,1041,221708,11009,9,260801,53661,43,1613996051,4320,848.161342592593,736296523.296587063489176481945,0.377898194583,0.324928611114,1047264253.4624834455101557516225,1047274600.613443415184359,900470349.489438908068694524034,2771286734.0344118479879430167202,0.18914208,0.00636669486686794534032,0.172433,0.0058042519992306334945,258.557219,8.7032717362469059631635,0,0,0,0,0,0,0.590598146204,29.133322130957,17.702844172596862,25.049735703589,15.221455546058538,0.000004606891338425239,0.0336609117699665,-18.658121412754426,-13.999175927699449,0.0329068651850761,0.0000045469367294186,0.000260789667456556,0.0294667937337655,0.0329068651850761,0.005235675684,30779486586.337265,17799015230.768686,875912737.382307,21873932837.24233,26064549075.612807,8325778126.267066,30779486586.337265,30779486586.337265,30779486586.337265,2242607428.65517,15321417435.50654,30779486586.337265,70.3066605073,26148578044.359306,31106022663.099879,31112138786.068098,18374794209.597887,30994138089.370115,31111927453.585128,12503299615.019087,30053841366.00709,31112177250.377957,31112177209.612082,31112176642.267182,31112160348.241842,31112076427.584927,31110866357.436717,28496119730.49882,30733938248.078947,31082010275.163092,22364540814.377224,31111942094.495013,31106608241.744047,31003230058.783078,18728003605.012967,26320094223.459371,10347091831.688643,30114582835.813611,12654620542.226074,13740711206.798214,29317464754.544326,22545163238.838777,31112177252.337265,26751216831.056596,1367,0.015821759259,2799,1067924114.952799,35947299.4104457293956933112335,430528.58175337,14491.984604848996762676162105,50000.63905,1683.067099503991597091825,31.677440269111,0.04104292178238153,0.034700590149644994,,
2019-12-29,3549,10444,219793,278008,924,133927,260344,39,51675,351500,342126,334916,321801,245126,24945,268624,89838,290278,181711,3331,137405,1058,222027,11090,9,260888,54052,44,1613996095,4320,825.433333333333,747587964.8683135596109823853896,0.383899189775,0.330088452816,1063313032.0170058197272114249508,1063323546.6141729509095976,914269586.7710996065102027588344,2769771492.9808082984797491855294,0.19079847,0.006520871223155151134532,0.172433,0.0058931991835275837148,259.867522,8.8814268062130589771832,0,0,0,0,0,0,0.59068202445,28.581277392761,17.97883525724819,24.575070449105,15.458761236180436,0.000004623741447896298,0.0341767479747356,-18.91425651963079,-17.318424462493137,0.0336609117699665,0.00000460689133842524,0.000262898643245231,0.0301541219449214,0.0336609117699665,0.005237645272,30779486326.469743,17788629767.028018,729848614.985697,21874169111.143966,26046760317.061834,8148256303.767274,30779486326.469743,30779486326.469743,30779486326.469743,1693286594.170784,15321629973.390404,30779486326.469743,70.3074205204,26147670911.030103,31106021913.677432,31112138773.673338,18377403690.943545,30994100880.699827,31111927551.475139,12535589655.990144,30053780301.535735,31112176990.510765,31112176949.720694,31112176382.206358,31112160085.306671,31112076567.083561,31110866940.431658,28495091573.584309,30733896958.042434,31082012765.726724,22362147762.987674,31111943964.571066,31106694473.349867,31004580832.101968,18780459960.727801,26342467038.297322,10347091831.688643,30125402522.176693,12686202893.651867,13744842859.122044,29315363245.654493,22543739722.482927,31112176992.469743,26751216571.189074,1362,0.015763888889,2860,1088550961.69879,37203131.875635610818177089924,420566.78809812,14373.605123373478952533857072,58000.51084,1982.268841384600213933904,31.666532505836,0.041007442531998256,0.03307567567151724,,
2019-12-30,3650,10449,219921,278172,922,133996,260498,40,51667,351698,342323,335112,321989,245263,24949,268791,89842,290437,181809,3330,135509,971,220816,10769,9,260689,52758,41,1613996122,4320,845.750694444444,729011678.1981532815410041700397,0.374717711245,0.322193931813,1036698619.1867545255542760240738,1036708879.5483646840457626,891385686.3386896726462984469599,2766612273.9258193971996791377553,0.18674025,0.006222430562741032334775,0.172433,0.0057456941887200238223,268.345745,8.9416329102564206910095,0,0,0,0,0,0,0.590487866128,36.009413985632,17.503283674370575,30.962013073208,15.049867186568488,0.000004609141514331795,0.0333213143001631,-22.34657596773875,-17.64186757969792,0.0341767479747356,0.0000046237414478963,0.000253839423270533,0.0305654196096368,0.0341767479747356,0.005241513031,30779486058.123998,17775777246.499728,675651700.473202,21878239004.353587,26024478830.090703,6497958979.823932,30779486058.123998,30779486058.123998,30779486058.123998,1632139882.860907,15334288531.575137,30779486058.123998,70.3205024783,26146957310.55221,31106018735.964579,31112138499.011766,18371362844.439859,30994028764.549586,31111927118.652479,12568720506.242815,30053060371.810583,31112176722.164277,31112176681.357742,31112176113.528841,31112159804.330251,31112076312.851698,31110865190.381269,28494818548.354059,30733450427.880883,31081987305.41435,22357322251.645705,31111932988.667108,31106291915.3628,30998644730.314881,18520685219.214884,26244460600.620562,10347091831.688643,30086328266.237549,12599122037.094746,13745314839.706048,29316169235.527439,22540811953.755512,31112176724.123998,26751216302.843329,1437,0.016631944444,3107,864001195.257935,28789655.3829062402989170691985,327385.76089918,10908.923836319624009876656258,66884.515721,2228.6799701536409748140951,31.622487196975,0.04097792022249123,0.03314500536419492,,
2019-12-31,3591,10447,219990,278245,922,134005,260558,40,51670,351822,342442,335229,322091,245321,24957,268857,89846,290511,181856,3331,134618,943,220357,10565,9,260696,52113,40,1613996145,4320,820.193287037037,715312414.5161379179648331455424,0.368505870081,0.316852797322,1016762773.630169514889463515704,1016772845.2823541663448416,874244225.6530199657371602549216,2759149463.2240156305178740446275,0.18660204,0.006098255710049331797184,0.172433,0.0056352038104778298768,263.108883,8.5985407668611316577968,0,0,0,0,0,0,0.590560474615,30.751297566756,17.11669877552785,26.44092115321,14.717469457817021,0.000004559612137922239,0.0326805414884496,-19.317180957869837,-17.509852165967256,0.0333213143001631,0.0000046091415143318,0.000253804229195665,0.0298043763957688,0.0333213143001631,0.005245048544,30779485795.015115,17769429890.137612,724025582.894363,21888022105.415644,26007592540.823425,6434452187.428616,30779485795.015115,30779485795.015115,30779485795.015115,1561832602.736238,15344451483.679334,30779485795.015115,70.3519476782,26145432986.812718,31106022183.666195,31112138215.152677,18373621697.118747,30993932134.865628,31111926671.37056,12572296875.26323,30052916490.172827,31112176459.052703,31112176418.235488,31112175849.770404,31112159527.713196,31112075991.15697,31110864606.131821,28494906985.053605,30733316421.169822,31081976379.070082,22359545130.610953,31111930937.229584,31106135503.64309,30995824431.631842,18438375024.435154,26181868769.983093,10347091831.688643,30066584341.907764,12572296875.26323,13748214324.924048,29316644949.661983,22543990804.377445,31112176461.015115,26751216039.734446,1410,0.016319444444,3061,1011735403.798034,33064060.8391549591473821880864,374270.31456911,12231.356543170882131665951856,66253.60647299999,2165.203735100289146488845915504,31.617878720938,0.040785305974751114,0.03312204377368686,,
2020-01-01,2331,10443,220007,278276,919,134003,260583,40,51664,351895,342514,335294,322148,245344,24939,268886,89846,290543,181862,3330,136603,1021,221379,10959,9,260955,53436,42,1613996167,4320,788.323148148148,730435151.092368731537453369136,0.376471495197,0.323701889003,1038370749.76980715545487993296,1038381041.391674766112096,892823434.110481083435011633616,2758165659.3343397425595315239574,0.19083019,0.00636896903849969552944,0.172433,0.005754961718665259408,177.662905,5.92951011176435316328,0,0,0,0,0,0,0.590427524043,29.598603409352,17.450156153672097,25.449798876433,15.004186458776427,0.000004654409903796525,0.033375059986576,-20.665528892386536,-12.349215931730654,0.0326805414884496,0.00000455961213792224,0.000254301353197934,0.0292144552022197,0.0326805414884496,0.005245114526,30779485617.35221,17753036506.279687,637114741.8905,21885658074.806811,25989040964.426595,6338710386.679653,30779485617.35221,30779485617.35221,30779485617.35221,1407197068.488012,15342118439.7032,30779485617.35221,70.3443496703,26147243702.748907,31106021116.169979,31112138031.361764,18369485210.580438,30993901895.381896,31111926380.132243,12573823455.834984,30052756552.592136,31112176281.389694,31112176240.536092,31112175671.638198,31112159341.159528,31112075785.683482,31110864285.28186,28494546887.082948,30733343636.045739,31081965633.345055,22363991170.416069,31111937678.499651,31106437368.086366,31001778320.553914,18677915012.095397,26303534277.469622,10347091831.688643,30106451773.939286,12634224986.686915,13751993990.70264,29317534691.241103,22549438600.997785,31112176283.35221,26751215862.071541,931,0.010775462963,1945,1051136631.450709,35081748.128754841776945682384,628430.76369674,20973.91443578846473253496224,46322.647004,1546.021122495485026618304,31.622272474343,0.040823049224914726,0.03287430962196979,,
2020-01-02,3455,10441,219897,278179,917,133962,260480,42,51649,351847,342459,335234,322087,245237,24928,268790,89799,290452,181794,3326,134522,933,220250,10545,8,260614,52050,42,1613996188,4320,838.625925925926,714296292.09701067248684575107,0.370041147065,0.318172875461,1015376834.1584061193541569481272,1015386906.1070570953994786,873052549.8653866627243378702393,2743956563.2389108724650667205448,0.18867831,0.006157704459166009734621,0.172433,0.0056275225965685857403,252.074218,8.2266930216800480989838,0,0,0,0,0,0,0.59062062413,22.067637179187,16.99646411321436,18.974440090277,14.614087926317975,0.000004697972691955351,0.0326359954102091,-27.51483991375342,-13.722838664227915,0.033375059986576,0.00000465440990379652,0.00025680259149148,0.0297931779472766,0.033375059986576,0.00524115225,30779485365.277992,17786741570.552916,1004474323.957847,21886762855.5177,25975352529.323496,6327470839.639804,30779485365.277992,30779485365.277992,30779485365.277992,1768446779.87694,15716358660.023981,30779485365.277992,70.3479011996,26149314930.386354,31106019557.620552,31112137755.955416,18375492825.63296,30993964600.64092,31111925921.045102,12613580339.44764,30053423724.738758,31112176029.313592,31112175988.435384,31112175419.516369,31112159075.653117,31112075521.758714,31110863586.996995,28495234939.410325,30733405892.10999,31081989931.491149,22365281325.666313,31111930064.418424,31106128596.601399,30995694627.485046,18424885606.239163,26181457387.453634,10021287188.388643,30065806353.955664,12613580339.44764,13764575673.821296,29318579352.403364,22554473711.510142,31112176031.277992,26751215609.997323,1336,0.015462962963,2805,1409855336.058412,46012032.2766611422746587339492,547679.82795292,17874.076351335606668122155572,40543.172596000004,1323.1667947583714922938052408364,31.635421036691,0.040827488644514666,0.033036913887378436,,
2020-01-03,3470,10448,219851,278113,915,133911,260393,41,51610,351832,342441,335215,322067,245166,24937,268714,89766,290409,181766,3331,137278,1047,222020,11083,8,260924,53902,45,1613996216,4320,821.269212962963,744913605.5716023074524885349692,0.386236929909,0.332098512295,1059408764.1466976692117669513064,1059419281.8582587958931384,910912570.0852747777574625741188,2742898677.2379472193371046599508,0.1888855,0.0064317891367498126942,0.172433,0.0058715607932698934132,264.061926,8.9916411110224602744504,0,0,0,0,0,0,0.590215028777,15.62268415201,17.55064718626758,13.432869213613,15.09059173017106,0.000004654794160231023,0.0340512592906804,-19.376810253567644,-8.429580060693835,0.0326359954102091,0.00000469797269195535,0.000257522051372556,0.0292547208855439,0.0326359954102091,0.005243044955,30779485101.216066,17796491906.995794,1129279066.943668,21876242497.013323,25909666809.957826,5559051896.732901,30779485101.216066,30779485101.216066,30779485101.216066,1796185003.924586,15736868281.09261,30779485101.216066,70.3140875157,26150649663.485307,31106024869.037686,31112137445.184692,18362873715.762307,30993951476.212915,31111925337.601039,12580984158.198034,30053527196.159166,31112175765.250726,31112175724.362325,31112175155.27619,31112158799.778754,31112075146.226248,31110863932.300616,28497876614.917322,30733537032.233703,31082004564.770971,22364302079.088133,31111941366.895684,31106678380.755633,31004107084.219047,18760207911.780968,26342233616.385222,10021287188.388643,30122657336.879452,12700598909.981566,13760422212.689424,29320440320.715736,22548784534.293882,31112175767.216066,26751215345.935397,1398,0.016180555556,3058,1991474414.031087,67812211.6429283567488549815948,772897.62138498,26318.137310930082433054540392,43440.700782500004,1479.2105661137705834424501627216,31.681973112734,0.04087750177225246,0.03405340627088503,,
2020-01-04,2956,10445,219855,278124,915,133885,260400,41,51597,351882,342489,335260,322095,245172,24922,268724,89733,290415,181752,3335,137522,1055,222157,11120,8,260954,54080,46,1613996243,4320,812.42662037037,751006985.18775600637114493874,0.389707053518,0.335082232012,1068418647.8967491205110479911221,1068429262.4008551749449646,918659547.0315193089602136433052,2741594328.9978193506622832457222,0.18773691,0.006447045633255263476191,0.172433,0.0059214963092718679933,213.832345,7.3431851311549922319845,0,0,0,0,0,0,0.590188124645,26.922193844259,17.624821693183108,23.148538684484,15.15436925875857,0.000004676574309612903,0.0343408530227501,-21.066328915497124,-8.85041417267052,0.0340512592906804,0.00000465479416023102,0.000254492257629853,0.03052811484909,0.0340512592906804,0.005244305297,30779484887.383721,17795523778.80819,829486920.393082,21869200065.8874,25888497469.1052,5543916732.186782,30779484887.383721,30779484887.383721,30779484887.383721,1760051179.524578,15736280353.214074,30779484887.383721,70.2914523877,26152364522.913534,31106024311.344013,31112137227.484564,18362036543.492982,30993911516.3233,31111925000.1359,12576527350.020323,30053679584.690616,31112175551.418962,31112175510.523283,31112174940.55053,31112158575.691936,31112074916.501138,31110863527.446786,28497852838.194994,30733395091.738591,31081994183.259338,22370299331.345462,31111941703.783121,31106716727.65655,31004857035.314218,18782701423.045848,26355633873.46767,10021287188.388643,30128395721.007319,12725278498.249085,13756927284.307009,29321530339.647574,22550944378.008266,31112175553.383721,26751215132.103052,1139,0.01318287037,2441,1155632996.826451,39685422.8922573865438044428951,512562.25179735,17601.824953982624624164892235,47577.69833,1633.858745511272884777333,31.696140558636,0.04088153660838893,0.03398905110705304,,
2020-01-05,3013,10451,219848,278128,912,133891,260396,41,51592,351921,342527,335288,322123,245165,24922,268721,89744,290420,181748,3340,137619,1054,222202,11153,8,260956,54152,47,1613996269,4320,790.019212962963,753704458.563209157114315333278,0.391221367873,0.336384286132,1072288934.001032837362296986152,1072299594.9573936269179448,921987338.1442168042927183296748,2740875172.1043533853303697543742,0.1872324,0.00645301167577153800912,0.172433,0.0059429466389808260404,232.168181,8.0017346502829625169028,0,0,0,0,0,0,0.589907499741,45.105488850447,17.684650035861658,38.783100601202,15.205811508039318,0.000004692002868562023,0.0344652510771188,-22.25249969452305,-9.886226266743657,0.0343408530227501,0.00000467657430961291,0.000256178765850878,0.03079746436917,0.0343408530227501,0.005244772386,30779484655.21554,17779420357.63275,757262726.555398,21868532362.544935,25858969966.837977,5517705642.376513,30779484655.21554,30779484655.21554,30779484655.21554,1733556091.813956,15735136114.643109,30779484655.21554,70.2893067963,26152541580.510289,31106024137.650072,31112136982.495681,18353305555.23214,30993924681.967583,31111924706.41652,12579674771.904553,30053461234.402617,31112175319.25054,31112175278.310213,31112174708.276719,31112158332.65166,31112074611.827586,31110863080.513319,28497581812.379348,30733420722.689361,31081994713.583632,22369582875.885755,31111941582.077122,31106731649.887476,31005134814.395313,18779730854.216853,26363664615.607318,10021287188.388643,30130417112.771437,12757444043.160706,13759058402.236084,29321595555.244129,22546381527.115898,31112175321.21554,26751214899.934871,1240,0.014351851852,2595,689764729.617979,23772914.5904246085781919989052,280499.47550821,9667.484850390593162532545348,40128.329214,1383.0329416657913089886232,31.694749329865,0.040840715536268994,0.03384252541069813,,
2020-01-06,4087,10441,219795,278102,908,133841,260360,39,51589,351963,342562,335315,322141,245125,24920,268688,89743,290396,181693,3332,140258,1118,223696,11596,9,261427,55932,49,1613996294,4320,896.002314814815,813440874.4849747011352111548527,0.422175884709,0.36299856281,1157702360.8091330362990226745262,1157713882.6420176539216102,995424675.7264159528938867274609,2742227594.5667429077396103559128,0.18947235,0.007050377765313218232195,0.172433,0.0064163335136037219121,313.766214,11.6754256686641032787718,0,0,0,0,0,0,0.590132277332,18.740204999574,18.950405436517148,16.113349265099,16.294085444677776,0.0000047915990591933625,0.0372105891192737,-24.008599784739346,-3.404474895039901,0.0344652510771188,0.00000469200286856202,0.000255331865437958,0.0309134356529123,0.0344652510771188,0.00524275078,30779484341.449326,17791986900.879335,1143752702.29529,21860467510.406671,25811300522.614523,5494771670.456598,30779484341.449326,30779484341.449326,30779484341.449326,1789638338.82219,15763401680.125251,30779484341.449326,70.2633856526,26152295801.395853,31106020292.350351,31112136649.911497,18360298689.899689,30993928677.377294,31111924271.475256,12596618439.209698,30054198324.500279,31112175005.483245,31112174964.504349,31112174394.213699,31112157997.121287,31112074223.202779,31110862711.014258,28498384447.33666,30733728931.395746,31081987735.829179,22369886513.709301,31111955483.412436,31107160004.035049,31012647632.480868,18975998248.584594,26489705500.666938,10403823718.388643,30180944184.16298,12887367887.315363,13803443474.050456,29322886762.159061,22554253487.019238,31112175007.449326,26751113037.627857,1656,0.019166666667,3605,1660183280.180583,61776397.9014877222986618025671,497137.00698171,18498.760902781911556824384027,50050.177259000004,1862.3965813314655271791447770948,31.712571346369,0.04082248324657969,0.03683971285457829,,
2020-01-07,4587,10445,219668,277994,906,133788,260253,39,51600,351945,342545,335298,322110,245011,24939,268571,89677,290313,181583,3330,139987,1115,223437,11554,9,261258,55778,49,1613996320,4320,927.33287037037,809675732.8977346556413233147462,0.42078123948,0.36179940737,1152136328.8884648332145969360528,1152147808.9890107140984268,990638844.8216918309189520303126,2738088633.2119093527726767651307,0.19047017,0.007053431814918649581586,0.172433,0.0063854849719610556514,368.94071,13.662497081473047295918,0,0,0,0,0,0,0.590018521461,13.531789761856,18.683680694155186,11.635009019278,16.064748064781337,0.000004551535428143693,0.0370316875073858,-22.520302440092006,-4.189106976405359,0.0372105891192737,0.00000479159905919336,0.00025842692554203,0.0332672088905307,0.0372105891192737,0.005237005567,30779483972.508616,17824050033.33302,1319056246.115502,21864402823.561539,25816642877.044936,5565066986.647351,30779483972.508616,30779483972.508616,30779483972.508616,1901484273.294602,15808917250.420587,30779483972.508616,70.2760352743,26153253067.870287,31106018149.587992,31112136221.692438,18356759279.659769,30994049798.754437,31111923947.106782,12600301678.864852,30055686356.831032,31112174636.542666,31112174595.565403,31112174024.756752,31112157605.948864,31112073733.734682,31110862075.570738,28500764652.94927,30733838643.964946,31082000109.218661,22369530002.850759,31111953486.953449,31107122094.56367,31012181429.935589,18970582079.710757,26478119006.430605,10403823718.388643,30177967415.921663,12891221298.118836,13804719117.832621,29323731635.225356,22555798012.750885,31112174638.508616,26751112668.687147,1937,0.022418981481,4208,2299191399.367583,85142937.4210493991237615945214,585334.63061333,21675.929128123934409158932714,45027.313284,1667.4373948302494804529672,31.737127396453,0.0402011796444649,0.03683552041529939,,
2020-01-08,4472,10462,219591,277923,909,133753,260182,39,51582,351929,342522,335272,322078,244943,24936,268500,89666,290239,181526,3329,139370,1099,223025,11469,9,261146,55392,47,1613996340,4320,886.674305555556,795661851.555349823172360129132,0.41429886217,0.356225678515,1131795390.5714228407054901293638,1131806680.3563447896185548,973149138.8479519626360873674316,2731833210.0731011907757767937909,0.18894284,0.006873342677406298608792,0.172433,0.0062727494616530601954,339.908165,12.365143325321890575777,0,0,0,0,0,0,0.590102402774,12.4220081119,18.18066073230755,10.680787885834,15.632237489851635,0.000004513554661664297,0.0363778943801538,-24.67093384674092,-2.2751955423011645,0.0370316875073858,0.00000455153542814369,0.000258512792130559,0.0332163974748896,0.0370316875073858,0.005235425455,30779483632.600451,17848932149.412639,998781751.877391,21872124957.00214,25793549328.313503,5643558218.423039,30779483632.600451,30779483632.600451,30779483632.600451,1969161580.22424,15846601453.723556,30779483632.600451,70.3008563371,26157369472.197207,31106016055.915695,31112135872.58605,18359368809.125819,30994109053.98653,31111923561.525604,12594699470.715776,30055498610.540309,31112174296.633079,31112174255.633702,31112173684.58152,31112157250.18568,31112073372.912003,31110861928.054286,28501338158.227585,30733975638.95379,31082018308.080357,22364022686.71704,31111951995.500703,31107028610.166929,31010654765.071721,18920906464.047721,26454357524.521433,10403823718.388643,30167764201.754111,12828964164.284354,13788541913.304085,29324287375.802715,22551222556.587438,31112174298.600451,26751112328.778982,1799,0.020821759259,4062,2504601028.942819,91112111.6953064002797086255622,762428.51872199,27735.544126485666309595642062,68543.59602,2493.471696451490372667876,31.779541054485,0.03984656118797088,0.036339564504565845,,
2020-01-09,3743,10471,219594,277910,908,133746,260168,39,51600,351996,342587,335330,322127,244933,24966,268483,89691,290241,181531,3335,139090,1091,222873,11428,9,261111,55230,47,1613996365,4320,857.990046296296,789006782.1069535747299397112564,0.411000682603,0.35338981151,1122537560.4249891706811188764388,1122548768.1781875249313228,965188997.6897007084233816893546,2731230404.0841654246019337505942,0.18736513,0.006760196052297184596034,0.172433,0.0062214398478829034594,285.919185,10.316059053853982315133,0,0,0,0,0,0,0.589570651961,41.193123934291,18.018826124444082,35.418993006162,15.493087572065546,0.000004615543510884199,0.0360803317687618,-30.601091439260305,-0.8599092421395709,0.0363778943801538,0.00000451355466166429,0.000258232788517334,0.032768971379945,0.0363778943801538,0.005239451151,30779483346.681266,17787137179.336647,867769739.095827,21868057842.807098,25782054592.496918,5618600083.802353,30779483346.681266,30779483346.681266,30779483346.681266,1989633374.119888,15842321782.073762,30779483346.681266,70.2877845627,26155193172.82371,31106019027.250388,31112135540.476352,18342824716.567147,30994074269.118973,31111923202.607855,12590372929.057528,30055498987.190699,31112174010.714051,31112173969.696878,31112173398.12525,31112156942.453607,31112073000.788432,31110861835.103524,28502285104.857162,30734126264.508394,31082027523.862513,22358954722.569803,31111951059.006002,31106988783.797227,31009868766.205215,18885056313.016359,26438295458.72316,10403823718.388643,30162814676.576736,12824879732.043959,13783053318.801678,29323713588.727051,22540479940.280937,31112174012.681266,26751112042.859797,1526,0.017662037037,3234,755275906.297114,27250605.2761521226863346934452,251181.13438856,9062.698662793188411951285008,42603.9023885,1537.1629328210232807075593,31.754069397727,0.03973540306055892,0.036136041025552165,,
2020-01-10,3366,10465,219574,277923,909,133715,260171,39,51584,352047,342637,335375,322169,244934,24964,268494,89664,290258,181504,3336,139758,1110,223266,11530,9,261164,55657,47,1613996387,4320,812.879398148148,805344767.9214252117601625962036,0.419645705539,0.360823042042,1145614178.4910318664756120173822,1145625626.2814792330848852,985030914.0145512017283327441544,2729955682.5411936151421302369808,0.18794266,0.006920434996347643221292,0.172433,0.0063493374400746119246,261.616185,9.633245598870205164147,0,0,0,0,0,0,0.589639259179,16.087502486155,18.230519600388757,13.832481803796,15.675107485649631,0.000004529259515790464,0.0368220551754862,-16.015366736629133,0.6057822352854135,0.0360803317687618,0.0000046155435108842,0.000262452681400105,0.0325128567324851,0.0360803317687618,0.005240849722,30779483085.065081,17784642914.67597,855706157.893606,21871260690.999478,25751282975.687877,5645305387.145741,30779483085.065081,30779483085.065081,30779483085.065081,2031677360.032282,15864775348.662299,30779483085.065081,70.2980796713,26154255761.133296,31106014525.634938,31112135268.535988,18344959082.026237,30994042664.823671,31111922795.305087,12586854343.997007,30055528793.669349,31112173749.097005,31112173708.057712,31112173136.116666,31112156673.041679,31112072707.310558,31110861319.274995,28502818050.914304,30734046065.25728,31082016930.009171,22358923973.114464,31111952020.219046,31107097632.069074,31011758061.964838,18935889641.231267,26467017585.202162,10403823718.388643,30175001771.364013,12820024114.156045,13771742882.985,29324779073.722143,22540445252.601865,31112173751.065081,26751111781.243612,1392,0.016111111111,3061,1933934355.431559,71211437.5414692053178786489858,756096.50738965,27841.02731309410164583159783,40190.890363,1479.9111824983025894194906,31.763363999206,0.03900997745853443,0.03631840063578732,,
2020-01-11,3267,10462,219596,277958,908,133751,260200,39,51594,352141,342727,335461,322243,244973,24990,268526,89663,290298,181536,3337,139819,1110,223298,11532,9,261198,55681,47,1613996413,4320,841.40625,805361611.1521401750264059754066,0.42010851852,0.361220981015,1146384332.4785158065585068519934,1146395797.5523756612236198,985693112.4762077533123531087137,2728781450.3640871959439198086691,0.18746107,0.006907342351402368370491,0.172433,0.0063536059176412712529,260.195963,9.5873911041573785887419,0,0,0,0,0,0,0.589493803186,32.270426167056,18.18515835902744,27.747009365322,15.636104608153664,0.000004587498055189492,0.0368468095877313,-15.228837979819334,1.0112769736612688,0.0368220551754862,0.00000452925951579047,0.000256083236566925,0.0331173223059528,0.0368220551754862,0.005240371234,30779482824.869118,17776733661.127046,864515090.417402,21857024262.428882,25728590135.432859,5654728287.782029,30779482824.869118,30779482824.869118,30779482824.869118,2000079271.18803,15877159167.848625,30779482824.869118,70.2523218728,26149966146.086715,31106012200.230915,31112134986.595434,18340433476.523928,30994052952.822455,31111922441.337405,12587314644.676354,30055420853.924636,31112173488.89832,31112173447.836452,31112172875.407125,31112156396.556962,31112072406.531712,31110861655.7974,28503317386.025909,30733849621.075099,31082021670.595774,22358958070.353645,31111951806.869427,31107098069.316336,31011837333.029092,18934939957.495603,26464111200.311133,10403823718.388643,30175271787.364949,12820539524.590221,13771799842.278405,29324473011.296336,22540490506.151806,31112173490.869118,26751111521.047649,1388,0.016064814815,2930,964107921.283987,35524300.9975745056640183486931,386713.00652796,14249.140516634833333226417148,39812.36515,1466.958637919279475684195,31.765706643591,0.03901000648832942,0.03631226076552195,,
2020-01-12,3019,10475,219676,278057,911,133820,260283,39,51647,352287,342867,335597,322375,245057,25004,268624,89705,290400,181604,3336,140634,1133,223821,11685,9,261400,56251,47,1613996442,4320,827.703240740741,824562242.0168555191469508136482,0.431237344824,0.370789854715,1171116707.3679066695152828960422,1171128429.0636735283807524,1006958694.5354928283765134266136,2715712638.1174657673015101402717,0.18659803,0.007023876756444514050882,0.172257,0.0064840552627209550758,246.309405,9.271517521772218985307,0,0,0,0,0,0,0.589486375728,42.621294563714,18.54948033533916,36.646973664776,15.949358749022648,0.000004610389055675542,0.0376417519329894,-12.987561908460357,1.1893534671016874,0.0368468095877313,0.0000045874980551895,0.000257947652901281,0.0331451524504522,0.0368468095877313,0.005242916842,30779482578.559713,17816903883.427646,790274225.486271,21905522449.772203,25718132984.182942,5029173326.750037,30779482578.559713,30779482578.559713,30779482578.559713,2010980020.097672,15905097877.964445,30779482578.559713,70.4082041379,26147833478.549314,31106011184.985343,31112134723.266091,18340202246.955335,30994031663.320892,31111921956.753821,12584806192.037318,30055413748.575221,31112173242.587851,31112173201.49834,31112172628.915135,31112156137.219336,31112072122.934963,31110861042.784471,28500921774.203468,30733698850.109864,31082014979.084152,22350090839.241899,31111954528.218426,31107216122.887433,31013820116.543257,18988575417.728434,26499636166.576959,10403823718.388643,30189162412.482054,12816580096.00225,13768049730.993102,29322233265.246696,22533560001.253922,31112173244.559713,26751111274.738244,1320,0.015277777778,2767,729967814.516995,27477267.393115144343767454853,302165.41708934,11374.035672805212225273072996,25066.5771435,943.5498786447690376677789,31.772239940166,0.03778130707879365,0.03634586426684704,,
2020-01-13,4002,10483,219332,277710,911,133537,259937,39,51595,352348,342924,335591,322057,244716,24995,268271,89559,290055,181286,3331,139659,1114,223070,11557,9,260945,55736,47,1613996469,4320,831.826157407407,807395964.9615536882219419984025,0.423051740111,0.363751643682,1148516867.4413366213683398801125,1148528374.429331135775545,987526722.424789730774097983045,2714837828.440338255373152197502,0.18543931,0.006845557713982802734325,0.172257,0.0063589280780732825775,311.352598,11.493691272942541463585,0,0,0,0,0,0,0.589649176726,44.370044711006,18.16763897846773,38.150597583226,15.621040912156632,0.00000454514793488244,0.0369153536754575,-7.1524978110242445,1.9215077408998333,0.0376417519329894,0.00000461038905567554,0.000258800245601772,0.0338611295793733,0.0376417519329894,0.005238613889,30779482267.207115,17799643781.863766,826808579.904606,21871548951.143767,25704465413.354542,5030470665.169325,30779482267.207115,30779482267.207115,30779482267.207115,2026836171.284226,15910222722.883836,30779482267.207115,70.2990080381,26154079811.195249,31106009645.329508,31112134396.731242,18345267156.233949,30994106667.53477,31111921661.989774,12587321294.237654,30057843236.962405,31112172931.232774,31112172889.840757,31112172312.963483,31112155812.158507,31112071768.861325,31110861092.761758,28505471954.002456,30734628490.521262,31082030705.512969,22348414317.5503,31111951302.61821,31107105581.804153,31012036554.890433,18941922797.746434,26469274706.555742,10405823717.388643,30179156182.369261,12819532103.022184,13770165175.757877,29327449000.243199,22537691871.665639,31112172933.207115,26751110963.385646,1679,0.01943287037,3468,701197691.727583,25884960.7865381461418828942225,211162.04440691,7795.121552113744899210411325,22847.358045,843.4183027809842316805875,31.777843583982,0.03754394468728825,0.03618404673585133,,
2020-01-14,5661,10465,219082,277420,909,133335,259653,39,51504,352136,342697,335363,321820,244430,24941,267986,89409,289757,181036,3319,144279,1230,225743,12483,9,261377,59120,51,1613996498,4320,996.171759259259,910639958.7196422848963603800236,0.476025707575,0.409300132263,1295555481.1336821950824303735404,1295568478.9009467588392664,1113954606.5355561765853983408408,2721608225.1826919841396216664068,0.19539759,0.008136635866199049739356,0.173619,0.0072297441460440367596,422.644984,17.5995432465851985068256,0,0,0,0,0,0,0.590349569474,10.994112654765,20.220698303866556,9.453043590097,17.386318340645122,0.000004715814545222715,0.0416414340944484,-4.88245797121735,14.31375226910832,0.0369153536754575,0.00000454514793488244,0.000256516549754092,0.0331974616546188,0.0369153536754575,0.005230060687,30779481844.562131,17787019214.677951,844572315.239281,21868602235.316579,25666446299.455551,4989190353.240156,30779481844.562131,30779481844.562131,30779481844.562131,1676884372.71619,15919373503.720017,30779481844.562131,70.2895377296,26163380127.738895,31106015138.749262,31112133957.195313,18367057647.017086,30994205368.468804,31111921357.141531,12594309143.938456,30059322429.737294,31112172508.583782,31112172467.196248,31112171889.986243,31112155360.822889,31112071386.906583,31110860487.744146,28509124186.943344,30734975548.790142,31082036362.52872,22356914786.470524,31111969257.782504,31107855104.266571,31024418079.189325,19265605992.995397,26718673527.05103,10405823717.388643,30269039024.78873,12927240094.375881,13782277085.00277,29332980011.994895,22555597181.165048,31112172510.562131,26751110540.740662,2163,0.025034722222,5300,2829893915.729404,117840840.9861264910357130407536,746058.98509788,31066.966058524431008038609392,57398.631512,2390.1613312184771164979808,31.876477397716,0.038290300003439484,0.04228989045968781,,
2020-01-15,5149,10475,219021,277371,911,133283,259600,40,51486,352175,342728,335392,321835,244368,24936,267927,89369,289706,180987,3313,145040,1252,226527,12660,9,261566,59705,52,1613996522,4320,928.155092592593,931546452.639310650820273233604,0.486900049172,0.418650192467,1325302981.4819188623849827407648,1325316295.2160081000915976,1139532331.5703471610015479891684,2721919999.2581214613078219844539,0.19008656,0.008097225867235400633536,0.172433,0.0073452270795210447148,411.347323,17.5223970816960202837988,0,0,0,0,0,0,0.590571644828,12.755466897094,20.376364388902562,10.96750489255,17.520164328801,0.000004834343993486357,0.0425975716917356,0.4635505481926875,25.07452600579189,0.0416414340944484,0.00000471581454522272,0.000250779532929775,0.0374339567608982,0.0416414340944484,0.005230515643,30779481433.214808,17791555139.729448,1006521366.771433,21868534182.66659,25646143253.144877,5023102238.680629,30779481433.214808,30779481433.214808,30779481433.214808,1713291218.297447,13930853205.971819,30779481433.214808,70.2893199257,26166578627.501923,31106014409.297686,31112133520.54412,18373966650.799763,30994207878.464238,31111921034.961807,12622883800.484867,30059758370.194846,31112172097.235611,31112172055.842892,31112171477.775586,31112154917.885407,31112070895.184256,31110859406.798813,28510134790.36394,30735151762.646938,31082043880.837303,22348588606.420972,31111974707.553632,31108054150.390171,31026354032.747221,19318999885.876593,26761777315.391757,10405823717.388643,30283784973.939938,12949992074.371945,13781846823.120057,29334533316.321779,22553076752.505125,31112172099.214808,26751110129.393339,2164,0.025046296296,4851,2439124522.074791,103900781.6941512416847797972596,638350.9046819,27192.19842667151372557690564,46127.353398499996,1964.9132433426273526331498330576,31.948573994548,0.03830517928888762,0.04016508152008219,,
2020-01-16,4016,10484,219035,277396,913,133293,259612,38,51537,352257,342801,335453,321888,244377,24963,267945,89410,289734,181006,3310,144063,1223,225617,12473,9,261321,59029,51,1613996547,4320,892.782638888889,905190524.7260442583860797569665,0.473577199839,0.40719483571,1288667125.5129227340699224747742,1288680084.3930017785695066,1108031802.7073819513366722595643,2721134222.5770791669325396482873,0.18721389,0.007754405162744203150419,0.172433,0.0071421802379485367343,318.263606,13.1824884867249270353226,0,0,0,0,0,0,0.590551001923,21.259461677678,19.67923715088987,18.279475887095,16.920754929266582,0.0000047507189096325455,0.0414200311886271,-6.432217120261627,31.25275110470771,0.0425975716917356,0.00000483434399348636,0.000256838112787386,0.0382478226787635,0.0425975716917356,0.005232323224,30779481114.951202,17784606182.980421,1011511252.484911,21853931509.703615,25609075597.68495,4982845545.163866,30779481114.951202,30779481114.951202,30779481114.951202,1643865426.640523,13933257122.989091,30779481114.951202,70.2423850819,26163402453.056368,31106014375.780327,31112133196.316475,18373324217.250191,30994205856.970661,31111920566.028219,12561034631.776235,30060271517.324082,31112171778.969949,31112171737.511121,31112171159.171531,31112154592.062103,31112070532.518868,31110859013.612464,28509955005.639706,30735348501.285269,31082044766.841081,22337463062.950715,31111968079.052934,31107835296.280202,31023996248.410806,19243628121.448329,26711856935.440597,10405823717.388643,30266971233.080011,12920416011.897,13777701198.984981,29332977313.29191,22545610988.821546,31112171780.951202,26751109811.129733,1700,0.019675925926,3711,1463450592.148282,60616169.1697966382269552036422,450991.15697858,18680.067787847804002494307518,48304.5274585,2000.77503388296414486722535,31.86881921467,0.03813080855872205,0.03758173918256391,,
2020-01-17,5512,10503,218767,277128,911,133115,259333,39,51463,352057,342596,335236,321661,244101,24946,267677,89285,289462,180772,3313,146924,1350,227414,13081,9,261529,61189,54,1613996575,4320,982.6875,989467487.962614689971325404882,0.517395204206,0.444870772421,1408267068.087614770166096629566,1408281249.384058369194518,1210867153.893006057833663819289,2721840203.8497592185761673161414,0.19187511,0.00868507040537001642063,0.172433,0.007805039148689832889,435.5565,19.7151098337691926645,0,0,0,0,0,0,0.590299776995,20.228341430677,21.3273511491286,17.392890007292,18.337849099241602,0.0000050787065148224765,0.045264184632233,0.6033673287092365,31.459233788513885,0.0414200311886271,0.00000475071890963254,0.000252479674497147,0.0372030356751571,0.0414200311886271,0.005225828997,30779480679.394702,17777145086.202878,979762683.1174,21859832359.777154,25575606430.347191,4804367035.647978,30779480679.394702,30779480679.394702,30779480679.394702,1657296183.193985,13943129897.860994,30779480679.394702,70.261352437,26174289842.974457,31106016238.007971,31112132735.765306,18365507807.011051,30994349203.693125,31111919778.198903,12592629643.912122,30061642276.167783,31112171343.410295,31112171301.885027,31112170723.182937,31112154132.884199,31112070058.079994,31110858482.469772,28514690093.658709,30735781098.176496,31082068612.529547,22342705245.630696,31111978743.221617,31108315536.220462,31031154149.900979,19534829404.446343,26858321022.778261,10405823717.388643,30319881293.951442,12992589198.852725,13785032250.275592,29337153818.427982,22546115032.352587,31112171345.394702,26751109375.573233,2270,0.026273148148,5038,1538048556.873403,69618513.851657231355894198899,360498.14345812,16317.65452506556270703758196,48750.359253500006,2206.645262138112797503173293398,31.886880182649,0.03864823781307792,0.03769532860913777,,
2020-01-18,4475,10497,218822,277199,911,133128,259394,39,51473,352200,342731,335356,321771,244164,24953,267741,89282,289538,180808,3313,146689,1341,227360,13023,9,261575,60993,54,1613996599,4320,892.666203703704,981868188.9860470267378025226453,0.51354745714,0.441562371736,1397605905.1946153671198770533117,1397619995.5818176207886262,1201700387.5111366088651949837224,2721473713.4084288742198685219249,0.18739449,0.008418044693821299967953,0.172433,0.0077459518723826309801,366.168841,16.4488596704350553230177,0,0,0,0,0,0,0.590506077692,25.606307377991,21.029432393604697,22.017014513527,18.081690240865885,0.000005031430011067769,0.0449215166028697,2.2799448012250436,36.22047717618046,0.045264184632233,0.00000507870651482248,0.000264649591038595,0.0408067403715118,0.045264184632233,0.005227463898,30779480313.225861,17780802004.922939,942530536.907827,21857414068.769949,25557328985.22571,4366707165.806971,30779480313.225861,30779480313.225861,30779480313.225861,1659441247.583619,13956793160.974887,30779480313.225861,70.2535804504,26172597772.927121,31106013639.129919,31112132343.793189,18371926053.430388,30994288184.504889,31111919272.665221,12597736335.860926,30061549576.453179,31112170977.240747,31112170935.607128,31112170356.482621,31112153747.927671,31112069642.460794,31110857658.872832,28514264167.92697,30735666386.313058,31082056696.947989,22345319075.418635,31111977899.076614,31108289177.659029,31030550344.122189,19520104038.205832,26845199900.191825,10405823717.388643,30315265897.503502,12998361197.336735,13790485851.70211,29337326599.440627,22550666445.744454,31112170979.225861,26751109009.404392,1954,0.022615740741,4357,1215019819.920139,54580533.0133582771400322228883,338929.57764619,15225.230649436939220725271443,88550.001038,3977.8003418126461687787486,31.759279350271,0.03859495714672926,0.0365351594958776,,
2020-01-19,4798,10495,218707,277132,908,133010,259309,39,51446,352251,342778,335400,321805,244064,24959,267661,89224,289469,180707,3310,144309,1239,225600,12580,9,261242,59307,52,1613996628,4320,942.988888888889,917751810.7270464079715775677762,0.48055366452,0.413193391358,1306611172.4992469577771448641376,1306624361.0927560437080438,1123460586.0115652220516992362219,2718970364.7466117125730059180874,0.18996832,0.007978058890895313478496,0.172433,0.0072416318085760383049,371.388069,15.5971052744894104128957,0,0,0,0,0,0,0.590456920776,21.33579175799,19.520090924378525,18.345106498365,16.78391647834618,0.000004834243200314933,0.0419967860477753,-7.561480488979855,24.557689847133442,0.0449215166028697,0.00000503143001106777,0.000256584447530785,0.0404979932142264,0.0449215166028697,0.005229434501,30779479941.837792,17783467442.866503,856026857.188218,21852905831.484754,25533339466.201216,4344332469.497248,30779479941.837792,30779479941.837792,30779479941.837792,1673466041.435099,13947254908.6543,30779479941.837792,70.2390910198,26174352703.857569,31106009271.560074,31112131924.228463,18370396455.749083,30994238025.632174,31111918731.722682,12598503005.673903,30062519666.714819,31112170605.851978,31112170564.189088,31112169984.721593,31112153327.803243,31112069160.870546,31110856303.316229,28517561188.172914,30735967488.08854,31082061318.215748,22343487176.286313,31111971652.029236,31107905029.272145,31025297499.945584,19291204989.231544,26745340349.13522,10405823717.388643,30278000553.0484,12951698998.570585,13790588273.891307,29340098627.076254,22551689324.64543,31112170607.837792,26751108638.016323,1955,0.022627314815,4389,1458214954.511179,61240341.4562723759869519300787,422686.21692843,17751.462617686812845600821779,78412.59184,3293.076842956011338933552,31.768082694746,0.03864085201335222,0.03909650885330916,,
2020-01-20,3860,10487,218764,277185,909,133052,259365,39,51446,352392,342911,335527,321919,244108,24966,267714,89243,289528,180748,3309,145879,1302,226844,12885,9,261487,60425,54,1613996657,4320,863.091898148148,959428735.0802654895176539909699,0.501922661079,0.431567047518,1366258723.2020098224565510365093,1366272528.4133969062187006,1174747205.1773144287521256620084,2722050286.121302186192594564462,0.18858809,0.008281650581258859866749,0.172433,0.0075722165417668156213,331.349279,14.5508602851328211087419,0,0,0,0,0,0,0.59043428738,11.34589755887,20.063840304848668,9.755517912649,17.251447272011283,0.000005084836503139734,0.0439139639266661,2.201891186291332,32.80649049661453,0.0419967860477753,0.00000483424320031494,0.000251791637219645,0.0379128726170798,0.0419967860477753,0.005229317429,30779479610.488513,17788077766.952646,1388829410.593631,21847919187.674759,25516033890.784571,4302746994.31057,30779479610.488513,30779479610.488513,30779479610.488513,2143376681.411821,13943889357.474741,30779479610.488513,70.2230638156,26170165228.025159,31106010234.918786,31112131554.439202,18369692086.049394,30994228605.491806,31111918397.805917,12596358905.918118,30062093456.9227,31112170274.499995,31112170232.8023,31112169652.790927,31112152968.269395,31112068776.780783,31110854890.719844,28517437028.87686,30735838510.332934,31082053813.22522,22343810332.753648,31111975694.685302,31108182635.200672,31028842370.643576,19434668664.528676,26814603578.282366,10405323716.27152,30303591271.079438,12996549618.953919,13788736001.544794,29340463806.384261,22553932248.291426,31112170276.488513,26751108306.667044,1757,0.020335648148,3883,2742151523.496318,120418743.0842697971756253654198,837672.0349098,36785.49952340594320632821778,75334.121692,3308.2199024295621412510412,31.841214959903,0.03856777400034178,0.039332684132126275,,
2020-01-21,5301,10482,218420,276811,913,132762,259008,39,51340,352104,342618,335230,321615,243766,24927,267344,89034,289167,180414,3305,147138,1366,227379,13188,9,261349,61443,55,1613996678,4320,973.597453703704,1003079900.6458912246617429312529,0.52578241724,0.452082327728,1428494442.1384933832363051764232,1428508894.9261881968510534,1228259202.6165597616823072407931,2716892758.8664688007988667242165,0.19170762,0.008802126976070299894698,0.172433,0.0079171457079521931457,407.762105,18.7221239522962629917545,0,0,0,0,0,0,0.591002909905,14.849938518903,20.717356486537454,12.768389645834,17.813358601790398,0.000005258850845366381,0.0459143302497329,7.613488425653558,33.69138024180887,0.0439139639266661,0.00000508483650313974,0.00026307221594972,0.0396295135963667,0.0439139639266661,0.005224030064,30779479202.726408,17797171139.519914,1453119384.997467,21846771916.088801,25509221535.782452,4277999125.714819,30779479202.726408,30779479202.726408,30779479202.726408,2215637428.305989,13968001144.689509,30779479202.726408,70.2193772028,26180042704.515511,31106010589.753793,31112131109.00778,18387382925.882599,30994301742.717568,31111918218.485359,12602619416.70796,30064797133.994036,31112169866.738483,31112169825.023615,31112169244.731246,31112152534.977696,31112068358.80388,31110855960.608605,28524753655.804175,30736471287.82443,31082065584.59849,22350524786.498593,31111980345.429434,31108378793.402477,31032365050.592313,19587001589.504861,26893648677.658145,10405323716.27152,30331172141.799813,13024192387.506493,13792410946.850883,29347644907.10497,22562681407.72941,31112169868.726408,26751107898.904939,2127,0.024618055556,4823,2095104288.083197,96195310.1906834441784622280813,499996.76166357,22957.016438818143238952160453,76330.670807,3504.6716276162440895774503,31.887927484484,0.03872092489704673,0.03951655901601791,,
2020-01-22,4383,10490,218470,276886,917,132794,259069,39,51362,352269,342776,335384,321755,243820,24936,267407,89055,289259,180461,3308,146831,1365,227222,13143,9,261303,61229,55,1613996701,4320,916.188657407407,993063968.8845478727297221764888,0.5208049437,0.44793647358,1414351816.956325339163554766472,1414366143.1978866547158192,1216462656.4176289793111957915064,2715703516.3820071035821176244514,0.18698602,0.008500339942259296791504,0.172257,0.0078307622004776597064,363.874798,16.5416616676526581165296,0,0,0,0,0,0,0.590897132093,18.431647747479,20.383970097706413,15.852782109973,17.531945104546192,0.000005256739714677965,0.0454597618702152,4.7961064150968085,37.38879942008947,0.0459143302497329,0.00000525885084536638,0.00027140673490986,0.0414372860684174,0.0459143302497329,0.005227454064,30779478838.85161,17803747187.603927,1087516830.257547,21844900369.687019,25472552603.123943,4364934714.004738,30779478838.85161,30779478838.85161,30779478838.85161,2353552897.334749,14089702971.96918,30779478838.85161,70.2133625438,26178182177.045572,31106009436.295128,31112130698.073813,18384091733.592673,30994262809.50288,31111917724.281174,12588800458.377693,30064621482.865139,31112169502.862596,31112169461.130422,31112168880.125871,31112152149.803514,31112067874.538043,31110855469.586758,28523605828.04194,30736362436.896112,31082062354.536012,22344957744.700553,31111977506.045843,31108332507.100239,31031588450.702422,19572885837.946917,26880214375.880643,10405323716.27152,30325814964.495193,13008703374.41656,13776609943.62875,29347085280.174604,22555281001.993465,31112169504.85161,26759107535.375007,1946,0.022523148148,4215,1687975482.772925,76734963.48961871010726248346,477391.60291673,21702.108587434877912032780296,97784.6781375,4445.26818268638837986019,31.924051380783,0.03842269907875173,0.03870542076308653,,
2020-01-23,3988,10498,218494,276932,917,132802,259106,39,51409,352363,342868,335472,321833,243851,24957,267452,89073,289303,180468,3309,144923,1273,226187,12758,9,261107,59823,53,1613996724,4320,866.922453703704,940642343.236675317477404484429,0.493723234689,0.424643903585,1339874898.905677861017952706463,1339888484.6066659363193132,1152406181.0567229992883804788304,2713817792.5704568493521783905751,0.18818437,0.008104337317154047235354,0.172433,0.0074259897174713491186,321.607095,13.850312762266105303299,0,0,0,0,0,0,0.590646896805,27.238607651603,19.255526887746978,23.427515394701,16.561388099043455,0.000005147497372210417,0.0430659428153042,0.8361783550734282,26.958124319053855,0.0454597618702152,0.00000525673971467796,0.000271328302703382,0.0410167689817552,0.0454597618702152,0.005229986045,30779478517.244515,17769907175.83441,1097341721.888571,21841907589.734745,25455446593.445967,4361730508.516129,30779478517.244515,30779478517.244515,30779478517.244515,2312787629.68187,14080018173.74942,30779478517.244515,70.2037439469,26174255762.187247,31106007336.444785,31112130361.306049,18376306180.954746,30994250475.535649,31111917228.929421,12587112114.101505,30065328909.462228,31112169181.25475,31112169139.504853,31112168558.0191,31112151814.136779,31112067540.732018,31110854541.982275,28522518370.888627,30736404560.36428,31082049707.452467,22336275125.194324,31111971754.537111,31108090748.580323,31027244380.193427,19357212109.373885,26787925567.088663,10405323716.27152,30293631152.685346,12962361533.552476,13776301911.650986,29345790998.378044,22546658194.156813,31112169183.244515,26759107213.767912,1709,0.019780092593,3742,1142208499.831804,49190285.9369108680079370947768,340832.16808437,14678.258660337627660832815354,99426.160806,4281.8813556164357470071852,31.863848281686,0.0384825892434446,0.040350846698706574,,
2020-01-24,3766,10506,218524,276972,915,132820,259142,39,51427,352441,342938,335537,321893,243888,24955,267487,89071,289348,180504,3310,146358,1340,227010,13042,9,261321,60829,55,1613996750,4320,866.659027777778,978600221.3640479535843618598784,0.513625631912,0.441761654424,1394447763.2954481136510529573922,1394461915.4180293787702972,1199343476.3522277075721531351476,2714910776.7523766712213615738311,0.18668963,0.008367431338273168915966,0.172433,0.0077284490196507290506,291.795894,13.0782952852551892681308,0,0,0,0,0,0,0.590502591707,24.341126108643,19.992281712862862,20.935435212343,17.19505977983183,0.000005320898862153159,0.0448200113647082,4.61015760728696,34.06965452593048,0.0430659428153042,0.00000514749737221041,0.000265582545359818,0.03897095351314,0.0430659428153042,0.005231319351,30779478225.448621,17768350750.830617,882267479.061791,21834002080.030912,25444846424.965559,4299426936.254243,30779478225.448621,30779478225.448621,30779478225.448621,2311210584.743388,14061924798.682752,30779478225.448621,70.1783349024,26175203498.741589,31106005416.369271,31112130048.750619,18371816364.025294,30994220982.780891,31111916863.271451,12590381550.4453,30065678288.402751,31112168889.458516,31112168847.674942,31112168266.126286,31112151516.272643,31112067195.570042,31110854093.018615,28522300138.61044,30736215930.402741,31082053406.51095,22336035052.892389,31111975474.295635,31108269443.443649,31030445562.220489,19508973121.455318,26851847405.602386,10405323716.27152,30316406059.282616,13013305702.135962,13779801266.387372,29345883411.46903,22546493675.529077,31112168891.448621,26759106921.972018,1563,0.018090277778,3430,1278172946.994476,57287726.0103549860462867519032,394430.29025169,17678.370091665899751761406858,61988.034741,2778.3044215675467229275762,31.857572831091,0.03860558997790967,0.040527752435165855,,
2020-01-25,3265,10516,218515,276942,914,132810,259117,39,51426,352438,342931,335528,321884,243864,24969,267463,89067,289326,180471,3311,145028,1275,226270,12802,9,261128,59917,54,1613996794,4320,808.215509259259,943728049.616414619986178489018,0.495448184749,0.426127505914,1344610440.2744769124359116645895,1344624097.023272030579469,1156479145.503509507817060573435,2713927473.4743342962067808769358,0.18691064,0.00807793248895515646596,0.172257,0.0074446292450229071355,241.114728,10.420533014475717142092,0,0,0,0,0,0,0.590257115673,33.651032278766,19.266113146176036,28.942744968658,16.57049313399305,0.000005179067673017935,0.0432181522087515,2.034564572570295,26.936352183541782,0.0448200113647082,0.00000532089886215316,0.000276244541871785,0.040662651898851,0.0448200113647082,0.005231006737,30779477984.333893,17774530615.429954,775026441.021392,21836381274.656012,25428968037.962569,4286146931.61952,30779477984.333893,30779477984.333893,30779477984.333893,2286783072.248228,14053130337.144111,30779477984.333893,70.1859825976,26175627322.153919,31106007525.195654,31112129793.334345,18364178929.888864,30994257722.857373,31111916604.462712,12591397844.305583,30065821183.996987,31112168648.343734,31112168606.553428,31112168024.970504,31112151268.891132,31112066989.420575,31110853717.457115,28523711280.489421,30736287059.206117,31082040197.044762,22331178000.027418,31111971402.664443,31108105436.026301,31027474918.943449,19356231384.890876,26795433036.368297,10405323716.27152,30295874472.711206,12991874152.351724,13780701501.089424,29346105686.825812,22540771480.897903,31112168650.333893,26759106680.85729,1290,0.014930555556,2851,924553172.473277,39957479.7330341629076592836655,391926.56429444,16938.34191033013886119079166,28994.544845,1253.0906523346811682110175,31.864102976852,0.03866917541994599,0.04135292251943612,,
2020-01-26,2979,10524,218639,277100,914,132889,259270,39,51453,352642,343126,335717,322068,244005,24990,267615,89136,289486,180590,3316,146092,1327,226933,13001,9,261429,60663,55,1613996839,4320,828.552546296296,970399191.832879343022236805634,0.509349134769,0.438083502656,1382531298.5978316338022154663058,1382545351.4127037460424844,1189094301.8813043875815626606716,2714309702.7663645500285065434784,0.183746,0.0081651202413157042244,0.172257,0.0076545835958786545698,245.668396,10.9167654960171213872344,0,0,0,0,0,0,0.589656626215,22.550159767306,19.741758916886717,19.395052041868,16.97958886065919,0.0000051828370307499355,0.0444369958601314,5.039065943003658,35.03867843444545,0.0432181522087515,0.00000517906767301793,0.000269235985696314,0.039266522109332,0.0432181522087515,0.00523614342,30779477738.665497,17775790247.242995,1230902537.92818,21837641655.32881,25403923328.036502,4249331169.721123,30779477738.665497,30779477738.665497,30779477738.665497,2221007770.60732,14034370806.207074,30779477738.665497,70.1900342377,26172600315.378246,31106003140.189686,31112129533.471906,18345496255.735504,30994191801.042196,31111916291.087337,12580045667.938964,30064989578.703212,31112168402.672188,31112168360.849683,31112167779.078739,31112151012.022364,31112066680.77713,31110852253.550684,28522668962.423495,30736202813.246748,31082034171.719277,22324466233.631616,31111974471.901273,31108224278.984335,31029658319.131181,19456480451.455063,26836048009.689215,10394823715.92683,30311497511.641132,13003223230.372532,13768883049.522222,29345013818.860333,22531201720.643666,31112168404.665497,26759106435.188894,1337,0.015474537037,2880,1379687271.651749,61309157.5786647565822541798186,511781.24220571,22742.020941188040593586430294,46094.487837,2048.3005651876461705217818,31.893967115385,0.0387303312024167,0.04072342317927722,,
2020-01-27,4418,10516,218529,277005,916,132799,259166,39,51428,352599,343076,335663,322012,243897,24968,267512,89066,289391,180485,3310,148806,1426,228295,13554,9,261736,62679,59,1613996864,4320,914.169907407407,1045642521.0430806014611595563402,0.548331385291,0.471611547056,1488779890.8804793453985534412304,1488795040.6112639131174514,1280477110.0074808669743578330527,2715109750.8120400919010753348541,0.19019121,0.009101032380975704323539,0.172433,0.0082512662732877277747,354.136041,16.9461226752358305429819,0,0,0,0,0,0,0.590125366337,33.377678508102,21.215772549998164,28.707637426199,18.24736570382561,0.00000537544737506449,0.0478520136707459,17.533552908938272,42.15899437828425,0.0444369958601314,0.00000518283703074994,0.000265836513901652,0.0403250630832769,0.0444369958601314,0.00523331518,30779477384.529456,17794518951.812617,1258795633.069458,21851588696.722478,25384773156.058747,4262621837.307485,30779477384.529456,30779477384.529456,30779477384.529456,2221100114.249579,14043341528.766534,30779477384.529456,70.2348632896,26176327655.888486,31106002174.861222,31112129164.594373,18360079568.346794,30994208309.181715,31111915873.805145,12584173893.479163,30065808561.449176,31112168048.535921,31112168006.676444,31112167424.835481,31112150641.108381,31112066275.580025,31110851946.462061,28523309881.617877,30736335946.899112,31082031732.745786,22328584992.078631,31111982918.948781,31108543079.914071,31035748484.786268,19679659967.859776,26960753733.979006,10394823715.92683,30356548411.014161,13093260410.37991,13773318359.207897,29346773994.536689,22540156149.53974,31112168050.529456,26759106081.052853,1862,0.021550925926,4106,932124984.156024,44604057.4846778658865300583016,286674.42917026,13717.948703708558734172296934,117219.32760250001,5609.180866910472701153841457459,31.913319797012,0.039137306066108435,0.042322742231683017,,
2020-01-28,7589,10410,217979,276383,875,132334,258549,41,51157,352066,342539,335122,321459,243320,24836,266884,88702,288776,179988,3244,154006,1663,231138,14752,11,262723,66750,68,1613996888,4320,1084.780787037037,1164276672.01838488509124809808,0.602064885318,0.517826917808,1644049263.5578030671206121248,1644066022.14064647396256,1414021949.51590650681493260272,2730684521.9663052895226947839623,0.19083157,0.0100840451593148639152,0.172433,0.00911181603209647088,545.778276,28.84036840527493311936,0,0,0,0,0,0,0.593292919607,9.823307057172,23.153806653059867,8.448878086303,19.91423952310476,0.000005683601083439916,0.05284264631536,37.28264850318891,54.615782503422366,0.0478520136707459,0.00000537544737506449,0.000281591237434963,0.0434106181328414,0.0478520136707459,0.005206233435,30779476838.75118,18019531419.971988,1465585419.783775,22032898675.628203,25496908635.609581,4658975557.033825,30779476838.75118,30779476838.75118,30779476838.75118,2663255844.461083,14255730152.230435,30779476838.75118,70.8176268088,26192194224.965524,31106010841.049265,31112128573.987788,18458628694.183953,30994301698.333569,31111915391.52275,12944825691.659981,30068461356.449849,31112167502.757062,31112167460.878071,31112166878.55858,31112150067.01754,31112065673.397424,31110854662.007919,28534418931.885588,30737080409.276463,31082070634.425984,22370262258.742151,31112013971.781713,31109226578.838855,31047134973.916053,20325673805.387342,27236027095.998707,10974913495.199264,30445532980.17836,13592951703.554213,14101467088.315647,29361363933.476107,22639362579.088147,31112167504.75118,26759105535.274577,2860,0.033101851852,6876,3167178560.506929,167362096.49045866053559912944,894682.15547192,47277.3727062665960499446912,99999.52523,5284.2395434328088565328,32.081054408264,0.03981698948380611,0.04523904789083518,,
2020-01-29,7536,10414,217855,276235,876,132228,258391,39,51116,352017,342486,335067,321398,243171,24832,266731,88626,288656,179876,3244,154433,1692,231282,14862,11,262656,67087,71,1613996913,4320,1125.350925925926,1184212860.772379999304165478056,0.611683615196,0.526102789663,1671803788.0485188096367161621796,1671820860.4130076060893148,1437901252.8885766099196064906336,2733118472.5517134690257594133268,0.19334135,0.01038914460828730458063,0.172433,0.0092656401346158221754,574.417138,30.8661479407303434001044,0,0,0,0,0,0,0.59335214602,6.560592972925,22.863495909542255,5.64269857677,19.664657807791464,0.000005770514329140631,0.0537347267322138,41.61831771627084,61.26232671425803,0.05284264631536,0.00000568360108343991,0.000301482173772285,0.0479123081090645,0.05284264631536,0.005204472449,30779476264.334042,18029439327.108478,1641896014.105603,22038129395.79812,25469668435.204933,4716236804.106207,30779476264.334042,30779476264.334042,30779476264.334042,2733516826.817225,14189750526.879848,30779476264.334042,70.8344405748,26196487714.382395,31106013551.492524,31112127940.889672,18460471015.461485,30994323612.625113,31111914677.828436,12875990555.447583,30069159026.917843,31112166928.336979,31112166886.455637,31112166303.837171,31112149465.649596,31112065011.51532,31110854779.390899,28537657660.217889,30737321553.541903,31082076191.119035,22373703249.415623,31112014970.124291,31109279580.372375,31048149484.670911,20380959088.568714,27260433427.042019,10974913495.199264,30453338095.131321,13636437191.701257,14094226629.494953,29364011483.476922,22642701805.135648,31112166930.334042,26759254961.029872,2971,0.034386574074,7404,4742279708.363672,254825104.2166444691977280570736,1757646.92174227,94446.677031537652695230137326,82010.639226,4406.8192879432838640985188,32.379520754711,0.03980626088579545,0.044608059562960566,,
2020-01-30,6565,10432,217676,276030,875,132095,258192,39,51090,351884,342347,334920,321235,242967,24845,266527,88532,288442,179718,3244,155739,1754,231698,15241,11,262676,68162,74,1613996937,4320,1020.302083333333,1237802310.169555360565462379894,0.638728555879,0.549363851318,1747534216.8073087696201996412607,1747552332.7678315386545598,1503036178.3882360598641370804397,2735957553.0536075451419226836698,1.77796781,0.099866398627570822240353,0.172433,0.0096853624782711446229,4811.180903,270.2384751995898897870339,0,0,0,0,0,0,0.593077537326,8.767579548399,23.508722447020148,7.54090485405,20.219610011478846,0.000005906963089898635,0.0561688451646213,43.074534576183986,71.87244337574165,0.0537347267322138,0.00000577051432914063,0.000307623759456931,0.0488076964175915,0.0537347267322138,0.005202797614,30779471453.153139,18061663601.002096,1279890301.214904,22037168585.92638,25448122378.909126,4782983284.760907,30779471453.153139,30779471453.153139,30779471453.153139,2751143872.624012,14216933219.966926,30779471453.153139,70.8313633155,26200953105.611265,31106013244.01639,31112123108.685291,18451924490.504813,30994396329.892413,31111909853.284659,12886768987.029688,30070718818.596373,31112162117.154387,31112162075.214882,31112161491.672588,31112144629.352003,31112060190.641475,31110849241.274048,28542097829.140847,30737633193.551439,31082089970.542598,22367819245.618906,31112014140.018683,31109386746.894053,31050826238.991411,20486614037.231159,27330572797.126933,10974913496.199264,30474689009.729777,13690157780.665644,14096386257.636514,29366014100.505618,22635089428.572622,31112162119.153139,26759250149.848969,2706,0.031319444444,6302,3548546317.419365,199317748.6626154205672135114745,976122.15675991,54827.654284803585408570172083,93099.6348435,5229.29897440733367496226655,32.334264832991,0.03994493753913177,0.04438347114983148,,
2020-01-31,6663,10484,217810,276216,886,132182,258358,48,51151,352191,342642,335210,321506,243126,24899,266695,88595,288630,179820,3272,154500,1716,231306,14994,10,262639,67217,81,1613996960,4320,1069.826157407407,1188630493.4824321985285244990135,0.605212926104,0.520537401838,1678407105.35885753538429016612,1678424535.6017324956486654,1443580657.592851801750177535187,2773250591.5940748511074386685531,0.18925127,0.010209534165334693886723,0.172433,0.0093022393177660433717,572.674339,30.8940501674359307356111,0,0,0,0,0,0,0.591554443465,8.413192525979,21.990804997949546,7.236100204968,18.914064793087686,0.0000057652384857493345,0.0539469783496549,42.04729361549425,61.63859591968753,0.0561688451646213,0.00000590696308989864,0.000304840096639118,0.0509354905487175,0.0561688451646213,0.005214101152,30779470880.4788,18045670002.503979,3524045671.258728,22033309924.763115,25424676272.112699,6930382710.900738,30779470880.4788,30779470880.4788,30779470880.4788,4934856633.031674,14209297363.231229,30779470880.4788,70.8189621986,26197318960.66326,31106007034.538868,31112122483.943849,18404537408.623596,30994343081.345894,31111909056.512135,12823846222.359786,30070461852.689436,31112161544.478059,31112161502.508194,31112160918.239568,31112144014.357619,31112059464.310271,31110848227.577555,28541600470.075929,30737519180.659301,31082062183.1859,22352230787.67748,31112009717.576629,31109285921.232887,31048370375.938655,20355239923.25739,27273928354.898417,10031350674.033004,30456231512.218494,13589864120.131838,13904089265.10835,29364020140.998201,22596121882.382139,31112161546.4788,26759249577.17463,3026,0.035023148148,6833,3698020870.247464,199497051.8238119125480820001736,840337.57818789,45333.673136903533563948859161,96597.78691600001,5211.158719382029911805071896549,32.354306142446,0.04002242848923215,0.04563895657798783,,
2020-02-01,6489,10503,217911,276320,886,132258,258460,48,51204,352391,342839,335397,321681,243215,24942,266796,88663,288741,179924,3271,155911,1769,231948,15344,10,262942,68283,82,1613996986,4320,1050.996296296296,1236898176.6440466251774345413696,0.629313746293,0.541266267419,1746604120.6915292143016335284746,1746622289.6362902663324892,1502236203.5380936937627972814406,2775410724.7467403222697727904181,0.1916915,0.0107613599634788530283,0.172433,0.0096802079517482468666,542.870327,30.4761713604331595352854,0,0,0,0,0,0,0.59126364745,21.302234309369,22.838876002873853,18.321832186629,19.64348187043693,0.000005983759775965725,0.0561389522408602,45.8587049887315,72.01544348575003,0.0539469783496549,0.00000576523848574934,0.000299433166738899,0.0486604311638195,0.0539469783496549,0.005218572129,30779470337.608473,18046745122.699379,3391667591.498583,22032797679.180448,25388062408.657029,6962626334.135965,30779470337.608473,30779470337.608473,30779470337.608473,4967213236.561927,14209264784.051134,30779470337.608473,70.8173169862,26192936705.268528,31106008050.856395,31112121898.022257,18395489795.034631,30994301254.691146,31111908421.218775,12831216969.731021,30070266878.658218,31112161001.606661,31112160959.586907,31112160375.322804,31112143436.27029,31112058849.606779,31110846747.866503,28541266190.880109,30737446825.718829,31082059685.577134,22337897517.331497,31112012725.571996,31109384696.944855,31050747521.212234,20440230767.975815,27330074011.606388,10031350674.033004,30474388364.613495,13611860847.729477,13908430043.272436,29362384275.234653,22584673737.451476,31112161003.608473,26759249034.304303,2832,0.032777777778,6392,1460511632.337341,81991592.7750067580737304207282,356513.88617381,20014.316029114989173721111362,80333.56721149999,4509.842293024330851885809891398,32.332464931118,0.04013340871367934,0.04524585052739792,,
2020-02-02,7771,10504,217966,276373,894,132280,258530,48,51159,352555,342994,335538,321805,243285,24920,266849,88606,288792,179959,3272,155750,1771,231906,15289,10,262976,68089,82,1613997011,4320,1096.633796296296,1228721387.3195457202631532905784,0.62548808341,0.537975852514,1736240105.5627788781296376149604,1736258200.1637918554134042,1493322216.2560128708758707840014,2775816440.9728827695043476111735,0.19401599,0.010827224422389715399073,0.172433,0.0096227676328426630991,599.703421,33.4669504613607431018467,0,0,0,0,0,0,0.591743207132,17.500537299634,22.486092195096468,15.052031722012,19.340056092549663,0.000005975320984476239,0.0558058355004127,44.1815909189386,63.88772886201711,0.0561389522408602,0.00000598375977596573,0.000305830166288431,0.0506075805100691,0.0561389522408602,0.005219036414,30779924282.905052,18054024470.28001,971602946.653209,22017793951.144392,25377746409.561587,6974924082.824774,30779924282.905052,30779924282.905052,30779924282.905052,5027356855.188249,14201235483.832107,30779924282.905052,70.769093709,26198363517.611353,31106006337.829055,31112121258.058823,18410409578.223874,30994266136.894852,31111908059.481416,12834780106.486372,30070007818.780205,31112160401.90084,31112160359.810194,31112159774.76431,31112142801.151697,31112058214.522659,31110846527.647218,28542315239.151202,30737021678.025894,31082044142.917899,22341539242.772571,31112011673.327995,31109364757.166156,31050380271.875487,20442972771.169885,27324727777.400575,10031350674.033004,30471421290.958524,13609748945.841571,13902767451.108771,29365486512.933041,22589278489.04267,31112160403.905052,26759248434.600882,3091,0.035775462963,7386,1777783154.380919,99210674.2687863611606375052713,332384.18747502,18548.977289169301433380940754,100302.167806,5597.4462769164266176535362,32.348709105037,0.03990747698018847,0.045209829189037785,,
2020-02-03,5852,10525,217977,276378,902,132295,258510,50,51192,352631,343067,335606,321852,243262,24952,266851,88617,288801,179955,3282,156323,1807,232200,15449,10,263028,68533,86,1613997040,4320,1002.271296296296,1252244363.490815612488444153179,0.635901006441,0.546931898901,1769516549.6067403080541562135682,1769535018.2112997865027742,1521942938.9319292970697395264592,2782691852.4792265918858360244601,0.19248981,0.010947934995208792356537,0.172433,0.0098071958979482482341,478.337186,27.2056189266283613573322,0,0,0,0,0,0,0.590944892458,17.445154196927,22.7331477866997,15.004397248781,19.55254601114234,0.000006128938506330456,0.0568754002885077,50.770090352068685,65.62023153830494,0.0558058355004127,0.00000597532098447623,0.000296212291805633,0.0503556225067003,0.0558058355004127,0.005221512268,30779923804.567866,18043280879.940609,2621376777.020507,22017328355.29327,25363660859.094212,6992123350.70032,30779923804.567866,30779923804.567866,30779923804.567866,4615083697.89572,14198437408.028824,30779923804.567866,70.7675982894,26196428103.16464,31106013160.554213,31112120759.321714,18385572001.360603,30994322203.764015,31111907209.81512,12785709884.137776,30070258681.940557,31112159923.562473,31112159881.435253,31112159295.30409,31112142305.7751,31112057687.264275,31110845431.539108,28542089501.207801,30736973298.869958,31082040026.970696,22328214970.096632,31112012142.774188,31109419474.246101,31051403706.794977,20470848077.136748,27347671397.774405,9907795509.033004,30479011355.625879,13592537671.052637,13820845587.150283,29364074420.909122,22567738188.094562,31112159925.567866,26759247956.263696,2485,0.028761574074,5691,1783427052.255495,101433127.4823846172870126748115,370143.29305985,21052.047956885382841123285845,93973.118459,5344.7587287149768684336343,32.356216455329,0.039880873566054346,0.045186436967226316,,
2020-02-04,6546,10530,217891,276309,901,132222,258431,50,51136,352706,343130,335662,321903,243183,24936,266775,88543,288776,179883,3280,155652,1789,231813,15317,10,262883,68046,84,1613997068,4320,1020.866203703704,1228256757.9178258852052934770214,0.623563192847,0.536318235862,1735718312.8688067406210820042136,1735736458.5959615805250868,1492867754.5269168372563317360876,2783548376.1399829981867658524833,0.19285012,0.010758928068177992161496,0.172433,0.0096198760134561270814,535.544774,29.8775427298393146133492,0,0,0,0,0,0,0.59104473214,13.420338192405,22.19444184384163,11.542650667305,19.08913808925081,0.0000060894276499240066,0.0557890659760958,49.070771932541746,61.87047600861293,0.0568754002885077,0.00000612893850633046,0.000300385055641234,0.0514771840653778,0.0568754002885077,0.00521882556,30779923269.023092,18039378854.164459,2640616257.9257,22016083912.286733,25350962451.637382,7018144499.594891,30779923269.023092,30779923269.023092,30779923269.023092,4667310969.842752,14184931249.448962,30779923269.023092,70.763599647,26202391875.848912,31106010939.968807,31112120109.537243,18388677912.978801,30994336946.530722,31111906444.070714,12808399809.472327,30070412379.199875,31112159388.013235,31112159345.852873,31112158759.46605,31112141736.203568,31112056994.958811,31110844590.463041,28544804252.872381,30736914911.034778,31082044247.180061,22334164245.489861,31112010200.775552,31109364049.803724,31050342248.010556,20445838936.104264,27328924533.322835,9907795509.033004,30471500804.854019,13575664198.003272,13837495324.522128,29367768217.914288,22576428765.119544,31112159390.023092,26759145872.178122,2777,0.032141203704,6491,2318284304.312812,129334916.0046548216464376793896,428246.51654832,23891.473165747426288245649056,49588.50642,2766.496456321430144835036,32.398492941337,0.0399068956145168,0.04560861974572579,,
2020-02-05,7545,10548,217984,276416,898,132240,258522,50,51148,352941,343360,335875,322097,243270,24974,266868,88550,288897,179934,3283,157696,1869,232932,15843,12,263188,69643,90,1613997091,4320,1110.826157407407,1307566393.9859947568955278014764,0.662717098868,0.569993977014,1847660776.8211922132464082550588,1847680128.9305631279785832,1589147942.8446769475342211525348,2788008306.9807771558897939590227,0.19176581,0.011388414669441308367852,0.172433,0.0102402952157935407036,607.897603,36.1012736291386285490676,0,0,0,0,0,0,0.590449403334,17.827163657515,23.385975147524523,15.33290136831,20.113959642009473,0.0000061680777819789414,0.0593870965290492,57.93535270214644,59.59730263525685,0.0557890659760958,0.00000608942764992401,0.000296314286660454,0.0505464576892871,0.0557890659760958,0.005224428843,30779922661.125489,18043618901.70749,1114354252.891476,22017685160.721717,25350344023.890743,7052578861.108008,30779922661.125489,30779922661.125489,30779922661.125489,4536791685.392668,14176032256.548769,30779922661.125489,70.7687477263,26199791521.232982,31106011526.922659,31112119431.364083,18370155589.351081,30994263647.707369,31111905723.774653,12811623295.952411,30070382391.740706,31112158780.113651,31112158737.842179,31112158150.330929,31112141091.912581,31112056236.92138,31110843464.628962,28546596463.798769,30736860778.880417,31082015847.524724,22324848267.928714,31112013143.869016,31109542363.300113,31053783309.764031,20569273194.577141,27415479462.665504,10249360730.538166,30499065270.260123,13680304157.00106,13838715011.874087,29368341910.260609,22566128844.882525,31112158782.125489,26759145264.280519,3170,0.036689814815,7491,1745210813.107143,103643003.0215343441324115184356,287448.53905777,17070.734136157956165601972284,101222.35798,6011.301944256233591432616,32.428321165776,0.03956390072519983,0.04503019864514195,,
2020-02-06,7294,10527,218233,276708,900,132321,258805,49,51144,353363,343775,336280,322486,243535,24952,267157,88584,289202,180093,3279,158044,1880,233263,15857,12,263520,69806,93,1613997113,4320,1095.451851851852,1320329765.1782507741928759592224,0.670992974542,0.577111943372,1861269296.1534826650450836807688,1861288828.9289369095499082,1600852440.1829916150680448073698,2773902807.8861892899716101765237,0.19152669,0.011457988411882349780523,0.172257,0.0103051888479126221319,637.400825,38.1321854754251198777775,0,0,0,0,0,0,0.591230291754,15.820231155476,23.295521018334775,13.606765932174,20.036161207088533,0.000006142599559400375,0.0598244997179367,64.63022362571328,61.54948300966564,0.0593870965290492,0.00000616807778197894,0.000289516495210358,0.0539821090026384,0.0593870965290492,0.005227215729,30779922023.724664,18238280106.228441,1347929871.688513,22070051089.493472,25349825424.664314,6851335963.550817,30779922023.724664,30779922023.724664,30779922023.724664,4639896888.317401,14361962617.88436,30779922023.724664,70.9370625684,26198405542.367547,31106006408.615279,31112118721.363192,18394450337.008806,30994095621.485794,31111904927.237528,12750374751.100365,30069507582.780292,31112158142.711329,31112158100.386301,31112157512.248182,31112140413.667829,31112055526.702862,31110841586.871607,28544646039.303934,30736415073.870608,31081946704.269022,22337329440.324355,31112013183.286288,31109551332.521718,31054053529.722225,20607968070.344429,27419382868.250755,10249360730.538166,30500970319.950452,13711562671.51455,13823493065.175604,29370242907.398543,22586120289.767612,31112158144.724664,26759144626.879694,3328,0.038518518519,7617,1966605787.169928,117651207.3598400395077524475576,335963.88626068,20098.871418838968220487938956,83159.41356,4974.970313064001385201652,32.464163118933,0.039011129733321326,0.0448947581223941,,
2020-02-07,6949,10538,218457,276966,900,132450,259052,49,51230,353706,344109,336601,322799,243782,25016,267409,88680,289463,180281,3282,158213,1882,233505,15890,12,263768,69925,92,1613997136,4320,1029.865972222222,1320270406.282530620701546279335,0.670984569681,0.577104712755,1862250707.267197907272735533006,1862270284.274348176539771,1601696533.803927131025094876161,2775400197.5811070960095723923296,0.19004187,0.011375154742404327372495,0.172257,0.0103106227615121984445,566.894908,33.932087182582790122158,0,0,0,0,0,0,0.59047249275,16.644646051683,23.039163469768216,14.315833944021,19.815671502910646,0.000006107585576107086,0.0598560451041885,65.9160591892439,64.53960880386569,0.0598244997179367,0.00000614259955940037,0.000281064600120734,0.0545693732666717,0.0598244997179367,0.005235766302,30779921456.829756,18237979596.676777,1439353326.956287,22057428017.24371,25330844143.561218,6849260513.121772,30779921456.829756,30779921456.829756,30779921456.829756,4556484444.972489,14370634780.263954,30779921456.829756,70.8964910648,26188651537.847159,31106002119.853769,31112118131.781386,18370873239.81455,30993975804.581749,31111904252.142124,12742365615.022532,30068915408.172813,31112157575.813427,31112157533.429271,31112156944.865577,31112139825.585878,31112054900.642376,31110841422.047745,28543015789.388657,30736026691.362348,31081916827.220813,22322186722.747031,31112012490.357076,31109550189.57098,31054004638.175195,20591583905.226782,27413706055.952892,10249360730.538166,30500961243.506195,13673555628.042931,13799596198.616425,29366791063.59556,22572010748.58911,31112157577.829756,26759144059.984786,2983,0.034525462963,6864,1869199109.504912,111882866.207234991813692523912,346433.85389041,20736.160384082229614510982285,68689.575876,4111.486351821434296156626,32.513235296039,0.038787679607011835,0.04454210669009959,,
2020-02-08,6858,10544,218403,276968,894,132375,259044,49,51193,353830,344224,336711,322882,243754,25000,267402,88624,289484,180225,3294,158316,1895,233538,15937,12,263782,70046,91,1613997162,4320,1054.582175925926,1327897848.4014732599701313379956,0.674346028577,0.57999585619,1872816592.6407030611137774402222,1872836314.3601826997963564,1610784103.5650047319013977581242,2777233813.6131632997049320164969,0.19163367,0.011535513807839116695678,0.172433,0.0103797169486297601522,558.803773,33.6375577387527744291082,0,0,0,0,0,0,0.589737973694,17.500722985851,22.9537085614372,15.052134040928,19.742172839516435,0.000006073440672763106,0.0601956525063634,49.55836112944386,66.83785751238725,0.0598560451041885,0.00000610758557610709,0.000268577662928892,0.0547142782653627,0.0598560451041885,0.005237518234,30781571791.025983,18244186993.795733,1330731928.745583,22059696890.254634,25317032084.219688,6840353455.341584,30781571791.025983,30781571791.025983,30781571791.025983,3777632660.378402,14356683937.877483,30781571791.025983,70.9037848991,26193810649.10243,31105996602.628479,31112117507.114995,18348020437.639925,30993943505.811102,31111903507.962305,12745929977.234648,30069299846.125476,31112157017.008336,31112156974.603641,31112156384.691583,31112139237.745184,31112054217.344962,31110839090.106874,28545276932.512458,30736120320.90871,31081907262.634679,22331277520.444111,31112012152.138114,31109558943.736478,31054263480.170734,20606737108.577075,27425865076.721339,10249360730.538166,30503965898.43477,13658966463.423932,13800666282.407684,29370251642.951844,22570520602.302747,31112157019.025983,26759143501.181013,2916,0.03375,6629,1777764098.327843,107013669.9012312923658568961462,311244.82045014,18735.585056222096306802420876,60265.945095999996,3627.7478889663912142412763745464,32.549725618768,0.0386793909621257,0.04434722384095095,,
2020-02-09,6980,10551,218495,277094,895,132384,259165,49,51153,354113,344499,336973,323129,243862,24996,267511,88606,289630,180277,3291,159242,1924,234076,16189,12,263962,70667,94,1613997185,4320,1044.96087962963,1364308677.9341385568320896049888,0.692240900546,0.595386990584,1923858802.8552925259080684774944,1923879098.4434461821745056,1654684809.9225098018317206585024,2779175286.1445110334432355680608,0.19333601,0.011955172106875552413936,0.172433,0.0106626085430483029488,588.128129,36.3676327192730763247344,0,0,0,0,0,0,0.590118756577,19.897103718225,23.64562130681594,17.113228494283,20.337277527591684,0.000006091590400525567,0.0618362409924336,51.78562549285369,67.93261727987488,0.0601956525063634,0.0000060734406727631,0.000268762531570391,0.0550654164177241,0.0601956525063634,0.005241921242,30781571202.897854,18250220623.422046,1055063703.53697,22063253781.889458,25310094627.094162,6843658548.472069,30781571202.897854,30781571202.897854,30781571202.897854,3748675025.230991,14302670637.45758,30781571202.897854,70.9152187213,26197141523.129495,31105991670.231149,31112116839.313108,18359867067.43001,30993836108.374552,31111902944.692716,12750333732.430774,30068681775.825342,31112156428.877816,31112156386.379106,31112155795.798616,31112138594.345893,31112053446.58475,31110837460.338375,28546881768.066723,30735943693.100159,31081877640.998497,22327002197.667832,31112012519.522248,31109627880.52962,31055671717.998117,20654428755.580146,27468964215.761129,10249360730.538166,30514290419.611071,13715665274.419921,13809163440.276872,29373261224.914631,22571938237.013411,31112156430.897854,26759142913.052884,3042,0.035208333333,6997,1563652523.075488,96690394.2453227167100096275968,264685.6854908,16367.16783525659431210241088,49717.831494,3074.3638098841890537837984,32.580853051711,0.03872201728138081,0.044380006185171135,,
2020-02-10,7056,10575,218618,277296,898,132467,259319,49,51208,354454,344831,337295,323433,244007,25016,267682,88672,289880,180400,3289,158484,1885,233810,15981,12,264058,70099,93,1613997212,4320,1104.262037037037,1330428114.8080313006474002735294,0.673533128337,0.579729659163,1875946922.6740416449399236446526,1875966749.7383396798461972,1614682373.1965338999762307423146,2785233337.0814152120531991500085,0.18967753,0.011436847410328696021246,0.172257,0.0103864544438183594574,612.279061,36.9181430884108186206502,0,0,0,0,0,0,0.589631266813,15.501580554129,22.92819044571137,13.342663683555,19.73496398779301,0.000006107582965117669,0.0602962692013582,42.24016469137404,63.64040706915029,0.0618362409924336,0.00000609159040052558,0.000270657147917547,0.0564828936406276,0.0618362409924336,0.005248136937,30781570590.618793,18251862785.367621,1523765239.128245,22064849657.034217,25298089477.656852,7178397533.790273,30781570590.618793,30781570590.618793,30781570590.618793,4075628418.954205,14215834998.069158,30781570590.618793,70.9203495433,26195212725.007137,31105986679.059156,31112116124.590927,18344699848.619191,30993775455.619433,31111901863.198272,12702107224.903894,30068607669.444868,31112155816.597084,31112155774.056625,31112155182.634852,31112137955.220469,31112052569.942558,31110835954.826508,28545413789.648314,30735851867.601413,31081867202.702092,22306775835.571971,31112010466.018436,31109559543.589707,31054225506.995522,20571632766.15913,27430042806.601186,10202955404.248786,30503870693.609478,13656680548.421055,13766451682.633501,29372689522.561452,22556645230.237717,31112155818.618793,26779142301.563203,3228,0.037361111111,7220,2007031199.817296,121016493.5197086202076750514272,419559.3299235,25297.8623030088168881020977,61691.636224,3719.7755052345650811194368,32.657446499103,0.03786549542107606,0.04496204485236638,,
2020-02-11,7164,10578,218736,277405,894,132489,259412,50,51242,354674,345038,337495,323622,244148,25022,267777,88698,290000,180484,3293,160469,1972,234765,16491,12,264327,71537,95,1613997236,4297,1077.602513381429,1400474834.5917309023525285714772,0.709201383508,0.611032276693,1977588264.5496952809734546841834,1977609204.7860182408778786,1703846450.0359460644002889743144,2788472090.633609476955050725679,0.18954075,0.012047817335933559270825,0.172257,0.0109492068108620817387,612.216619,38.9144497725941828626329,0,0,0,0,0,0,0.589164393619,23.223519368329,24.116972781962197,20.008872292777,20.77865205653238,0.000006187872540228675,0.0635632038806091,53.85078134124717,68.86356403858562,0.0602962692013582,0.00000610758296511767,0.000269011843034971,0.0552723964324345,0.0602962692013582,0.005255117036,30781569978.402174,18246697307.038041,1535172415.507851,22032791758.298492,25285438867.53005,7189101772.480124,30781569978.402174,30781569978.402174,30781569978.402174,2575912138.248993,14147457956.762579,30781569978.402174,70.817311151,26192760060.659411,31105985357.458611,31112115478.194698,18330174056.36614,30993633329.722824,31111901139.814703,12744678758.546991,30068740765.222904,31112155204.3784,31112155161.800331,31112154569.859731,31112137313.292034,31112051822.014335,31110837998.100893,28544203558.095495,30735761861.57497,31081847324.622535,22305481404.203159,31112012540.777605,31109693378.16591,31057278731.771725,20705073248.060131,27509886283.517249,10202955404.248786,30526559165.832551,13701527718.575044,13778934767.547144,29372436568.994127,22553613146.562373,31112155206.402174,26805547014.846584,3230,0.037384259259,7200,1339683047.730962,85154546.6983189099389054889542,241220.53600889,15332.750110522883990976214899,81060.499825,5152.4650770405532714434075,32.686201864525,0.038055424146197725,0.04544414883399889,,
2020-02-12,9758,10607,218785,277446,897,132537,259446,49,51246,354859,345213,337653,323767,244176,25027,267817,88716,290029,180553,3302,164028,2161,236485,17709,12,264751,74351,107,1613997260,4320,1228.88287037037,1516600576.1246256515288896931608,0.765659496356,0.659699948922,2142665378.827335984515494023098,2142688122.9532058793432478,1846142113.6900137759054106825579,2798457263.3449950655845503501741,0.19210843,0.013230330395136367436599,0.172433,0.0118753016774149330469,812.042314,55.9246052297188111878802,0,0,0,0,0,0,0.589050110719,12.192525748576,25.61806996407433,10.505203229174,22.072787612790385,0.000006647507607955822,0.0688690777137493,67.090195845945,86.55944168709306,0.0635632038806091,0.0000061878725402287,0.000267466135464919,0.0582077703136445,0.0635632038806091,0.005259310847,30781569166.35986,18245364892.394667,1370299777.337937,22021502631.824056,25257863225.019942,7185988641.668757,30781569166.35986,30781569166.35986,30781569166.35986,2620997493.604149,14143349433.275718,30781569166.35986,70.7810277382,26196720497.184027,31105989296.311513,31112114639.748861,18326617990.693741,30993586924.618618,31111900126.397385,12696098167.732566,30068025126.944557,31112154392.334468,31112154349.669285,31112153757.32231,31112136449.554276,31112050983.88247,31110837338.053228,28543544646.730802,30735485282.768017,31081863892.992921,22303054017.293048,31112017465.493935,31109947804.644295,31062552090.697371,20977559248.631993,27691510088.722149,10202955404.248786,30568461375.632029,13851390069.274365,13747736256.985853,29372378459.021746,22544297759.765594,31112154394.35986,26806546202.976703,4227,0.048923611111,9965,2551739896.714541,175735973.2521083362107329385713,326615.8670024,22493.73352713189122665609832,72378.273168,4984.6249195939677448687824,32.758710406201,0.038481663271529666,0.04628469445286787,,
2020-02-13,9488,10601,218609,277225,893,132425,259240,50,51224,354771,345117,337550,323643,243975,25011,267603,88661,289807,180404,3293,163868,2151,236299,17705,12,264543,74296,106,1613997285,4320,1232.55,1515541127.7692127376350066996408,0.764782902758,0.658944664422,2141716649.3709107370016846906074,2141739436.2313352609036118,1845324671.5083664275155575519293,2800424331.7253064972186045201021,0.19234681,0.013240882337028627150273,0.172433,0.0118700438235542209689,767.079082,52.8046390161497033517306,0,0,0,0,0,0,0.589306426873,15.406568237621,25.273684843528034,13.274454620554,21.776061831236376,0.000006725475410565914,0.0688385855581833,68.96390160179789,65.31271570054021,0.0688690777137493,0.00000664750760795584,0.000258275711229295,0.0633733217004046,0.0688690777137493,0.005251617,30781568399.280778,18258015443.853032,1386773005.140514,22015866762.518776,25225175679.907603,7223793132.108691,30781568399.280778,30781568399.280778,30781568399.280778,2662740407.167523,14167979384.823179,30781568399.280778,70.7629147961,26198534576.702279,31105993206.11902,31112113827.339037,18334592086.421021,30993710194.799833,31111899433.633649,12741798175.852652,30069238776.014871,31112153625.253434,31112153582.549748,31112152989.300103,31112135638.726044,31112050227.251773,31110837287.576188,28545731360.834477,30736001243.578345,31081886461.967207,22304946839.911315,31112016763.111421,31109949409.368527,31062557410.322584,20979328082.158547,27695103301.290593,10202955404.248786,30568938388.797918,13872928004.753915,13783903561.534868,29374456300.456242,22553707262.123916,31112153627.280778,26806545435.897621,3988,0.046157407407,9445,2019408420.319581,139013219.3190852599346557771973,250975.91556203,17276.827036460189696485260099,50571.7739475,3481.28938771408395636957675,32.811000370787,0.038472665846838845,0.04240719468208959,,
2020-02-14,8510,10629,218184,276781,898,132028,258786,49,51022,354462,344792,337218,323295,243523,24990,267143,88286,289382,179995,3300,164420,2210,236259,18146,12,264151,74702,111,1613997308,4319,1128.920351933318,1560586332.658220611143862937398,0.786644223257,0.677780596463,2206898660.48522891073397535114,2206922186.384807871685244,1901486143.562852375237720361042,2805459692.2437838654382611179237,0.1945166,0.0137977729854928256524,0.172433,0.012231302568559621162,641.904768,45.532650000922489988352,0,0,0,0,0,0,0.589304523817,17.617746255067,25.742596954726427,15.179627857244,22.1800811632978,0.000006845810056044797,0.070933652888714,77.01004915413891,66.52041436079305,0.0688385855581833,0.00000672547541056595,0.000256917911016206,0.0635472565025218,0.0688385855581833,0.00525101264,30781567757.37601,18258685948.891937,1242160135.385968,22000648057.792607,25204537635.889626,7245407300.85441,30781567757.37601,30781567757.37601,30781567757.37601,2506379940.818428,14097199115.336709,30781567757.37601,70.7140006291,26217081192.25044,31105997167.29083,31112113127.549899,18334532499.984117,30993750458.865162,31111898703.563502,12675834698.002494,30073052470.947646,31112152983.345629,31112152940.617884,31112152346.719256,31112134956.665146,31112049425.156366,31110836705.92019,28560869813.788687,30736239052.894655,31081904839.444755,22309070330.482836,31112016916.589645,31110007491.291329,31063949926.135202,21055847584.671402,27774708207.219901,10202955404.248786,30580276861.623775,13903759427.771659,13743321704.644512,29387187577.806236,22548512948.115931,31112152985.37601,26806544793.992853,3300,0.038194444444,7874,1765955334.748171,125265662.731999498715878042094,254697.33574611,18066.61240549481513398840254,68643.6585705,4869.145450051244848823337,32.839859257104,0.03821168175583309,0.04246317388880102,,
2020-02-15,8294,10643,218233,276851,899,132068,258823,49,51062,354684,345003,337412,323466,243565,25024,267197,88353,289470,180069,3287,160367,1987,234381,16691,12,263768,71547,97,1613997332,4320,1175.181018518519,1413110021.2437425230425459248208,0.713444295326,0.614710798034,1998951162.5036386020093773471532,1998972517.5148944522043944,1722316475.6989484604258470354784,2801832148.0724586659679963676244,0.1943006,0.01248378469144828134984,0.172433,0.0110787946393397730012,713.860397,45.8654244809320847664108,0,0,0,0,0,0,0.589563204187,17.598625625669,23.110663176453993,15.163153274232,19.912380402171657,0.000006482207268384722,0.0642498514747164,60.074309581077635,55.11782495315405,0.070933652888714,0.00000684581005604481,0.000249037991923686,0.0655213326919638,0.070933652888714,0.005253448543,30781567043.515613,18262698949.95928,1258235066.307054,21993981134.724172,25184208467.808426,7266785291.005286,30781567043.515613,30781567043.515613,30781567043.515613,2489570691.18554,14092161685.67781,30781567043.515613,70.6925735731,26212950744.868869,31105998103.263905,31112112350.529075,18342580182.340739,30993696147.736395,31111897612.025991,12675145715.39183,30072719312.529377,31112152269.480216,31112152226.670312,31112151631.75552,31112134203.24783,31112048565.690583,31110835983.081831,28560597314.24842,30736361171.184,31081919392.811762,22294977030.874149,31112009608.077153,31109721486.802603,31057830571.58794,20725489415.961471,27553892632.980139,10202955404.248786,30532501210.308016,13696156896.489456,13741956413.300577,29385911729.05034,22548260025.595066,31112152271.515613,26806544080.132456,3674,0.042523148148,8539,1767873976.825587,113585640.4370601876698630885268,256945.08913866,16508.683814316671053243776024,57591.874538000004,3700.2693852170014449304290988656,32.875828655076,0.03893682528706951,0.04680945329116048,,
2020-02-16,7971,10634,218401,277066,898,132170,259023,49,51116,355023,345330,337733,323771,243763,25069,267404,88363,289695,180224,3283,159426,1931,234070,16447,12,263847,70768,93,1613997358,4320,1145.138657407407,1372374474.4311988607332911241713,0.693944307484,0.597909409777,1943171940.9650047610064809167145,1943192743.1144643889978718,1674256530.0813675305336294063664,2800184279.9305881870726953809772,0.19001794,0.011867952247170703429802,0.172433,0.0107696494859189921989,689.005048,43.0331946958458679261784,0,0,0,0,0,0,0.589419797209,19.94401655696,22.32765744324053,17.183965686515,19.237734699483568,0.000006275795496663839,0.0624570093074933,53.480954393361195,37.98328593555875,0.0642498514747164,0.00000648220726838472,0.000242421307059097,0.0593969404723471,0.0642498514747164,0.005259982151,30781566354.510565,18255705655.054365,1106946075.959434,21973105815.467661,25170136736.857918,7279879185.072686,30781566354.510565,30781566354.510565,30781566354.510565,2479748928.181082,14096490807.922236,30781566354.510565,70.6254781422,26202291401.270887,31105991800.857789,31112111601.652795,18338118076.490747,30993569550.532574,31111896697.102933,12671807553.641019,30072787959.652737,31112151580.471899,31112151537.627649,31112150942.129348,31112133471.127099,31112047776.991878,31110834627.020012,28560324084.52523,30735679374.697571,31081899913.62726,22283092376.478343,31112006784.716704,31109640047.781914,31056082532.749111,20631771685.193049,27509176084.856337,10202955404.248786,30519294104.57419,13630535185.427284,13739923180.856263,29385108857.460951,22544189044.481825,31112151582.510565,26806543391.127408,3626,0.041967592593,8262,1559974215.50741,97431324.097395865377974675353,217149.95995102,13562.537069782653479386978166,44085.9295575,2753.47531270227148070321475,32.909446829323,0.038966061975825195,0.045271548818005304,,
2020-02-17,7924,10631,218316,276991,894,132151,258919,49,51105,355123,345426,337822,323837,243660,25039,267307,88391,289668,180155,3275,157953,1862,233358,16040,12,263646,69682,91,1613997386,4319,1128.485529057652,1316683576.1469455459433390213447,0.667482740684,0.575109855016,1863312590.4602568074728666205773,1863332579.9176428855547058,1605448902.9197643130895004517262,2791551716.4555129244029959818786,0.19825428,0.011873486262358306848444,0.172433,0.0103270449277424423059,704.992214,42.2221168087698666902722,0,0,0,0,0,0,0.589726911491,18.112079597484,21.20899937082178,15.605550280854,18.273887562527076,0.000006185035248757807,0.0598901888138723,45.298834063331995,33.32183181465953,0.0624570093074933,0.00000627579549666383,0.000239180953959078,0.0576621817321863,0.0624570093074933,0.00525098517,30781565649.518351,18269343132.51309,1162721988.57206,21984962849.907789,25172338940.721982,7279777826.143145,30781565649.518351,30781565649.518351,30781565649.518351,2464790111.24578,14097748159.419323,30781565649.518351,70.6635903652,26206767366.675604,31105995095.254817,31112110783.100844,18347672646.848866,30993700419.04651,31111895627.389972,12704198396.017565,30072849063.284506,31112150875.478063,31112150832.601276,31112150235.830695,31112132731.012237,31112046838.177164,31110833893.063542,28559175622.39118,30736142494.989131,31081913785.929874,22288462516.459599,31112004137.112819,31109539262.026561,31053807016.595747,20534995610.832605,27446217733.904609,10202955404.248786,30501755993.565426,13632882611.994776,13773051459.09882,29386434639.098436,22557759094.887526,31112150877.518351,26806542686.135194,3556,0.041157407407,8315,1717756964.906442,102876788.9645910256605212353566,240868.82582244,14425.679457881651489128634412,68563.0632135,4106.25480151397709061663605,32.961689347947,0.03894235402638005,0.046177147498938836,,
2020-02-18,6760,10634,218515,277196,893,132237,259122,49,51124,355383,345681,338068,324069,243875,25059,267503,88414,289870,180303,3283,159964,1949,234415,16555,12,264016,71132,93,1613997412,4320,1071.162731481481,1386346262.1124669557346067444181,0.702602881339,0.605369720218,1962511771.1641979578445902593948,1962532862.3951043117302154,1690919911.3583832317595421886505,2793201996.8704592985479914166228,0.1916508,0.01208906962538808149892,0.172433,0.0108768371575518758967,595.650699,37.5728291904968770863501,0,0,0,0,0,0,0.589569414799,26.628107670447,22.28009603440814,22.94304580657,19.196755181350508,0.000006187027856248996,0.0630786285545799,39.626029182702084,50.198704450435834,0.0598901888138723,0.00000618503524875781,0.000224637431696419,0.0552889619984263,0.0598901888138723,0.005258770636,30781565053.867652,18144929332.205602,1091740263.125761,21978066008.726019,25171862599.118684,7274704494.033923,30781565053.867652,30781565053.867652,30781565053.867652,2168981377.367868,14081263590.498245,30781565053.867652,70.6414240405,26202268128.268991,31105991399.066026,31112110176.201541,18342772234.804084,30993554986.897889,31111895047.138937,12714941271.467625,30072116156.246605,31112150279.826241,31112150236.915791,31112149639.460271,31112132119.424385,31112046161.003953,31110834160.674962,28558670153.669071,30735626883.488825,31081881699.47427,22288172975.414716,31112006252.323543,31109676364.776777,31056804198.7645,20670310216.232771,27526289331.247859,10202955404.248786,30524424052.199341,13675604719.579078,13783896737.280592,29386157106.735197,22551904843.648751,31112150281.867652,26806542090.484495,3108,0.035972222222,7187,1168395090.891035,73700759.9433102179668211011965,193356.48622155,12196.661972987898826498576845,62016.782283,3911.9335737796086408279117,32.97141829626,0.03895934158496851,0.04442607552849808,,
2020-02-19,11019,10631,218548,277246,897,132219,259171,49,51086,350971,341267,333649,319637,243919,25022,267556,88391,289925,180295,3288,156937,1816,233113,15762,10,263747,68797,87,1613997438,4320,1213.24537037037,1274307861.3663190878305336219752,0.646928887983,0.557400445012,1804637763.6938820308653594358764,1804657192.4945362716957812,1554894071.441325760047727674911,2789545802.0457374551573634454403,0.20284661,0.011765971052289390537142,0.172433,0.0100018515786850787326,590.48649,34.250742214069876161678,0,0,0,0,0,0,0.589770453239,33.358681222188,20.448136739558286,28.742175691432,17.61832054499444,0.0000060195375304086325,0.0580042774798622,26.341102570160587,32.08618009689617,0.0630786285545799,0.00000618702785624899,0.000222448578473356,0.0584344230187337,0.0630786285545799,0.005268903607,30781564463.381162,18149129852.482178,1108310358.692665,21969204974.731916,25150356866.229379,7277129131.351642,30781564463.381162,30781564463.381162,30781564463.381162,2174125515.32285,14048903818.654476,30781564463.381162,70.612944437,26209041522.249963,31105990277.955399,31112110653.494087,18349026624.723226,30993517432.438703,31111895530.777016,12700013116.333769,30071665479.451665,31112149689.338292,31112149646.403943,31112149048.254759,31112132609.001787,31112046669.811558,31110834340.80143,28558137460.767626,30735579197.615354,31081844339.198717,22298068448.822155,31112001460.192903,31109454563.50089,31051790007.671507,20450659435.912429,27400560791.198076,9861390183.743624,30486149987.068672,13560858857.366761,13769357800.545822,29361634157.533042,22515549305.072614,31112149691.381162,26806541499.998005,2911,0.03369212963,6560,932655265.481152,54097994.8120232864224736572544,184027.17156169,10674.363123098472753499999118,57617.371659,3342.0540133689842655053898,32.968775909242,0.03947020337563648,0.04742028840960744,,
2020-02-20,6688,10629,218128,276758,895,131887,258654,50,50925,350555,340849,333215,319196,243446,24986,267046,88110,289443,179914,3288,156716,1820,232730,15781,12,263234,68632,88,1613997466,4320,1062.81087962963,1420338150.388888397611044796156,0.683961424856,0.589308048565,1812273632.868041766694618027382,1812293175.8053033974893464,1561473204.8332596596474403465184,2649672287.0750761840404649458323,0.18966308,0.011047819211391932323472,0.172257,0.0100339201171716713988,548.126307,31.9281978587709964114188,0,0,0,0,0,0,0.589789025184,8.247136619177,20.127478329902065,7.105815928616,17.342037936769223,0.000006058823222214595,0.0582497089649284,24.031851134861085,26.866075685090195,0.0580042774798622,0.00000601953753040863,0.000222172775512906,0.0537718757178252,0.0580042774798622,0.005261035495,30782787340.254855,20556561967.863443,3618253356.605991,24383609388.40159,27554066170.73798,9700039577.459369,30782787340.254855,30782787340.254855,30782787340.254855,4443811911.495541,16466211397.46643,30782787340.254855,78.3732723706,26223834681.348851,31106003062.318808,31112110071.149906,18349604114.576838,30993661015.776588,31111894766.314244,12703683680.294127,30074590966.161042,31112149141.211449,31112149098.174607,31112148499.597874,31112132037.553039,31112045966.369155,31110836243.423104,28568127449.616913,30736043245.967888,31081884767.079899,22308191928.468199,31112000756.027613,31109471601.327529,31052106462.906805,20466555838.742473,27418433867.114571,10033133780.552451,30488462250.548658,13564008093.289631,13757406626.40758,29370598142.126967,22521826281.065894,31112149143.254855,26806540883.721976,2890,0.033449074074,6384,3772478931.767551,219745799.8517838292892801583484,957597.86220309,55779.796778767602216768108756,54010.099065,3146.072551703201494631946,33.13578825475,0.03946563145890862,0.04695532962956936,,
2020-02-21,5560,10627,218319,276972,900,132035,258859,50,50986,350838,341125,333482,319459,243650,25015,267258,88175,289682,180082,3295,157227,1844,233057,15892,12,263499,69063,88,1613997495,4320,981.367361111111,1434392848.1989670901321387200935,0.691067131472,0.595430395537,1830831270.4347097681698046776114,1830851039.8365592661271226,1577462648.5201586863327843674065,2649281360.7496606743649591572661,0.18438812,0.010850537495690188161572,0.172257,0.0101366673590202272367,447.694361,26.3451053714282625310391,0,0,0,0,0,0,0.589781228289,25.645946965461,20.510564729625425,22.096806012243,17.672108994160254,0.000006065493058066413,0.0588461854033231,32.29894929200306,29.446752429819824,0.0582497089649284,0.0000060588232222146,0.00022522247059964,0.0540363959462385,0.0582497089649284,0.005262654117,30782786892.560494,20554473194.074129,3491625080.246428,24375290231.097385,27547925759.830365,9686869388.054293,30782786892.560494,30782786892.560494,30782786892.560494,4397374676.526322,16414138997.126951,30782786892.560494,78.3465342417,26217575157.527196,31105999805.57365,31112109568.441781,18349361272.366365,30993651942.566193,31111894096.487489,12695920853.438403,30073731808.309461,31112148693.51641,31112148650.428573,31112148051.550134,31112131575.220595,31112045445.038873,31110835626.86963,28565806488.89911,30735460846.68728,31081867197.748269,22306661133.953436,31112001138.156354,31109492147.882888,31052681906.51207,20496181537.534277,27430898400.326273,10033133780.552451,30494054507.361961,13551007282.068056,13744037805.921922,29368159161.078588,22516538303.299435,31112148695.560494,26806540436.027615,2428,0.028101851852,5584,1213140958.97731,71388717.792343967374051498861,250181.68530082,14722.237837727887250451154942,68587.1865485,4036.09429592533917151932035,33.147328306253,0.03944995490405596,0.04683466912324341,,
2020-02-22,4969,10624,218450,277089,896,132083,259011,50,51012,351104,341384,333738,319611,243803,25028,267407,88185,289783,180190,3291,156968,1822,233082,15789,12,263597,68746,87,1613997535,4320,905.958333333333,1419507654.740872705684615074542,0.685884654743,0.590965120151,1812641457.1285246771606018593674,1812661054.5277133688389138,1561790118.9307087599376590900237,2642778847.1351871889334923483919,0.19176162,0.011172325974030876842886,0.172257,0.0100359569099835345171,418.999136,24.4115320376897933720608,0,0,0,0,0,0,0.58959618422,37.552298724099,20.32309453031543,32.355438445803,17.51058274581371,0.000006021708874826732,0.0582615331161203,27.567620552565963,35.28447145807311,0.0588461854033231,0.00000606549305806641,0.000221301633131455,0.0542892363926707,0.0588461854033231,0.005268319506,30782786473.561358,20575620345.018148,933520781.099424,24364406132.45914,27554362660.022222,9596253883.917771,30782786473.561358,30782786473.561358,30782786473.561358,4319462023.423733,16426462170.204609,30782786473.561358,78.3115518603,26213667605.111811,31105994121.384802,31112109176.400377,18343603906.749162,30993506753.082953,31111893928.832313,12698561048.619853,30073599283.95238,31112148274.516786,31112148231.408249,31112147628.468658,31112131146.390842,31112045244.736362,31110835458.93838,28564925003.332243,30735088312.098243,31081847712.0532,22303264424.916762,31112000064.574499,31109470335.17282,31052042304.064602,20460418450.04153,27410948635.034193,10033133780.552451,30487997487.432216,13535106420.638829,13746972874.470972,29368291267.652426,22519804148.79725,31112148276.561358,26806540017.028479,2185,0.025289351852,4889,828501831.676032,48269786.9029594649218263386496,212599.02408707,12386.345082303686135007794521,60673.495047,3534.9308409515514979061541,33.151443805454,0.03945813253414582,0.04547097521384919,,
2020-02-23,5851,10622,218654,277301,895,132226,259222,50,51062,351445,341718,334060,319896,243992,25026,267627,88311,290007,180378,3295,159096,1914,234161,16308,13,264027,70382,95,1613997577,4320,1003.476157407407,1504395525.9795268210916903338715,0.726343089682,0.625824513221,1920426784.6205966159602324026325,1920447577.5635249228725546,1654659037.4914552222890764005596,2643966483.4715506372313691132851,0.18580504,0.011468992046990686712104,0.172257,0.0106327264483163358807,489.596283,30.2207942043079216250733,0,0,0,0,0,0,0.589355079445,25.892804166398,21.554508182248963,22.309500556352,18.571581092318436,0.000006189403618122662,0.0617259469764151,27.57519011569875,37.71961473668618,0.0582615331161203,0.00000602170887482673,0.000222573279922201,0.0537731679069483,0.0582615331161203,0.005272634958,30787035278.965075,20567282313.168647,824951046.614663,24372174096.483965,27551123030.832629,9603480862.982473,30787035278.965075,30787035278.965075,30787035278.965075,4267863275.763091,16415288184.540111,30787035278.965075,78.3365207165,26208825491.338481,31105994379.953824,31112108651.008671,18336102330.702053,30993426033.625832,31111893382.942431,12701442647.040404,30072240587.490776,31112147784.919297,31112147741.748306,31112147136.930793,31112130629.213867,31112044778.453459,31110833437.17037,28560335978.811686,30734929787.788242,31081837163.894573,22300968216.241509,31112003179.713472,31109616408.433728,31055279709.447407,20607266127.088301,27493125471.592476,10202955473.398508,30513242476.94163,13672108718.831704,13750214758.812616,29366282431.238317,22516588818.289998,31112147786.965075,26806539527.432196,2635,0.030497685185,5932,1201575062.593657,74168358.6018387268244138590207,242869.17574009,14991.329863938435892317551359,59365.263926,3664.3771333371641088316826,33.182931230921,0.0396851314755893,0.045988506730982044,,
2020-02-24,5770,10630,218700,277356,894,132287,259265,50,51080,351538,341808,334143,319976,244040,25037,267671,88365,290065,180420,3299,157561,1837,233464,15915,12,263901,69218,88,1613997604,4320,976.825231481481,1434958061.44160201105793069717,0.693012450216,0.597106497498,1831647601.54483608222744129393,1831667460.880840543959185,1578165996.3944068635690350519275,2643022648.4004331135555555526309,0.18563041,0.010928512641007713341975,0.172257,0.0101411875457370679575,469.273687,27.6272805758054245283825,0,0,0,0,0,0,0.588944623231,32.036268631602,20.585369494976007,27.602771277133,17.736561406673292,0.000006102029254439676,0.0588724263497975,39.51286843236716,36.221525773320955,0.0617259469764151,0.00000618940361812266,0.000224474602105553,0.0569619429951061,0.0617259469764151,0.005272612031,30787034809.691388,20576660518.509912,1040114422.489289,24374026185.291372,27548299197.36243,9601906716.30735,30787034809.691388,30787034809.691388,30787034809.691388,4258744389.493451,16402732147.153562,30787034809.691388,78.3424748424,26205900444.935244,31105993333.182186,31112108161.783896,18323331879.917974,30993462335.020529,31111892815.417979,12690586509.298226,30071694941.678641,31112147315.644712,31112147272.432952,31112146667.497435,31112130149.269665,31112044213.363743,31110833358.78109,28559230783.372423,30734924911.658925,31081831899.637909,22296932708.288298,31111999793.913578,31109492164.530727,31052653938.922347,20471212089.66652,27424489021.717648,10033133780.552451,30493099598.43134,13544319440.792701,13738416718.953385,29365575475.402781,22509712829.876417,31112147317.691388,26806539058.158509,2528,0.029259259259,5668,971153902.954876,57174186.62602932601803423761,199720.63638878,11758.03845633313708748427205,52950.1939155,3117.30639149776945915711125,33.180872337592,0.03939543476241808,0.04641583492780171,,
2020-02-25,6122,10625,218769,277489,893,132304,259385,50,51072,351758,342025,334356,320181,244159,25042,267795,88364,290224,180447,3291,156226,1780,232920,15566,11,263898,68115,85,1613997631,4320,1068.02662037037,1377765956.7901489662167254395967,0.66576303197,0.573628122752,1758807988.0727505948062369890657,1758827094.0872422964036702,1515406647.7569154246870538308934,2641792805.5681487064140959241777,0.19676779,0.011123525627522096226023,0.172433,0.0097478499633020100421,644.414527,36.4295472639705402065099,0,0,0,0,0,0,0.589162566993,29.22206806671,19.937540841510366,25.178027681135,17.17838566576949,0.000006049817536677066,0.0565312322078837,30.057775594980043,27.216593096931597,0.0588724263497975,0.00000610202925443968,0.000222691898186719,0.0543374944109851,0.0588724263497975,0.005274865033,30787034165.276861,20561915978.696584,1033060047.002611,24371765889.051491,27541940893.264396,9603226287.839071,30787034165.276861,30787034165.276861,30787034165.276861,4230458686.778334,16381447673.916311,30787034165.276861,78.335211469,26205930209.961364,31105982621.890802,31112107444.07375,18330112198.68612,30993384998.986486,31111892054.498378,12697676791.493815,30071348277.359223,31112146671.229392,31112146627.999624,31112146022.566754,31112129483.027064,31112043482.840056,31110832291.417249,28560259770.668979,30734768302.567622,31081796350.75185,22292332997.400072,31111996906.641178,31109376742.537072,31050248037.0698,20378938756.585537,27364936064.773179,9861390252.893346,30473883595.145552,13502642042.816722,13748747644.698155,29367176481.996418,22514637540.745318,31112146673.276861,26806538413.743982,3275,0.037905092593,7198,1064679837.246718,60187663.1064460403788215506966,174498.93569896,9864.639854026474317881890952,81592.757095,4612.5390978188952781098515,33.194539286733,0.0394501785956359,0.04719918547328525,,
2020-02-26,8699,10655,218779,277488,900,132314,259374,49,51138,351885,342141,334462,320275,244132,25075,267785,88393,290245,180491,3302,149667,1484,229151,14041,10,262106,63263,74,1613997656,4320,1189.184490740741,1206826439.8201485627077781835693,0.584905003251,0.504148029134,1540977489.0810901728053875826449,1540994266.0250850491549198,1328216992.0625569504639470651851,2634577376.6945152406441355014694,0.19657743,0.009736435257635178151059,0.172433,0.0085405671484249574029,751.712088,37.2321282112283068823544,0,0,0,0,0,0,0.589035080499,13.143398581387,17.45098425827787,11.328708857167,15.041552510856402,0.000005629093870123415,0.0495297718442813,15.921606990033387,3.5061391252612744,0.0565312322078837,0.00000604981753667707,0.000227455880361658,0.0520142933203105,0.0565312322078837,0.005281130198,30787033413.564773,20568751743.050332,1309619326.935442,24365677346.835761,27526985589.346212,9297937561.947857,30787033413.564773,30787033413.564773,30787033413.564773,4415134047.914035,16377777479.214855,30787033413.564773,78.3156436983,26204107264.848176,31105987575.895068,31112106606.962429,18326145377.406555,30993329488.711916,31111891142.404345,12641256388.067289,30071980679.819396,31112145919.515216,31112145876.216149,31112145270.190939,31112128684.671245,31112042605.778221,31110830658.846107,28558625317.180792,30734807609.971033,31081818403.500943,22285344401.802019,31111961563.285771,31108648775.374042,31037560215.584993,19792404008.867129,27063760907.197452,9661390251.893346,30379753696.526108,13272797612.24114,13724074940.062116,29364944291.688466,22498296462.43521,31112145921.564773,26816537662.204327,3824,0.044259259259,9223,2367130976.734205,117243457.2031759198244793518665,324112.26527172,16053.206550841469045672614836,80599.0919285,3992.05463407485948571348705,33.275513355416,0.04068530495420627,0.05202685057257003,,
2020-02-27,6784,10629,218805,277564,898,132292,259427,49,51101,352064,342315,334633,320417,244173,25059,267854,88370,290333,180503,3282,149845,1487,229268,14062,10,262175,63389,74,1613997681,4320,1054.493518518519,1211129273.6502333348110679550656,0.587512809002,0.506395777384,1546984205.8411136432448208849488,1547001078.5921516781633504,1333394366.0693702909773767596784,2633107197.2179096857355289184014,0.20118317,0.010003398459679169518608,0.172433,0.0085738583729337709392,611.596836,30.4103312776464037856064,0,0,0,0,0,0,0.589647056416,17.293916482724,18.081945680629662,14.90617080528,15.585397967922296,0.000005663819621670006,0.0497228394387024,15.967061275225893,-5.903956546836974,0.0495297718442813,0.00000562909387012342,0.000219443211874735,0.0455874812888292,0.0495297718442813,0.005279140459,30787032801.967937,20560071442.058587,1325935088.71783,24357604821.488444,27523008017.085135,9276028032.429516,30787032801.967937,30787032801.967937,30787032801.967937,4400221075.321553,16270527134.554219,30787032801.967937,78.2896986975,26202588937.901194,31105982876.784267,31112105935.684488,18345184900.814244,30993270716.753831,31111890138.619267,12640954759.780731,30071651268.104311,31112145307.917189,31112145264.586148,31112144656.71594,31112128040.271787,31112041901.67378,31110828905.721678,28559255239.713491,30734708127.891014,31081801218.917107,22283866094.565981,31111960919.290418,31108662554.14167,31037901416.094324,19822329938.486954,27071954486.807732,9661390252.893346,30382716087.395292,13274877865.75228,13727929325.353027,29367420751.708777,22517793217.033784,31112145309.967937,26816537050.607491,3040,0.035185185185,7277,1799022525.69844,89452508.191912394349127304256,316160.99912692,15720.422596367572829257708608,78665.7097185,3911.4824536645464727092744,33.301843642054,0.04068564968815157,0.04863182508663804,,
2020-02-28,6487,10640,218777,277536,898,132248,259402,49,51070,352116,342362,334680,320452,244132,25031,267825,88308,290319,180484,3288,149254,1454,228994,13934,10,262104,62952,76,1613997706,4320,1025.606944444444,1197352328.350739283932140056405,0.579794109244,0.499787441886,1529549096.8950728786586630201705,1529565807.714985818616461,1318484300.1805816632412145330985,2638090095.2741207334466861444521,0.19672449,0.009671456872309119098715,0.172257,0.0084685752467999887995,574.238774,28.230982005080623669509,0,0,0,0,0,0,0.589753027567,13.34349151619,17.701304999252727,11.502202910258,15.258675109939155,0.0000056181840765549405,0.0491624447587035,15.340286997761492,-8.508988975223035,0.0497228394387024,0.00000566381962167,0.000219624894818437,0.0452539681271366,0.0497228394387024,0.005279811371,30787032227.729163,20572560713.742386,1889950830.89614,24355020061.09583,27501765888.715469,9908817153.66102,30787032227.729163,30787032227.729163,30787032227.729163,2780174801.360982,14680975114.74862,30787032227.729163,78.2813922601,26210240121.494055,31105985422.257558,31112105305.157701,18348481552.007,30993232849.78019,31111889588.846728,12615119222.910551,30072002684.343033,31112144733.676133,31112144690.329867,31112144082.021336,31112127433.347893,31112041261.904399,31110827547.288113,28559622511.14505,30734537574.282912,31081810421.923655,22292885243.075005,31111959420.655548,31108614200.150041,31036761689.802433,19758821082.876662,27050197342.865096,9635575654.709092,30374843770.905302,13294369031.846208,13715540539.409834,29369889782.310335,22521995122.006686,31112144735.729163,26818932757.552971,2919,0.033784722222,6680,2331634467.483983,114628850.7051703663351860960405,392994.56652771,19320.573667389170428796423985,105257.889964,5174.735200772841534301674,33.354153471881,0.040690314671001954,0.048528204946615125,,
2020-02-29,5540,10641,218802,277561,895,132263,259412,49,51104,352194,342436,334750,320514,244141,25035,267835,88373,290352,180540,3290,147804,1371,228338,13640,10,261878,61890,73,1613997733,4320,962.396759259259,1156813726.0230768063116183293244,0.561005040293,0.483591103813,1477031453.6838924728023894335568,1477047613.7372343880838264,1273213642.930917871152036407944,2632830986.533806280374663238675,0.19492611,0.009254006837014146627324,0.172433,0.0081861591601395028372,484.586311,23.0054610699277976098124,0,0,0,0,0,0,0.589599594438,18.925829641837,17.034790406536718,16.314225701608,14.684133838840397,0.0000055318031877092045,0.0474744344768084,10.488639062174274,-15.479062569883826,0.0491624447587035,0.00000561818407655494,0.000214989296059252,0.0445587790447913,0.0491624447587035,0.005281133538,30787031743.142852,20596691431.929498,1829767517.63563,24367088071.121491,27493649373.008777,9942292155.940925,30787031743.142852,30787031743.142852,30787031743.142852,2807113933.398683,14630811002.854474,30787031743.142852,78.3201822235,26208524522.796159,31105988250.955582,31112104793.619978,18343707632.566484,30993194474.21807,31111888982.186163,12613806418.99374,30071788353.433946,31112144249.089029,31112144205.723282,31112143596.953553,31112126929.664767,31112040670.768778,31110826654.736087,28558275138.692069,30734751373.988519,31081835312.720022,22296301249.852589,31111953914.239113,31108475589.670789,31033690802.56455,19587698507.471021,26987223623.101783,9635575654.709092,30351928959.67014,13230854035.807064,13714035853.973921,29368426773.441602,22523531371.828182,31112144251.142852,26818932272.96666,2486,0.028773148148,5765,1643898568.249142,78043154.8648630335247921983928,338253.58540654,16058.397676928297250315686936,75609.002526,3589.4946362774278040180184,33.391585260392,0.040750784130947015,0.048020645098884464,,
2020-03-01,5305,10636,218716,277473,893,132205,259324,49,51127,352158,342391,334701,320464,244062,25077,267746,88354,290275,180466,3294,146488,1336,227572,13371,10,261654,60998,68,1613997758,4320,952.456481481481,1117233514.0434979166349034024731,0.542120514991,0.46731248166,1426057260.5693599068238379181711,1426072884.7145053090211946,1229273453.0377513643712685955919,2630517055.0357477881119862512162,0.19705831,0.009032371274622540754881,0.172433,0.0079036447435126616583,475.501691,21.7951113800927426793741,0,0,0,0,0,0,0.589150888318,17.681367183698,16.70861513513864,15.241488468461,14.40296795266849,0.000005366102398340458,0.0458360333782551,8.237170572349218,-15.035031098181403,0.0474744344768084,0.00000553180318770921,0.000215692592602736,0.0430693856489252,0.0474744344768084,0.005279653415,30787031267.641161,20611563377.029758,934813605.740096,24374568035.233181,27496468298.516216,9855753691.983002,30787031267.641161,30787031267.641161,30787031267.641161,2795963924.2456,14562778832.19737,30787031267.641161,78.3442253642,26203670164.352881,31105985764.63403,31112104272.115557,18329747142.896326,30993246003.915837,31111888536.687514,12615759625.130775,30072978332.945126,31112143773.584569,31112143730.215332,31112143121.552453,31112126431.658691,31112040149.169049,31110826490.967885,28560841315.174306,30735027634.65882,31081840655.480869,22296597353.348546,31111950521.344261,31108327827.561043,31031041334.116042,19505073609.250588,26925926561.930487,9635575654.709092,30333412426.455564,13123836280.344606,13713279883.198693,29367790457.670389,22519995607.797654,31112143775.641161,26818931797.464969,2413,0.027928240741,5492,1759600570.046721,80653110.4610582048808724565271,412228.59892969,18894.923820012605430779783919,62423.129766,2861.2286595295254699513066,33.444808935658,0.040788274710620076,0.04789925277269203,,
2020-03-02,4516,10649,218781,277544,894,132247,259394,49,51138,352336,342569,334881,320630,244147,25080,267811,88387,290356,180521,3300,149226,1452,228986,13937,10,262083,62982,75,1613997786,4320,891.619675925926,1196509829.8641715008156834925276,0.580728034343,0.500592489674,1527454708.5704563053134408930421,1527471464.5703674858862678,1316678910.2814265103333613373365,2630241039.2485537056908136315852,0.20550779,0.010089431575252773899347,0.172433,0.0084656204750951852569,426.223164,20.9254814572515299354652,0,0,0,0,0,0,0.588881714111,34.514104835449,18.19942168169719,29.751451017889,15.688055804964575,0.000005512457413237054,0.0490951295581193,17.551805908284262,-12.54712174270705,0.0458360333782551,0.00000536610239834047,0.000209657232818918,0.0414828125299973,0.0458360333782551,0.005282977447,30787030841.417997,20596905168.305969,1104325722.982025,24371253129.044732,27488015738.788865,9059278253.082115,30787030841.417997,30787030841.417997,30787030841.417997,2834070590.509525,14509387341.92747,30787030841.417997,78.3335717354,26203761574.180349,31105982355.991399,31112103778.068,18321372305.284829,30993207152.286646,31111888172.268199,12611496693.077217,30072377522.478746,31112143347.361016,31112143304.002464,31112142694.585643,31112125958.701777,31112039619.392143,31110827224.085035,28559777434.682853,30734986906.56758,31081834026.069083,22293479367.30912,31111957683.834788,31108608993.07786,31036675750.02255,19737620616.687985,27042154772.10165,9635575654.709092,30374511597.630293,13263523775.825203,13704889218.775422,29367760109.534656,22513099538.418166,31112143349.417997,26818931371.241805,2074,0.02400462963,4544,901432718.529136,44255956.1041156200411224139248,228244.31644879,11205.684286957725069287160647,62703.436125,3078.4333202961330026797125,33.456638923072,0.04105999561276438,0.049114037627943384,,
2020-03-03,5849,10654,218974,277833,893,132384,259663,49,51215,352691,342920,335228,320971,244411,25104,268091,88484,290650,180690,3293,149088,1437,229037,13891,10,262325,62825,74,1613997812,4320,1005.735185185185,1187874938.317561826443310509118,0.577273331526,0.497612742391,1517051327.9578647229864904481168,1517067998.9956459547739448,1307706471.8319059774311980069072,2627960179.5338493650651805119033,0.19776824,0.009643327157423409986912,0.172257,0.0083993800326902051316,598.051161,29.1614214820332127709268,0,0,0,0,0,0,0.588419208442,17.342451078427,18.168058390147532,14.949286879578,15.6609648596384,0.0000055607025123959775,0.0487607472131188,21.600941113152317,-12.624286016185172,0.0490951295581193,0.00000551245741323706,0.000212353831523607,0.0441146309284672,0.0490951295581193,0.005288734855,30787030243.366836,20576435985.300823,1087172711.587844,24361294816.211735,27485632239.715225,9028708616.773133,30787030243.366836,30787030243.366836,30787030243.366836,2900349096.126158,14432804983.762362,30787030243.366836,78.3015654399,26196270357.844005,31105968380.111118,31112103141.612428,18306982410.680661,30993109598.188798,31111887248.071565,12613230512.427388,30071594335.409452,31112142749.309219,31112142705.924301,31112142096.277482,31112125333.625073,31112038935.787723,31110826250.239369,28555536896.620712,30734617484.531598,31081813279.150928,22277753346.971678,31111956248.131472,31108567589.503193,31036032067.05093,19696589059.151826,27024398456.158778,9635575654.709092,30369018615.356164,13243980693.707033,13705718529.847147,29364804662.822473,22506923950.841916,31112142751.366836,26818835776.168644,3024,0.035,6721,1793987632.467275,87476177.45019827350069168727,296076.05392178,14436.889621137645690205047464,69736.182355,3400.388359420110685078774,33.47658567127,0.04103131746382021,0.04911522082861359,,
2020-03-04,5426,10666,219042,277847,891,132458,259677,49,51236,352818,343040,335339,321058,244421,25124,268109,88533,290678,180768,3290,149317,1447,229183,13912,10,262364,62986,76,1613997832,4320,980.071296296296,1191839390.145598899856725499728,0.579639047399,0.499652000916,1522451734.265774769588156135344,1522468491.037684606397984,1312361647.714878946811818713776,2626551370.3712029517286238585633,0.19884125,0.00973016270760836374,0.172433,0.008437892772053248432,539.257475,26.3882015077055164324,0,0,0,0,0,0,0.588276824621,23.441568052612,18.3150402517873,20.206758731424,15.787663977664037,0.000005588426389559203,0.048934326793904,14.632268493714298,-13.96222875675881,0.0487607472131188,0.00000556070251239598,0.000217406683910493,0.0437044423447896,0.0487607472131188,0.005288610212,30787029704.109361,20570359565.403738,1017839226.850601,24355896325.400607,27464952593.713989,8999746353.289181,30787029704.109361,30787029704.109361,30787029704.109361,2876459271.205232,14393900811.209002,30787029704.109361,78.2842150802,26197166652.783731,31105977845.1556,31112102533.713399,18302552227.692347,30993124478.561697,31111886520.158677,12610373409.645321,30071066211.706358,31112142210.049109,31112142166.612856,31112141555.852072,31112124756.525883,31112038369.992498,31110825478.251548,28555273312.626761,30734503381.032221,31081830640.62541,22270796267.879745,31111956072.185924,31108592227.495728,31036363218.961871,19716611890.048784,27026289059.304208,9635575654.709092,30371363209.227255,13285290780.682823,13710523855.974866,29363969142.04675,22504538766.745285,31112142212.109361,26818835236.911169,2712,0.031388888889,5890,1327221034.97009,64946667.85296987285623433136,283870.93241429,13891.03297405110264597448816,86823.6074125,4248.6547785489006942134,33.486711292354,0.04103130494366968,0.04894130629708276,,
2020-03-05,5798,10667,219117,277922,891,132486,259747,49,51214,352957,343171,335468,321175,244497,25126,268181,88530,290765,180822,3296,152968,1595,231595,14805,11,263316,65551,78,1613997861,4320,985.077083333333,1239076318.2806897015459323283501,0.602459144186,0.519323046636,1583039752.9906251142524131967221,1583057203.5187598712433342,1364588844.5743910155879776935237,2627630053.0359684794333351380031,0.1967361,0.01001027413402767851397,0.172257,0.0087647350511939893989,528.629888,26.8976059519343358018176,0,0,0,0,0,0,0.588027150032,19.764960442308,19.068923090446138,17.037502995155,16.437515026461828,0.0000056144645491255585,0.0508817351468677,19.805107105953425,-8.79622331610779,0.048934326793904,0.00000558842638955921,0.000218304756230346,0.0440129599026638,0.048934326793904,0.005291117152,30787449066.479473,20568554865.726437,1006973178.214327,24352084587.999113,27458455400.214487,7504850053.594674,30787449066.479473,30787449066.479473,30787449066.479473,2660430519.464904,14358246519.185633,30787449066.479473,78.2719648031,26197010547.995471,31105977846.056801,31112101973.637037,18294784005.528699,30993074214.895415,31111885975.11241,12611155043.63188,30070377678.33221,31112141681.41674,31112141637.974326,31112141026.513194,31112124211.066043,31112037784.571159,31110825308.054826,28556429391.547531,30734202010.340485,31081815392.03009,22274302974.728123,31111973094.745816,31109058843.589779,31043563850.177409,20005883381.0292,27204922812.250184,9835575655.709092,30422564290.502118,13327208922.877153,13712615569.341629,29365293428.996492,22503275804.766119,31112141683.479473,26818834708.281281,2687,0.031099537037,6073,1574105942.397031,80093241.6541563154449694297987,287994.67017089,14653.668531344744514407221253,56959.244322,2898.1851837577318773101994,33.509356754735,0.04104085166666636,0.04950951802290754,,
2020-03-06,5189,10679,219161,277966,890,132529,259792,49,51234,353082,343297,335588,321287,244537,25113,268219,88570,290829,180861,3299,153468,1616,231872,14908,11,263429,65957,79,1613997889,4320,959.587962962963,1255823606.7575655832086588065943,0.61073569971,0.526457480976,1604935846.7811883621049134047858,1604953564.7031185649622182,1383463392.4719182886414299032194,2627872985.8832201566024759919608,0.20235539,0.010438607144773447722963,0.172257,0.0088859661753375572769,504.471999,26.0234482170183041574783,0,0,0,0,0,0,0.587807107831,18.428065695864,19.31620200896102,15.885092438696,16.65067075084993,0.000005639557886731052,0.0515855156849217,21.2617404531419,-13.136828200232614,0.0508817351468677,0.00000561446454912555,0.00022334809616942,0.0454067880704068,0.0508817351468677,0.005292130368,30787448562.007474,20564448443.309051,991302328.39201,24344500390.923479,27453940226.698294,7476568652.548119,30787448562.007474,30787448562.007474,30787448562.007474,2586945467.075239,14297821218.336355,30787448562.007474,78.2475891031,26198289008.812383,31105977097.555035,31112101402.947911,18287937724.849823,30993067053.31439,31111885596.831043,12608284945.119242,30070069879.69181,31112141176.943942,31112141133.473643,31112140521.390644,31112123679.89991,31112037176.381372,31110824379.762599,28554190866.137567,30734247369.498412,31081809297.603184,22273117939.785034,31111973982.793992,31109103506.799684,31044454707.862551,20041327926.726418,27223675552.525332,9835575655.709092,30429897182.943555,13350934110.820132,13717474286.386068,29364897636.583049,22500225316.92276,31112141179.007474,26818834203.809282,2493,0.028854166667,5653,1688302054.728926,87091932.1251045465453190350942,361074.58991038,18626.218921248578093920317246,82764.711608,4269.4603288125050945610936,33.542406480247,0.04104296793171852,0.048061947943862066,,
2020-03-07,4892,10680,219270,278058,888,132618,259885,50,51295,353238,343448,335738,321435,244629,25140,268308,88657,290935,180953,3297,149515,1444,229414,13941,10,262558,63109,77,1613997912,4320,931.03287037037,1192895733.7020753493755008428932,0.580615736083,0.50049390799,1524207323.6120485190489851742976,1524224173.2566201143361628,1313874965.098545031528426919952,2625156758.4008718750468433350937,0.19679808,0.009641286904582059260544,0.172257,0.0084390008191268521626,468.182642,22.9366220202312462113556,0,0,0,0,0,0,0.587569477328,33.711389875596,18.4345520343625,29.059400588142,15.890683659331476,0.00000550562676511585,0.0489907569453018,16.175978351750654,-18.109207471377662,0.0515855156849217,0.00000563955788673105,0.000211130298603027,0.0457336096312279,0.0515855156849217,0.005294332089,30787448093.824832,20575894986.784787,949930953.050616,24349404011.739274,27446871085.643871,7446242201.254058,30787448093.824832,30787448093.824832,30787448093.824832,1762266954.389997,14293592202.898576,30787448093.824832,78.2633513973,26191250286.128453,31105980664.747757,31112100884.800219,18280544256.027769,30993049323.617682,31111885146.667708,12640732679.829749,30069776529.267265,31112140708.759106,31112140665.284179,31112140053.18633,31112123188.978991,31112036649.639449,31110823923.249892,28551755729.203406,30734254133.308718,31081805438.544255,22263351065.68741,31111954335.200798,31108594700.996784,31036371093.303078,19693791885.658728,27023681528.462545,9635575654.709092,30371473698.399703,13311311643.345669,13718577907.921097,29362084642.947847,22494128665.163258,31112140710.824832,26818833735.62664,2379,0.027534722222,5245,922897003.820878,45213422.7997359007302508509804,202768.60281721,9933.787336756372937353683978,44344.611698,2172.4760935305049464204564,33.533636837889,0.04122389305214595,0.04875305529423432,,
2020-03-08,5897,10678,219239,278050,890,132605,259876,50,51246,353305,343514,335804,321498,244623,25117,268289,88623,290938,180938,3301,144822,1244,226944,12988,10,261896,59698,67,1613997936,4320,994.255555555556,1053295018.2704317249858387526697,0.514020020287,0.443088039218,1346389500.2105966574115626124944,1346404406.9666003203738694,1160595035.4599176019949259095456,2619332802.3676777408113576516685,0.19850035,0.008590176871610712370115,0.172257,0.0074544860871683424273,527.613936,22.8326903714109048843504,0,0,0,0,0,0,0.587870368194,13.818416788873,16.153046735810303,11.911550053364,13.924013701979343,0.000005336304667880799,0.0432753739306289,-6.9549753795917715,-27.70091332412363,0.0489907569453018,0.00000550562676511585,0.000205791763752161,0.043479848043927,0.0489907569453018,0.005293464281,30787447566.210896,20577569145.544974,907644812.718656,24339362612.068473,27428388017.108413,7282299310.983293,30787447566.210896,30787447566.210896,30787447566.210896,1778247137.026798,14309489700.950844,30787447566.210896,78.2310778646,26195335960.09139,31105975917.745779,31112100308.536007,18289905304.813644,30993054674.325811,31111884601.655744,12637035389.968753,30069273641.423221,31112140181.14578,31112140137.67425,31112139525.472662,31112122627.432233,31112035993.218806,31110823802.533472,28552545894.398259,30734111524.611179,31081815403.099591,22268602247.869781,31111939615.356436,31108059797.041609,31026230638.561874,19263427724.98192,26821738817.378918,9635575654.709092,30298148199.627697,13095040789.193059,13715166291.604749,29364403021.895097,22496705853.313388,31112140183.210896,26818833208.012704,2658,0.030763888889,6183,2251498175.121173,97434425.4324973518375535956997,463465.08525222,20056.624868080622054739721158,101836.787681,4407.0250667893377121025809,33.576159468461,0.04224185449484606,0.05322044405496145,,
2020-03-09,7130,10669,219175,277927,887,132567,259767,50,51228,353243,343448,335731,321414,244519,25109,268160,88596,290819,180883,3299,143150,1197,225639,12692,9,261487,58499,64,1613997963,4320,1086.437268518519,1002133949.9482593501451454796535,0.492063474136,0.424161376239,1282858571.1752968811663902198059,1282872800.4980565827718686,1105831027.2379323318331405745787,2607099771.8911273383811156657996,0.19985971,0.008240890716112993150511,0.172433,0.0071099948501451930853,629.558097,25.9588061887063841171877,0,0,0,0,0,0,0.587612458094,13.728709284579,15.269920534441482,11.834221660856,13.162754094531934,0.000005221804035944072,0.0412333767326741,-8.942372660399396,-31.501071894992354,0.0432753739306289,0.0000053363046678808,0.000213425246517605,0.0380484671361762,0.0432753739306289,0.005291347101,30787446936.652799,20594153620.95852,1159640958.548324,24303950570.076635,27424110492.105247,7272380540.043764,30787446936.652799,30787446936.652799,30787446936.652799,1784223869.827824,14306844241.662413,30787446936.652799,78.1172587895,26194120028.376633,31105984246.362365,31112099659.375913,18281880799.682672,30993096949.561431,31111884398.481651,12635407117.702929,30069432683.904027,31112139551.588336,31112139508.076422,31112138895.361861,31112121982.487042,31112035328.627162,31110824362.073224,28552564767.792834,30734219843.627471,31081825467.557772,22268482007.768393,31111932209.515352,31107774359.606434,31022398692.447425,19153549354.189792,26752984854.962609,9394109836.223346,30270332529.712987,13028898668.982007,13720983576.71003,29364931904.193788,22497598782.589673,31112139553.652799,26818832578.454607,3150,0.036458333333,7610,2266210093.661175,93443494.5473198861609170980675,349424.24906097,14407.941701062720133642039877,98527.824467,4062.6349048985957083172047,33.60824959755,0.04231686824505766,0.05355617729776992,,
2020-03-10,6508,10682,219335,278099,887,132646,259924,50,51252,353490,343691,335971,321647,244671,25143,268326,88638,290999,181009,3302,143424,1197,225860,12750,10,261656,58630,65,1613997985,4320,1047.437962962963,1011065525.1150772091083657964144,0.495664584134,0.427265551184,1289462629.2755297366134571341728,1289476957.3441342746005792,1111523757.5231360022667290397344,2601482273.5970703301106653354758,0.19829825,0.0082185986418651674284,0.172257,0.0071393022694439721264,615.121185,25.494093546581941085112,0,0,0,0,0,0,0.587449564485,17.651397237678,15.305051242461944,15.215599845791,13.193036913108063,0.00000523969933529917,0.0414456438312752,-12.598586468644623,-32.97515637092726,0.0412333767326741,0.00000522180403594407,0.000206011241087093,0.0361007704887256,0.0412333767326741,0.005297971592,30787446321.531614,20686626422.168698,1405119053.491592,24394976930.051197,27365617114.125217,7349311378.308252,30787446321.531614,30787446321.531614,30787446321.531614,2012411263.684283,14393049801.187044,30787446321.531614,78.4098353966,26189247244.911126,31105986313.286495,31112099003.405552,18276812469.640876,30992986822.704999,31111883511.795646,12630663839.333104,30068834049.039666,31112138936.466087,31112138892.938398,31112138279.884535,31112121331.538174,31112034634.463815,31110823166.244805,28552971129.998686,30733909653.274643,31081806398.4314,22262137975.688575,31111931625.845255,31107791035.55974,31022764828.89504,19146934505.198362,26759625114.214124,9635575654.709092,30272279748.868968,13048748844.871238,13715978616.667678,29364269890.12754,22490138681.697318,31112138938.531614,26818831963.333422,3102,0.035902777778,7257,1762587885.797549,73051589.7360855834129417044848,414143.70741746,17164.452592587892338970544992,85246.079063,3533.0786308578239313111376,33.627190210319,0.042301966696152125,0.053148612393489086,,
2020-03-11,5709,10692,219433,278205,892,132704,260012,50,51281,353695,343893,336172,321835,244770,25153,268420,88660,291127,181089,3314,141397,1156,224604,12295,9,261371,57058,63,1613998010,4317,1007.757470465601,967401615.385783998239818873116,0.475839605195,0.410925733993,1234057079.8399321439561078463996,1234070813.2332939539058516,1065707448.0262668435614548153044,2593430782.9102366051064557125367,0.20375052,0.008081725801524290269992,0.172433,0.0068395222997921082318,528.732588,20.9720780027766915113448,0,0,0,0,0,0,0.587017111564,13.827435953513,14.60623333568912,11.941102015051,12.613656132885263,0.000004995982538897699,0.0396648106788846,-15.669526782608092,-34.21680776562684,0.0414456438312752,0.00000523969933529918,0.000206350106048851,0.0366566506256799,0.0414456438312752,0.005303421235,30787445792.799026,20614153228.060489,1632596718.917459,24389417189.39746,27290187610.599412,7343686006.617655,30787445792.799026,30787445792.799026,30787445792.799026,2283980744.293548,14375527752.781176,30787445792.799026,78.3919667242,26188374225.835124,31105986695.811157,31112098394.620354,18263357623.894698,30992913484.589587,31111882720.223822,12565311761.925657,30068706517.776384,31112138407.731626,31112138364.191411,31112137750.805165,31112120760.499461,31112033971.880196,31110823247.421245,28551932779.975581,30733643767.923133,31081796949.080035,22262444323.748067,31111921562.761746,31107455739.525949,31017536239.455383,19019321321.060342,26643062673.993694,9394109836.223346,30232425130.697936,12931220440.750158,13655450156.727345,29363971817.4282,22480757218.404244,31112138409.799026,26867831455.290214,2595,0.030034722222,6075,2250029471.436104,89246993.0064238500043508895984,523880.67853666,20779.627932482221830689009436,84130.606706,3337.0245872931891413601276,33.558082443333,0.04242121116111217,0.05340181219919724,,
2020-03-12,12712,10686,219209,277923,884,132592,259735,41,51151,353580,343767,336048,321674,244502,25094,268144,88525,290872,180906,3291,122023,600,212276,8146,7,257743,44475,30,1613998041,4320,1427.459259259259,590991858.932521406101352855256,0.301448267326,0.260324799596,754190770.166931358586211533637,754199188.325794614109398,651304327.746215947631929221081,2501891209.5814961914334627883571,0.20302546,0.00492154962497208592098,0.172433,0.004179956378292711129,1032.587477,25.031001088140484432701,0,0,0,0,0,0,0.587593285639,3.285809002855,8.69996150118864,2.837560082091,7.513115780633927,0.000004887984387362112,0.024241046541513,-47.459393021348895,-61.863082630250965,0.0396648106788846,0.0000049959825388977,0.000204209357530378,0.0352323664548247,0.0396648106788846,0.005290748125,30787444760.211549,20640592153.503773,3843057519.831203,24379799688.946712,27288374539.896744,9244825723.864914,30787444760.211549,30787444760.211549,30787444760.211549,4542525185.597562,13765193554.25888,30787444760.211549,78.3610569514,26200615646.224217,31105995232.316346,31112097257.655721,18281283024.716883,30993057404.262234,31111881630.155971,12550157567.163438,30069205501.470092,31112137375.141926,31112137331.619008,31112136717.351592,31112119665.117379,31112032877.592114,31110822783.096213,28555953749.030343,30733752398.397128,31081826964.967432,22267809486.083417,31111808422.415785,31103478375.498452,30954758924.8425,17255159523.74571,25264551832.785889,9450849729.919596,29827513113.031517,12148533884.880152,13779819822.104159,29370818438.716943,22507208834.294879,31112137377.211549,26867830422.702737,5086,0.058865740741,13306,9468638423.651206,229529704.712487171308111514678,1037846.28870163,25158.48018735275043866576619,99999.638874,2424.095900079126649576362,33.912856204901,0.05603719192745273,0.10124436547151269,,
2020-03-13,13017,10681,219196,277867,887,132662,259690,40,51162,353705,343885,336160,321749,244455,25111,268091,88557,290822,180951,3303,128802,784,216752,9983,8,259104,48712,38,1613998068,4320,1464.128935185185,699944423.943500089484189478392,0.357737163486,0.308934782413,893283966.921772437634595367032,893293969.048633858949909,771422474.713970187692730425134,2497039888.7734385024104731727826,0.20772617,0.005964182449132296640555,0.172433,0.0049508536755442480195,1094.716941,31.4312422275921993009015,0,0,0,0,0,0,0.587417822801,4.873150124341,10.226607289305464,4.20835665676,8.831497032493827,0.000005101869620349081,0.0287117528288915,-39.38299738620218,-58.309659745654805,0.024241046541513,0.00000488798438736212,0.000219717589718239,0.0217649232952808,0.024241046541513,0.005289550118,30787443665.494608,20654202970.028135,3777387647.984149,24378324378.690448,27287667867.740159,9278547470.988598,30787443665.494608,30787443665.494608,30787443665.494608,4665932536.958507,13768440338.669911,30787443665.494608,78.3563177962,26194317738.198077,31106002395.472177,31112096083.973416,18275823357.738558,30993116454.265124,31111880752.255328,12515500266.869914,30068635885.967716,31112136280.422431,31112136236.865698,31112135621.327262,31112118501.365233,31112031757.667089,31110822002.330072,28555377762.652205,30733568457.238946,31081867485.847688,22271023903.216426,31111861390.473273,31105197415.39559,30980399687.946669,17937063255.834551,25964627818.866169,9845386258.319596,29987976898.051473,12452417986.306101,13758562743.681465,29370060257.001044,22500935915.932286,31112136282.494608,26867829327.985796,5270,0.06099537037,14428,6384399308.178822,183307294.897376228071450035813,990152.96768501,28429.027270965399851399466415,66562.185053,1911.1170049926722678587495,34.313795588683,0.05749881435482764,0.10585350186254852,,
2020-03-14,8120,10695,219226,277914,884,132693,259726,40,51172,353879,344054,336322,321899,244493,25136,268120,88574,290907,180968,3304,124847,666,214169,8810,8,258245,46181,35,1613998093,4320,1166.716898148148,624892069.1526570728769666456364,0.320489969531,0.276768836756,797572673.7795747616570780329756,797581624.6305816167590268,688768080.551973676715222056106,2488604167.3821640354236930211521,0.2047354,0.00524847805661788865732,0.172257,0.0044158806176109634506,796.011226,20.4060824482844831115908,0,0,0,0,0,0,0.587195424096,7.732385408908,9.158269338279737,6.677536018058,7.908901346146484,0.000004982421950178318,0.0256354204334858,-48.366282917257756,-62.76009998517707,0.0287117528288915,0.00000510186962034909,0.000213058443749623,0.0259761815758139,0.0287117528288915,0.005290863538,30787442869.483382,20669808031.965425,1376427168.624012,24376119392.073758,27284986806.082984,9230804134.213615,30787442869.483382,30787442869.483382,30787442869.483382,4711448925.293054,13722569838.837491,30787442869.483382,78.3492325773,26194823612.149894,31106001308.158143,31112095183.773842,18268903591.514259,30993119857.676731,31111879840.478656,12522600961.977509,30068844255.743848,31112135484.40919,31112135440.819212,31112134824.751417,31112117666.126676,31112030726.308744,31110821158.684074,28556205006.243972,30733570068.032414,31081858201.388305,22264556172.414521,31111827154.311237,31104236287.484715,30965756268.870795,17505924747.745709,25521683501.91274,9845386258.319596,29894762014.988806,12352430127.770451,13774489186.754979,29370502325.091911,22494556504.91803,31112135486.483382,26867828531.97457,3888,0.045,9410,4023614168.357454,103147040.8679736500824456331532,698325.47336609,17901.867109152707390278216522,42763.644634,1096.2640094607689850851972,34.464538557829,0.058079542515930005,0.1067996145026199,,
2020-03-15,6246,10701,219244,277937,882,132742,259754,41,51223,354042,344211,336473,322034,244507,25155,268140,88620,290954,181023,3287,126542,720,215240,9568,8,258747,47275,35,1613998115,4320,1026.815277777778,656597803.999026704549463554052,0.33783699387,0.291749385049,839017166.7123264174010378686608,839026598.6695466543299304,724558727.655808809092687040352,2483497017.6007658149745215963475,0.21146651,0.005702727655363602883924,0.172433,0.0046500906351427095292,592.95209,15.990448236690755618716,0,0,0,0,0,0,0.587019104075,9.829203446495,9.666224503914506,8.488306825675,8.347561415502085,0.000005032558473850641,0.0269675215019324,-47.21545789937099,-61.982048853114826,0.0256354204334858,0.00000498242195017832,0.00020999187954286,0.0232587977788657,0.0256354204334858,0.005289062249,30787442276.531292,20682810683.011403,1019108367.693645,24347725242.45423,27274142323.935597,9238186909.642871,30787442276.531292,30787442276.531292,30787442276.531292,4744398753.201434,13735556264.347056,30787442276.531292,78.2579701643,26189131268.090021,31105998632.9889,31112094494.21541,18263417551.048331,30993158927.450251,31111879218.474973,12554228762.26648,30069008496.90201,31112134891.456254,31112134847.817543,31112134231.401713,31112117018.42162,31112030002.749617,31110819238.746249,28554613459.948188,30733642460.571055,31081882541.731363,22246616457.701104,31111844731.788298,31104634593.668095,30972053721.830184,17712674333.180217,25804163946.301566,9845386258.319596,29934589820.051571,12347967191.059422,13775290500.31037,29368830467.723248,22494718437.979495,31112134893.531292,26867827939.02248,2804,0.032453703704,6890,3165275300.576296,85359629.7278268027611976343904,755206.11567631,20366.037162891737263597901444,55065.219844,1484.9725001517046768265456,34.540583009674,0.05811005685131607,0.10728521802214906,,
2020-03-16,8398,10713,219011,277711,869,132559,259513,40,51135,354033,344196,336454,321988,244271,25128,267906,88509,290780,180803,3269,121806,592,211948,8107,7,257503,44338,29,1613998139,4320,1205.337268518519,585439002.044002590291862016938,0.302943314423,0.261615888577,749982072.850581479818553736392,749990522.281569758060756,647669768.77863356922041107216,2475651506.8785832640552101455257,0.20995591,0.00506114970850606281026,0.175553,0.004231840936401194158,762.34992,18.37703485168681511712,0,0,0,0,0,0,0.5870112853,8.201146988181,8.671675356809029,7.082349253185,7.488688298802613,0.000004808721949778272,0.024105773962286,-51.3907693653999,-62.481198930440954,0.0269675215019324,0.00000503255847385064,0.000217911029455125,0.0242923539210145,0.0269675215019324,0.005284217217,30787441514.181372,20672518768.180648,1289718861.364051,24286256187.415283,27251674277.732776,9243939311.23642,30787441514.181372,30787441514.181372,30787441514.181372,4822651427.987195,13691103753.398943,30787441514.181372,78.0603994731,26200825865.742386,31105998980.310044,31112093558.003641,18263173844.771345,30993217667.928127,31111878114.732728,12635518163.094413,30070019343.898001,31112134129.103589,31112134085.435501,31112133468.487885,31112116171.373974,31112029039.013174,31110818552.429565,28559244535.482099,30734096153.991347,31081887229.553244,22239100577.127503,31111804161.192439,31103427906.59204,30954155242.265134,17262965939.17786,25238431652.669226,9579849730.919596,29823242623.856689,12235720723.534165,13877363500.131391,29374685019.580872,22504083076.471052,31112134131.181372,26867827176.67256,3631,0.042025462963,8896,3793632058.542108,91448436.899297785475734938888,863731.49427983,20820.91616521710516315049138,77346.779272,1864.503977841660094535792,34.752709638321,0.05834658817217829,0.10759535861884939,,
2020-03-17,5802,10736,218965,277644,868,132533,259437,39,51112,354087,344246,336505,322029,244204,25122,267838,88487,290727,180771,3281,125369,669,214358,9287,8,258219,46529,33,1613998160,4320,977.55625,634676423.1838985052824410801528,0.328868148898,0.283828842664,813606218.0749899073344163997528,813615397.9521832429352296,702180834.582345159728706117762,2473958699.8696187934648148827409,0.21133568,0.005526590542064007584768,0.172433,0.0045092555452052536508,521.787794,13.6451520504480962441144,0,0,0,0,0,0,0.586552132385,17.771914053822,9.529422465391189,15.338006476849,8.224344493910188,0.0000048277557990381834,0.0261507689665276,-47.455746210819356,-58.12996930772004,0.024105773962286,0.00000480872194977827,0.000218450200101948,0.0216268195388118,0.024105773962286,0.00528525283,30787440992.393578,20658273374.560083,1335225937.321623,24269895236.972578,27238624833.720615,9225698937.480327,30787440992.393578,30787440992.393578,30787440992.393578,4784681408.01102,13543016616.425589,30787440992.393578,78.0078137413,26206446114.263959,31106002418.408309,31112092968.874184,18248888311.629694,30993239861.639675,31111877295.649845,12648521447.867985,30070036531.137429,31112133607.314109,31112133563.653808,31112132946.225736,31112115600.30077,31112028470.533345,31110818367.111524,28559564154.259423,30734123082.907895,31081905879.143757,22241651078.159836,31111834845.171691,31104411674.521162,30968493593.105709,17561465975.150674,25702093948.751326,10025053148.974028,29911603150.566617,12441583444.840394,13901084716.11192,29375902220.986408,22495375639.917978,31112133609.393578,26851249975.903995,2469,0.028576388889,5943,1750634935.278805,45780449.737208027343418727518,423039.78044647,11062.815562106197088413577572,78499.775928,2052.8295042173127322276128,34.415821351433,0.05869123554957515,0.10959572780862059,,
2020-03-18,6378,10745,218992,277698,869,132554,259477,39,51115,354300,344451,336706,322208,244242,25138,267885,88493,290819,180797,3285,125224,659,214246,9103,8,258243,46418,33,1613998184,4320,1018.219444444444,629903709.88032390152821053867,0.327108762175,0.28231040742,808763550.3396425102275287992745,808772691.539254419901827,698001379.982541931413651610491,2472460673.2053584527285707865363,0.20481357,0.005324152800954780192465,0.172433,0.0044824160817422186085,614.031077,15.9618099449310429473865,0,0,0,0,0,0,0.586386306433,12.992385520198,9.479063245779518,11.213046159851,8.180882068334213,0.000004820616793004665,0.0259951174180245,-49.78110555601341,-56.59536573041613,0.0261507689665276,0.00000482775579903818,0.000222024112136418,0.023880999433116,0.0261507689665276,0.005288233596,30787440378.362501,20650076655.660846,1204220980.099002,24231616258.96566,27187446964.112616,9201157348.820817,30787440378.362501,30787440378.362501,30787440378.362501,4734022236.720489,13262520654.849049,30787440378.362501,77.88477975,26205276567.748032,31105999558.061908,31112092242.753298,18243728752.391255,30993203772.0811,31111876336.257343,12620403834.841142,30069648850.155664,31112132993.281328,31112132949.605579,31112132331.418714,31112114931.964089,31112027698.473104,31110817438.039618,28559516903.819494,30733945113.097283,31081905513.517235,22236472567.159203,31111833267.447127,31104355541.372678,30967818170.761856,17512525738.245025,25626547549.895705,10025053148.974028,29906872814.318904,12413634381.320337,13867756678.14763,29376470913.913779,22489404280.626703,31112132995.362501,26851249361.872918,2998,0.034699074074,6877,2394643612.367756,62249041.877822162985677018022,507616.16397588,13195.54178584017891589524906,71660.3909265,1862.82027635590498735469925,33.88371269661,0.058690661177928996,0.10964614059077034,,
2020-03-19,7789,10751,219055,277760,868,132629,259521,41,51121,354487,344631,336881,322372,244274,25189,267936,88530,290897,180859,3278,131043,824,218018,10460,8,259323,50117,38,1613998208,4320,1128.937731481481,743226276.23286671493736019451,0.388175083405,0.335013543533,954351125.192842317281786066056,954361934.3893735271553188,823650372.9728506587633238249686,2458558434.0469018170039751226434,0.20712782,0.006353555789909186600596,0.172433,0.0052893072766440103174,732.403981,22.4661735639137605694318,0,0,0,0,0,0,0.586053745608,7.900956020377,11.136245928017338,6.818900508668,9.611109443890939,0.000004944677964688871,0.0306745650579878,-42.42198410918154,-51.370906817598154,0.0259951174180245,0.00000482061679300466,0.000220890370802337,0.0237539742231752,0.0259951174180245,0.005289848711,30787439645.95852,20648909995.672931,2580556582.849107,24229399009.50045,27171055073.18227,10604028030.013054,30787439645.95852,30787439645.95852,30787439645.95852,5968636809.849076,14637228881.389244,30787439645.95852,77.8776549441,26195849131.242282,31106003905.31065,31112091435.882602,18233381646.572195,30993214292.818912,31111875428.486453,12655680857.757516,30068666108.546113,31112132260.87533,31112132217.178484,31112131598.798431,31112114148.37328,31112026837.965461,31110815737.729905,28559345852.75043,30733736565.688635,31081906385.546338,22220069490.286121,31111869113.587695,31105673232.208971,30988162203.792158,18092521114.090058,26103335290.397834,9917386260.707243,30036691739.599467,12561003302.321754,13859871206.722943,29375120804.271843,22480410431.445864,31112132262.95852,26851248629.468937,3536,0.040925925926,8449,3937768060.310502,120789322.5492609205093033278756,813475.97481769,24953.021712655277187383244182,99999.827567,3067.4512164915033559896826,33.450238048258,0.060032972242362696,0.11435687992895467,,
2020-03-20,8122,10764,219115,277810,872,132650,259553,42,51141,354727,344865,337114,322581,244305,25209,267972,88557,290976,180908,3293,129464,783,217082,10184,8,259030,49128,37,1613998239,4320,1180.927546296296,709359774.8468824905549215141995,0.36946948945,0.318877103912,911006697.8623808329674817784093,911017039.4018046816899878,786260261.6849413356603456907143,2465715637.8989573447900057066516,0.21170768,0.006199096794958837983824,0.172433,0.0050490792664920673169,794.750619,23.2714090250974955994267,0,0,0,0,0,0,0.585970016568,7.155620573782,10.572081727801304,6.175783469058,9.124420012893621,0.000004742579996092385,0.0292813977979393,-44.34061920320178,-49.51855437195101,0.0306745650579878,0.00000494467796468888,0.000223319180913583,0.0288797251849636,0.0306745650579878,0.005293583799,30787438851.207901,20643086417.416033,4836131746.036391,24225611760.132715,27164544858.321985,10642170830.367858,30787438851.207901,30787438851.207901,30787438851.207901,5884143670.850448,14626052666.947815,30787438851.207901,77.8654840312,26196481455.407781,31106009250.707676,31112090509.50583,18230776191.903567,30993156818.687247,31111874376.41829,12618275943.253869,30068783016.179774,31112131466.122269,31112131422.4034,31112130803.133735,31112113268.384899,31112025845.514006,31110814632.371474,28558663850.119837,30733787034.074711,31081909263.918794,22226326670.902956,31111857191.912963,31105346289.386669,30982762940.131796,17940293540.697044,26007518171.916004,9867386259.707243,30003145836.707068,12458941339.727747,13805382408.599932,29375352331.22573,22475255713.992323,31112131468.207901,26851869132.431751,3754,0.043449074074,9453,4347929176.429793,127313443.8123073749507865255649,798577.18408193,23383.456199461192118516366849,79028.159492,2314.0549753242445893348356,33.197834090815,0.05999393397879704,0.11388510916490055,,
2020-03-21,5096,10783,219157,277881,874,132704,259602,40,51153,354949,345082,337328,322767,244349,25240,268038,88604,291061,180963,3293,129764,789,217255,10238,8,259182,49303,37,1613998284,4320,965.888888888889,712897983.1798464624247484407252,0.372030583328,0.321266865894,916798867.8423070046196595921397,916809291.1048547787896482,791701306.6303523648064031936958,2464310486.6311873860962289749298,0.21619645,0.006370783829036595965215,0.172433,0.0050811813422110647611,542.00451,15.971555349650301696417,0,0,0,0,0,0,0.585749089709,11.65285293931,10.631918163664016,10.062816634728,9.181188805315571,0.000004771433834840491,0.0294675690976267,-49.01762118895729,-49.41164578973459,0.0292813977979393,0.00000474257999609238,0.000222617506267112,0.0274070454311014,0.0292813977979393,0.005294367287,30787438309.203391,20641766407.901126,3428706500.748615,24192629558.888956,27160741026.721124,10625611428.892758,30787438309.203391,30787438309.203391,30787438309.203391,5726024058.893443,14545432676.793438,30787438309.203391,77.7594746444,26194914937.305188,31106008325.317243,31112089879.367278,18223902368.924191,30993189981.65841,31111873387.712546,12552549527.083088,30068060974.68944,31112130924.117954,31112130880.378725,31112130260.398279,31112112662.821103,31112025154.967082,31110813438.592451,28559024037.853263,30733826227.293418,31081919303.038224,22214548617.3233,31111859707.15795,31105389960.675594,30983632171.353954,17947089200.750985,26017951226.269345,9867386259.707243,30007964259.487889,12457254685.741827,13776609076.814119,29374977625.566647,22465563510.949247,31112130926.203391,26866868590.599674,2507,0.029016203704,5852,2669915349.334675,78675915.0413336644899665158225,622900.6162884,18355.36695143268249580274028,69136.450201,2037.2831234625948518379667,32.715563044561,0.0598704009089066,0.11390306271438311,,
2020-03-22,5482,10800,219283,278020,877,132781,259735,39,51194,355169,345301,337540,322969,244480,25255,268173,88652,291217,181066,3299,126722,717,215333,9682,8,258759,47366,34,1613998328,4320,983.302083333333,653054738.3087662668884278433238,0.341799355878,0.295160700338,841450281.1576312479594784903347,841459862.5797239522165738,726634061.8110595002644357316096,2461825239.5346374884320982631074,0.20776284,0.005619097696141396586052,0.172433,0.0046635763789075536199,547.662842,14.8119414123548257627126,0,0,0,0,0,0,0.585326845318,14.920150136056,9.739131751133412,12.884289825511,8.410223421760808,0.000004638615426190744,0.0270457301033303,-57.213770996255604,-54.039960418907626,0.0294675690976267,0.0000047714338348405,0.000222377223302647,0.0277070170204797,0.0294675690976267,0.005299795931,30787437761.540549,20637437534.134017,977043234.896375,24146315733.157146,27150227179.830585,8428927093.215707,30787437761.540549,30787437761.540549,30787437761.540549,5691893800.745205,14471662152.460781,30787437761.540549,77.6106150218,26193438513.816285,31106006052.632194,31112089267.481448,18210765125.578235,30993123214.447014,31111872757.142323,12522034966.627277,30067591880.204876,31112130376.455779,31112130332.677984,31112129712.216867,31112112088.61152,31112024514.06498,31110812385.451034,28556900236.43213,30733572833.241214,31081902807.342769,22207903335.807113,31111839431.317986,31104662823.123334,30972532480.830716,17667440530.493852,25814105288.012994,9867386259.707243,29937540917.014372,12351308235.735317,13769085046.785062,29373592462.865508,22455046503.548035,31112130378.540549,26866868042.936832,2636,0.030509259259,6190,2085242446.948002,56396904.4201637137473311310606,439511.54738789,11886.910687949938254754890067,54172.8106145,1465.14321481859385763946935,32.395588924964,0.05841452711204807,0.11429373436421685,,
2020-03-23,5672,10821,219374,278129,881,132855,259829,40,51219,355375,345503,337739,323158,244570,25288,268271,88702,291347,181162,3309,129657,792,217321,10231,8,259302,49212,37,1613998351,4320,999.778703703704,706061991.4132246387452121577252,0.36986825777,0.319399588689,910464583.2609785391505424241295,910474967.1373806170197514,786231333.1854244827492480707692,2461591564.389694956403113627183,0.20804255,0.006088151943813959315545,0.172433,0.0050460749694121344247,567.332044,16.6023906478100114338196,0,0,0,0,0,0,0.584751607563,9.772272368805,10.477401465294616,8.438841964899,9.047755919151701,0.000004511583583729947,0.0292639748157959,-52.208215377618146,-49.77136156463604,0.0270457301033303,0.00000463861542619074,0.00022088595285164,0.0254271685689824,0.0270457301033303,0.005305635859,30787437194.208505,20621288371.883991,1113948976.362735,24127344144.381628,27134284659.535838,8408479472.519135,30787437194.208505,30787437194.208505,30787437194.208505,5682786234.011319,14453253433.032838,30787437194.208505,77.5496383269,26189498965.11849,31106005974.72888,31112088623.675419,18192867921.819134,30993077944.904878,31111871980.687599,12528951955.344803,30067185089.005739,31112129809.122456,31112129765.325623,31112129144.566002,31112111485.068721,31112023789.627028,31110811333.849733,28557027856.886889,30733368609.515181,31081907711.205625,22199122439.911599,31111854662.249958,31105336227.084491,30982641126.326138,17902161638.286016,25997236752.548444,9867386259.707243,30001735867.315274,12432089473.362411,13741047720.548719,29372856830.114038,22438755592.477066,31112129811.208505,26866867475.604788,2727,0.0315625,6463,3183714967.925448,93168154.6420427618125639840632,772154.09255814,22596.297918535145325511123626,69657.687034,2038.4607990895686018203606,32.321389716634,0.05869075882988205,0.11586002081119261,,
2020-03-24,5788,10824,219440,278208,882,132901,259910,40,51281,355545,345673,337907,323310,244639,25318,268352,88759,291444,181213,3308,130999,816,218184,10476,8,259670,50077,38,1613998376,4320,1007.884722222222,732066228.2814825668828979570624,0.384232269464,0.332358963905,944463225.3777325003603502337408,944474014.4884137399291264,816955898.7615046521029138391552,2458052850.9347089648177462078608,0.20533903,0.006233426233934374268352,0.172433,0.0052345060059746359872,575.770643,17.4785272473794343544512,0,0,0,0,0,0,0.58455105713,10.444163420465,10.799684710452434,9.034148376254,9.341672488560786,0.000004480663457017879,0.0303567530923584,-47.89833318472184,-50.8201095659862,0.0292639748157959,0.00000451158358372994,0.000215827305303863,0.0271962926485922,0.0292639748157959,0.005307653365,30787436618.437862,20621130263.483823,1298301253.106833,24115432439.504311,27124592156.319546,8447853779.507542,30787436618.437862,30787436618.437862,30787436618.437862,5758521706.149817,14465101591.579631,30787436618.437862,77.5113533922,26182900007.507814,31106005424.889278,31112087987.629467,18186628034.151395,30993060825.98075,31111871345.478715,12546756232.789809,30067498767.987037,31112129233.352286,31112129189.538291,31112128568.157721,31112110876.817085,31112023195.676916,31110810169.791052,28555474776.852645,30733416588.30705,31081901057.846794,22190868188.897771,31111863656.496107,31105602999.094403,30986972149.306973,17973907006.723596,26071750304.247584,9867386259.707243,30028971650.593321,12483774043.33042,13757258136.226603,29370912678.849216,22433343187.493319,31112129235.437862,26911833959.184328,2804,0.032453703704,6555,2978901036.197446,90429763.2424164609143761966464,650139.89971022,19736.136410993801029056382848,91016.28624449999,2762.958928907702376416497876416,32.315235827562,0.058732001830869116,0.11541632492249368,,
2020-03-25,5444,10833,219598,278387,879,132992,260077,40,51311,355861,345987,338217,323605,244811,25321,268515,88831,291662,181338,3311,130031,793,217666,10279,8,259600,49438,38,1613998400,4320,986.950925925926,709599024.8738056511233305952421,0.373185965283,0.322803965917,915784050.7345502514648161272334,915794528.7362788157706814,792148555.9536997870236068985528,2453961659.6794363135912955643917,0.21439065,0.006310578744068799689085,0.172433,0.0050755572809542549397,560.845936,16.5084738649701860133424,0,0,0,0,0,0,0.583938880623,9.815391034907,10.401156963171154,8.490263428573,8.996947983550369,0.0000043998639035812484,0.0294349531757509,-51.9468633485412,-50.00214021949828,0.0303567530923584,0.00000448066345701788,0.000217744133226416,0.0281342334914066,0.0303567530923584,0.005312882549,30787436057.591926,20620215224.324888,1354571129.325276,24107360410.492769,27116918850.139175,8520018234.162427,30787436057.591926,30787436057.591926,30787436057.591926,5812108208.921381,14437757133.328754,30787436057.591926,77.4854098305,26180500567.484747,31106003292.948149,31112087306.551466,18167581592.044107,30992979183.975954,31111870616.311979,12509493449.627314,30066437690.861663,31112128672.505204,31112128628.664269,31112128006.642888,31112110262.14071,31112022428.502891,31110809820.909752,28552987773.847666,30733212742.953857,31081878024.202038,22183978232.41543,31111855000.127153,31105374725.254008,30983348558.195803,17887511636.195121,26000484139.359206,9867386259.707243,30005559473.055093,12446511260.167925,13727685670.841115,29370193592.67618,22426524492.373904,31112128674.591926,26911833398.338392,2616,0.030277777778,6334,3169728904.73205,93300821.890612077106322046345,731675.78792882,21536.842557515462282159250938,66975.06376650001,1971.407865909858503369296607509,32.236162557344,0.05872692131748383,0.11533891185431325,,
2020-03-26,5456,10841,219754,278576,881,133082,260242,40,51330,356147,346264,338492,323872,244983,25348,268692,88859,291864,181466,3317,131573,841,218786,10560,8,260051,50373,38,1613998426,4320,982.54375,741020961.0265827372115287081249,0.39212717577,0.339377071026,957198250.9124942598876159535791,957209220.2912748808055334,828433117.7727870941439928352469,2441040330.9424667933009340238534,0.2106066,0.00647953969822575938514,0.172433,0.0053050876315564771857,569.901447,17.5336340357462852838663,0,0,0,0,0,0,0.583472359972,9.135465099051,10.791602751120198,7.906535377699,9.339884506008344,0.000004554928060996767,0.0307660809216129,-53.95786574530576,-45.57684359598597,0.0294349531757509,0.00000439986390358125,0.000216281585977618,0.0271099479908969,0.0294349531757509,0.005318831646,30787435487.690479,20627862057.592239,1993133401.910797,24085646882.181281,27107780755.848527,8527397674.035757,30787435487.690479,30787435487.690479,30787435487.690479,6483249958.016287,14426311549.557059,30787435487.690479,77.4156200474,26174512693.222567,31105999450.921733,31112086681.296987,18153066809.005626,30992894802.883301,31111869688.968002,12497620690.158151,30065796607.584617,31112128102.599471,31112128058.749858,31112127436.547891,31112109654.138069,31112021743.384393,31110809421.636608,28552633701.629063,30732808232.315403,31081856030.562414,22177534478.225491,31111863601.938706,31105691266.657932,30988093038.96022,18025258010.44028,26085269865.081176,9853886258.370727,30035353922.954523,12434638500.698762,13710379727.161288,29369942547.586597,22417197939.532683,31112128104.690479,26926832828.773461,2706,0.031319444444,6201,3405642489.720755,104778272.4288319773051652057395,829025.38963234,25505.862223500236539890801186,49679.4936025,1528.44332031926536953147225,31.94326815103,0.058816889246982355,0.11593368801787482,,
2020-03-27,5194,10836,220138,279028,882,133248,260686,40,51365,356705,346820,339045,324418,245391,25356,269141,88954,292352,181724,3313,130201,792,218171,10268,8,260172,49425,39,1613998452,4320,957.197685185185,707435465.834653392547964033993,0.374683267735,0.324279768109,914384606.7730188114594492928082,914395101.1917903839274482,791378889.2649609392772958942276,2440420177.5542128289907853212017,0.21322343,0.006266630970483328382581,0.172433,0.0050678013112037066611,533.485033,15.6791110155535930930811,0,0,0,0,0,0,0.583647056588,10.873661978563,10.247114980277289,9.41090485896,8.868642813094947,0.000004527946373708662,0.0293899735619267,-54.91859946336205,-40.662004956681294,0.0307660809216129,0.00000455492806099677,0.000221964338933953,0.0278881971342744,0.0307660809216129,0.005329376442,30787434954.205446,20611161188.871639,1914608215.825854,24070639748.75779,27098721607.641495,8470925338.914644,30787434954.205446,30787434954.205446,30787434954.205446,5040144160.808768,14399004502.31404,30787434954.205446,77.3673857362,26169807800.984577,31105991315.12791,31112086050.742132,18158501681.11009,30992639014.852672,31111868991.35496,12490771311.120817,30064007949.077784,31112127569.113623,31112127525.247603,31112126902.98511,31112109086.841089,31112021091.685966,31110806228.24186,28549435216.080524,30732010936.670883,31081770938.086,22171448476.229762,31111852118.669425,31105350848.420396,30982715642.60579,17865382307.98175,25985031394.635462,9855386257.370727,30000855021.501824,12459589177.661428,13702311136.292095,29369866071.617286,22420738644.127131,31112127571.205446,26926832295.288428,2502,0.028958333333,6119,2861237330.398955,84091689.4948230176661094665985,668257.77262044,19640.078269866755766074201748,60134.97856,1767.365430025428936791552,31.87791501123,0.058864298185039854,0.11411540858690412,,
2020-03-28,5327,10839,220476,279402,883,133417,261030,40,51427,357221,347333,339550,324908,245728,25390,269498,89046,292745,181979,3317,130898,802,218822,10357,8,260666,49806,38,1613998474,4320,959.618287037037,717586602.76116781145490800021,0.380446825148,0.329267993812,928278589.734684358605514643441,928289260.773977003398498,803403810.301042247532479789907,2439969342.2951867467248816066463,0.21268089,0.00634566439823809364307,0.172433,0.005144806142109849179,575.089139,17.158676904002510005457,0,0,0,0,0,0,0.58321559559,8.762658024663,10.31454280967332,7.583879369007,8.927000026116335,0.000004787775057346163,0.029836551832363,-58.51210932567348,-39.994271909702434,0.0293899735619267,0.00000452794637370867,0.000219850527850638,0.0264772688430247,0.0293899735619267,0.005339873827,30787434379.116307,20614646286.069177,1114298626.454858,24050587574.35967,27089711090.660129,8396820623.905059,30787434379.116307,30787434379.116307,30787434379.116307,2821481953.742091,14399386043.597793,30787434379.116307,77.3029358532,26160828904.57177,31105988925.946498,31112085377.470448,18145077676.111815,30992452989.030253,31111867998.494501,12490380865.708524,30062767294.087927,31112126994.024067,31112126950.107934,31112126327.663272,31112108445.526555,31112020324.430921,31110804110.606685,28546814751.636652,30731293361.68271,31081719743.711578,22161101406.036758,31111856202.21036,31105454249.352856,30984313542.659233,17882425887.615302,26005141957.23973,9855386257.370727,30010409038.340258,12426965865.95102,13688253742.271106,29368416135.316647,22411392283.577566,31112126996.116307,26926831720.199289,2704,0.031296296296,6360,3550535340.823265,105935731.729109976052690325195,1043535.24297397,31135.49336589037302501259111,52023.268099,1552.194935124730053687937,31.985480070766,0.058800736907584555,0.11420564382111716,,
2020-03-29,4876,10852,220720,279651,881,133538,261268,39,51468,357570,347681,339895,325242,245968,25409,269733,89153,293022,182151,3320,128898,755,217739,9964,8,260536,48513,36,1613998498,4320,923.924768518519,678477085.7964271385721818855868,0.36052527461,0.312026348316,878919711.1380668546168932192329,878929829.5432951940299542,760684831.9471166463153614472543,2437886531.2228278169562946213691,0.21750471,0.006144523006128407865567,0.172433,0.0048712441009472381241,522.88133,14.771433509003184600141,0,0,0,0,0,0,0.582680052976,10.803460959751,9.703121553138475,9.350147437215,8.397828942138862,0.000004784208308601825,0.0282500687278377,-60.62817592747748,-42.5372988131628,0.029836551832363,0.00000478777505734616,0.000227711672318713,0.0268280445844642,0.029836551832363,0.005347501829,30787433856.234977,20609853490.196937,840807352.79388,24016829563.598684,27078055237.323764,8392522981.104996,30787433856.234977,30787433856.234977,30787433856.234977,2770923144.646264,14381696235.457899,30787433856.234977,77.1944328018,26158175569.361467,31105991117.934715,31112084774.56317,18128415501.615435,30992305832.204939,31111867348.823682,12457400012.568879,30061582394.897931,31112126471.143117,31112126427.219979,31112125804.340823,31112107884.434241,31112019636.660826,31110803721.068482,28544760602.260633,30731149416.368059,31081682651.007399,22156627165.556921,31111842867.106342,31104998330.805328,30976848407.624268,17710366437.019624,25862210478.093808,9855386257.370727,29963177203.432051,12356226877.680886,13683026143.09959,29367389190.747306,22406844328.260285,31112126473.234977,26926831197.317959,2404,0.027824074074,5766,2879829583.236748,81355383.6508983313538572197996,743551.44204076,21005.379340334300178310064652,45712.1489145,1291.37134853177651398717665,32.061114123305,0.058929133517848266,0.11440473698847334,,
2020-03-30,5836,10856,220945,279883,884,133664,261487,39,51512,357925,348031,340241,325575,246187,25437,269957,89229,293272,182335,3326,131116,804,219282,10364,8,261122,49861,38,1613998522,4320,998.525694444444,714970570.210598322016112169632,0.381229109181,0.329945035866,927176561.6410847664630936179214,927187253.9175173463197756,802450013.6979196441564141190438,2432071789.1463782554678200548589,0.21245041,0.006331262658152109913226,0.172433,0.0051386985505612475338,614.831478,18.3226738781905409679708,0,0,0,0,0,0,0.582455949519,8.178416166726,10.136023425135114,7.078231306237,8.772495415485588,0.000004629729428282105,0.0298011317471786,-57.2254974037388,-37.22698948265163,0.0282500687278377,0.00000478420830860183,0.000225677838691063,0.0254279291155173,0.0282500687278377,0.005354212844,30787433241.403499,20596362587.893133,1751836322.649927,23991389866.53712,27071140887.300837,8977367062.600821,30787433241.403499,30787433241.403499,30787433241.403499,3406839889.98743,15034951261.885956,30787433241.403499,77.1126665395,26152650741.114542,31105991024.447504,31112084075.09063,18121442808.406835,30992194099.138519,31111866532.443984,12441384432.119604,30060577496.050985,31112125856.310005,31112125812.358375,31112125189.019731,31112107215.662588,31112018865.140822,31110802908.852393,28542361362.775437,30730747896.996496,31081656498.212199,22150952692.806391,31111854703.640443,31105453313.250884,30983956690.51299,17862133373.801059,25993745358.120361,9855386256.202557,30007213338.772551,12410202298.660215,13659731844.181486,29365836252.392621,22399512826.451439,31112125858.403499,26926830178.987783,2894,0.03349537037,6736,3804174943.429976,113368718.6784724124899446657136,963301.1644311,28707.46491342176699209909446,60921.787324,1815.5382103161192062440664,32.215091735219,0.059036537164353434,0.1151019638485221,,
2020-03-31,5514,10861,221248,280257,883,133846,261825,39,51547,358407,348507,340713,326037,246510,25432,270312,89346,293668,182577,3326,132136,831,220136,10537,8,261604,50454,38,1613998549,4320,1037.583333333333,731796615.9048758507903006140502,0.390799243694,0.338227766404,950151118.165369679027777542156,950162094.1506880317424364,822333962.0773623796786205698596,2431302346.4051271109785792451591,0.22383321,0.006835771362330388849314,0.172433,0.0052660307347632459922,614.422159,18.7641923147749558169006,0,0,0,0,0,0,0.58224700748,12.33977328277,10.334564774232886,10.679790257312,8.944328364891689,0.0000047477855412556875,0.0305395761528434,-57.68468741526384,-33.37212253769855,0.0298011317471786,0.00000462972942828211,0.000224233343946525,0.0270482795581056,0.0298011317471786,0.00536119629,30787432626.98134,20606342157.933222,1823850175.30476,23962238776.412803,27041656373.964596,8972707875.117242,30787432626.98134,30787432626.98134,30787432626.98134,3414336925.523549,15018915390.302955,30787432626.98134,77.0189711841,26149005774.00147,31105984363.036656,31112083387.030134,18114941819.6469,30992053244.537301,31111865358.553453,12443809356.825212,30058779936.778788,31112125241.887939,31112125197.918934,31112124574.286663,31112106555.114021,31112018034.997133,31110800678.5163,28538042881.081369,30730314600.255249,31081612134.093121,22143223169.776659,31111858290.29104,31105629196.340756,30986595650.088156,17948074395.196214,26045760601.952011,9861386255.202557,30023898459.983821,12412627223.365823,13661927203.027672,29364975440.56429,22396493796.721557,31112125243.98134,26926829565.733794,2745,0.031770833333,6620,2521288238.530463,76999074.1638694698606949684942,668003.80809283,20400.553167640370081935652822,66055.404759,2017.3040639443748357417406,32.309509643439,0.05903660515857698,0.1152662217784451,,
2020-04-01,5831,10889,221488,280548,887,134002,262102,40,51645,358857,348955,341154,326452,246784,25502,270598,89462,293984,182830,3328,132645,850,220618,10623,8,261925,50777,38,1613998574,4320,1002.693981481481,741105647.9969297558815882564908,0.395633654057,0.342411836556,961201935.1159008976919891714088,961213055.7739119616910616,831898187.9552611217181577275072,2429525206.6111342209201071568744,0.22748904,0.007028221557405784865184,0.17775,0.0054915453589714839,550.750962,17.0153242718434885428552,0,0,0,0,0,0,0.581625378994,18.791904045927,10.448274380831245,16.263961143764,9.042741391927004,0.000004650648553391421,0.0308947699520196,-63.76471941285458,-37.071619465947094,0.0305395761528434,0.00000474778554125569,0.000228746933849203,0.0277500937703909,0.0305395761528434,0.00537330841,30787432076.230378,20650204907.438893,1507777481.582301,23988061705.844923,27062791295.941458,9298643658.011929,30787432076.230378,30787432076.230378,30787432076.230378,3613126744.734507,15249388918.230977,30787432076.230378,77.1019721166,26138440150.50527,31105977621.217289,31112082730.425072,18095601316.005711,30991895855.541943,31111864484.521879,12418238774.527356,30057874098.196038,31112124691.137068,31112124647.121388,31112124022.823988,31112105940.10931,31112017330.902995,31110799863.758225,28535606649.07225,30729950145.618023,31081618896.03595,22120052939.107444,31111858849.600294,31105701241.156653,30987586640.703962,17977694075.881271,26054103486.184,9861386256.202557,30030320437.195665,12355124743.257747,13621809865.135021,29361284926.83418,22375197644.272306,31112124693.230378,26926829014.982832,2421,0.028020833333,6912,1655613216.05264,51149789.439469636341307911744,334587.98306945,10337.01876564088651363456122,99999.62279,3089.465341385786398686684,32.110335292999,0.058999278256749846,0.1143290903254523,,
2020-04-02,7599,10896,220884,279972,891,133699,261512,40,51618,358437,348527,340718,325985,246177,25537,270017,89309,293431,182330,3332,133517,887,220761,10849,8,261501,51485,39,1613998598,4320,1231.283333333333,765351900.5017345131859010140625,0.40903795727,0.354012951701,993943898.5306074598493471784375,993955421.057883990908125,860235601.8305200584262431765625,2429955168.8649949333561035810296,0.23542378,0.00752112038107580486875,0.17999,0.005750168727177153125,721.809317,23.0597553286210358084375,0,0,0,0,0,0,0.581884845701,16.85335277998,10.815722541891919,14.586189515305,9.360759298196756,0.0000047031310206037755,0.0319471566596875,-64.72863049344916,-34.481814808833974,0.0308947699520196,0.00000465064855339141,0.000227410209013003,0.0281938648158602,0.0308947699520196,0.005355648399,30787431354.421061,20642453066.928362,1584203629.569938,23956808070.731795,27058898655.427173,9305306747.78577,30787431354.421061,30787431354.421061,30787431354.421061,3627374346.834066,15234658602.025425,30787431354.421061,77.0015190629,26140346483.416664,31105978318.83163,31112081918.088272,18103673456.53057,30992309228.219313,31111863544.55485,12414377441.488465,30061261595.999531,31112123969.326991,31112123925.262009,31112123299.893062,31112105166.903285,31112016495.451751,31110798212.35795,28542532450.817064,30731204758.023315,31081675639.092353,22124081100.100977,31111863201.101404,31105939926.00691,30991741136.034984,18091180051.643279,26125678889.793098,9861386256.202557,30057110792.772651,12383195308.029076,13615022698.374437,29363101051.532357,22371659654.009591,31112123971.421061,26926828293.173515,3066,0.035486111111,8286,1846049529.585519,58976033.5232109898824110653125,447443.1385273,14294.53604283390880602821875,62292.3769115,1990.06432389599108780515625,31.847727907689,0.05905497226913519,0.11467036622926251,,
2020-04-03,5819,10901,220652,279693,897,133719,261229,41,51583,358221,348305,340489,325736,245908,25512,269735,89305,293150,182277,3339,134021,902,220822,10965,8,261321,51776,41,1613998622,4320,1023.51875,774381467.603645516095158482988,0.413417113964,0.357803010326,1006920040.0972684432811590766722,1006931728.5004831066558252,871466152.066978363540350617867,2435603186.4350107858738175155741,0.2290211,0.00741209243523822393782,0.180387,0.0058380870501247155894,477.27998,15.446800881004635888476,0,0,0,0,0,0,0.582148193104,25.022638520656,10.956188902591208,21.656518529567,9.482329682640698,0.000004793350258562555,0.0323642338423762,-63.06538844454819,-33.86190030020402,0.0319471566596875,0.00000470313102060378,0.000226331996736141,0.0293904752868747,0.0319471566596875,0.005347446113,30787430877.141081,20649498122.743537,3321848637.28801,23927075529.58374,27054516144.828085,9310982708.122527,30787430877.141081,30787430877.141081,30787430877.141081,5028717428.031149,15233879194.815775,30787430877.141081,76.9059544717,26145909978.895719,31105985093.155974,31112081427.475987,18111866475.732166,30992508345.73846,31111863104.359591,12399329471.178145,30060753362.069939,31112123492.045846,31112123447.929489,31112122822.011021,31112104671.301554,31112016003.177782,31110798742.657768,28543435703.881018,30731229212.982144,31081780034.599129,22129637590.62064,31111865955.349296,31106037813.899533,30993444665.198749,18127381218.202205,26165756247.729761,9811386256.202557,30066735734.266312,12399329471.178145,13585636887.583525,29363652776.404961,22368649610.339397,31112123494.141081,26926827815.893535,2084,0.02412037037,6323,1243359027.404652,40240362.3129535953527426140824,232597.03864862,7527.824949868152356537650844,68489.39308899999,2216.606733654820103975743376238,31.342172665318,0.05903797907115577,0.11473321640217468,,
2020-04-04,4606,10909,220788,279862,892,133830,261377,40,51633,358522,348603,340781,326006,246046,25531,269886,89387,293344,182437,3346,134182,898,221009,10982,8,261474,51866,40,1613998646,4320,934.71712962963,775041079.4022318371952853628853,0.414129624833,0.358419671298,1008656930.2167959688111001964697,1008668653.4411955784111482,872969388.5734782680971871508915,2435606799.7389523560060184733467,0.24520623,0.007949600960632068911841,0.180563,0.0058538634938215405821,452.16029,14.659064232355249956243,0,0,0,0,0,0,0.5812961928,24.411174589689,10.951855009162426,21.127310503226,9.478578776075024,0.000004725963891594115,0.0324200611078767,-64.28596675055195,-36.283499345496494,0.0323642338423762,0.00000479335025856256,0.000228355822076025,0.0300027794289509,0.0323642338423762,0.005351907993,30787430424.980791,20635192838.828923,3030138105.168127,23906218955.704859,27041774897.127255,9297182591.96761,30787430424.980791,30787430424.980791,30787430424.980791,4997081746.731517,15202310907.85979,30787430424.980791,76.8389187824,26143222789.582409,31105983275.483992,31112080892.64485,18085358674.23924,30992432240.443652,31111862443.751103,12371274992.940211,30059957401.96103,31112123039.884055,31112122995.73529,31112122369.19613,31112104171.577341,31112015355.727434,31110797382.957037,28541904549.032016,30731012997.862057,31081790040.926413,22128991049.285923,31111865449.094408,31106051742.300573,30993522928.589689,18103959593.3656,26165845876.48178,9811386256.202557,30067174694.78127,12371274992.940211,13588163135.674154,29362382420.753382,22364136619.753074,31112123041.980791,26926827363.733245,1844,0.021342592593,5448,1274503319.275844,41319475.4931145505290084404348,247050.54102936,8009.393636905851090421959912,51853.771135,1681.1024288705529475990545,30.823968963849,0.05878539677865371,0.11434267557655853,,
2020-04-05,4516,10916,220881,280004,889,133919,261506,40,51682,358776,348851,341022,326237,246163,25559,270030,89456,293499,182520,3347,133733,885,220758,10869,8,261495,51549,39,1613998673,4320,940.09837962963,762723535.1084303286486399498864,0.408259340126,0.353339074028,993919150.9854138630739727686896,993930717.1824773407999008,860214177.4857764363634396668688,2434528872.4529191028074652453934,0.24888312,0.007950910406894044430976,0.180387,0.0057627085178311650576,446.496314,14.2639331651838462447072,0,0,0,0,0,0,0.580825192537,34.762338996362,10.835212844460449,30.086005302936,9.377627642691078,0.000004704350586955564,0.0319463626416048,-64.49567631896207,-38.07106080565434,0.0324200611078767,0.00000472596389159412,0.000224614771153707,0.0300157029823987,0.0324200611078767,0.005352087821,30787429978.484477,20631642631.079214,790061678.318826,23875129186.541893,27038693307.003079,9351093624.755039,30787429978.484477,30787429978.484477,30787429978.484477,5017509236.842022,15255005405.293326,30787429978.484477,76.7389917331,26138962325.680464,31105977064.078085,31112080368.070133,18070704596.770904,30992460166.682107,31111861569.557745,12372103890.705385,30059624459.780048,31112122593.385868,31112122549.214245,31112121922.30697,31112103673.742912,31112014835.426809,31110795645.737862,28540171178.931388,30730939596.978784,31081783603.733224,22121988300.678464,31111861226.104299,31105938671.253365,30991879576.343019,18058211191.883613,26124292850.633914,9811386256.202557,30055473712.243809,12340921757.245996,13585841726.246487,29360725227.267319,22358083947.388954,31112122595.484477,26926826917.236931,1794,0.020763888889,5420,894995086.456654,28591837.5943987094397521983392,195115.6313179,6233.23471512729608839496592,45579.086986,1456.0860417280059218351328,30.225909752774,0.05879221843901638,0.11421381573555742,,
2020-04-06,5944,10920,220959,280115,895,133928,261595,39,51718,359003,349068,341237,326442,246253,25578,270130,89481,293641,182580,3346,138835,1065,223949,11859,8,262475,55012,48,1613998699,4320,1037.12962962963,851808464.209299951156262157962,0.455844341746,0.394522797956,1110944968.9778002399489347950278,1110957917.2042267981917004,961497330.1121098391715574398674,2437114750.0074006450772619136143,0.23744286,0.008478558630145569218364,0.180387,0.0064412202397497604038,565.82633,20.204405023529007343442,0,0,0,0,0,0,0.580978068415,13.860645085882,12.118297615297465,11.996069666681,10.488107987323083,0.00000489270143411134,0.0357077851494274,-60.34635534427851,-27.113220174786935,0.0319463626416048,0.00000470435058695557,0.000223443899573649,0.0295792336074478,0.0319463626416048,0.005358469145,30787429412.658147,20628266999.26761,1057368714.54042,23854978981.32613,27024591358.674352,9347514395.087623,30787429412.658147,30787429412.658147,30787429412.658147,5023832476.286863,14831314328.213819,30787429412.658147,76.6742267165,26135673755.690203,31105974695.895731,31112079716.63599,18075460561.098003,30992330735.480038,31111860645.673284,12313489831.175299,30059821374.86204,31112122027.554603,31112121983.377376,31112121356.045158,31112103070.902512,31112014123.600962,31110794694.270758,28539914272.176018,30730891551.520142,31081768971.711995,22115479616.477204,31111886760.547971,31106863357.258885,31006905342.770252,18580275491.445703,26414939613.872421,9811386256.202557,30157657199.236703,12576656722.716912,13559133951.414987,29360527668.596556,22355506943.561836,31112122029.658147,26926826351.410601,2383,0.027581018519,7028,2244637377.040138,80151029.1977235112682575169812,484092.78526898,17285.881168772631270801982052,75642.919436,2701.0411152961340397309464,29.801756584147,0.05933791665936345,0.11631487516831415,,
2020-04-07,7504,10922,220858,280065,892,133833,261509,40,51669,359126,349180,341350,326544,246144,25565,270056,89381,293621,182489,3360,138343,1051,223608,11775,8,262362,54684,46,1613998726,4319,1149.230377402176,839876515.854940066573287285926,0.44988274255,0.389376268343,1096129812.3156555835680308566992,1096142611.1499836168877538,948707064.2462131512997371644762,2436478905.8219044762929408845755,0.23769183,0.008374263455641915895349,0.180563,0.0063615233739463037489,660.783283,23.2804522516654865997649,0,0,0,0,0,0,0.580410928025,12.300108682119,11.959586601234705,10.645819378884,10.35109543283578,0.00000490172415946732,0.0352315999066603,-59.451361793568154,-18.58741656828407,0.0357077851494274,0.00000489270143411134,0.000210529114966755,0.0330052711720297,0.0357077851494274,0.005359151296,30787428751.874864,20618769395.228182,1338312789.173152,23838727678.56242,27022240975.411073,9346747893.938269,30787428751.874864,30787428751.874864,30787428751.874864,4574488476.74002,14811735391.185091,30787428751.874864,76.6219937108,26140533443.625607,31105974080.15787,31112078922.501215,18057815236.522976,30992309507.385561,31111859518.062397,12349845693.495326,30060774589.430204,31112121366.769456,31112121322.60582,31112120694.775511,31112102330.385003,31112013158.031771,31110792117.342818,28542478782.666906,30730862179.087249,31081774894.525306,22128858914.746413,31111884872.731272,31106795038.415551,31005767148.200427,18531633224.301576,26395376830.5543,9811386256.202557,30150729945.002735,12525545499.779511,13562086511.414479,29364699383.537446,22356499167.147908,31112121368.874864,26927731546.669454,2780,0.032175925926,8473,2529418411.896095,89115457.4844633048611420615285,465223.13002528,16390.555184374867458379372384,63594.417686500004,2240.5330802278096723937955766412,29.395999132072,0.05932419943398051,0.11432895494833178,,
2020-04-08,5623,10932,220951,280174,891,133873,261615,40,51690,359374,349424,341588,326774,246247,25578,270158,89430,293765,182577,3363,139625,1086,224398,11989,8,262615,55484,48,1613998750,4320,1044.919675925926,869839799.64549242017946093437,0.465921513741,0.403257921877,1135450014.61194140214657497438,1135463293.20183874849313,982738937.31865117708865368083,2436998466.7503548884070422478273,0.23542109,0.00859179230402396156395,0.180387,0.006583299900386878485,565.481468,20.63748547265061126154,0,0,0,0,0,0,0.580118908713,13.770627263994,12.30624090426044,11.918562181933,10.65112682461278,0.0000049504149502237136,0.036495423175655,-56.32703608915776,-11.490578585732607,0.0352315999066603,0.00000490172415946733,0.000214542612722292,0.0323584903061472,0.0352315999066603,0.005365648877,30787428186.393396,20613760141.767749,1302766295.97286,23834216018.235854,27016832205.412952,9331643012.10614,30787428186.393396,30787428186.393396,30787428186.393396,4537072903.994942,14775689481.619929,30787428186.393396,76.6074938088,26138078003.466994,31105970119.515778,31112078238.275952,18048729568.201369,30992193763.671522,31111858841.469732,12338220962.522306,30060143436.21658,31112120801.286422,31112120757.089579,31112120129.073238,31112101709.616135,31112012449.717732,31110791039.168786,28541905615.741219,30730756303.77834,31081771562.849068,22124183538.865331,31111888298.121487,31106985604.214502,31009115219.714923,18622962289.709861,26450025974.487677,9811386256.202557,30171814195.889367,12569371999.668184,13546025551.222362,29364496838.222927,22350892214.888189,31112120803.393396,26927730981.187986,2402,0.027800925926,6776,2259310357.251616,82454487.57303800415660060848,441484.95318838,16112.1801922941662370448889,78313.6871925,2858.0911545361606512985875,29.042612071535,0.05933042896076867,0.11430161504642102,,
2020-04-09,5786,10930,221086,280374,892,133976,261775,40,51717,359753,349800,341961,327140,246394,25588,270341,89513,294000,182693,3351,139373,1080,224366,11941,8,262746,55309,47,1613998777,4308,1017.138811513463,861219532.1028611835965905439772,0.461448945311,0.399386885401,1124585091.5962845830600944926299,1124598263.5109148329744438,973335277.2067434057413285242569,2437073706.6883424343691716468447,0.23927014,0.008648707649538633495542,0.180563,0.0065266673030059006939,563.959713,20.3850036776620447856889,0,0,0,0,0,0,0.580366346231,18.054141128775,12.201594133253954,15.625969605699,10.560554374055643,0.000004951820449606652,0.0361462054961753,-59.67150496532852,-12.78647849379263,0.036495423175655,0.00000495041495022371,0.000210597354763767,0.0336171041971806,0.036495423175655,0.005367374104,30787427622.433683,20613461777.214532,1060009038.109085,23826001105.260924,27014827484.637998,9301601772.609419,30787427622.433683,30787427622.433683,30787427622.433683,4199139755.392125,14775292713.125302,30787427622.433683,76.5810909764,26133008321.050445,31105967028.687872,31112077527.118085,18056427546.860177,30992145514.631567,31111857588.002961,12342004412.535809,30059008574.543958,31112120237.326553,31112120193.118398,31112119564.753819,31112101058.3492,31112011613.407564,31110789047.771725,28539212705.031734,30730659302.852222,31081757651.375079,22110547791.309144,31111886248.952178,31106936525.509401,31008090228.717799,18611052506.378399,26432255476.033868,9811386256.202557,30165145799.509753,12545705520.675717,13548551802.735942,29363834813.081896,22352592250.220875,31112120239.433683,26927730417.228273,2357,0.027280092593,6741,1723267809.724128,62289592.3752322466044521276384,322613.48405604,11661.253290526695563750863812,70860.235305,2561.3286268418660355289665,28.641143106599,0.05933281445329653,0.1142923839500735,,
2020-04-10,5814,10921,221132,280458,893,133998,261842,40,51713,359996,350041,342198,327367,246452,25580,270418,89477,294105,182727,3349,135216,923,221850,11175,8,262018,52557,40,1613998807,4320,1041.95462962963,789518420.821466579528124489392,0.423773752566,0.366778774548,1031674508.248013118698663049036,1031686610.539558737595016,892920596.370957619560219714676,2434493646.6692893641399072876189,0.23901279,0.00792563814804183091284,0.180563,0.005987449462118228548,561.202042,18.609398739013815159032,0,0,0,0,0,0,0.580577047729,19.245801407452,11.169181325891072,16.657358821012,9.666994745684342,0.000004833928357017873,0.033159891351596,-60.09090822818494,-16.399723623921066,0.0361462054961753,0.00000495182044960665,0.000212270614751226,0.0331190545140363,0.0361462054961753,0.005366520296,30787427061.231641,20611446009.332162,1025498237.952046,23809439314.808452,27016732026.487617,9250177952.177702,30787427061.231641,30787427061.231641,30787427061.231641,4135203303.31875,14768398477.165384,30787427061.231641,76.5278597571,26132315925.615752,31105963496.730293,31112076853.690952,18062982591.383923,30992123416.550983,31111856659.792094,12342955420.183365,30059226901.938842,31112119676.123031,31112119631.889198,31112119003.340372,31112100419.375868,31112010890.235398,31110787527.864428,28539357367.199435,30730210108.064425,31081749044.775744,22114277267.844707,31111862077.646664,31106183400.092349,30995854442.777306,18154934749.319702,26210104927.01678,9818386255.202557,30085072161.302642,12342955420.183365,13548867725.89603,29365824313.461607,22360161716.830156,31112119678.231641,26927729856.026231,2348,0.027175925926,6777,1616566596.503777,53605172.702684575472648978092,296972.57163377,9847.57820977987341521699692,70005.139226,2321.362810787511297304696,28.226129504229,0.059658448740298686,0.1150533716676856,,
2020-04-11,5146,10926,221172,280531,894,134040,261894,40,51742,360250,350291,342445,327612,246491,25590,270470,89506,294211,182773,3354,136876,993,222941,11493,8,262294,53604,40,1613998834,4320,984.557638888889,796936049.2764887475076214197065,0.427942268255,0.370386649406,1041748680.464278002276653086089,1041760918.395400522270701,901639851.686904545465318069754,2434320602.8996399557042079921849,0.25000381,0.008371051096410373686735,0.180563,0.0060459162567208327905,521.507947,17.4620125650128014083945,0,0,0,0,0,0,0.580503134395,24.626382209377,11.25817016105817,21.314284355947,9.744015101375977,0.000004864565978402733,0.0334836940941435,-59.64606457717872,38.128087980039915,0.033159891351596,0.00000483392835701787,0.000210471377023821,0.0303528848640277,0.033159891351596,0.005365981155,30787426539.723694,20599735987.155895,940448931.434111,23800720644.377099,27009514115.932699,9227408315.47413,30787426539.723694,30787426539.723694,30787426539.723694,1982723264.233707,14747424703.835394,30787426539.723694,76.49983765,26131017395.352323,31105960538.34435,31112076198.800365,18060682688.143451,30992139861.068676,31111855861.027302,12344195916.395558,30059098683.309305,31112119154.613972,31112119110.364216,31112118481.812931,31112099813.426877,31112010102.106657,31110785749.573845,28538044387.522677,30730165269.344381,31081754246.197945,22115276534.827678,31111867997.126321,31106495373.555083,31000724982.212271,18359689647.75669,26302758074.103611,9818386255.202557,30115497428.878929,12344195916.395558,13547106821.219311,29365561900.478977,22359246554.462706,31112119156.723694,26927729334.518284,2086,0.024143518519,6452,1263365397.8162,42302140.5096035493721094247,221009.72192483,7400.221920762727478050233105,62879.823301,2105.4487681044805389376935,28.026096783294,0.05965786189052606,0.06925528795807943,,
2020-04-12,4922,10923,221313,280698,896,134145,262041,40,51795,360570,350608,342760,327915,246631,25604,270626,89587,294408,182894,3355,137278,1008,223312,11546,8,262563,53865,41,1613998860,4320,962.597685185185,804733298.1987467708827998550828,0.432738926018,0.374538185086,1052095467.3176854221293682228887,1052107843.7501751028726918,910595056.6837595930683735294357,2431247581.5386619762950404010464,0.24928357,0.008429837806244291356981,0.180563,0.0061059652018337509379,501.309255,16.9524036839618433263415,0,0,0,0,0,0,0.580554231855,24.944330401089,11.347787006384431,21.589470405597,9.821579004287916,0.0000048456621604070095,0.0338162591551633,-59.407031033609904,17.778455939949918,0.0334836940941435,0.00000486456597840272,0.000211344729643305,0.0306722978110337,0.0334836940941435,0.005368434476,30787426038.414439,20603983469.885462,776280320.430745,23797230039.735916,27006454509.181623,9154768391.608975,30787426038.414439,30787426038.414439,30787426038.414439,2007600264.845872,14757353700.401563,30787426038.414439,76.4886194454,26124094319.62504,31105960472.426399,31112075586.233231,18062272147.381837,30992081799.405165,31111855006.148305,12345839770.731535,30058135497.566113,31112118653.304769,31112118609.04291,31112117980.124426,31112099251.675568,31112009402.824354,31110784558.389408,28534454700.801006,30729947195.959064,31081734708.526275,22113928998.39458,31111870773.868335,31106563698.054672,31001549678.830627,18399897828.939675,26312480928.931553,9818386255.202557,30120712590.303477,12375626176.362447,13544376130.76998,29363615093.672277,22359750602.933684,31112118655.414439,26927728833.209029,2011,0.023275462963,6089,1247262129.516068,42177739.4061362081303525139044,245304.96020353,8295.296106289590325818386449,59705.234018,2019.0076664723597995051394,27.970091550237,0.05954955267936286,0.06245739926361628,,
2020-04-13,5997,10954,221457,280866,897,134242,262185,40,51864,360919,350950,343098,328230,246776,25643,270780,89663,294607,183017,3366,135643,935,222294,11252,8,262372,52860,40,1613998885,4320,1027.615046296296,791641613.024364135889320440834,0.42616281873,0.368846523023,1035100764.0200560868388584580097,1035112958.8832051491910954,895886034.6512568776965372859507,2428885671.2224228692101833277556,0.24115817,0.008023336925604633290383,0.180563,0.0060073344614364481237,551.528736,18.3493715891145194640864,0,0,0,0,0,0,0.579858551017,17.024717298392,11.241329416244602,14.73499682512,9.729439282621154,0.000004847330513657679,0.0332700191148599,-60.58888982169055,29.78144517341929,0.0338162591551633,0.00000484566216040701,0.000210497390613687,0.0309970191936469,0.0338162591551633,0.005375904137,30787425486.885703,20594878606.40787,1061318023.437045,23794444189.86766,27003490860.843158,9129272569.217611,30787425486.885703,30787425486.885703,30787425486.885703,2056835579.763457,14745602724.827604,30787425486.885703,76.4796665737,26119666465.974019,31105959794.734611,31112074906.453653,18040627722.780671,30992027933.7218,31111854096.417108,12318929101.780518,30057819614.931205,31112118101.774303,31112118057.481253,31112117427.550276,31112098622.891721,31112008636.608682,31110783700.659056,28532801022.957225,30729756014.93795,31081716013.467986,22099366045.273711,31111859846.212955,31106215510.965922,30996309748.651002,18156600967.776482,26210682737.313018,9818386255.202557,30088241612.074941,12318929101.780518,13523164140.044505,29361655205.542081,22338599631.334606,31112118103.885703,26927728281.680293,2287,0.026469907407,7068,1827467531.976262,60799879.7206360822650182556938,372992.77495106,12409.476752326403101741256494,75343.827567,2506.6905833407982729628633,27.99048179037,0.05952778475090025,0.05847941732337155,,
2020-04-14,5163,10962,221470,280914,897,134266,262200,40,51855,361129,351155,343295,328405,246785,25675,270803,89666,294694,183032,3365,135399,925,222129,11197,8,262372,52649,40,1613998909,4320,988.656712962963,787336870.0856786113669360001838,0.424015462245,0.366987971879,1029761110.9744879674751556156235,1029773260.7675590267240434,891264529.9214849264944800439845,2428593300.639288990283021879841,0.26060747,0.008625688601080163825313,0.180563,0.0059763452324556837177,538.936238,17.8379236973737791493002,0,0,0,0,0,0,0.579589328244,25.499618409825,11.269717100941428,22.070075450512,9.754008970889878,0.000004813934722596362,0.0330983935382979,-59.58655212884871,22.734280701050654,0.0332700191148599,0.00000484733051365767,0.000211643189355023,0.0304745558188863,0.0332700191148599,0.005376343982,30787424947.949465,18564875777.149141,1081386185.450329,23787766894.929722,27001342573.051883,9105250008.048397,30787424947.949465,30787424947.949465,30787424947.949465,2047444549.566675,14734043460.835642,30787424947.949465,76.4582058591,26117453168.238975,31105960644.476152,31112074248.210707,18032251319.712036,30992040011.798092,31111853246.629193,12317352352.597017,30057366365.554541,31112117562.837707,31112117518.493136,31112116887.442409,31112098029.427855,31112007901.85356,31110782512.698728,28534619354.299682,30729609102.187003,31081719743.88616,22092408709.698241,31111858544.137216,31106162746.918372,30995514888.150624,18118184387.056477,26189500969.011581,9821386254.602557,30081704998.667664,12317352352.597017,13518382060.434304,29362587704.097652,22334425316.749883,31112117564.949465,26927727742.744055,2068,0.023935185185,6342,1220101299.749704,40383392.9757044720682081888216,217086.14026892,7185.202502330853271425071268,57082.598819,1889.3423199000409378101801,27.981927249157,0.05950718613761239,0.05798402792675627,,
2020-04-15,5162,10967,221613,281087,895,134352,262354,40,51877,361392,351413,343551,328649,246931,25691,270971,89719,294890,183171,3364,134099,889,221450,10909,8,262337,51694,39,1613998934,4318,985.531727651691,758158779.0832133819766429147254,0.408832970204,0.353847431373,991799678.1402747246760774752158,991811396.8454287923144622,858408675.7266855183101126210788,2425928803.259356223048916340905,0.25455411,0.008114738192222905172727,0.180387,0.0057504209155393845159,527.181571,16.8056230890547048371847,0,0,0,0,0,0,0.579085493383,28.460880512764,10.888384794351333,24.633065819086,9.423963506065752,0.000004811464975531298,0.0318782446381357,-61.733907133082035,32.24319073102524,0.0330983935382979,0.00000481393472259636,0.000208157934648003,0.0301761823515241,0.0330983935382979,0.005384112463,30787424420.767894,18560917828.673775,869761406.519542,23782952533.598222,26994439390.341255,9080114540.628763,30787424420.767894,30787424420.767894,30787424420.767894,1778075341.665327,14707562623.435347,30787424420.767894,76.4427329221,26112372316.163772,31105959325.784777,31112073653.913593,18016575645.008421,30991909346.859972,31111852360.099595,12316314448.566394,30056347890.538731,31112117035.653766,31112116991.296525,31112116359.683098,31112097473.735385,31112007277.714923,31110780847.87573,28532953985.958753,30729247180.248822,31081711572.057851,22081525795.272096,31111851828.88768,31105908392.738456,30991118765.380961,17997831770.91088,26094250787.321068,9821386254.602557,30050630335.728969,12285132315.107005,13518199273.317308,29361835607.885163,22326370730.743987,31112117037.767894,26927727215.562484,2071,0.023969907407,6470,1093153707.026549,34847821.2996772495409377646993,207237.01633253,6606.352304725714960590464321,56129.095301,1789.2970313225109642703457,27.973450341857,0.05952190836989125,0.054178392594010055,,
2020-04-16,5814,10965,221753,281280,895,134462,262524,39,51906,361731,351744,343877,328957,247097,25710,271144,89779,295130,183281,3362,138304,1036,224133,11719,8,263218,54473,45,1613998964,4318,1036.918712366836,820725661.2610009005502837684067,0.442405348247,0.382904528252,1073716336.5570393265164136709209,1073729045.7997353083022626,929308040.5893184668607182910499,2426996736.8421559617094284510853,0.27315061,0.009426754152617079841991,0.180563,0.0062314450260938380753,656.107755,22.6430631218818059010905,0,0,0,0,0,0,0.578835615976,17.445902639579,11.79931915981974,15.099535181039,10.212382726578342,0.000004841779097426686,0.0345111956829131,-58.347815430222056,31.97009895612119,0.0318782446381357,0.0000048114649755313,0.000208421097643679,0.029289250251698,0.0318782446381357,0.005386090672,30787423764.660139,18563281240.824015,843513828.947631,23781432228.595657,26989321905.641414,9002790894.093863,30787423764.660139,30787423764.660139,30787423764.660139,1761597229.171751,14705584068.453536,30787423764.660139,76.4378479974,26106566267.912339,31105953218.944831,31112072870.904704,18008801050.080111,30991875616.401884,31111851371.823619,12276034418.236993,30055603842.495775,31112116379.543252,31112116335.158288,31112115702.768472,31112096772.620711,31112006376.452549,31110779406.944416,28531506289.59931,30728919829.591079,31081684417.154087,22073703691.066037,31111872150.844946,31106668073.661726,31003419750.221616,18431449028.240923,26333350248.116648,9821386254.602557,30132717681.794761,12453497260.850656,13507127707.394858,29361303476.727035,22324311374.974959,31112116381.660139,26927726559.454729,2402,0.027800925926,7320,1783348045.923215,61545473.3835967703122901176165,406505.29662019,14028.983837800010308363475489,80837.606826,2789.8024677104777441248206,28.014614698088,0.059791256577063794,0.0540847485338783,,
2020-04-17,5476,10970,221772,281325,896,134464,262546,40,51895,361929,351932,344059,329124,247102,25701,271178,89794,295209,183277,3360,138345,1037,224191,11734,8,263307,54482,46,1613998992,4320,1009.081018518519,821485927.034524849192413782976,0.44297090288,0.383394018031,1074815289.6996811468001483313054,1074828033.7213564373896692,930259188.3115227602726085123234,2426378984.9670698098469006328189,0.29655848,0.010245063085399528222896,0.188341,0.0065065258851044574582,630.186762,21.7707587801018475921324,0,0,0,0,0,0,0.578997998076,19.850916928032,11.812024888169288,17.181089667854,10.223379579810539,0.000004878490434044494,0.0345465187351902,-57.633392760474734,32.89618269327889,0.0345111956829131,0.00000484177909742668,0.00019952077139661,0.0317464391594772,0.0345111956829131,0.005384791486,30787423134.473377,18562430174.860132,985025939.501977,23779123254.97888,26975359856.997896,8981182498.054607,30787423134.473377,30787423134.473377,30787423134.473377,1727260200.158313,14697786883.777631,30787423134.473377,76.4304280844,26109798617.666465,31105952984.927043,31112072135.048542,18013852736.008996,30991867903.944531,31111850405.243722,12306770278.923733,30055452090.224631,31112115749.35501,31112115704.951074,31112115071.944513,31112096086.944185,31112005590.512039,31110777686.823923,28532126347.635758,30729032152.231943,31081668375.031772,22076515804.147879,31111873126.0754,31106679208.924001,31003525933.328249,18436224384.840135,26339533199.965047,9821386254.602557,30133145249.7293,12482470085.207918,13504812614.164346,29363248241.912257,22331012787.271933,31112115751.473377,26927725929.267967,2125,0.024594907407,6801,1567288597.512575,54144364.897418144926839516765,288237.31984315,9957.59597014239147464941713,69999.631096,2418.2435671143665133944592,28.032729281801,0.0597841450156553,0.05403194905477904,,
2020-04-18,5923,10987,221799,281407,891,134475,262606,40,51871,362102,352097,344223,329274,247150,25716,271240,89807,295307,183316,3361,140446,1090,225379,12095,8,263628,55811,47,1613999033,4320,1036.531944444444,873292403.6810206635774453363792,0.471729200758,0.408284498887,1142298308.4433133316508748116008,1142311876.8662634719936688,988666149.3364680657124255653528,2421512822.6300042331183168525714,0.28516311,0.010469919426348368594808,0.180563,0.0066294692233498943064,660.722916,24.2588029484667260425248,0,0,0,0,0,0,0.578397974346,20.424853246961,12.56180138505361,17.677834993868,10.872315674716573,0.000005055293441793846,0.0367155465037128,-53.783645531791464,19.693780284431135,0.0345465187351902,0.00000487849043404449,0.00020058104464183,0.0318015398002349,0.0345465187351902,0.005388660127,30787422473.750461,18555863026.830802,917595290.134099,23785357616.635514,26979256933.66166,8966378950.041743,30787422473.750461,30787422473.750461,30787422473.750461,1713832845.819289,14694478423.897546,30787422473.750461,76.4504680805,26111838176.175553,31105948439.79102,31112071409.927706,17995184346.100407,30991812520.077108,31111849508.047527,12309597951.434204,30054702111.360657,31112115088.630169,31112115044.214786,31112114410.735848,31112095393.288021,31112004727.095075,31110775583.547452,28533783809.636877,30728980295.694319,31081669288.983721,22069676930.328407,31111879589.427699,31107000561.791475,31009340907.759059,18580399675.561554,26438150833.782754,9821386254.602557,30170408308.240906,12513299059.574112,13505649859.473378,29364867321.829296,22325136088.770625,31112115090.750461,26927725268.545051,2317,0.02681712963,7120,1523247913.439914,55926879.6025866522760207126992,289837.51936727,10641.542920849761004961800056,66814.423798,2453.1280840742441996772144,28.006767172773,0.059958519277240795,0.04645815099750374,,
2020-04-19,5972,10999,221980,281632,891,134616,262805,40,51939,362446,352439,344562,329602,247339,25756,271447,89923,295565,183467,3358,139692,1065,225058,11969,8,263748,55319,47,1613999080,4320,1055.171990740741,850367041.2044492003154935847036,0.460258251387,0.398356320983,1112647233.5947813799939151262464,1112660473.1593517082422424,963002960.1646031138039299394424,2417441143.6202140672007363706282,0.29493782,0.010547716072428132792408,0.180563,0.0064573856861959613772,652.697405,23.342096002305280220082,0,0,0,0,0,0,0.578080972387,31.505748799647,12.36430136258289,27.268417554267,10.701378166434155,0.00000500157850119105,0.0357625077463044,-53.065290500824936,22.13388169884845,0.0367155465037128,0.00000505529344179385,0.000195181865418779,0.0337880632346574,0.0367155465037128,0.005393270135,30787421821.053056,18563714717.546524,856136481.917155,23778171464.844319,26962886492.302607,7622885751.529828,30787421821.053056,30787421821.053056,30787421821.053056,1731670118.489616,14699572566.012974,30787421821.053056,76.4273720842,26104758127.693529,31105944446.79831,31112070651.305606,17985321367.350156,30991759418.088118,31111848516.495633,12302030936.15496,30053713546.53042,31112114435.932864,31112114391.499633,31112113757.825907,31112094693.036233,31112003872.0097,31110774032.863338,28531361532.525682,30728810645.940637,31081648711.568442,22054686512.295331,31111876414.306505,31106858173.709663,31006818124.782754,18500964576.964105,26392918708.920236,9821386254.602557,30153970294.377081,12505732044.294868,13496504760.364883,29362159399.068694,22315778173.876021,31112114438.053056,26927724615.847646,2213,0.025613425926,7589,987505951.244096,35315689.2308886783483263188224,208092.63838755,7441.91459228367722408747022,64467.982666,2305.5367294814427847595304,27.963713435272,0.059979547972909414,0.045813783304613664,,
2020-04-20,6121,11020,222168,281869,891,134723,263025,40,51956,362843,352836,344955,329961,247546,25772,271675,89985,295820,183635,3356,138194,1013,224361,11694,8,263583,54230,43,1613999103,4320,1055.628703703704,810815237.5024816088336118135575,0.439255821985,0.380178589042,1061138180.5493067229544143621559,1061150830.9505304969234614,918421557.7088008014713898184869,2415763496.8925502300778670599006,0.27787722,0.009477534380820771559098,0.180563,0.0061584466708143293467,696.360305,23.7507008745673309716745,0,0,0,0,0,0,0.57770085684,22.601666830488,11.86404577518592,19.561880288321,10.268403871712792,0.000004976733263711847,0.0341069137686809,-53.88207052901973,15.743900203250387,0.0357625077463044,0.00000500157850119105,0.000197331275418763,0.0329333421259011,0.0357625077463044,0.005400653982,30787421124.692751,18564693344.902489,980213069.853886,23772753026.016175,26957774350.252398,7567614900.846035,30787421124.692751,30787421124.692751,30787421124.692751,1713065166.481684,14692640565.428632,30787421124.692751,76.4099579456,26103451725.120676,31105938919.547888,31112069871.107828,17973494766.679199,30991636360.246959,31111847532.561193,12287516124.899931,30052448649.172037,31112113739.571291,31112113695.12285,31112113060.73668,31112093941.718073,31112003045.786838,31110772272.113379,28529475462.389596,30728421403.132629,31081636417.078,22041045178.017553,31111864367.077204,31106599424.821244,31002101781.323767,18340410230.073159,26306888958.860912,9821386254.602557,30121056180.672532,12376117102.086376,13482791872.119722,29361825465.505076,22307924532.149061,31112113741.692751,26927723919.487341,2506,0.02900462963,7703,1376540676.18257,46949554.141640612961036471913,287064.00491622,9790.867261769705485464414198,59148.507089000006,2017.3730308307341244703827120854,27.953478280812,0.059895089711112376,0.04686548085714804,,
2020-04-21,5538,11014,222314,282051,889,134789,263186,37,51976,363232,353222,345339,330313,247699,25773,271851,90026,296041,183748,3364,138846,1032,224836,11796,8,263991,54680,44,1613999126,4320,1030.269907407407,824991038.5732466443552839524952,0.44602725696,0.386039305909,1079595178.3167382151859094766574,1079608072.9184096739532566,934396198.4316204417355982027964,2420469066.5645085103062345457017,0.30922516,0.010730161312539451702836,0.188341,0.0065354620942390097661,696.375057,24.1643231606343270848697,0,0,0,0,0,0,0.577604287689,10.408722521513,12.030075432768488,9.008812701253,10.412103515273941,0.0000050506573671783,0.0347001560692521,-55.621838352234654,28.3017908434251,0.0341069137686809,0.00000497673326371185,0.000199439583757849,0.0314583506790334,0.0341069137686809,0.005403906349,30787420428.317694,18557491830.361925,3128458679.04396,23774850952.450712,26950311136.124836,7561131096.356192,30787420428.317694,30787420428.317694,30787420428.317694,3811101444.202207,14684516053.087809,30787420428.317694,76.4167027737,26101270564.52864,31105936194.663346,31112069021.352772,17970489894.031861,30991542119.832603,31111846413.270565,12247384181.445146,30051907179.497337,31112113043.196029,31112112998.741083,31112112363.496436,31112093158.61919,31112002168.314501,31110770519.261679,28527966851.360877,30728162304.234907,31081614206.069629,22048738770.600414,31111870408.830975,31106692328.301217,31003709719.585766,18398513256.04855,26336108934.354295,9882386254.580935,30132997320.636249,12453004366.429331,13503197055.516632,29362610724.327781,22311808847.607739,31112113045.317694,26927723223.112284,2252,0.026064814815,7438,2989042409.480612,103720238.1065905792210642902852,415314.59838285,14411.481381723650823268966485,59285.58935,2057.219203102590162225135,27.988758376294,0.05984623750544643,0.04365993657070296,,
2020-04-22,6430,11021,222418,282171,890,134833,263282,37,51970,363587,353572,345687,330646,247797,25759,271947,90023,296204,183825,3365,140789,1090,225977,12118,8,264308,55907,45,1613999153,4320,1077.676157407407,871260693.4380219571356288035838,0.471008107664,0.407660382797,1140478733.1819723192467591986854,1140492381.1971033488252964,987091282.2444104497713609877914,2421356903.683067615172309048319,0.2851356,0.01045223430748639096104,0.183024,0.0067091227187814822816,715.405213,26.2246556062210717289742,0,0,0,0,0,0,0.577481952508,25.255578495374,12.714857794784804,21.858856842748,11.004786778612296,0.0000051458212696484375,0.0366570652962534,-50.645357313848315,25.263452852846594,0.0347001560692521,0.00000505065736717831,0.00020234597520492,0.0319987963362488,0.0347001560692521,0.00540756072,30787419712.912481,18549471863.748262,2915164426.622117,23767879026.777157,26947337170.223699,7544821867.79055,30787419712.912481,30787419712.912481,30787419712.912481,3821906403.777937,14684327685.563052,30787419712.912481,76.3942954909,26102816524.057988,31105936168.899733,31112068128.006872,17966683374.918289,30991463670.664213,31111845291.260353,12249503474.111256,30051382614.028854,31112112327.791382,31112112283.327906,31112111647.687304,31112092333.935543,31112001122.783181,31110769685.364715,28527661958.884923,30727835636.730398,31081598258.759249,22046268505.766868,31111875492.384749,31106982988.524217,31008954052.943448,18555107461.824995,26426015601.385446,9882386254.580935,30167051540.101486,12482124961.951164,13501215625.668447,29364834152.580288,22311105782.146647,31112112329.912481,26927722507.707071,2509,0.029039351852,7865,1231890702.310043,45157497.9124267053915330928962,188731.00285844,6918.324695209222160822568696,50932.31993,1867.029377363678399150262,27.984342547547,0.05958867958738216,0.042529713006872354,,
2020-04-23,9167,11021,222452,282238,890,134831,263351,37,51951,363836,353807,345914,330837,247855,25790,272012,90007,296298,183842,3366,145455,1196,228732,13054,9,265098,59144,47,1613999179,4320,1299.060185185185,971937169.084983338968875637287,0.524750985603,0.454175168397,1272718142.9202527976905055113448,1272733413.6336742016904522,1101545290.5111737964687785155578,2425375421.5572164852925088241911,0.27064099,0.011071241496496232076693,0.180387,0.0073791780019296626709,982.697417,40.1996771501244575405919,0,0,0,0,0,0,0.577262960982,15.161793985706,14.142459460495933,13.122624874612,12.24038464573898,0.000005462630403702458,0.0409074822572007,-42.977294419079826,34.75578937161827,0.0366570652962534,0.00000514582126964844,0.000200770637912785,0.0338741616150387,0.0366570652962534,0.005410137127,30787418730.215064,18529367553.632445,989728710.594251,23759398414.55041,26937977364.831714,7584982261.337025,30787418730.215064,30787418730.215064,30787418730.215064,3942701522.505778,14705999768.221331,30787418730.215064,76.3670396695,26101242319.745242,31105929345.173475,31112067051.248201,17959869518.688612,30991414977.382654,31111844355.123901,12263009131.971251,30051117421.840825,31112111345.088518,31112111300.588924,31112110664.178553,31112091297.11908,31112000057.995732,31110768274.086466,28530722003.388959,30727643647.267542,31081586753.120608,22042368867.474454,31111893024.444121,31107674730.73942,31020932311.764522,18822222692.406676,26664848580.976432,10152664997.506307,30250399878.570002,12542899255.227759,13513012634.225399,29366892700.281698,22309299562.342625,31112111347.215064,26927721525.009654,3631,0.042025462963,11418,2052007260.918245,83942450.6176601147223452567715,227353.65173226,9300.465474347213142413484582,83985.620253,3435.6402703595932650057771,28.014032873145,0.06014501267967688,0.04618974148859895,,
2020-04-24,10153,11019,222743,282612,891,135019,263685,38,51960,364455,354416,346508,331381,248187,25786,272366,90080,296726,184104,3383,146323,1210,229345,13185,9,265611,59651,50,1613999203,4320,1349.809027777778,989936967.6705367955192337793408,0.530507227359,0.459157228181,1296415573.8079715580445885997008,1296431173.3969031098869344,1122055555.0285244931578476430768,2443728392.2833914599104567141708,0.26147903,0.010895612148583783351792,0.180387,0.0075165751863412638768,1068.926267,44.5412621450581060935088,0,0,0,0,0,0,0.57684940326,6.108878389474,14.105777047388452,5.287271358342,12.208635728993853,0.000005551119295700951,0.0416691623362064,-39.11612811565,41.563542117451995,0.0409074822572007,0.00000546263040370246,0.000220351692633271,0.0378838294655225,0.0409074822572007,0.005418494177,30787417661.288797,18529457951.539028,3457636981.706897,23757064269.333272,26935004017.734206,7517586509.150555,30787417661.288797,30787417661.288797,30787417661.288797,4116065835.703678,14709804871.027286,30787417661.288797,76.3595399246,26096740784.40434,31105919884.353616,31112065830.247149,17947002248.192689,30991256946.599746,31111842755.173812,12239521504.029311,30049354016.840432,31112110276.159708,31112110231.585872,31112109593.817644,31112090151.176167,31111998737.647086,31110766398.269078,28527428946.741641,30726823728.257658,31081565064.983392,22047361688.092603,31111895746.875412,31107742912.629928,31022421080.168306,18840434317.550933,26692981825.532816,10137664997.440993,30260731276.762486,12566382012.991789,13481735803.84458,29368166820.729857,22303859290.110491,31112110278.288797,26927720456.083387,4088,0.047314814815,12294,5092933316.841827,212218265.1469561935344240250928,683733.01273561,28490.581902303611031813589904,86974.13523700001,3624.139360241722711836540162064,28.192709057561,0.060085394838783855,0.04556151506324044,,
2020-04-25,7748,11026,223035,282963,893,135153,264027,37,52013,364991,354941,347027,331866,248505,25812,272730,90190,297092,184321,3388,146889,1218,229931,13276,9,266054,60004,52,1613999226,4320,1152.060648148148,1001477994.3927346038480008439844,0.536722873007,0.464536905378,1311884529.7618930985677929180494,1311900349.5169635635212658,1135444025.8057982767367793713064,2444249343.076885584670096601471,0.27440994,0.011570869388704141249062,0.180387,0.0076062638854123649001,807.039619,34.0299262590799482604937,0,0,0,0,0,0,0.577051611963,16.789819715693,14.245110350001102,14.531690905754,12.3292294991761,0.000005594034010391712,0.0421663639032323,-37.485365898172,37.05471298299422,0.0416691623362064,0.00000555111929570095,0.000222091213063756,0.0385388301529609,0.0416691623362064,0.005428253131,30787416854.249178,18515947310.288404,3366713253.487689,23750636803.567628,26927799694.984453,7519455557.189914,30787416854.249178,30787416854.249178,30787416854.249178,4145593061.120993,14705653820.267565,30787416854.249178,76.3388828569,26093192369.315383,31105911238.733291,31112064920.540778,17953292921.943311,30991041214.799127,31111841498.509406,12213438654.697004,30048135607.366434,31112109469.116123,31112109424.51458,31112108786.018101,31112089268.02611,31111997887.494062,31110763359.933634,28525286519.498369,30726508486.970385,31081502441.014111,22046821599.919967,31111896911.833993,31107804819.723105,31023243362.203311,18859411220.056851,26709428580.30081,10137664997.440993,30266722906.004108,12619236772.380965,13483300832.398097,29367546538.550009,22303354970.411943,31112109471.249178,26927719649.043768,2941,0.034039351852,9294,1853034159.870695,78135712.7102280646308605474485,262130.69269872,11053.098178540585622218072656,58145.414365,2451.7807014188208463519895,28.220032493497,0.0600847441802007,0.04514315101210265,,
2020-04-26,8178,11033,223336,283360,889,135318,264381,37,52076,365617,355561,347634,332428,248835,25861,273114,90299,297500,184554,3385,150160,1341,232277,13952,9,266822,62303,56,1613999252,4320,1195.526157407407,1092653469.8104749498906266209532,0.584442006688,0.505838102932,1430871051.993408754412427530968,1430888349.9242702035334104,1238427577.412050194072360010884,2448268665.8701838935442115843439,0.25469496,0.011713627349118917505504,0.180387,0.0082961441271767378988,942.371358,43.3404214676848509022392,0,0,0,0,0,0,0.576425520786,9.973116173984,15.353976304231093,8.631792561174,13.288959652653961,0.000005985215934180395,0.0459908093553124,-33.4440680162626,56.48469114273476,0.0421663639032323,0.00000559403401039171,0.000217593311994728,0.039061672099771,0.0421663639032323,0.005437925202,30787415911.87782,18526754206.179024,1420242051.029412,23758083085.012343,26930053979.350086,7308648889.800716,30787415911.87782,30787415911.87782,30787415911.87782,4688372583.965972,14719626213.374969,30787415911.87782,76.3628188779,26083561467.862583,31105902004.384055,31112063858.657303,17933813361.499497,30990853663.355807,31111839768.407462,12219863799.366736,30046598905.554838,31112108526.743699,31112108482.065448,31112107842.345294,31112088228.321222,31111996716.937632,31110760211.974513,28523756958.002866,30726024281.351675,31081448546.206284,22032131222.20318,31111904556.582445,31108263007.73804,31030117062.558389,19128966770.435599,26852783539.497874,10137654997.269747,30316048010.049163,12712170603.287666,13490141992.225444,29366206278.890684,22298001721.652985,31112108528.87782,26927718706.67241,3700,0.042824074074,10015,3119597524.596901,143472815.0190405593814929268724,536853.8393037,24690.34257508398578551197588,64640.410917,2972.8648151328013929054708,28.374789568088,0.06042577462586704,0.045927571768921954,,
2020-04-27,10196,11047,223407,283487,894,135309,264463,37,52045,365993,355932,347996,332747,248898,25888,273210,90295,297674,184597,3392,150682,1361,232605,14097,9,266948,62671,58,1613999275,4320,1374.690277777778,1108137714.7329892332761423822389,0.589414840276,0.510142116868,1451435997.7755864208177034943017,1451453594.8485802623192794,1256226653.6372239103616575846027,2462503314.4684255732776346704496,0.28421173,0.013258990463163476281547,0.180563,0.0084235900291665891757,1083.130917,50.5300133068417365663963,0,0,0,0,0,0,0.576036596564,6.006089666479,15.43789257011372,5.198307010939,13.361589592849167,0.000005998310096639976,0.0466518059024639,-30.18605453230567,56.35790008368792,0.0459908093553124,0.00000598521593418039,0.00023338191332944,0.0425536644965743,0.0459908093553124,0.005446782373,30787414828.746903,18504999149.568431,3881593013.85233,23753372314.242251,26915603642.05738,7360067823.455304,30787414828.746903,30787414828.746903,30787414828.746903,4803946298.249344,14731214600.649217,30787414828.746903,76.3476802581,26081850755.036726,31105898914.181268,31112062605.762341,17921712484.996396,30990712847.970496,31111838143.462315,12183622061.475717,30046017273.453267,31112107443.612428,31112107398.88295,31112106758.269092,31112087053.609302,31111995273.036519,31110756961.458849,28525540415.529791,30725948873.072841,31081426150.996696,22025326898.689446,31111903880.774125,31108315958.452287,31031132447.166554,19147776374.720736,26879618177.211299,10110164996.663815,30324073867.281785,12715635120.568058,13447876763.714239,29368683906.333094,22287396385.211029,31112107445.746903,26927717573.541493,3811,0.044108796296,13107,5180093733.763413,241660727.4241002527481563732907,612323.26954584,28565.986320414612136289995176,85142.345368,3972.0441701884822959522152,28.618778232588,0.06036298588235826,0.045927716253843245,,
2020-04-28,8770,11088,223768,283899,889,135522,264846,36,52116,366640,356570,348627,333326,249274,25954,273605,90435,298128,184892,3399,151188,1373,233142,14192,9,267360,62958,59,1613999297,4317,1240.677090572157,1117602472.925076968674473969825,0.59398370368,0.514096493461,1463324533.977411147825611244507,1463342318.832004350857877,1266516247.9254587367255674285685,2463576904.4025172155426978525167,0.26452666,0.01244172750719387247867,0.180387,0.0084843089155557367065,927.959517,43.6455797998630456781415,0,0,0,0,0,0,0.574448849588,14.915467149714,15.858049391326123,12.909427165254,13.725237804855258,0.000006053350546886966,0.0470339265886995,-26.196106771234657,66.49137048771898,0.0466518059024639,0.00000599831009663997,0.000237334406982533,0.0431367407363506,0.0466518059024639,0.005460015284,30787413900.787386,18476288325.667773,3871279880.238628,23761623874.15035,26914462668.344291,7401627800.487701,30787413900.787386,30787413900.787386,30787413900.787386,4867398964.316729,14728648687.676469,30787413900.787386,76.3742045578,26076539678.107825,31105894535.906026,31112061532.192529,17872313797.410401,30990545385.817633,31111836762.829122,12149307930.942073,30044395394.151372,31112106515.647788,31112106470.886923,31112105829.153081,31112086051.220797,31111994117.434521,31110754977.080862,28523959805.985988,30725374955.031877,31081383776.835686,22001779647.39037,31111903151.175746,31108348882.459643,31031594379.125708,19138366859.823068,26885970942.14417,10110164996.663815,30327119404.3189,12722142109.016595,13428585712.374837,29366826585.28777,22263881261.83654,31112106517.787386,26927716645.919063,3508,0.040601851852,10606,2085895547.588274,98107858.056962023701167109663,332609.63220488,15643.93702381866693307675356,65354.6794795,3073.88719686678864924191025,28.596682543615,0.060361107881068375,0.04404145041645954,,
2020-04-29,10771,11101,224080,284321,893,135670,265199,37,52176,367367,357296,349341,333991,249607,25985,273990,90570,298595,185140,3402,157167,1627,236778,15573,9,268978,67253,66,1613999322,4320,1374.554166666667,1221800008.7448381545003975661624,0.64710522649,0.560073490026,1600752814.3350434345053634021904,1600772328.3129563632339164,1385461249.1009252775115869368322,2473713314.0110199638896318799131,0.26621413,0.013697016408642763656642,0.180387,0.0092811140374323564558,1143.92213,58.856080196868515623842,0,0,0,0,0,0,0.574306095662,6.934720914304,17.28178200712951,6.002042922592,14.957486922322623,0.000005872184536027626,0.0514511247342234,-25.344466196544392,72.64822413697259,0.0470339265886995,0.00000605335054688696,0.000238186970521068,0.0435124488547214,0.0470339265886995,0.005473275957,30787412756.865256,18651209455.511357,3556690427.099689,23746808549.981836,26907294836.630617,7624559583.753706,30787412756.865256,30787412756.865256,30787412756.865256,5134401297.449245,14896594570.4727,30787412756.865256,76.326588203,26070461897.872664,31105887849.1352,31112060186.432025,17867871765.089468,30990265622.455354,31111834479.830059,12109053021.343328,30042654618.827009,31112105371.726436,31112105326.936649,31112104684.171848,31112084778.475266,31111992481.672364,31110751520.176355,28520459579.287938,30725089451.691779,31081333230.731616,21994896686.08936,31111926415.579042,31109011941.61721,31043144611.03328,19639186620.659808,27156661194.805672,10080164996.403815,30411240383.590738,12812517650.780909,13389132850.55439,29366159908.039327,22260845674.362468,31112105373.865256,26927715501.996933,4297,0.049733796296,13044,4486425013.829996,230831612.9973070666148106851064,546723.97271827,28129.563315517860946195441518,54439.400225,2800.968371432784427160265,28.797397973434,0.06070559341554992,0.04555113207433127,,
2020-04-30,11396,11087,224024,284372,893,135591,265209,37,52122,367703,357619,349663,334233,249582,25982,274019,90501,298679,185045,3407,152160,1415,233808,14398,9,267910,63614,62,1613999348,4320,1428.147222222222,1139132919.129378468725823087604,0.60328750731,0.522148985793,1492247819.2548999985141429455216,1492266067.2073784106649328,1291549511.5240154560849778162552,2473526803.0125604705652132393117,0.26483687,0.012702523727793043173016,0.180387,0.0086520058467893978616,1182.231794,56.7040662239979542544592,0,0,0,0,0,0,0.574454069437,11.719572107769,16.251042357377983,10.143360530168,14.065375434026588,0.000005543377158793598,0.0479635774572968,-29.522712788792546,57.05384127549894,0.0514511247342234,0.00000587218453602762,0.000238880957650701,0.0472989202733814,0.0514511247342234,0.005471102216,30788565420.633462,18653677987.234679,3616043276.698198,23749957353.443405,26898659715.864381,7035294440.28348,30788565420.633462,30788565420.633462,30788565420.633462,5233365979.004801,14831635494.920264,30788565420.633462,76.3367119342,26071298900.715764,31105877910.503122,31112058853.245614,17872474861.641476,30990248227.157496,31111832682.062455,12114596585.771986,30042887532.067143,31112104189.492149,31112104144.700638,31112103499.944076,31112083492.992175,31111991025.573058,31110747296.489232,28522710680.839519,30725077802.706626,31081295095.482328,22007795157.82974,31111903115.906944,31108418416.191454,31033231376.39608,19216047015.088088,26923368392.864202,10084164995.403815,30339445587.925724,12738936437.540647,13399771887.285221,29370780302.462142,22272653600.072268,31112104191.633462,26927714319.765139,4464,0.051666666667,13280,2654713321.061411,127329548.0016466148659028537848,235368.77123919,11289.128290359660890243621592,64221.8800255,3080.3111170562914391450684,28.843549932739,0.060936859702569054,0.048297760670556245,,
2020-05-01,8856,11090,224303,284701,897,135781,265506,37,52192,368236,358139,350177,334701,249862,25992,274323,90660,299044,185299,3408,156975,1617,236849,15501,9,269233,67027,67,1613999373,4320,1221.948842592593,1209575772.330349012568336685268,0.639570208716,0.553833879878,1585420965.5541129000829249583592,1585440397.7930607064545104,1372890470.2358281432719234253992,2478884951.0930096939570934287831,0.27038871,0.013778558312483306106504,0.180211,0.0091832524074356842664,881.467179,44.9180993037455606718696,0,0,0,0,0,0,0.574347686412,19.260033398484,17.265047830506408,16.678167429154,14.950615735287492,0.000005754404782090767,0.0509583344381624,-24.224776150427523,64.94162124301961,0.0479635774572968,0.0000055433771587936,0.000231837052901769,0.0439178323647863,0.0479635774572968,0.005477497174,30788564539.166283,18644334270.778399,1541771308.71989,23736564110.001695,26898026582.443763,7038852690.985462,30788564539.166283,30788564539.166283,30788564539.166283,5397000060.876448,14838885407.844077,30788564539.166283,76.2936657588,26063953755.551566,31105874368.451442,31112057849.459569,17869164555.591593,30990126901.672804,31111831577.750584,12097148150.324578,30041104725.901193,31112103308.022218,31112103263.193397,31112102617.458688,31112082552.42595,31111989897.160692,31110745149.154196,28517763533.870807,30724758029.795425,31081282263.826539,22000127404.092757,31111922490.742443,31108969829.385085,31042429284.840692,19609444655.248014,27137732968.842086,10084164995.403815,30405132577.509725,12819208695.867747,13375584744.28434,29368547527.121722,22268639237.341195,31112103310.166283,26941431374.720883,3260,0.037731481481,10273,1615371202.451581,82316625.9763042063831246147544,216774.57524183,11046.471302863772058160813192,63836.050353,3252.9788030995489311913272,28.873601359114,0.06108768850947087,0.04899941866481845,,
2020-05-02,7254,11073,224554,285001,898,135945,265767,37,52204,368715,358607,350641,335140,250123,25967,274605,90720,299377,185518,3408,157154,1619,237093,15475,9,269504,67042,67,1613999399,4320,1118.056712962963,1209426223.5772459474027614077907,0.639445083507,0.553725525886,1585422970.6375682779563377046775,1585442443.5546864025768826,1372892201.0820859465400744719375,2479373149.5147706893433559097723,0.2863497,0.01459192260742566812007,0.180387,0.0091922329354132167597,797.770258,40.6530960683458301928398,0,0,0,0,0,0,0.574814196837,23.019555385386,17.328680374883653,19.933713997006,15.005718084275514,0.000005676373078652685,0.0509584001918831,-25.71232234383955,59.508405504471455,0.0509583344381624,0.00000575440478209076,0.000239563103542754,0.0464000288997401,0.0509583344381624,0.005479320373,30788563741.396025,18635481801.045193,1358758678.754009,23733598759.442397,26893432816.097741,6809529711.955814,30788563741.396025,30788563741.396025,30788563741.396025,5263141600.243894,14809264975.141749,30788563741.396025,76.2841365349,26063843276.014986,31105871694.384688,31112056934.474191,17883678217.558294,30990003085.889629,31111830128.384721,12119451032.14768,30039759793.4724,31112102510.24952,31112102465.404892,31112101819.115096,31112081683.718967,31111988840.17521,31110743908.756852,28514663472.345298,30724114300.497919,31081252378.366949,22010461925.77343,31111921277.477554,31108965950.755471,31042352013.005723,19626890578.491513,27135002746.630977,10084164995.403815,30403879019.894945,12841952992.021709,13398280506.930545,29369776559.613499,22283680856.895015,31112102512.396025,26941430576.950625,2786,0.03224537037,8677,1351550974.444427,68872875.4354686796212174304837,169620.38284063,8643.583349493244674646890353,44840.531999,2285.0017744219818856173169,28.868087799967,0.06104950473445616,0.0489846530973654,,
2020-05-03,8214,11066,224772,285301,897,136073,266040,37,52244,369274,359156,351187,335665,250397,25982,274892,90792,299710,185688,3405,153557,1462,234983,14572,9,268837,64454,67,1613999430,4320,1224.816898148148,1163352406.7282188118888918273859,0.615321551021,0.532835823851,1525258827.1888488309632276249544,1525277605.9646211699857478,1320793237.9779320127493299367344,2478799620.5521326923760078271667,0.28661091,0.014050989743255540997363,0.180563,0.0088520317004382361059,914.288817,44.8226579722322583853281,0,0,0,0,0,0,0.574904311576,22.472869149066,16.739314130361443,19.460312624287,14.495358110805684,0.000005510367752621955,0.0490246157874993,-25.961661062628608,51.4777579048041,0.0509584001918831,0.00000567637307865268,0.000237974497208804,0.0464304139637273,0.0509584001918831,0.005483346923,30789021809.107208,18622738987.728498,992083211.150777,23729964795.050163,26889015049.101693,6793931179.58763,30789021809.107208,30789021809.107208,30789021809.107208,5252657194.905563,14796303168.570935,30789021809.107208,76.2724585487,26057519347.061292,31105860414.831873,31112055853.698827,17886481350.945369,30989889938.451029,31111828785.729331,12124767566.960648,30038976800.582249,31112101595.958642,31112101551.096151,31112100904.083116,31112080643.366003,31111987700.007169,31110742653.58226,28512625420.568946,30723682041.365511,31081209451.280692,22007098220.088415,31111901169.76638,31108490195.62151,31034784232.665356,19315756587.268499,26950396892.387293,10084164995.403815,30350441270.099287,12848135233.034003,13405328642.209696,29370041573.532561,22287785430.502747,31112101598.107208,26941429662.661808,3190,0.036921296296,10121,1384429437.635938,67871121.2650055836515648298434,156009.26280888,7648.294168496345836709033784,48170.552431000004,2361.5428252013655811242614499972,28.861474414413,0.06108783737491939,0.049976862579449007,,
2020-05-04,8292,11085,224865,285436,896,136140,266168,37,52286,369575,359457,351476,335934,250509,26014,275023,90859,299886,185776,3410,154075,1495,235292,14714,9,269003,64825,66,1613999455,4320,1226.063194444444,1175149647.6276893802343025267994,0.621447866667,0.538142903199,1540145435.7840070812392421961899,1540164441.2270079590076702,1333689245.0965211919652590489012,2478318002.8337671591586116506235,0.28344317,0.014031315612036375499329,0.180563,0.0089384282600851665231,876.406281,43.3848278407344889915197,0,0,0,0,0,0,0.574062471198,13.207321933794,16.928953129533113,11.436883043881,14.65963031478787,0.000005573446832168634,0.0495031000818837,-24.35427889908954,52.69280312940726,0.0490246157874993,0.00000551036775262195,0.000233349904991686,0.0447662709736716,0.0490246157874993,0.005489402343,30789020932.700927,18628277813.49526,1349211538.527348,23738910203.277362,26884466898.30931,6833790230.15418,30789020932.700927,30789020932.700927,30789020932.700927,5227658666.016834,14763163943.116137,30789020932.700927,76.3012128806,26053967481.385631,31105853731.951696,31112054847.991211,17860289424.455882,30989827171.012626,31111827678.013983,12110873359.29855,30038470167.182555,31112100719.553001,31112100674.641985,31112100027.114528,31112079700.44385,31111986670.734814,31110740875.152232,28511871826.780759,30723693105.833195,31081200256.165485,21995576397.39725,31111900847.555571,31108528695.517417,31035647005.089331,19364654949.086815,26972646170.142188,10084164995.403815,30356691292.386233,12808917903.886075,13387323689.904119,29368775850.576789,22274474169.313546,31112100721.700927,26941529780.770276,3092,0.035787037037,10043,2355670655.84224,116613000.236115020225789227488,284340.2162071,14075.72218020452097183731427,82575.7810285,4087.75715259354883100338545,28.910088104129,0.06108522898692174,0.04993132419300597,,
2020-05-05,7584,11084,225126,285781,899,136267,266461,37,52315,370096,359970,351985,336417,250785,25996,275331,90929,300288,185981,3415,154134,1485,235543,14697,9,269297,64797,66,1613999480,4320,1169.302777777778,1172805085.2660754384488765695393,0.620233883316,0.537091651785,1537208672.9223130255728611135341,1537227684.4834476548362834,1331146149.0369045910650374901612,2478433884.8185550467011138493853,0.29766849,0.014707415651074140618771,0.180563,0.0089213846322964854377,857.285248,42.3573569169856577924992,0,0,0,0,0,0,0.574489582029,22.923911843695,16.972510869129565,19.850965915763,14.697349085325268,0.0000054984832536898085,0.0494087084967379,-25.533774735210503,54.661452544808064,0.0495031000818837,0.00000557344683216863,0.00023918940501226,0.0453951189623427,0.0495031000818837,0.005496126916,30789020075.415679,18603512035.33207,1315905364.206417,23736809176.939067,26880667243.759173,6852450383.503868,30789020075.415679,30789020075.415679,30789020075.415679,4715211893.148484,14724612479.428858,30789020075.415679,76.2944618987,26051776634.672117,31105848516.216099,31112053839.583933,17873577247.160346,30989655984.082667,31111826093.378936,12119326227.665637,30037259168.135975,31112099862.266778,31112099817.325224,31112099169.112506,31112078794.0137,31111985401.703715,31110738478.079852,28506996989.718065,30723183326.725797,31081157464.757203,21999288376.886897,31111899346.883827,31108521517.80535,31035334841.648457,19346456507.147787,26966799950.148959,10089164994.803815,30354352685.395657,12816666802.780712,13391570693.287265,29369141807.348149,22278211946.958387,31112099864.415679,26941528923.485028,2880,0.033333333333,9531,1357189823.296798,67056996.3540107124428065152442,163978.76520317,8101.979009578454675975739143,56028.6505585,2768.30326291051763626311715,28.901902519614,0.061039190710267165,0.049730661746202574,,
2020-05-06,7883,11069,225290,286046,898,136348,266696,37,52355,370531,360402,352405,336800,250998,26014,275579,91001,300577,186115,3417,154887,1505,236041,14893,9,269582,65397,66,1613999505,4320,1158.356481481481,1185253438.629789380478800672344,0.62632092832,0.542362727224,1553360754.1648775957237871515344,1553380009.3141574788406102,1345133041.0614463045098513748859,2480135476.761689977387123003151,0.2890264,0.01443047178752916772568,0.180563,0.0090151255296112365931,877.773167,43.8253423294329814143079,0,0,0,0,0,0,0.57431379156,20.6582707928,17.24064965212736,17.889033529452,14.929543851459691,0.000005387814241223792,0.0499278674457737,-21.924510311562628,39.823478932784866,0.0494087084967379,0.00000549848325368981,0.000241152880563021,0.0456158795549854,0.0494087084967379,0.005500953741,30789019197.642512,18590717485.673787,1120692993.794936,23739316323.03512,26877825880.171371,6827026241.803193,30789019197.642512,30789019197.642512,30789019197.642512,4687048225.348401,14717169549.347158,30789019197.642512,76.3025224792,26044096946.958719,31105836617.574975,31112052858.757912,17868107532.40453,30989544814.256362,31111824773.952916,12117509098.932238,30036822504.287807,31112098984.492806,31112098939.48705,31112098290.111522,31112077863.864715,31111984359.765504,31110735969.891162,28505892311.804687,30723056370.973447,31081128358.815703,21996895813.298408,31111899073.630556,31108577998.337696,31036579005.935106,19383831945.756627,27001769109.806645,10089164994.803815,30365058053.86739,12811122363.837874,13386922959.086392,29369270452.432578,22278713503.811514,31112098986.642512,26941528045.883107,3037,0.035150462963,9521,1506035974.583381,75193164.5075656557014667068797,186155.5632052,9294.35028400257349396586324,61063.280765,3048.7593878389828557528805,28.903044330722,0.061001498179147,0.0462501654061115,,
2020-05-07,8856,11076,225436,286243,900,136426,266854,37,52349,370950,360817,352817,337176,251150,26041,275756,91026,300817,186228,3414,158007,1622,238181,15566,9,270665,67413,66,1613999530,4320,1260.728009259259,1217051876.1795416465063393040528,0.642391421433,0.556288074163,1595889562.0721786966098100104314,1595909398.2819934334378442,1381983478.3631780658563561506089,2484294635.3672809863344840973042,0.29547767,0.015156474833201446738209,0.183507,0.0094129591153751073189,1050.42313,53.881268706558067833951,0,0,0,0,0,0,0.574281818412,18.037350874086,17.763948941042678,15.619702950535,15.382946621401445,0.000005132688616759667,0.0512948231695527,-19.934127257852065,45.593226834571766,0.0499278674457737,0.0000053878142412238,0.000246270266924318,0.0463368944849367,0.0499278674457737,0.005506885972,30789018147.219382,18567472067.661696,1599647575.389679,23726602432.308464,26870185171.236383,6827122721.811796,30789018147.219382,30789018147.219382,30789018147.219382,2825447758.890231,14555383331.607062,30789018147.219382,76.2616602742,26040236013.558286,31105832339.286398,31112051654.234304,17867112177.434044,30989433985.540883,31111823054.474084,12111945772.985975,30035747043.01866,31112097934.068907,31112097889.055466,31112097238.817231,31112076724.348629,31111983017.487311,31110732959.1096,28505685211.513007,30722670583.772763,31081107395.164125,21986017162.141406,31111915828.86137,31108970362.795369,31042540872.030486,19609825368.810081,27131167272.948143,10083164994.461323,30404359747.277174,12805475219.299865,13380464994.542957,29370378292.365538,22274648739.580928,31112097936.219382,26941967882.316207,3555,0.041145833333,11122,1724870694.893281,88476937.2848943362542950054087,211841.5368152,10866.37417090197224876656104,77967.679684,3999.3383423311065351573468,28.952191132467,0.06103195738122818,0.04609751580837139,,
2020-05-08,9045,11067,225710,286533,897,136624,267145,37,52421,371407,361272,353267,337584,251429,26067,276047,91121,301128,186462,3413,158787,1677,238786,15757,9,271038,67989,68,1613999557,4320,1268.244907407407,1240449829.3281876818147552823146,0.65470422004,0.566951861404,1626585175.7319624977190020283173,1626605450.3690909142111862,1408568121.122083857506199292226,2484458058.9873838444018127510572,0.2922957,0.01528163964238629992229,0.180563,0.0094400933669164393211,1088.216873,56.8935434423101590597281,0,0,0,0,0,0,0.573552717708,22.860405919419,18.18628359605049,19.796343588041,15.748710671456077,0.0000053027408902316575,0.0522814384282297,-14.844481803082818,43.254780679197836,0.0512948231695527,0.00000513268861675967,0.000240830972738931,0.047288727450502,0.0512948231695527,0.00551181207,30789017059.002509,18544294307.552571,1651967620.833177,23726390600.959418,26869247261.988054,6794570933.949049,30789017059.002509,30789017059.002509,30789017059.002509,2777715120.077881,14529924783.872228,30789017059.002509,76.2609820768,26026089065.442113,31105828985.204253,31112050472.399151,17844427700.752099,30989373306.604424,31111821897.449646,12106816098.96807,30034551932.871749,31112096845.851818,31112096800.814912,31112096149.320898,31112075581.121503,31111981843.372327,31110731078.076751,28501360306.804544,30722012064.908593,31081072078.906252,21971135103.171166,31111916257.057562,31109031599.84196,31043591931.413327,19701623599.940635,27157409767.60279,10085164993.461323,30412937449.486806,12837014481.583752,13372124748.854602,29367877339.101824,22265552571.333024,31112096848.002509,26942030737.27058,3723,0.043090277778,11419,1360959947.853524,71152943.7169907182688422264628,135213.32319285,7069.147031183310145177197645,83380.747259,4359.2654039211908264973923,28.986301627757,0.06099595685336195,0.045916740529698824,,
2020-05-09,7986,11062,226059,286980,897,136801,267560,37,52470,372016,361879,353872,338146,251816,26098,276476,91247,301597,186729,3404,158648,1633,238959,15667,9,271420,67766,66,1613999721,4320,1204.589583333333,1226108114.8726604834105098614756,0.64709334283,0.560361094778,1607199626.5334055503537577015627,1607219708.2805872532759958,1391780880.192199754852910690561,2483721466.6800661992839087259336,0.29717607,0.015351626267327957758911,0.180563,0.0093275871563532623499,943.53401,48.741412765951444103073,0,0,0,0,0,0,0.573607251441,29.491316379177,18.06422623081742,25.538489177458,15.64301301994829,0.000005393810662557756,0.0516583527984873,-17.41085605655796,42.915008890638234,0.0522814384282297,0.00000530274089023166,0.000246130918111627,0.0482839498024164,0.0522814384282297,0.005522380734,30789016115.468499,18506630426.291853,1211710048.491327,23734944078.754372,26872638298.224026,6805157815.799174,30789016115.468499,30789016115.468499,30789016115.468499,2751735843.951084,14527460389.665831,30789016115.468499,76.2884768408,26017141399.951201,31105819361.968888,31112049437.35443,17846123818.33691,30989139666.911256,31111820373.61094,12106462388.680665,30032779389.479667,31112095902.317665,31112095857.266977,31112095204.857563,31112074581.361956,31111980697.053975,31110727693.10037,28498995672.020585,30721485326.459003,31081005279.539098,21956426276.369009,31111914194.32554,31108989070.776785,31042771556.483073,19617774012.334382,27132730447.063595,10085164993.461323,30405971461.221609,12797604274.109852,13373020445.507672,29367282186.311984,22265077959.470354,31112095904.468499,26942029793.73657,3175,0.036747685185,10148,1054957856.219536,54497385.1241246301911975078928,119958.11465916,6196.838608104278391603088668,64601.961379,3337.2309123906331242219867,29.007855071737,0.06098970734658384,0.045957282803677973,,
2020-05-10,10048,11078,226058,287032,899,136741,267584,36,52416,372294,362152,354147,338382,251824,26112,276525,91189,301687,186713,3401,153007,1396,235733,14383,9,270200,63669,58,1614039851,4319,1370.524426950683,1128775227.1363361008738741001112,0.597431221741,0.517547388983,1479617220.0654270857036823252192,1479635759.9192303341977228,1281774371.796836786671733606949,2476631897.0631959904196608213092,0.28284161,0.013451274152832203142498,0.184078,0.0087543117984127098204,1098.273955,52.231296744564203960919,0,0,0,0,0,0,0.573545416583,17.672158574126,16.708064849625742,15.309175675613,14.473993027482376,0.000005456963802325134,0.0475576212171618,-38.72233872253291,43.419110493776785,0.0516583527984873,0.00000539381066255775,0.000245087815838906,0.0477132224886652,0.0516583527984873,0.005526531995,30789015017.194544,18441466886.518313,1362472242.698174,23734896705.241484,26871222582.081964,7099592010.210038,30789015017.194544,30789015017.194544,30789015017.194544,3077397265.242799,14524843586.365095,30789015017.194544,76.2883272666,26019818287.956633,31105814224.407494,31112048175.040299,17844199376.385798,30989055412.128079,31111818669.388159,12066628135.074496,30032503139.411981,31112094804.0422,31112094759.016232,31112094106.158954,31112073387.814893,31111979443.048489,31110724896.377798,28502277531.485223,30721357203.735862,31080991156.558476,21950013381.944015,31111887547.101163,31108337386.570807,31031443640.112343,19136001334.392945,26873490052.357173,10075164992.116633,30324352924.513442,12617283355.994606,13361321181.844529,29371023282.914891,22263400297.384493,31112094806.194544,26952028696.807305,3883,0.04494212963,11975,1760514691.835447,83725890.8615585221970179743246,189634.56838482,9018.568972925235925890603876,76934.481707,3658.8209395601695765591926,29.044802906663,0.061303668665249535,0.0457018057711159,,
2020-05-11,8511,11078,226335,287395,901,136870,267922,36,52458,372910,362764,354751,338943,252152,26131,276873,91268,302096,186928,3408,153619,1415,236234,14481,9,270672,64006,61,1614039869,4320,1255.928009259259,1137445089.1595962225803822731346,0.599782345737,0.519584136441,1491644771.1596772260479171952344,1491663510.4893353421351092,1292193686.2752652075262017939998,2486976787.0999203457816798959505,0.29569249,0.014176742959532152235198,0.183945,0.008819097785307776139,1017.182172,48.7679960876335503631944,0,0,0,0,0,0,0.573210869105,16.551004533774,16.833385772092896,14.337933517126,14.58255694244365,0.000005580324422235072,0.0479442104178302,-31.53972452960553,43.18674123299894,0.0475576212171618,0.00000545696380232513,0.000253583185421078,0.0439591528113286,0.0475576212171618,0.00553691159,30789014000.012372,18391794808.710632,2204462192.135973,23724347095.235223,26869019646.047574,7756495745.336598,30789014000.012372,30789014000.012372,30789014000.012372,3687202279.969377,14515528356.69872,30789014000.012372,76.2544213711,26012943075.393966,31105800875.948476,31112046989.530542,17833790320.473012,30988849225.680047,31111817176.968774,12053293707.579155,30031559920.944187,31112093786.858452,31112093741.786803,31112093087.579,31112072281.943832,31111978153.340293,31110722764.21712,28500498786.772208,30720869518.166179,31080940912.227024,21945425975.625335,31111888897.70215,31108372548.713735,31032265072.740134,19160330154.212844,26888122924.226055,10070664990.780117,30329525268.30207,12666259180.730967,13347542564.046968,29371486499.39288,22258719744.793363,31112093789.012372,26952027679.961649,3440,0.039814814815,10861,1879770724.823656,90124123.1682225541389731512112,253044.79417178,12132.032856908353351553671756,69518.631979,3333.0159195608754935119658,29.110074824937,0.06130447473922355,0.04570558153787802,,
2020-05-12,8432,11068,226529,287639,899,136916,268157,36,52436,373308,363155,355131,339292,252373,26098,277115,91296,302377,187066,3411,158014,1592,238983,15488,9,271713,67125,64,1614039880,4320,1218.402314814815,1196565675.0788641658311747262409,0.630862978191,0.54650455918,1569512608.2564278984333907749118,1569532375.8806662737431326,1359638821.3527031766844114657755,2487881937.1481599279031071392722,0.30322387,0.015296742980185520400847,0.180563,0.0091088666691419713103,992.148494,50.0509425953047031103014,0,0,0,0,0,0,0.573159453891,25.823828689995,17.971181556615967,22.37068999521,15.5680916364838,0.000005721401098901027,0.0504470277362581,-30.736709808110202,49.17979988497782,0.0479442104178302,0.00000558032442223507,0.000258159622571157,0.0443979654553654,0.0479442104178302,0.005541631291,30789013007.863878,18376234796.997205,1817986213.653263,23719250246.706789,26860575116.284448,7772199506.056721,30789013007.863878,30789013007.863878,30789013007.863878,3456402790.851321,14510779762.089786,30789013007.863878,76.2380415923,26017162210.774343,31105791163.026632,31112045903.868615,17832190116.857424,30988684943.785825,31111816029.311314,12065402641.18611,30030694453.226424,31112092794.705568,31112092749.55442,31112092094.489293,31112071251.94217,31111977056.511493,31110720691.65919,28499786453.031111,30720806988.350415,31080891934.129202,21955200555.31822,31111903905.87575,31108878545.254582,31040859669.585572,19523615204.21256,27097011762.674834,10073652302.780117,30392071551.111581,12742613971.04278,13356909840.853805,29374514754.624947,22269228428.90754,31112092796.863878,26951812274.471855,3272,0.03787037037,10525,1204782341.547899,60777688.2002208403478801767319,131559.82345896,6636.802063011374168149317576,82126.45464899999,4143.035535558645478138629537419,29.120340702412,0.0614113895316798,0.04625095604065895,,
2020-05-13,8710,11061,226653,287809,902,136920,268311,36,52406,373630,363473,355442,339568,252504,26088,277277,91284,302555,187154,3409,158895,1642,239628,15666,9,272189,67752,66,1614039898,4320,1256.994444444444,1224345334.2796098171627367206759,0.645483502855,0.559169980142,1606775235.1057113566115014477247,1606795522.7832669863743394,1391918573.1828218212079939024494,2489258405.5181436302497484096704,0.30238969,0.015616830528200432983091,0.18865,0.009742776214179166235,982.464105,50.7390824992251410798595,0,0,0,0,0,0,0.573577532234,23.383355603496,18.563874428513,20.256552538727,16.08152841961177,0.000005539497411330593,0.0516447188665739,-38.143371787152034,55.22900268941244,0.0504470277362581,0.00000572140109890102,0.000265764604166381,0.0465975500965638,0.0504470277362581,0.005549442719,30789012025.399773,18370756229.015481,1129286343.452804,23707077144.572181,26855111145.890604,7770722454.311286,30789012025.399773,30789012025.399773,30789012025.399773,3446641967.562461,14501612579.145088,30789012025.399773,76.1989174048,26018150665.848772,31105785850.020367,31112044849.712088,17845196845.53262,30988448776.447615,31111814801.798318,12064726653.178879,30030128567.898835,31112091812.240519,31112091767.060327,31112091111.237705,31112070209.120574,31111975938.678027,31110717860.200421,28500361915.925785,30720415045.946787,31080862681.882206,21961690959.83113,31111909029.522737,31108976306.285423,31042388488.033971,19630696015.021555,27134421688.065721,10073652302.780117,30404306554.845041,12780914405.019415,13355816859.476326,29377581569.858165,22280262037.952577,31112091814.399773,26951808504.929546,3249,0.037604166667,10826,1330522972.919613,68714484.8819515317366774239007,137346.83923843,7093.238899681238244259314977,83951.16248,4335.634184801666919827272,29.136581851029,0.0614023720758475,0.04594154504779152,,
2020-05-14,8022,11072,226829,288024,906,137028,268522,36,52441,374023,363860,355822,339919,252696,26101,277482,91373,302830,187277,3408,158694,1631,239634,15585,9,272348,67547,64,1614039913,4320,1212.931018518519,1213278504.0999148121796246768984,0.639487643709,0.553976461909,1592083912.2834832435945157261346,1592104066.2221850421709004,1379193204.8494089151005307567968,2489624198.2869678111885540368347,0.31092581,0.015910855466121377293194,0.188474,0.0096446884648198245876,1011.441644,51.7580120161146871434456,0,0,0,0,0,0,0.573815504338,27.49434816463,18.554582066786132,23.817851476204,16.07349544071994,0.000005221008807961826,0.0511725143246274,-45.62021085921371,54.607244806054,0.0516447188665739,0.0000055394974113306,0.000258303639324531,0.0477570299815969,0.0516447188665739,0.005552455911,30789011013.958129,18262763600.826049,1145009121.269363,23709573784.143916,26846659830.455666,7774029592.397955,30789011013.958129,30789011013.958129,30789011013.958129,3443957489.384557,14498763508.267596,30789011013.958129,76.2069445422,26016347046.914222,31105782802.99032,31112043688.794674,17852600075.094871,30988377364.16922,31111813705.401993,12069063189.12633,30029077639.728791,31112090800.796898,31112090755.582885,31112090099.152839,31112069154.511938,31111974706.311614,31110715704.667013,28498176304.878239,30720219536.99952,31080827648.359593,21957726802.38831,31111906918.09271,31108939023.567283,31041723664.275727,19606974819.573145,27114290154.542831,10073652302.780117,30398692533.253604,12744947870.450018,13358447950.379102,29376982625.718785,22280850270.439232,31112090802.958129,26951835825.382832,3253,0.037650462963,10209,1131581320.519599,57905861.3337699690707300724126,127442.48846331,6521.552566454893140714320694,79916.768243,4089.5419676928455931276582,29.120688658256,0.0614058260465956,0.04600707717269523,,
2020-05-15,7703,11066,227022,288329,908,137111,268791,34,52440,374531,364364,356324,340395,252936,26070,277765,91420,303160,187446,3408,158279,1600,239505,15459,9,272306,67168,65,1614039938,4320,1200.190277777778,1186103102.2309822306620500059596,0.630184583524,0.545947849044,1568836682.0559277884073212527712,1568856591.5065197809535732,1359130379.3565657154073403432018,2489487561.3785695275734376811303,0.31092122,0.015678297988295253693324,0.188517,0.0095060276100147051414,987.485793,49.7942743240941975960606,0,0,0,0,0,0,0.57391763748,25.812728680128,18.40954078835643,22.362342826709,15.948738604626195,0.000005406452044328104,0.0504253070546142,-42.42506267337386,58.18094009571278,0.0511725143246274,0.00000522100880796183,0.000251421367747086,0.0473118103468888,0.0511725143246274,0.005558782024,30789010026.472336,18248040444.7038,1179100017.221082,23521980757.526138,26840409579.098411,7814499269.970209,30789010026.472336,30789010026.472336,30789010026.472336,3019379714.063954,14483920493.87699,30789010026.472336,75.6039883436,26016846310.889065,31105767837.825803,31112042569.513706,17855777083.966307,30988201928.63867,31111812223.105433,11998488616.944322,30027715245.174179,31112089813.309091,31112089768.091476,31112089111.320664,31112068074.029135,31111973455.676564,31110711984.721046,28494917317.22236,30719761812.682321,31080793610.116884,21959008138.201831,31111899320.742643,31108863369.056481,31040576530.800369,19545761248.661764,27091476172.660837,10073652302.780117,30390034815.002387,12747262367.353202,13339063596.445799,29378855141.567766,22286876205.578245,31112089815.472336,26953338685.365479,3176,0.036759259259,9960,1205300307.496103,60777638.0985119071322746684626,134990.23062299,6806.923828537455461220100458,73302.845662,3696.3185004833445075536004,29.022320316426,0.061383665063636184,0.04529871288970911,,
2020-05-16,6954,11067,227293,288645,906,137276,269083,35,52491,375026,364849,356809,340859,253233,26094,278070,91516,303505,187670,3409,158901,1622,240103,15579,9,272901,67594,65,1614039952,4320,1137.336342592593,1199374075.701792318186705099512,0.637837034384,0.552577394726,1588379560.2102054462698059831284,1588399765.0530295538979412,1376060955.857755336879377376303,2490259227.0186725025790303593298,0.32529587,0.016607477331359671854314,0.188517,0.0096244437535463676774,928.069114,47.3811326675929057235308,0,0,0,0,0,0,0.573508134945,35.510794115548,18.767829250554595,30.764068310878,16.259134595307646,0.000005433833908600279,0.0510534527578222,-38.20731615383823,47.93301636633634,0.0504253070546142,0.00000540645204432811,0.000258429660134001,0.0466239305200927,0.0504253070546142,0.005566057566,30789009098.403222,18249569608.946622,1146232578.629556,23492516390.44196,26842873738.666205,7834887634.134756,30789009098.403222,30789009098.403222,30789009098.403222,2970535562.365776,14488875010.920579,30789009098.403222,75.509286681,26010652210.146979,31105760063.945751,31112041522.072429,17843036072.050893,30988064327.021841,31111810856.34088,12031888427.837774,30026174046.396823,31112088885.238866,31112088840.034159,31112088182.838994,31112067073.146953,31111972306.457337,31110710703.027224,28492932985.210765,30719186225.54363,31080758382.995357,21950702450.041778,31111903945.032123,31108921646.606091,31041340994.294169,19581338605.254773,27109050087.39957,10073652302.780117,30396038951.750264,12745229297.189423,13337752874.216152,29377714212.543303,22282299259.384285,31112088887.403222,26953337757.296365,2853,0.033020833333,9188,876130474.192379,44729485.7738689834818198770138,107311.16501054,5478.605493252466536930445988,78399.048832,4002.5421358027077277736704,28.966366063469,0.061303679296108124,0.043652469670780535,,
2020-05-17,6971,11056,227534,288959,908,137418,269375,35,52555,375501,365321,357276,341279,253510,26106,278370,91578,303846,187876,3410,159197,1630,240419,15600,9,273217,67752,65,1614039964,4320,1153.922222222222,1202727646.5832726037995460618451,0.640059220082,0.554502538405,1594120558.2896117729782603539912,1594140884.3001335708948214,1381034548.6196939800814752959399,2490582915.2586369807720309940236,0.33163511,0.016992313328094846423999,0.188517,0.0096592303862894859453,939.522254,48.1392230113570051073886,0,0,0,0,0,0,0.573609846607,29.63416498168,18.957826550856957,25.67296773533,16.42373489089442,0.000005291795373413858,0.0512379805868409,-35.19220814513604,48.31590117544388,0.0510534527578222,0.00000543383390860029,0.000254225237481117,0.0472464912287878,0.0510534527578222,0.00557245079,30789008158.880968,18240010814.78377,793056371.290086,23473361611.994539,26835059075.144678,7833236966.70771,30789008158.880968,30789008158.880968,30789008158.880968,2958765758.703251,14473761641.190368,30789008158.880968,75.4477219636,26002292182.445908,31105751958.186546,31112040490.990112,17846199995.418118,30987911294.953219,31111809591.288969,12035170210.451673,30025561424.827589,31112087945.716703,31112087900.477521,31112087242.331703,31112066094.899307,31111971210.406954,31110708510.404856,28489225365.593762,30718583006.061629,31080723953.24913,21948785882.184416,31111903164.192406,31108928911.957838,31041498446.929882,19593920333.759513,27107885894.710536,10073652302.780117,30397296004.315662,12745304317.217099,13336392467.702214,29376599310.213556,22284028626.392879,31112087947.880968,26953336817.774111,2833,0.032789351852,9555,1049872266.254681,53793334.7970200055983166272529,120968.76497943,6198.195231630153663817182687,58038.438905,2973.7724059049416216052145,28.947302796132,0.06126989833747547,0.043630451160623154,,
2020-05-18,8288,11070,227628,289138,909,137451,269522,35,52583,375882,365697,357647,341623,253636,26117,278529,91644,304060,187917,3413,161195,1742,241534,16104,9,274077,69287,71,1614039976,4320,1295.737962962963,1271116635.2547270800570624096829,0.674746252977,0.584552954041,1686332939.7257213457597023241558,1686354505.6302875842874094,1460920897.3945924879391847603585,2499210528.8249473101697103612912,0.32738028,0.017744619772869332855292,0.188693,0.0102275113785168520977,1183.152346,64.1290566223119435269394,0,0,0,0,0,0,0.573325142665,8.176956025932,19.70929804359406,7.083942710212,17.07475712924647,0.000005572395880219349,0.0542018589906189,-37.852584420831974,47.62645296628723,0.0512379805868409,0.00000529179537341386,0.000247439720724398,0.0472807116708265,0.0512379805868409,0.00557578099,30789006975.728622,18223468665.318241,3135255945.153615,23451532086.283761,26831291177.360262,7830600892.325135,30789006975.728622,30789006975.728622,30789006975.728622,4759538491.582728,14453567073.848146,30789006975.728622,75.3775607005,26000628106.191703,31105740934.492083,31112039170.293254,17837341582.98163,30987879569.350581,31111807890.752748,12020541845.710562,30025039235.097871,31112086762.563497,31112086717.304563,31112086058.559021,31112064831.225691,31111969745.468828,31110705570.555774,28487483471.055317,30718713346.626891,31080675200.159356,21941228302.55257,31111915057.493553,31109113802.990717,31045176568.27022,19796748395.76767,27199177354.018683,10063652302.439285,30425401993.771826,12842815751.694233,13319460391.482791,29376536991.643082,22276196929.408633,31112086764.728622,26953335634.621765,3614,0.041828703704,11350,3804849465.50559,206229914.209865679570955509651,544672.51782462,29522.263007195412611615457318,91759.70612650001,4973.546652489182726375280756189,29.093792313558,0.06136128400131854,0.04346256782649028,,
2020-05-19,8510,11075,227852,289423,905,137607,269775,35,52646,376344,366154,358095,342033,253873,26142,278800,91772,304376,188088,3425,162962,1811,242405,16519,9,274578,70552,76,1614039989,4320,1249.491898148148,1328953352.276938587779789653618,0.703284182973,0.60927621712,1763787724.08383528664156072361,1763810340.529225675567964,1528022296.461096732125562935472,2507930317.1966706002717454228706,0.32158583,0.01823115121712396836822,0.188693,0.010697270512860510562,1058.338957,59.998718115285929179538,0,0,0,0,0,0,0.572532552203,8.484056148221,20.210902399517813,7.34999273546,17.509311963322407,0.000005811998156469167,0.056691400915034,-33.24925439450234,58.52188363634074,0.0542018589906189,0.00000557239588021935,0.000252397312112743,0.0496714107464329,0.0542018589906189,0.005579917386,30789005917.389665,18178578088.97031,3273686252.670033,23441885909.094077,26825206555.546214,7818441429.110288,30789005917.389665,30789005917.389665,30789005917.389665,4084910726.068309,14432902799.538616,30789005917.389665,75.3465586664,25994183862.510112,31105736290.625913,31112038000.803781,17812681833.843698,30987821332.146846,31111806264.436716,12017689474.688976,30023783008.919985,31112085704.22388,31112085658.908695,31112084999.390005,31112063709.170913,31111968469.199266,31110703322.038716,28483977432.823748,30718508362.616804,31080630779.630039,21941502090.533644,31111917937.684674,31109226196.662448,31048011724.728658,19906187098.768394,27266294572.117201,10053652302.103473,30445851983.922649,12923548099.214411,13307216851.713357,29374677596.140006,22269930833.237193,31112085706.389665,26953334576.282808,3291,0.038090277778,11244,3667123975.000099,207894395.471863731788840588366,523074.57114933,29653.83022148614389905602722,86291.326863,4891.976206680576184758342,29.222571334407,0.061256695428995755,0.04318672648944576,,
2020-05-20,8781,11081,228143,289778,906,137777,270095,35,52698,376917,366717,358652,342550,254173,26155,279125,91874,304771,188371,3421,163199,1813,242704,16525,9,274894,70644,76,1614040013,4318,1270.513200555813,1328839836.515369550976498957478,0.702817540302,0.608871947144,1764129787.054999136433713640744,1764152471.912521023274474,1528318627.331687011110547597561,2510082184.7684518559395408819562,0.312436,0.017715870268346565484,0.18865,0.01069690729020848935,1129.143689,64.025154299268525013391,0,0,0,0,0,0,0.572379461599,17.212057415844,20.521172951227044,14.911322373424,17.77810856445659,0.0000059588240815862646,0.056702397509719,-33.20154600998319,66.24898369370108,0.056691400915034,0.00000581199815646917,0.000265135521300453,0.0518889409520338,0.056691400915034,0.005589879077,30789004788.245976,18175794467.923117,3278978919.230432,23435337743.657162,26809673803.354514,7841883296.426725,30789004788.245976,30789004788.245976,30789004788.245976,4111728458.298274,14438637990.696287,30789004788.245976,75.3255143848,25991567665.947548,31105732868.469569,31112036729.107257,17807918219.532269,30987604708.946549,31111804800.78238,12002604206.891,30022305450.823979,31112084575.077851,31112084529.728043,31112083869.256287,31112062499.017924,31111967002.974939,31110700537.244539,28481548006.580951,30717990540.089562,31080618186.347884,21930961470.153364,31111916363.085636,31109223529.110537,31047942488.342443,19901510702.064788,27263313019.108919,10053652302.103473,30445261521.719745,12908493743.991459,13294208775.970232,29374291522.708409,22268794475.380183,31112084577.245976,26953333447.139119,3614,0.041828703704,11480,1807574993.830015,102493835.828777379325996415785,169822.19457806,9629.32558293800480795416514,71684.778187,4064.698788155307691699453,29.167009667359,0.06119002158968264,0.04164863005520925,,
2020-05-21,8367,11078,228287,289987,908,137851,270282,35,52701,377366,367168,359093,342971,254336,26163,279334,91900,305060,188461,3419,160222,1677,241498,15753,9,274224,68383,65,1614040033,4320,1261.142592592593,1219982772.7016918592145562179522,0.648607054779,0.56190777206,1620178173.6468457790472583620981,1620199064.3117198079272222,1403609012.8623594240491267311832,2497934861.6532190536426964398745,0.30617627,0.015944290911276661786039,0.180563,0.0094029135563407571791,1092.130743,56.8732850509307194674051,0,0,0,0,0,0,0.572470745839,8.564595125103,18.564053467589964,7.419765989103,16.08259707863936,0.000005742272506615306,0.0520755279671957,-33.236344641229834,50.072892650013074,0.056702397509719,0.00000595882408158626,0.00027026264114834,0.0517332202602517,0.056702397509719,0.005592756273,30789003696.115233,18179528373.689091,3343897587.956592,23427180104.063546,26806179365.492737,7824235461.845181,30789003696.115233,30789003696.115233,30789003696.115233,4156028100.729725,12279448050.652427,30789003696.115233,75.2992968641,25989974450.109539,31105724442.975806,31112035418.832603,17810757637.316936,30987529776.312156,31111803073.153998,12000513046.6813,30021458547.46273,31112083482.947673,31112083437.54193,31112082776.583109,31112061332.009829,31111965696.843872,31110696967.718955,28481244278.766584,30717667652.911597,31080586616.961381,21926697350.387741,31111898672.838659,31108967027.781504,31042256781.112156,19650732038.65023,27120219948.295718,10043652301.767661,30402933774.764228,12702520461.042228,13287344888.905614,29375780783.043677,22270541164.981126,31112083485.115233,26953332355.008376,3567,0.041284722222,10708,3632639141.799591,189171601.2235143873097116769587,554597.38425443,28880.951594275149616742401951,76832.937003,4001.1157597015118686724871,29.251574727008,0.06150809439565581,0.045626511650574374,,
2020-05-22,9169,11074,228476,290256,909,137992,270519,35,52723,377847,367647,359567,343438,254568,26189,279569,91970,305377,188618,3417,162895,1798,242814,16389,9,275262,70336,72,1614040054,4320,1304.809027777778,1307514307.10400973563837939764,0.693147798111,0.600694948088,1734311243.524145451880887779318,1734333670.191523520610077,1502986816.4291235848651331806015,2502080001.1928315388955384645279,0.32261265,0.017983712573616272103675,0.188693,0.0105184985047963098535,1154.630669,64.3637070027423537432655,0,0,0,0,0,0,0.57234175367,18.05126370052,19.75157771473599,15.643565399851,17.117089576493985,0.000006084381548104742,0.0557439783393995,-30.623371717993574,52.068851908603044,0.0520755279671957,0.00000574227250661531,0.000261794528128691,0.0476494317947524,0.0520755279671957,0.005595829392,30789002541.484564,18216021658.300405,3612616586.130923,23455704921.94072,26790468336.34519,7885793087.766799,30789002541.484564,30789002541.484564,30789002541.484564,4480009342.56452,12315531259.528488,30789002541.484564,75.390983711,25983909122.104437,31105714894.297657,31112034098.842511,17806743761.363707,30987449522.99237,31111801634.944855,11994239838.770569,30020042293.870567,31112082328.31646,31112082282.912052,31112081621.538162,31112060094.894562,31111964162.657164,31110695306.073302,28480705885.231915,30717206990.664106,31080547934.050848,21922205640.104342,31111912224.560819,31109168874.499653,31046881467.991112,19869443191.010652,27233234963.539182,10034666473.422971,30437488071.708013,12825781940.296437,13282509273.571097,29376070180.760233,22272445915.844688,31112082330.484564,26962317028.722397,3579,0.041423611111,12207,1723540403.965662,96076998.945741726619179699969,191882.77341797,10696.309165115221841332309015,100516.509853,5603.1901479976684198532735,29.22657205409,0.061438212160083334,0.04610051138334788,,
2020-05-23,8074,11094,228774,290599,908,138172,270836,35,52813,378438,368234,360150,344009,254878,26243,279896,92120,305757,188877,3420,162491,1759,242884,16261,9,275451,69987,69,1614040074,4320,1205.182638888889,1289084365.1772389315218109197615,0.683366234651,0.592218057827,1710304272.6036507353376347829325,1710326444.7204799143379514,1482181915.4295898717454818953172,2502763797.6257573828955728312484,0.31969682,0.017574485990444390993038,0.188517,0.0103632228042199645803,1016.635889,55.8868655265744555803551,0,0,0,0,0,0,0.571689522256,28.489256854515,19.513071549287226,24.68932690527,16.91039555248752,0.000005985885678155721,0.0549723515874959,-31.737873356635575,34.38214369162122,0.0557439783393995,0.00000608438154810474,0.000269211765992084,0.0511912707785137,0.0557439783393995,0.005606274152,30789001524.848675,18197650047.950262,1472446027.352875,23449685668.357985,26782835898.592942,7887989381.540711,30789001524.848675,30789001524.848675,30789001524.848675,4449010667.62161,12290451385.501331,30789001524.848675,75.3716391771,25975823909.106832,31105712423.890673,31112032897.533954,17786450902.717333,30987292571.893515,31111800128.207108,11992254014.498183,30018715382.358155,31112081311.678882,31112081266.257358,31112080604.442333,31112058954.066403,31111962875.068207,31110693269.937766,28476939107.114331,30716816589.660514,31080523357.602867,21905860175.989155,31111908455.122042,31109124432.244039,31045680568.204166,19781786162.966967,27198218148.89212,10034666473.422971,30428252151.347753,12764337828.293827,13274624733.524724,29372838541.369768,22258765550.844417,31112081313.848675,26962316012.086508,3180,0.036805555556,10385,1092063632.011439,60033305.9348505670689181656001,117523.80045569,6460.559678548901547326006671,82798.0067355,4551.60113700775964577863445,29.186160437243,0.06143226454969729,0.0426439743752696,,
2020-05-24,7689,11083,229074,290970,907,138376,271177,35,52863,378977,368765,360674,344524,255195,26260,280255,92237,306164,189130,3417,161229,1703,242510,15905,9,275551,68989,66,1614040094,4320,1200.476851851852,1233955969.779407118970231809184,0.654900315277,0.567548952697,1638233441.042514682674641122776,1638254733.713467200884372,1419723967.216681789654151125782,2501500461.7129400059218578390018,0.33516198,0.01764824335128668012436,0.188517,0.009926525353068122694,1042.018607,54.868389167842838501074,0,0,0,0,0,0,0.571567423561,33.112502033681,18.709067373149594,28.695918160364,16.213630297419133,0.000005979387231377163,0.052655863147982,-34.52496430264374,26.366502698397753,0.0549723515874959,0.00000598588567815572,0.000265687312982022,0.0504551208554497,0.0549723515874959,0.005611726267,30789000482.830068,18178731893.364842,1012151929.739448,23434350820.753712,26780644428.744086,7871335757.567418,30789000482.830068,30789000482.830068,30789000482.830068,4472100588.713732,12272882086.062648,30789000482.830068,75.3223526553,25967192912.159382,31105706035.493791,31112031730.120437,17782651562.595585,30987155981.948066,31111798567.723746,11994337497.498339,30016706450.794554,31112080269.658781,31112080224.190378,31112079561.951461,31112057845.649714,31111961680.989847,31110690293.801951,28473428681.748632,30716098381.053275,31080477851.421758,21900985249.543527,31111902465.403677,31108992799.917928,31042825326.950114,19676630397.496768,27126499043.148562,10034666473.422971,30406938278.162443,12710282187.733768,13275117027.542424,29371530555.871743,22261294284.933074,31112080271.830068,26962314970.067901,3109,0.035983796296,10459,939587115.470278,49474770.567810119461436678996,103181.72293306,5433.12268213620325386008492,82710.032402,4355.168147124868940912764,29.14529285164,0.06151235945197286,0.04368204501337263,,
2020-05-25,8624,11084,229292,291248,908,138489,271417,35,52904,379413,369196,361111,344947,255424,26241,280508,92291,306487,189327,3418,162270,1738,243192,16091,9,276000,69630,68,1614040113,4320,1260.403703703704,1263281017.1319583791728655827655,0.670927422489,0.581438342659,1678809117.4231867661302770835125,1678830996.127423364684217,1454887605.061811202170804477766,2502221642.9831004019858887239745,0.31775551,0.017146100848196379572145,0.18865,0.010179562031866094175,1087.041593,58.6568106396079288347735,0,0,0,0,0,0,0.571641649939,24.68698731776,19.15345603460013,21.394208240932,16.59874579523844,0.000006056670352748746,0.0539600425754895,-37.50358817495875,27.969399257006245,0.052655863147982,0.00000597938723137717,0.000260187885095457,0.0483538648715426,0.052655863147982,0.005618204057,30788999395.788475,18160812741.657546,1089455588.213291,23411416241.279689,26779184082.298103,7774333374.234163,30788999395.788475,30788999395.788475,30788999395.788475,4491651269.721338,12270427450.465675,30788999395.788475,75.2486392897,25965661929.599098,31105700612.445828,31112030494.692683,17784960278.216067,30986981341.879826,31111796897.231312,11984036064.226999,30016108149.409755,31112079182.616339,31112079137.190719,31112078474.26332,31112056699.113351,31111960268.565797,31110687779.425199,28469084568.921503,30715579462.85731,31080457528.685375,21902698027.065835,31111904753.581197,31109075762.816242,31044415704.577238,19742476553.042575,27159402003.892092,10034666473.422971,30417525914.486225,12739785710.129898,13265235892.04052,29371592529.667472,22266518203.146582,31112079184.788475,26962313883.026308,3421,0.039594907407,11349,1260262290.587669,68003806.8563945394012503389755,125200.82801388,6755.84201011550329625379426,89648.827743,4837.4545618550042594051985,29.140954073013,0.06137955074143409,0.043782955424012525,,
2020-05-26,8859,11082,229484,291512,909,138612,271655,35,52942,379860,369638,361553,345376,255633,26250,280767,92370,306820,189490,3415,162138,1726,243240,16001,9,276203,69460,66,1614040133,4320,1325.391203703704,1251318151.7155213028743660568646,0.664312384398,0.575705622856,1664115872.8865229005772541808796,1664137619.9111794396138484,1442154154.5911524666691253241578,2505020095.9227921698570717168896,0.33188655,0.01775187355435272653037,0.188693,0.0100927689796151095222,1118.125801,59.8060627561175931603854,0,0,0,0,0,0,0.571866333694,9.287473875835,18.83791987872599,8.048699765395,16.32529612847007,0.000006053983633669112,0.0534877763330654,-41.64589743886805,16.301011186460084,0.0539600425754895,0.00000605667035274875,0.000264131624647414,0.0495451364748683,0.0539600425754895,0.005621987886,30788998277.662674,18128732077.810442,3251421278.455691,23394469493.807949,26773343821.061467,7733097410.099677,30788998277.662674,30788998277.662674,30788998277.662674,4468886718.764376,12232594767.434918,30788998277.662674,75.1941719987,25963488928.081249,31105694455.612984,31112029179.030066,17791950017.589832,30986870461.444187,31111795199.962392,11976693006.443831,30014930453.735398,31112078064.489653,31112078019.065541,31112077355.642715,31112055519.973359,31111958921.51001,31110683705.681468,28466927769.219993,30715137174.984614,31080432536.06359,21900573692.884166,31111902418.303959,31109042710.413211,31043848968.499379,19723012464.664944,27139678988.481177,10029666472.487159,30412519505.726703,12696604228.693412,13258995838.547857,29371437479.243472,22271055677.779452,31112078066.662674,26962312764.900507,3369,0.038993055556,11874,3349896697.703188,179178525.3056225178090793924952,473265.33544191,25313.910408310051347253930914,81740.476416,4372.1163198972152896856064,29.2510154915,0.06138456708733919,0.04127222399820432,,
2020-05-27,8646,11100,229649,291724,908,138790,271844,34,53005,380214,369987,361899,345719,255799,26256,280965,92474,307069,189664,3418,163231,1763,243820,16275,9,276491,70258,70,1614040157,4282,1260.743344231667,1286184877.46461925436350703925,0.681996883842,0.591031339928,1712008285.4837912219763590695774,1712030718.3539082770125748,1483658613.2730440031411024990028,2510287548.294444681391910813288,0.32010009,0.017614189071148563752142,0.185353,0.0101994435143851404014,1089.940801,59.9763134873630043840638,0,0,0,0,0,0,0.571347553212,8.867826638869,19.130764922087746,7.685025525476,16.579081068603873,0.000006001394337183247,0.0550271293930238,-40.793412434233296,17.952838756275376,0.0534877763330654,0.00000605398363366912,0.000266293169699026,0.0487781086045556,0.0534877763330654,0.005622318426,30788997187.721873,18047719176.318165,3272206122.457858,23373650264.00375,26768201140.498124,7728048358.742536,30788997187.721873,30788997187.721873,30788997187.721873,4496780399.564139,12205825269.276684,30788997187.721873,75.1272577575,25960456972.825311,31105691619.594262,31112027972.369427,17775809055.996096,30986903380.100864,31111793719.029213,11935686066.23274,30013971477.463216,31112076974.548197,31112076929.109091,31112076265.427971,31112054370.597464,31111957637.918328,31110680715.056576,28462559634.681525,30714761970.816181,31080434022.547053,21892481713.270796,31111902814.314078,31109116370.939039,31045551280.37917,19778107441.34115,27183579939.421224,10019666472.151347,30425145395.128056,12759665399.54085,13247350178.20617,29369267548.554711,22263697487.748676,31112076976.721873,26962311674.959706,3405,0.039409722222,11209,3508421876.489276,193058384.5628907554695499127688,513852.88578412,28275.849235021451203320822056,97183.433813,5347.7253872863153312337494,29.381035659283,0.06128958954771979,0.0414609447119826,,
2020-05-28,11353,11123,229813,291973,905,138890,272061,34,52996,380634,370398,362297,346111,255998,26293,281186,92521,307361,189792,3430,169742,2060,246773,18117,12,277445,75178,94,1614040172,4318,1478.07874015748,1526114403.038031616108660264344,0.808465457755,0.700631381995,2038258781.55486939206746469088,2038285587.487346393511672,1766393422.607255888383143858036,2521145167.0615574439498594358814,0.30659243,0.02008592172602540157276,0.180387,0.011817771111936925884,1497.704033,98.119728447276291185556,0,0,0,0,0,0,0.570277438703,11.979869350502,22.62052906440305,10.381980254871,19.603376233108694,0.000006846952046982606,0.065513430080532,-28.086312040540744,39.28973154512774,0.0550271293930238,0.00000600139433718324,0.000265193536253686,0.0499725870768856,0.0550271293930238,0.005631561107,30788995690.01784,17881068902.674599,3258791936.097791,23294680207.738542,26762180369.00306,7740493900.669446,30788995690.01784,30788995690.01784,30788995690.01784,4540392659.769758,12225892186.774885,30788995690.01784,74.8734369182,25959251223.41241,31105681425.402088,31112026353.12304,17742514716.895716,30986828267.571231,31111791870.746339,11939126298.703995,30012741541.918486,31112075476.842729,31112075431.340524,31112074767.373155,31112052816.514327,31111955821.449242,31110677863.532887,28464095523.590994,30714360148.905612,31080393680.334506,21876194176.732874,31111913399.226738,31109572494.76547,31056176320.573618,20242653216.486585,27485567251.360476,10521616449.178599,30506106925.100183,13167935902.920444,13257498501.319381,29370612669.474041,22240229495.883345,31112075479.01784,26962310177.255673,4885,0.056539351852,14761,2597029614.326696,170140318.055262984428237482272,241810.65648144,15841.84553612436152696332608,102372.540052,6706.776244863163755467664,29.442576686347,0.06260314664823091,0.0516815073306716,,
2020-05-29,11647,11147,230235,292466,910,139122,272516,35,53036,381379,371136,363029,346812,256438,26339,281660,92657,307899,190111,3442,169536,2037,246936,17983,12,277870,74884,92,1614040191,4319,1473.964112062978,1503700809.0624832487444204172094,0.789374392928,0.684090908763,2008943321.8639997642678803780632,2008969836.7681950783367724,1740998789.7015961562962408823754,2544981620.7155196772137935265068,0.30575471,0.019742942321348114917774,0.180387,0.0116478013912558285878,1463.647812,94.5094658757124928336328,0,0,0,0,0,0,0.569588370139,5.843541219421,21.58777135112495,5.064153916071,18.708483900775615,0.000006845669014949082,0.0645711796928594,-23.07338788400332,25.500035278935357,0.065513430080532,0.00000684695204698261,0.000298631857152611,0.0590762584984331,0.065513430080532,0.005644456819,30788994226.370028,17828886626.952673,3505783458.011201,23287491667.567751,26763814647.727271,7725487713.334715,30788994226.370028,30788994226.370028,30788994226.370028,4553400267.429725,12231871400.296111,30788994226.370028,74.8503351338,25952439197.830629,31105676904.465559,31112024716.253655,17721075530.050438,30986624794.033229,31111789881.527724,11928944024.315537,30009897611.081807,31112074013.193836,31112073967.667834,31112073302.16682,31112051254.437297,31111954069.376161,31110675258.840728,28461864328.453958,30713603813.525183,31080320888.100366,21865845611.081529,31111910973.441643,31109527853.338036,31055309528.096766,20180274552.137912,27456285618.309002,10481616449.842787,30498861633.885231,13090006237.029042,13209516004.722084,29369561600.84989,22225207021.9288,31112074015.370028,26962474558.818141,4787,0.055405092593,14698,5324181493.230583,343788679.9167884580582027990302,536496.59725231,34642.218185786527647767155214,97499.655486,6295.6677743783907942366684,29.621764446678,0.0625912256724644,0.0496719184657743,,
2020-05-30,14798,11133,230684,293049,912,139274,273053,35,53013,382214,371962,363847,347609,256961,26315,282217,92655,308545,190435,3444,176839,2454,250760,20574,13,279287,80697,110,1614040208,4320,1689.317361111111,1796245216.290447898773062626445,0.934235335345,0.809630892469,2398554660.3480226515766021592185,2398586447.163972886949291,2078645365.706587433010242760079,2567398780.1618015680885797342364,0.2832138,0.0218340897571851222573,0.1792,0.0138152480016424832,1681.723567,129.6508267204900597424195,0,0,0,0,0,0,0.569933729328,6.491866304911,24.915284157019354,5.626008042498,21.59218666325347,0.0000079546594562739,0.0770940178663085,-13.624966854468449,60.734503040243986,0.0645711796928594,0.00000684566901494908,0.000292462035434451,0.0582161797644321,0.0645711796928594,0.005658899042,30788992544.646461,17806091400.224923,3739888511.536261,23299411108.72417,26762207890.836766,7790148531.416243,30788992544.646461,30788992544.646461,30788992544.646461,4573444624.318473,12299677739.835183,30788992544.646461,74.8886504854,25955316258.763144,31105657943.980126,31112022831.737717,17731819412.231673,30986205876.694472,31111787623.09437,11895085901.464224,30008530970.19486,31112072331.46918,31112072285.904758,31112071619.440629,31112049481.008957,31111952017.320686,31110672372.300098,28462803736.968924,30712250321.04822,31080226832.112249,21876375840.968428,31111921265.273145,31109997795.19428,31065186377.765127,20781374456.63288,27828489360.104462,10610986089.248836,30580402533.231628,13337732066.226766,13201542427.295725,29375089230.375391,22242216379.647092,31112072333.646461,26962472877.094574,5938,0.068726851852,17932,4792469664.711325,369470741.9549963961740958937625,355364.11460774,27396.44740061400897123932779,92541.6189995,7134.40522852456713452834575,29.770882311241,0.0638464721001784,0.05640287633529906,,
2020-05-31,19579,11184,230952,293529,913,139378,273424,35,53056,382967,372700,364571,348308,257288,26381,282638,92762,309068,190625,3477,175331,2384,250408,19981,13,279514,79281,105,1614040228,4320,2089.758101851852,1715248438.7969499455596018293898,0.884542102085,0.766571470971,2290964425.55051350456792772114,2290994945.2708853452653716,1985420440.1309878602365754404598,2590000430.9003861686395701228755,0.26379718,0.019424935450612223347028,0.178849,0.0131697021189026567054,2155.750561,158.7405729471637576785806,0,0,0,0,0,0,0.568104471657,1.18354536863,19.533441095825886,1.025696925056,16.92828259802773,0.000007805417698371775,0.0736358722660046,-18.988775724933443,44.502117421756076,0.0770940178663085,0.0000079546594562739,0.000316513765349998,0.0692447037317081,0.0770940178663085,0.005678185971,30788990388.8959,17846058665.344196,3707077545.684617,23293652753.928563,26760491419.394446,7902415109.549398,30788990388.8959,30788990388.8959,30788990388.8959,4788224476.682529,12376862011.478385,30788990388.8959,74.8701472475,25947949645.519194,31105643616.053026,31112020492.380903,17674906190.574643,30986002701.423298,31111784030.688021,11871742929.249304,30006957422.351684,31112070175.714411,31112070130.094599,31112069462.641444,31112047222.67175,31111949270.802175,31110665911.689073,28462776856.75583,30712066421.0506,31080164586.83457,21860470637.811521,31111916027.736786,31109902251.640448,31062874549.686739,20630548062.318928,27740774005.912838,10573907985.753,30560046122.989791,13234613766.128358,13163955585.972933,29375123137.69139,22202068956.583193,31112070177.8959,26962679724.344013,8172,0.094583333333,23146,26287180029.193178,1935679430.8631359272747356366188,3885757.62044223,286131.151795538033197247214258,85971.38986699999,6330.578282777293460656665539954,32.616839479476,0.06394973068636457,0.05683783514805005,,
2020-06-01,14361,11079,231325,294026,917,139493,273915,35,53020,383712,373447,365341,349054,257760,26273,283130,92773,309639,190905,3423,179359,2605,252354,21474,14,280353,82524,119,1614040248,4320,1734.690740740741,1907440474.0558700416406027106888,0.958180819295,0.830389047749,2545837233.7308823978291162711368,2545871290.5848819739248656,2206301058.9149543390863369754112,2656948649.4256590076209954581019,0.28623326,0.023421885051479024653136,0.180563,0.0147751027625168616968,1732.569937,141.7726713801961920851032,0,0,0,0,0,0,0.57168508383,4.19851613259,20.689509986782838,3.638563560338,17.93016740719718,0.000008023029807130321,0.0818279645470936,-14.873519992895963,60.57796994994272,0.0736358722660046,0.00000780541769837177,0.000318158419172504,0.0663016207916103,0.0736358722660046,0.005674140072,30788988656.325963,17977304304.458276,4525233280.355346,23310374205.362283,26762027766.106285,8651795197.497278,30788988656.325963,30788988656.325963,30788988656.325963,5627113317.243919,12532267092.179532,30788988656.325963,74.9238972855,25943561445.906016,31105620624.758876,31112018515.169106,17786305457.278261,30985633306.162111,31111781995.517507,11929669440.270601,30005294372.722178,31112068443.144007,31112068397.736624,31112067729.225941,31112045380.979324,31111947334.557481,31110662293.295929,28456950713.208277,30711039540.613638,31080078706.731771,21884210614.036605,31111918558.961133,31110088632.502909,31067624879.612099,21003714026.688236,27940820036.305015,10729860150.128853,30600766657.31408,13483157408.047298,13228952894.110583,29379987077.308195,22282696152.867999,31112068445.325963,26962677993.110592,6053,0.07005787037,18287,7410253399.724589,606365952.4776434879743604045304,504867.32053876,41312.265206031793800544147936,96113.579813,7864.7786014324151207814968,32.851243008016,0.06437830239963785,0.059263704035353,,
2020-06-02,14243,11090,231745,294594,911,139741,274464,36,53066,384540,374266,366150,349841,258266,26285,283671,92922,310295,191279,3416,178210,2480,252257,20846,13,280786,81452,113,1614040268,4320,1636.313194444444,1833704529.4971081562513014821676,0.919701534897,0.7970480936,2447686221.8873580373932141343512,2447719097.6174707109189112,2121257345.8475450407217971836684,2661391907.0622453292190015758119,0.28000353,0.022028777051382860125716,0.180563,0.0142054711621987171836,1676.381117,131.8862868605305277837124,0,0,0,0,0,0,0.571271415604,8.812776376839,19.516839715666073,7.637484927405,16.91403058299807,0.000008270641911268384,0.0786732119105172,-11.047895653630382,60.47695764007994,0.0818279645470936,0.00000802302980713033,0.00032852747166043,0.0729492614813825,0.0818279645470936,0.005686487406,30788986979.944846,17967338673.853457,4418094874.349876,23307864074.276783,26759179419.16538,8723442781.402391,30788986979.944846,30788986979.944846,30788986979.944846,5760654037.334618,12562401269.755744,30788986979.944846,74.9158332919,25939223884.203764,31105598358.789116,31112016609.267561,17773434425.473541,30985360702.110267,31111780088.415644,11963515530.89145,30002804055.16594,31112066766.759751,31112066721.312261,31112066051.911466,31112043627.617797,31111945255.96325,31110657205.916797,28452675129.580767,30710363345.994698,31080031251.454272,21869418022.045328,31111915140.684385,31110008467.496664,31065681010.567595,20842042488.264481,27856849059.454888,10614332549.622737,30584924722.688323,13426468555.557606,13247483047.836676,29379920780.007934,22281956821.09244,31112066768.944846,26962892378.923847,5987,0.069293981481,17836,3530336574.829122,277742917.4669809772217446418984,260532.63226116,20496.938987487090619821071952,61944.067843,4873.3387760117930820183996,32.925986144041,0.06445716467054334,0.059283756718377933,,
2020-06-03,12939,11118,231954,294881,907,139869,274687,35,53152,385081,374785,366659,350312,258480,26388,283926,93013,310641,191425,3438,181671,2717,253763,22243,15,281343,84208,124,1614040282,4320,1529.564351851852,1987192073.887596663147901089216,0.991521118009,0.859282589672,2652361966.825803171265739086894,2652397727.7615994669121288,2298618171.8239650506027310838168,2675043343.65790624137687398881,0.27479345,0.02342665751953942145566,0.173971,0.0148313543693701312388,1596.824741,136.1323071060618042577948,0,0,0,0,0,0,0.569851636629,3.598030940427,19.98540856821699,3.118163887845,17.319967591454695,0.000008841470667345146,0.0852518774357228,4.5811929294506175,72.21522954058753,0.0786732119105172,0.00000827064191126839,0.000331703068527964,0.0704755209247681,0.0786732119105172,0.005697063095,30788985383.120105,17959292693.447439,3523284673.302979,23309657612.94672,26765232072.681269,8762021347.056646,30788985383.120105,30788985383.120105,30788985383.120105,5807303655.317688,12601197628.654291,30788985383.120105,74.9216019059,25929252747.043341,31105592818.718186,31112014863.124534,17729261257.229006,30985290770.553806,31111777665.04866,11881666134.241394,30003106537.713867,31112065169.929445,31112065124.430763,31112064453.164057,31112041959.696773,31111943301.908961,31110653958.18029,28453649397.749393,30710176338.224692,31079986799.235718,21855415054.305361,31111916870.538139,31110162887.911206,31069680468.721432,21092183283.093695,28016278784.452934,10807837746.592415,30617263533.816862,13531299465.020736,13212433565.625187,29378399053.91354,22252588648.306385,31112065172.120105,26962669221.649106,5811,0.067256944444,16029,8646969880.816886,737170416.4697877527802218552008,2144883.50581723,182855.345751833923269209743844,73227.83038,6242.810020439658551098664,33.973698369896,0.06470221090226973,0.06042526962921321,,
2020-06-04,14608,11159,232588,295670,904,140218,275409,36,53296,386137,375829,367692,351316,259182,26486,284665,93212,311488,191936,3436,183577,2860,254961,22895,15,282193,85575,137,1614040295,4320,1656.017361111111,2065232792.0207653525818114916302,1.023922882278,0.887379422876,2756743911.6758363598148867614471,2756781290.2978430266957974,2389123110.4414067312615448635958,2692335486.7719140289203468200203,0.38176332,0.033826870141446444177708,0.173971,0.0154150336532529613899,2373.804346,210.3354805101317850947274,0,0,0,0,0,0,0.568791917829,3.368312891622,19.573453929617305,2.919137370173,16.963269941886335,0.000009029212127104562,0.0886069152516969,7.142068177535907,79.3346111395463,0.0852518774357228,0.00000884147066734515,0.000349487274014725,0.0759608784420435,0.0852518774357228,0.005719536891,30788983009.315759,17932122478.885494,3481795372.827857,23307806012.140958,26759973285.345879,8653675999.413746,30788983009.315759,30788983009.315759,30788983009.315759,5879667136.822892,12643169579.814041,30788983009.315759,74.9156562303,25915658328.585365,31105575358.058294,31112012331.631351,17696289866.667068,30984910440.959619,31111774402.249735,11904040305.938986,30000765725.117478,31112062796.123207,31112062750.559908,31112062077.984781,31112039506.808945,31111940436.675229,31110649210.64693,28449437101.989826,30708905869.797466,31079885861.796225,21822251625.876851,31111915277.055656,31110215273.698879,31071188656.733667,21225627243.300336,28075958409.431657,10791379728.28595,30629410599.448818,13673058785.572033,13199280563.322747,29374206793.936057,22231233015.159587,31112062798.315759,26963167645.040582,6218,0.071967592593,18287,9236690236.142798,818434628.9600811289455802139262,1495075.43922478,132474.022738283600672715529182,72572.276101,6430.4055181040553355657869,34.807845309923,0.06475197122394812,0.06041489579108364,,
2020-06-05,12808,11159,233049,296320,900,140482,276003,37,53430,387084,376766,368613,352198,259708,26518,285284,93400,312196,192305,3420,182502,2713,254959,22357,15,282705,84592,130,1614040315,4317,1568.996062080148,1988798799.2485878534411419318615,0.98351278991,0.851977012224,2654961087.5202863339264737756224,2654997271.8335260221883646,2299884493.7469779185263883396186,2699467779.9393315642844857185761,0.40817842,0.034832081199938735190842,0.180387,0.0153934023053285095887,2176.815535,185.7594908432642759793035,0,0,0,0,0,0,0.568144756661,11.398784188285,18.57570399074959,9.874301783719,16.091374660658715,0.000008850486383914957,0.0853354305206501,2.447883962673732,70.91743526464913,0.0886069152516969,0.00000902921212710456,0.000363668079998825,0.078197269599029,0.0886069152516969,0.005731230473,30788980832.500224,17929097388.343186,3590362673.070385,23305663159.071115,26758412237.94646,8813699927.868614,30788980832.500224,30788980832.500224,30788980832.500224,6019730161.155409,12621949111.628711,30788980832.500224,74.9087739401,25901483081.370098,31105555674.994059,31112009987.094433,17676154111.016559,30984668813.97099,31111771412.467569,11919515173.219461,29999166404.201573,31112060619.304354,31112060573.68137,31112059899.540412,31112037252.02462,31111937904.77283,31110641226.865514,28441989354.149863,30708195996.609869,31079814947.683092,21795670882.592692,31111911514.091509,31110146698.036649,31069458270.63249,21047871425.826929,28002923082.271048,10747370457.830607,30615261149.73313,13597549422.317395,13197984137.485255,29370869564.23808,22227653927.661099,31112060621.500224,26951109049.487186,5333,0.061724537037,16465,2729419217.663128,232916164.0106190116432693595128,203660.61552295,17379.466305751532956585469795,72621.29692,6197.169637636161103527692,34.874451349515,0.06482844897279051,0.061293448243040005,,
2020-06-06,10422,11172,233419,296829,894,140691,276439,38,53498,387861,377534,369375,352941,260106,26534,285748,93535,312782,192605,3420,183137,2738,255468,22511,15,283181,84989,132,1614040325,4320,1359.177314814815,2006389957.6909318531924043576692,0.993781326899,0.860872219191,2681639326.8351747554203601236954,2681676031.5337188219997316,2322994743.2861559235315677466406,2698419918.1958079026280792052873,0.4245096,0.03658972378544267948016,0.180563,0.0155632529767781141698,1819.023625,156.786965472499715101175,0,0,0,0,0,0,0.567002710942,5.523992525835,18.212974317876075,4.785209357223,15.777156598446751,0.000008914661419146622,0.0861929242246646,0.7131659510302012,68.03435297896985,0.0853354305206501,0.00000885048638391495,0.000355101218118856,0.075751525254426,0.0853354305206501,0.005743138155,30788979013.476599,17931176895.207231,3402564504.543099,23277896367.237902,26753487712.729746,8829904182.221702,30788979013.476599,30788979013.476599,30788979013.476599,5956824695.558471,12633012178.863536,30788979013.476599,74.8195306361,25893247645.639533,31105543441.855518,31112007973.138877,17640621683.984621,30984458638.63598,31111768633.898433,11940634163.597296,29997057646.320607,31112058800.278169,31112058754.613088,31112058079.877578,31112035357.655695,31111935621.075044,31110635720.136141,28436154597.508315,30707617606.572471,31079766532.048903,21778329224.645471,31111909383.33847,31110154224.84805,31069802115.357753,21059293492.680548,28013077460.304807,10732851447.024202,30617713415.078549,13609073256.86724,13185354843.932966,29369441482.942638,22217846828.08681,31112058802.476599,26951107230.463561,4285,0.049594907407,12816,5632168880.925716,485453105.5741442575992076148536,1491653.11267126,128569.943709959000061283559396,71160.690885,6133.548037225585893402171,35.448449920529,0.06475323681881054,0.061284633287692354,,
2020-06-07,11333,11183,233849,297400,894,140906,276956,39,53550,388680,378349,370182,353731,260620,26586,286293,93637,313433,192929,3415,183441,2731,255981,22554,14,283726,85087,133,1614040337,4320,1498.082407407407,2006246724.3008997286734646088376,0.991012366292,0.858473570836,2681766934.1181394211337786679104,2681803858.0724348935471248,2323105255.179817311439225602456,2706088264.2177788870779656966988,0.51266969,0.044190606060630442726872,0.180563,0.0155639948250609756744,2523.360191,217.5061610323758198767208,0,0,0,0,0,0,0.566781085239,11.52640707527,18.024475728246557,9.984856069793,15.613867765104612,0.00000884291606444644,0.0861970327534488,2.5745389526431097,64.87119586768323,0.0861929242246646,0.00000891466141914661,0.00035614011636487,0.0764253343636911,0.0861929242246646,0.005758195681,30788976490.116408,17906848793.372177,3115242089.870422,23275125143.105677,26750216508.29341,8516466055.963607,30788976490.116408,30788976490.116408,30788976490.116408,5904085048.64373,12644149412.061999,30788976490.116408,74.8106294688,25885051595.834178,31105520850.858424,31112005257.878407,17633725021.905212,30984160838.447762,31111765150.69051,11944146056.981942,29995273514.90001,31112056276.917265,31112056231.215226,31112055555.754961,31112032765.735429,31111932746.768471,31110631905.529756,28435623076.271034,30706652999.468232,31079674199.828847,21760066935.759339,31111906507.81623,31110150342.416092,31069688519.156298,21038489469.604444,28011454709.530556,10599546132.675614,30616714367.093115,13601802653.584898,13167167390.380243,29369742296.123502,22211027161.087729,31112056279.116408,26951104707.10337,4922,0.056967592593,15934,2699198117.500872,232662868.5422700064051950073536,221237.81349336,19070.043055988548798715899968,72690.9364305,6265.7430283786731004365084,35.527337417996,0.06472197852635614,0.061364068056433886,,
2020-06-08,10501,11213,234332,298081,900,141174,277549,38,53704,389573,379234,371060,354583,261170,26635,286906,93818,314156,193346,3423,183910,2740,256592,22638,13,284337,85345,135,1614040347,4320,1381.397222222222,2010349990.6186409231081064303581,0.990246010862,0.857809702244,2687437252.1045075313037152254372,2687474379.0759149534199002,2328017203.5421574421097095435666,2713908687.9676703015370673496531,0.32065002,0.027697521532114915722774,0.180563,0.0155969040026982238381,1446.452252,124.9435206489184381463524,0,0,0,0,0,0,0.56609286427,3.277542605219,17.108317619420532,2.83920138575,14.82023727641831,0.000008841873716488614,0.0863792914533887,9.601230348927457,67.21263217652988,0.0861970327534488,0.00000884291606444644,0.000352710512104349,0.0761759839661687,0.0861970327534488,0.005777079221,30788975043.664156,17906617161.9082,3411038165.822047,23273517955.440163,26750174773.767217,8622914496.794479,30788975043.664156,30788975043.664156,30788975043.664156,5833871841.572137,12690330045.340788,30788975043.664156,74.8054671433,25873692197.610661,31105505209.990491,31112003673.700954,17612312233.538202,30983851764.273221,31111762907.00838,11843984367.414572,29993896847.993515,31112054830.463893,31112054784.73204,31112054107.937858,31112031241.177183,31111930734.782693,31110626366.022747,28428333690.015513,30705782214.370576,31079621178.671581,21739593365.265281,31111904485.792181,31110152053.598972,31069700150.969867,21020171963.723926,28008265685.552921,10442700384.023643,30616720733.118393,13557680587.516667,13098173006.10544,29365565686.037354,22191675668.832449,31112054832.664156,26951103260.651118,4511,0.052210648148,13201,9492494402.093753,819954940.5781169963916869507911,1313179.47584081,113431.512674261532083856252847,69406.063016,5995.2465458913263389423192,36.045382821915,0.06472225137186183,0.06119075588762648,,
2020-06-09,10734,11220,234804,298671,901,141444,278077,38,53854,390405,380053,371864,355356,261679,26705,287451,94056,314802,193741,3425,182925,2649,256552,22194,13,284764,84545,129,1614040364,4320,1385.549074074074,1942444613.6405734736804709731532,0.958924562313,0.830680847837,2596256164.7006894796324739167762,2596292150.3554265862906044,2249040599.078217917872004932101,2707466537.7624464484317888584902,0.30992798,0.025863044716776286872172,0.180211,0.0150383490753399271454,1418.230423,118.3492914990816528636422,0,0,0,0,0,0,0.565569901499,5.161671466627,16.057914376146623,4.471364900499,13.91037674151813,0.000008533077116186749,0.0834485634913514,-2.0583942087749088,75.46832948246342,0.0863792914533887,0.00000884187371648861,0.000351180579779473,0.0763296328819246,0.0863792914533887,0.005792253358,30793081766.433733,17920701100.516756,3416878685.230164,23277148609.537038,26759931350.317998,8651806748.565231,30793081766.433733,30793081766.433733,30793081766.433733,4934906315.983674,12702040868.9309,30793081766.433733,74.8171401594,25856320337.430276,31105492726.737389,31112002083.720129,17596040985.047517,30983588279.509788,31111760852.322877,11841177718.566347,29991898732.784268,31112053412.232916,31112053366.441382,31112052688.1183,31112029749.692763,31111928893.811715,31110622995.1582,28421619910.820448,30705288143.129525,31079569964.064172,21720640290.049853,31111901262.531863,31110083877.514166,31068025538.49799,20892201593.013145,27941179108.314551,10434582160.833227,30604011665.574563,13472792707.892715,13089636145.247601,29360282654.128549,22178783795.794696,31112053414.433733,26951220068.770965,4576,0.052962962963,14321,6027515237.184404,502987487.9652707301233409635656,967256.53628554,80716.168480648523942070878756,64294.3407955,5365.2703800078662284460387,36.435980952409,0.06478575789501587,0.059075164008273846,,
2020-06-10,12008,11219,235078,299026,904,141599,278377,38,53938,391016,380658,372466,355945,261951,26737,287774,94162,315224,193957,3406,183279,2650,256876,22250,14,285084,84705,125,1614040376,4320,1470.497685185185,1946588937.2835542916523378915536,0.960319362935,0.83213603793,2601246932.528208408146512121436,2601283105.6583444741020464,2254032772.4891676664158116315544,2708731108.5531671835375656133571,0.29023689,0.024266410323255392719176,0.180563,0.0150966882507525610392,1414.904818,118.2987485909837050791312,0,0,0,0,0,0,0.56577019706,7.001518625051,15.933299685149747,6.066956674013,13.806524561400673,0.000008455220911936108,0.0836089799723784,-4.934021724159578,74.38806321708587,0.0834485634913514,0.00000853307711618675,0.000341545784499301,0.0736817599927916,0.0834485634913514,0.005800652748,30793080351.528915,17906173382.355804,3404413560.357512,23282055802.219354,26744710395.412204,8647136368.23071,30793080351.528915,30793080351.528915,30793080351.528915,4918672884.845525,12704291409.272206,30793080351.528915,74.8329162042,25846685584.157863,31105489671.887233,31112000456.145974,17602271790.726007,30983410513.061855,31111758677.11633,11826331968.345485,29991050682.404828,31112051997.326549,31112051951.504644,31112051272.530913,31112028242.544553,31111927076.84314,31110618869.608641,28418091067.799947,30704815860.094288,31079524620.574264,21696339954.656228,31111899424.15222,31110085942.379562,31068145827.292565,20890052782.204214,27940651031.777789,10547448947.503231,30604204838.955995,13403410297.209024,13073296537.403375,29358719676.413475,22177070762.339584,31112051999.528915,26959218653.711891,4875,0.056423611111,14900,4443614830.675899,371526103.3829448745660225881816,824395.23116026,68926.844371402439817783762384,67098.562971,5610.0424076177099130402264,36.786569671085,0.06477630834010442,0.05912428208341853,,
2020-06-11,12927,11237,235442,299488,901,141830,278792,37,53998,391681,381317,373118,356585,262326,26794,288210,94297,315746,194283,3410,179077,2385,255551,20542,10,285041,81167,108,1614040393,4320,1561.308333333333,1746660191.1016602091767154448717,0.863645383868,0.748721403279,2333646941.2548161546988006324423,2333679511.1447926136919742,2023112084.2556230958156619186365,2702089289.0134344840959622937712,0.29036343,0.021779526614048271339411,0.179288,0.0134480012430611061176,1573.479416,118.0232538836902821507032,0,0,0,0,0,0,0.564944378928,11.492095140967,14.274985968587012,9.962859480622,12.375435249043694,0.000008084959352498137,0.0750078155987077,-21.84777088139519,48.68629325568149,0.0836089799723784,0.00000845522091193611,0.000337534650614278,0.0735430252023139,0.0836089799723784,0.005812883804,30793464285.049499,17896899112.798315,3482509350.470516,23286375921.761321,26740920892.157633,7977441733.603622,30793464285.049499,30793464285.049499,30793464285.049499,4904143251.84407,12682550554.025799,30793464285.049499,74.8468056681,25837267257.115651,31105483023.020643,31111998700.187427,17576578005.10815,30983230484.503846,31111756329.358485,11792777181.259786,29988688813.594775,31112050423.847244,31112050378.003052,31112049698.221667,31112026594.143948,31111925094.811412,31110614448.096352,28416415204.044353,30704168979.589179,31079505432.416921,21678795786.182662,31111891440.009023,31109867083.679215,31062432705.279045,20534742257.082056,27716133934.71288,10061700356.042318,30557272654.786672,13182951524.344442,13069908219.600159,29357023566.93806,22161107273.519188,31112050426.049499,26972017090.582745,5419,0.062719907407,16309,2707256600.682178,203065403.8823530539253152213706,248222.61420279,18618.636073552035241189734483,63402.676822,4755.6962915290347439429294,36.845377424512,0.06528195701312094,0.06314575541442635,,
2020-06-12,10154,11231,235983,300092,901,142199,279348,38,54066,392514,382146,373942,357391,262845,26796,288774,94553,316410,194755,3412,181588,2496,256875,21368,10,285841,83143,116,1614040412,4320,1378.245138888889,1843912902.1059776472684295791699,0.910974305211,0.789752331369,2464956739.1100380834691756626019,2464991253.7979116547234454,2136948671.6582675158162850121873,2705846613.9065362862293348650691,0.3158298,0.02502267830894162905002,0.180563,0.0143057110617725982987,1415.549168,112.1516445292811823403632,0,0,0,0,0,0,0.564604150435,13.878573654108,15.002286119799217,12.031772835642,13.005954582033356,0.000008378490952218307,0.0792283638495849,-11.78473062839526,53.4103884934961,0.0750078155987077,0.00000808495935249813,0.000324843594556613,0.0665325066513014,0.0750078155987077,0.005821315904,30793462869.500331,17886079139.285442,1514277915.029202,23273393675.106651,26739758733.243194,7995261155.437823,30793462869.500331,30793462869.500331,30793462869.500331,4797252466.312926,12646306565.680283,30793462869.500331,74.8050816815,25826726026.357962,31105487970.937741,31111997094.159315,17565991999.874409,30983035075.710531,31111754377.987635,11816758510.028658,29984201215.778247,31112049008.295384,31112048962.445282,31112048281.688875,31112025093.685279,31111923262.703556,31110609957.225466,28408241653.464514,30703278688.705767,31079469571.91455,21673467706.746137,31111892669.23549,31109967117.605352,31065050385.106784,20671089815.721045,27815110773.17557,10061700356.042318,30578769696.964034,13281720827.170021,13063733698.591895,29353747388.433801,22162331838.277504,31112049010.500331,26972015675.033577,4482,0.051875,13848,2241732456.511584,177608794.7179235357491404414816,225080.25865057,17832.740627726039154528648393,88905.60245199999,7043.845419333602652338536304151,36.887980219659,0.06539115004297331,0.06357742819682745,,
2020-06-13,7992,11223,236398,300612,904,142437,279808,37,54149,393257,382881,374674,358107,263301,26820,289255,94714,316999,195074,3404,181681,2477,257224,21287,10,286294,83107,115,1614040428,4320,1189.49375,1831482339.1064065292180124206438,0.905565289472,0.785063080803,2448354148.7979128934185920964906,2448388519.9019515714237708,2122555351.1158582471273779805414,2703674905.8991781683144780498366,0.32070259,0.025237603122763543974982,0.188341,0.0148214437861085207818,1129.514534,88.8868391442838337073932,0,0,0,0,0,0,0.5648421974,22.990882494703,14.879974048191569,19.931520401151,12.899918321032494,0.000008317508903092555,0.0786947281054498,-12.907500513525912,53.78319620221787,0.0792283638495849,0.00000837849095221831,0.000334067919607055,0.0704626466312817,0.0792283638495849,0.005832414331,30793461739.985797,17870610072.533692,1234757523.228996,23273253281.366531,26742156467.168772,7976266047.829478,30793461739.985797,30793461739.985797,30793461739.985797,4615193882.239769,12645240378.94191,30793461739.985797,74.8046331453,25816901496.926233,31105474287.486009,31111995773.752744,17573397490.710278,30982781169.97814,31111752451.010049,11792491061.611791,29982026971.216538,31112047878.77911,31112047832.914754,31112047151.368495,31112023881.787792,31111921701.721341,31110607446.360179,28402602306.399502,30702559058.942917,31079390856.225227,21661056445.077081,31111890768.132283,31109950963.607427,31064684018.90431,20643086064.467589,27796512007.463714,10061700356.042318,30575580384.394164,13271605661.297833,13066523135.90972,29351559847.154909,22163499311.802746,31112047880.985797,26972014545.519043,3522,0.040763888889,10858,1353234173.944981,106492395.3816032397558314574538,137613.04612029,10829.421248198945021895356442,75152.817432,5914.1305341697480636409136,36.849512241547,0.06517631203074271,0.06354809486928621,,
2020-06-14,7256,11233,236863,301189,904,142707,280344,37,54239,393981,383597,375379,358791,263793,26851,289809,94899,317602,195452,3403,180872,2407,257289,20859,10,286675,82252,111,1614040447,4319,1145.289187311878,1779135726.3021772674294828475223,0.880946707068,0.763720451966,2379649738.5723346993649844776976,2379683228.4344749616236814,2062993322.163737177225781695119,2701241425.2543617533557690915168,0.33187992,0.025384313996912250191928,0.180563,0.0138106212880383562567,1088.566133,83.2605495580345509657697,0,0,0,0,0,0,0.564478734798,19.206470309913,14.430798154498904,16.650694154451,12.51051351955891,0.000008186535847634553,0.0764864412312509,-16.61687511163777,51.682648453504974,0.0786947281054498,0.00000831750890309256,0.000330524563348923,0.0698944669934885,0.0786947281054498,0.005846389662,30793460651.419664,17817098320.51447,930036867.920988,23260798877.059747,26735170382.635841,7952837893.734124,30793460651.419664,30793460651.419664,30793460651.419664,4554556541.014516,12628036696.089054,30793460651.419664,74.7646049527,25807266287.155505,31105466476.411742,31111994587.312113,17562088810.37591,30982522589.468528,31111750870.002827,11793715578.882868,29979535659.45642,31112046790.211586,31112046744.290331,31112046061.60797,31112022744.227944,31111920367.02674,31110602821.986658,28395885537.721912,30701817724.635026,31079332280.232729,21644890354.134304,31111887217.151224,31109891526.908516,31063098305.560902,20538307389.038877,27730568319.276536,10061700356.042318,30561459591.628875,13213931195.035819,13060974770.207427,29348073505.622466,22154562121.283629,31112046792.419664,26972013456.95291,3280,0.037962962963,10231,1619873214.099191,123898337.3922752792155616080219,174442.06653819,13342.452870531228566606321871,72058.3531555,5511.48699384887359522721495,36.834321563397,0.06494184723652631,0.06381398267634936,,
2020-06-15,11629,11220,236971,301404,902,142694,280496,37,54200,394429,384036,375813,359210,263936,26793,289983,94899,317880,195496,3404,182007,2470,257828,21240,11,287000,83214,115,1614040460,4310,1540.980510440835,1826622035.967747947697633722367,0.907151508856,0.786438214619,2444001998.280147783561540899488,2444036505.589530406752226,2118782308.455754016110446778314,2694149736.2031117668119783950114,0.29414122,0.02310621885902854655182,0.180563,0.014184099038695669553,1423.055216,111.787886340371274258896,0,0,0,0,0,0,0.564607964683,6.71998551666,14.510222516163537,5.825767096671,12.579368912397902,0.000008320269006015854,0.078554848106731,-14.996181836924869,53.86784607764877,0.0764864412312509,0.00000818653584763456,0.00032948797448756,0.0679980448546241,0.0764864412312509,0.005848756998,30793459228.364448,17683217125.466532,3111112546.142373,23252823727.517757,26724577174.734243,7940636294.954415,30793459228.364448,30793459228.364448,30793459228.364448,4478205407.593895,12620532495.891154,30793459228.364448,74.738974733,25813557210.147896,31105458529.44713,31111992957.881954,17566108613.131824,30982368201.415947,31111748581.69072,11836386127.126808,29979060256.498957,31112045367.153842,31112045321.20619,31112044637.886726,31112021234.886344,31111918492.679192,31110599658.960531,28394969975.582884,30701776160.636351,31079282340.864136,21658849927.690391,31111887314.741528,31109939711.479125,31064459602.845038,20633317677.113272,27786095811.944376,10211231506.833523,30573852893.358994,13307567040.497124,13103137091.018299,29352344753.732007,22171748285.691909,31112045369.364448,26972012033.897694,4838,0.05599537037,14558,4629778634.52721,363691557.40307343685580365051,902859.50223141,70923.99105950717090834062071,92368.0569485,7255.9586835032964141703535,37.196607932207,0.06466971865451329,0.0638557532356034,,
2020-06-16,9172,11244,237449,301934,897,143032,281017,37,54291,395088,384690,376466,359844,264443,26853,290498,95163,318436,195884,3411,182537,2488,258433,21341,11,287526,83574,115,1614040474,4320,1320.038194444444,1834923480.3946559753493136799958,0.909927269319,0.788844603864,2456071151.9757620610884742494478,2456105929.5987301762116918,2129245424.6295661255724228975196,2699195017.8764203553189766943333,0.33604474,0.026528304888390738216042,0.188517,0.0148820554448933103261,1265.544482,99.9055955118253736369106,0,0,0,0,0,0,0.563298144097,7.719656968802,14.339798129449289,6.692413722343,12.431622566259769,0.000008292228392390711,0.0789427767516633,-15.424781380235416,54.07081982449876,0.078554848106731,0.00000832026900601585,0.000339773278998225,0.0693409500798766,0.078554848106731,0.005859464346,30793457962.819966,17600672892.835825,3244368568.398698,23243715966.147526,26722512081.162581,8025404946.909983,30793457962.819966,30793457962.819966,30793457962.819966,4506853404.373251,12620346481.031129,30793457962.819966,74.7097037038,25804980478.59078,31105449283.415131,31111991599.693874,17525356702.733236,30982247267.470941,31111747352.116419,11830225205.655704,29975627218.890616,31112044101.608216,31112044055.663245,31112043371.711258,31112019916.041935,31111917066.258814,31110597557.859652,28391067687.064972,30701231932.920454,31079217401.872828,21639157252.068559,31111886042.589331,31109949977.820957,31064577196.37434,20627178711.546937,27787991510.706657,10203544026.944442,30574581959.606878,13295106206.643336,13091620825.999111,29348242161.402494,22151655628.302668,31112044103.819966,26972010768.353212,3766,0.043587962963,12835,4030236606.309564,318158068.6682770447891116978012,913258.8652953,72095.19071948421419492067249,103823.090176,8196.0830294317751538897408,37.504551883684,0.06457057038400621,0.06384854924667373,,
2020-06-17,9821,11258,237763,302308,901,143253,281361,37,54329,395629,385226,376993,360358,264773,26866,290850,95318,318852,196188,3408,184937,2622,259533,22206,12,288010,85388,123,1614040491,4320,1376.115046296296,1935712780.6356855753313759022064,0.954313559489,0.827400583785,2589435612.5612494784327130133968,2589472391.8767993739504032,2245069784.6677538706582347245872,2713401257.7032674716582421321351,0.33064261,0.027519175016552862920112,0.180563,0.0150281441297412774096,1360.924987,113.2689247210240983591504,0,0,0,0,0,0,0.563571791501,7.032024493146,14.879595316062264,6.096844284531,12.900776404759924,0.000008808558147467861,0.0832293666462192,-6.199218421713884,53.55445033836257,0.0789427767516633,0.00000829222839239071,0.000335731526393153,0.0700791096383716,0.0789427767516633,0.005868002804,30793456601.894979,17587429070.927048,3227055880.599676,23257569517.064417,26725039294.178044,8031966678.889339,30793456601.894979,30793456601.894979,30793456601.894979,4472033499.483025,12640370821.385401,30793456601.894979,74.7542349092,25800063486.29834,31105442381.591598,31111990112.695965,17533869665.881474,30982084391.564169,31111745551.854418,11812729189.264664,29972845300.810163,31112042740.682786,31112042694.703549,31112042010.144552,31112018497.977586,31111915402.311657,31110595236.521782,28387127978.651213,30700696508.273288,31079203439.922585,21626830918.705404,31111886029.868351,31110042686.931932,31067153977.946947,20784804919.035041,27889317705.664242,10311386936.787829,30594526891.492113,13384078054.541717,13079191720.278058,29346611231.121763,22146947720.737569,31112042742.894979,26974490797.350541,4116,0.047638888889,13569,4424336515.497098,368234726.0145638449551902718816,934604.22757528,77786.517925969467932795381376,89101.308285,7415.845455910073468886072,37.84786707659,0.06465707455699367,0.0637756150162628,,
2020-06-18,9840,11268,238210,302907,894,143539,281899,37,54372,396403,385993,377753,361100,265272,26884,291419,95495,319497,196586,3406,184631,2585,259775,21970,12,288533,85035,122,1614040514,4320,1376.857638888889,1904702143.368372300298471774389,0.939960403543,0.814956230637,2548202360.8332569266509338517531,2548238668.5428093305865578,2209320076.7371714614182169879297,2710967771.864741283630516999158,0.34298548,0.028091901782491806417964,0.1825995,0.01495563957848044356285,1392.521062,114.0531223180502663828266,0,0,0,0,0,0,0.562583477235,6.644386891612,14.406993737360697,5.760758086908,12.491025437622408,0.000008722485199065672,0.0819040554792343,-8.77687567558721,44.47350772295722,0.0832293666462192,0.00000880855814746786,0.000356156155666394,0.0741108076481544,0.0832293666462192,0.005881055367,30793455209.373917,17560642653.839145,3146190957.617601,23255284884.53523,26722919460.635124,8027115913.375164,30793455209.373917,30793455209.373917,30793455209.373917,4357677055.788924,11218578191.635829,30793455209.373917,74.7468950129,25794392325.829866,31105427139.874822,31111988592.476626,17503120406.775966,30981837667.751051,31111743276.516602,11801240867.64234,29969238102.571718,31112041348.160518,31112041302.157182,31112040616.915166,31112017041.852127,31111913687.851038,31110589977.782839,28382595209.706242,30699791307.420835,31079158260.411778,21610033951.04887,31111883765.978489,31110006460.809446,31066258460.956116,20725590408.100197,27853936319.953332,10298061087.332891,30587205718.076367,13370686615.47612,13074326554.792354,29345077279.955019,22139509746.338288,31112041350.373917,26974489404.829479,4060,0.046990740741,13984,4682454808.531619,383512038.4169811442633294593317,654473.92388498,53604.068571587568375171670814,72489.7567125,5937.20505545679700278523875,38.082844447086,0.06465031158553193,0.06373777864106307,,
2020-06-19,8802,11262,238642,303428,896,143813,282377,37,54434,397127,386715,378468,361796,265756,26890,291918,95662,320073,196961,3409,183923,2500,259845,21534,11,288953,84262,119,1614040535,4320,1269.096064814815,1853672785.997963445052968148407,0.915931118538,0.794122566246,2482389196.918344248533628583423,2482424654.8454147545374324,2152259312.4944833807100032404258,2710235678.9446235115442000356613,0.30953015,0.02469700779351891096741,0.180563,0.0144068867547189025722,1102.236872,87.9460453790621246349168,0,0,0,0,0,0,0.562475528483,13.40190303439,13.941582136953912,11.619600442478,12.087508285330657,0.00000859237246964634,0.0797886984305694,-8.8104265898517,40.71485851527412,0.0819040554792343,0.00000872248519906567,0.000354055532837562,0.0731422243391468,0.0819040554792343,0.005891095307,30793454107.137045,17504247310.212979,3115272753.099331,23232272520.537405,26723644074.815488,8045285229.738445,30793454107.137045,30793454107.137045,30793454107.137045,4292339520.520113,11227785494.891342,30793454107.137045,74.6729315572,25787214202.750066,31105416291.237287,31111987325.193276,17499761280.743859,30981594017.309832,31111741371.443584,11802189683.401691,29966375544.046695,31112040245.923169,31112040199.894082,31112039513.799707,31112015854.931608,31111912256.322884,31110588509.054464,28376918497.998144,30698740384.947622,31079115160.807755,21610211086.772686,31111881359.57401,31109953977.638167,31064876354.773417,20617134477.390268,27793716624.906565,10174934881.753883,30574588835.821639,13329616682.32649,13070089099.986514,29343255441.585097,22142950339.172282,31112040248.137045,26974488302.592607,3561,0.041215277778,11250,2321464359.822691,185226619.7232075422765581702554,284496.5130928,22699.60648770995811885904032,70762.581937,5646.0543103397504730649278,38.11791717451,0.06464473299028986,0.0640906426956289,,
2020-06-20,7566,11248,238974,303857,890,144038,282772,36,54501,397749,387332,379080,362388,266141,26888,292326,95792,320570,197249,3398,184019,2485,260143,21453,11,289345,84256,117,1614040555,4320,1224.57962962963,1842403309.1906574354587959164312,0.911628383926,0.790392042458,2471215479.2590846922239713552351,2471250870.4593326027024706,2142571561.4448263826941443682733,2710770663.608736625181153930814,0.35134426,0.027907118902106667620286,0.188517,0.0149738217839916970887,1169.273704,92.8748922399776124177144,0,0,0,0,0,0,0.562247157018,14.845122632995,13.784150803508412,12.87088796852,11.95101348228794,0.000008488519219934482,0.0794295569311611,-10.957562841500499,52.52760755723248,0.0797886984305694,0.00000859237246964634,0.000348760021946981,0.0714468931963723,0.0797886984305694,0.005896932025,30793452937.863341,17450550604.179551,1206705256.751111,23195437320.485192,26721692498.438909,8020223064.012707,30793452937.863341,30793452937.863341,30793452937.863341,4203264094.776826,11211378841.035997,30793452937.863341,74.5545390377,25781258426.387197,31105404643.205544,31111986008.708331,17492655521.118855,30981423611.533624,31111739713.877473,11790334545.538834,29964678740.100772,31112039076.647529,31112039030.59305,31112038343.440973,31112014632.776686,31111910781.278072,31110586442.369666,28372313552.307273,30697988325.155865,31079071068.193177,21601457787.894246,31111879691.744052,31109941184.278229,31064593721.797337,20602396773.175959,27779215032.250921,10191122484.639543,30572124423.423451,13321486974.25724,13087220031.130762,29342087333.339119,22149732567.329368,31112039078.863341,26974487133.318903,3328,0.038518518519,11159,2095775147.704991,166466491.4095461460036378950501,203166.50151884,16137.425198895529872474725124,59969.656729,4763.3632632982938503980419,38.129067547501,0.06457217873978764,0.061544275006118046,,
2020-06-21,6927,11255,239340,304325,892,144217,283194,36,54537,398368,387950,379693,362993,266540,26909,292769,95915,321100,197534,3395,183777,2453,260370,21277,11,289740,83962,117,1614040575,4320,1210.494907407407,1815675367.7185269117920164520456,0.898902375791,0.779358445843,2435942191.5244549094015200980782,2435977173.4236336914363516,2111989212.2661233718607615577234,2709907390.534776094463756174385,0.39997539,0.031316396972380060582494,0.195109,0.0152762171114680361714,1224.324674,95.8594915403765333581204,0,0,0,0,0,0,0.562429899854,17.393647912311,13.548037581755217,15.080487903437,11.746300597608322,0.000008432714529042557,0.0782958095806346,-16.42521764918712,40.456084967469224,0.0794295569311611,0.00000848851921993448,0.000346975430889222,0.0710354566397247,0.0794295569311611,0.005908491374,30793451713.538667,17431345913.048955,884289058.185313,23189943081.802036,26719219941.84266,7999150720.893168,30793451713.538667,30793451713.538667,30793451713.538667,4172420857.473919,11184097625.242224,30793451713.538667,74.5368824447,25775383817.913218,31105395644.378146,31111984629.588861,17498340334.787779,30981169777.608102,31111737750.862876,11792548027.258395,29962290958.536325,31112037852.322588,31112037806.245449,31112037118.821731,31112013363.634043,31111909220.455052,31110582859.815007,28369106753.720714,30697327599.040585,31079015145.660927,21593083204.578646,31111877540.050182,31109915988.220684,31063874213.655537,20557675353.600345,27751031010.208774,10191490989.721133,30566195966.66886,13320188135.364458,13085945987.259432,29341166607.077528,22149152573.257803,31112037854.538667,26974485908.994229,3061,0.035428240741,10891,1788701140.28913,140047803.876741698367492881898,174723.80969738,13680.142133269101634534357348,77184.190406,6043.1986746636199767116476,38.099534733445,0.06457052520658348,0.06088705965948444,,
2020-06-22,8595,11298,239803,304908,887,144535,283755,36,54651,399178,388751,380490,363779,267065,26992,293337,96097,321752,197958,3390,187046,2630,261924,22441,13,290585,86449,124,1614040596,4320,1292.610416666667,1935293019.976323762886074155802,0.954949076201,0.828143395389,2600297284.722610030895967262764,2600334736.603827816937308,2255009273.32996526099353849146,2722969579.7687039650091981196494,0.33966395,0.0283886027749513137171,0.185792,0.015528216305450591616,1312.801149,109.721948241668487535602,0,0,0,0,0,0,0.56120527201,11.471179693602,14.341382180474977,9.947945851071,12.437020182017417,0.000008630023318698906,0.083578498027098,-12.994290549025783,52.03733442996625,0.0782958095806346,0.00000843271452904256,0.000344037885828088,0.0701101227384817,0.0782958095806346,0.00592646109,30793450400.737518,17409437695.077228,1350581538.141127,23155393619.886049,26715814975.315537,8010126085.54909,30793450400.737518,30793450400.737518,30793450400.737518,4462708152.80848,11190412243.264438,30793450400.737518,74.4258370513,25765771284.392138,31105379077.511288,31111983129.997988,17460238930.202588,30980913556.882488,31111736077.573607,11779155685.893962,29959912182.189177,31112036539.520152,31112036493.430475,31112035805.778356,31112011968.960231,31111907636.915965,31110578948.248739,28364409620.536597,30696136133.82301,31078977182.324826,21557243691.99046,31111879342.503316,31110039129.422919,31067346245.998589,20746033553.716415,27879794589.23281,10419324906.241506,30593413320.277481,13390513381.294825,13069384593.668205,29337036079.000925,22125005608.77717,31112036541.737518,26980734597.53777,3865,0.044733796296,12594,2712191541.998845,226680895.44206234923989470181,285904.46337609,23895.46562821705046138528682,85134.614007,7115.423168821799256361686,38.146086907057,0.06471194751288768,0.061469043320716434,,
2020-06-23,8303,11295,240278,305459,885,144853,284267,36,54732,399947,389514,381248,364506,267553,27017,293848,96258,322365,198399,3385,186794,2599,262135,22238,12,290978,86053,123,1614040617,4320,1252.286111111111,1913889430.7524188841073453807344,0.944847962397,0.819459505687,2573604294.9338630750838931450208,2573641463.1145642705703092,2232067578.3753964360569913349944,2723829015.2052694365481670423286,0.31935449,0.026417175170915646715598,0.181837,0.0150416544372173644774,1218.018014,100.7551052035272357500228,0,0,0,0,0,0,0.560984106754,13.134655883597,14.105441947940617,11.391587902074,12.233543327787938,0.000008606210564483422,0.0827205378290302,-14.648626627243948,57.09653756231401,0.083578498027098,0.0000086300233186989,0.000343632256809588,0.0740756938022601,0.083578498027098,0.005936759773,30793449182.719504,17384538313.520347,1503719853.43618,23136810772.532872,26709083695.722764,7999304109.317384,30793449182.719504,30793449182.719504,30793449182.719504,4391989266.590081,11089112949.516924,30793449182.719504,74.3661111586,25755747688.062131,31105374352.548148,31111981750.299385,17453357345.386397,30980667000.946999,31111734511.650709,11775960394.551787,29957405383.239134,31112035321.500609,31112035275.384094,31112034587.083865,31112010688.363963,31111906068.70501,31110575540.828247,28358737355.354536,30695093266.404779,31078951873.885583,21548983717.652565,31111876360.776256,31110002706.664645,31066489215.631825,20705849418.296629,27846659217.566472,10296159074.23212,30585666082.020236,13374785282.881886,13067235815.512586,29334821189.026371,22127949891.579758,31112035323.719504,26983233389.859172,3814,0.044143518519,11357,2368698167.614305,195939986.379693634118705797011,247258.45207034,20453.352138032010544144384268,82097.02228850001,6791.109837866600558944990990302,38.160939445806,0.06471449197998402,0.06070783078327206,,
2020-06-24,9145,11312,240623,305883,877,145069,284648,36,54833,400615,390177,381908,365133,267918,27081,294248,96388,322856,198707,3395,187009,2607,262475,22261,12,291377,86090,123,1614040638,4318,1388.623899953682,1908221060.2577702150638655630218,0.941361066695,0.816435339972,2569598357.4184663249387881358246,2569635588.7937471455944658,2228593238.8270263752273549103653,2729662876.7964896882070263655119,0.35711606,0.029494852228839349292738,0.188517,0.0155699552062265348991,1465.604302,121.0468728666003953737546,0,0,0,0,0,0,0.559490712833,5.118262391892,13.750816520341477,4.439030297549,11.925979263300633,0.000008887580439981276,0.0825917832674323,-13.584083569252002,53.06100463484125,0.0827205378290302,0.00000860621056448343,0.000340524134414217,0.073207309916373,0.0827205378290302,0.005949352225,30793447717.115202,17406230173.331633,3181488803.560515,23104248204.436366,26701781889.029661,8092929179.840151,30793447717.115202,30793447717.115202,30793447717.115202,4377125563.474508,11114446592.726655,30793447717.115202,74.2614523686,25744638013.052536,31105367175.128795,31111980086.077099,17406894000.954716,30980487145.91737,31111732236.754151,11759932207.194228,29956561096.166048,31112033855.894482,31112033809.76679,31112033120.943162,31112009146.019387,31111904240.576795,31110572306.073159,28356939739.44269,30694491560.758018,31078921727.031864,21534678904.493395,31111874513.334703,31109996534.090228,31066351991.61582,20689398064.475764,27840152899.714913,10279110367.617126,30583962928.510832,13354264434.12507,13047219334.094991,29332855128.382769,22111098356.118783,31112033858.115202,26983231874.420711,4104,0.0475,13769,6078632058.29358,502045061.521049261856326174634,1386205.08138708,114489.149646135063550673994684,69095.5441425,5706.72420656266136728030275,38.705207590688,0.0646503883548188,0.06075464704172472,,
2020-06-25,8118,11306,241012,306331,879,145375,285066,36,54947,401303,390861,382587,365754,268344,27115,294667,96584,323365,199096,3389,186853,2567,262745,22076,11,291765,85813,121,1614040658,4265,1256.610316529894,1881917557.5186647314638658030368,0.928827579054,0.805582153143,2535702331.9593919014682243649272,2535739167.9521164346491952,2199241915.6948854598123214986432,2730003274.1725374187730865107657,0.33146489,0.027015152082429405316168,0.188517,0.0153645697591782472104,1174.711571,95.7416990485917474262552,0,0,0,0,0,0,0.559605788793,15.578882466578,13.50624632197118,13.511732386075,11.71411275708626,0.000008813802668153713,0.0815023035544712,-15.484168385952353,52.375569040225,0.0825917832674323,0.00000888758043998128,0.000351718180488326,0.073493617701246,0.0825917832674323,0.005957948862,30793446542.403631,17397503287.302248,3083811962.308654,23090360338.844964,26687169048.158983,8097488391.097345,30793446542.403631,30793446542.403631,30793446542.403631,4374879052.358467,11102000400.151506,30793446542.403631,74.2168169268,25732248651.874343,31105358671.549912,31111978744.662377,17410473590.735605,30980306924.371582,31111730728.816182,11757120639.054563,29954292556.664519,31112032681.18237,31112032635.009358,31112031945.012264,31112007905.713555,31111902733.160339,31110571321.470404,28350567009.598965,30693703125.452363,31078920845.071433,21521447029.470874,31111872629.051776,31109976619.606794,31065685419.374373,20633772307.890633,27807233567.204081,10152001424.383399,30577437360.412866,13324957528.690328,13042906023.607976,29329053191.140113,22109246333.745775,31112032683.403631,26983800699.878936,3544,0.041018518519,11231,1997064471.739193,162765354.7935373789840754297416,211789.78935575,17261.3557018098499440799294,67859.2157555,5530.6824014731157075109916,38.67684811271,0.06465139454716204,0.06081867777871614,,
2020-06-26,7592,11305,241306,306709,876,145511,285412,36,54900,401969,391518,383242,366341,268664,27074,295031,96613,323802,199320,3399,186608,2533,262845,21870,11,292086,85459,121,1614040674,4320,1259.334722222222,1858757849.9146297153583592495234,0.917849941435,0.796061125034,2505828474.7963221392454980557293,2505864978.1672193266288518,2173331984.6062421431290936396402,2730106917.9991590866739473724463,0.36708804,0.029566043143337043235332,0.195021,0.0157074016899508180893,1258.37781,101.352396610573268903973,0,0,0,0,0,0,0.559035925909,13.085128564305,13.279875518539908,11.348872725138,11.517778852911352,0.000008793345851181167,0.0805421041321233,-4.989857123684048,46.36799160803439,0.0815023035544712,0.00000881380266815371,0.000350666058716243,0.0727173473501756,0.0815023035544712,0.005966271118,30793445284.025821,17380854451.521744,1214743392.959342,23078089031.116898,26666814494.679438,8098801735.054011,30793445284.025821,30793445284.025821,30793445284.025821,4340644699.881782,11103878861.866157,30793445284.025821,74.1773776063,25735349847.137696,31105350226.59314,31111977289.619212,17392743294.613278,30980083815.729742,31111728926.244512,11756931056.737641,29952252969.679892,31112031422.802749,31112031376.623116,31112030685.468757,31112006555.595832,31111901209.731739,31110567768.547306,28348437619.677388,30692768879.063411,31078865568.167945,21531258766.411096,31111870577.12867,31109946034.846504,31065056039.475736,20590157901.136977,27784833414.967279,10152001424.383399,30571769731.699621,13318069475.271923,13037631124.74241,29332960741.158002,22115590572.207771,31112031425.025821,26983799442.848594,3428,0.039675925926,11596,2377663411.721886,191502014.0980436975340982605438,219236.43872937,17657.764077696788159652171321,50436.2048035,4062.23805931259438211427155,38.677151350446,0.0646587807375604,0.06093505811430915,,
2020-06-27,8033,11296,241691,307146,877,145709,285825,35,54945,402699,392242,383965,367016,269059,27063,295458,96754,324280,199611,3388,185255,2425,262610,21186,10,292370,84250,114,1614040693,4320,1309.722685185185,1781866140.3088446486547217083572,0.881156376494,0.764236396586,2403749432.7530133725826129276678,2403784551.1202149087344034,2084797720.1171725867797561079245,2727948746.5278149085068124506342,0.36915095,0.028521005658589691595005,0.188825,0.0145888257729885254675,1320.452939,102.0196365338363313482681,0,0,0,0,0,0,0.559392674977,15.999652637242,12.687436611343822,13.87667070714,11.003950145987854,0.00000858250066578262,0.0772610924029579,-12.314183899964975,17.931685622299376,0.0805421041321233,0.00000879334585118117,0.000350649322306253,0.0718861922756054,0.0805421041321233,0.005974704286,30793443963.572882,17372780610.962671,1207616221.649975,23062916726.771868,26665944853.277931,8058547447.0497,30793443963.572882,30793443963.572882,30793443963.572882,4316847498.097423,11104902344.163026,30793443963.572882,74.1286140739,25730864426.725128,31105345881.616245,31111975771.589599,17403841744.17617,30979831338.556771,31111727085.583941,11727304542.159915,29950003576.678961,31112030102.349139,31112030056.171232,31112029364.378717,31112005104.332428,31111899646.119728,31110565219.234839,28342863228.856268,30692069166.307161,31078804619.747362,21526352931.543674,31111867215.115003,31109863567.83926,31062916015.235164,20461872706.158982,27693942075.448832,10027001423.383399,30554058363.136913,13229116212.405001,13038303573.898182,29332543800.494625,22126411566.818883,31112030104.572882,26983798122.395655,3577,0.041400462963,12448,1944544097.92334,150237601.231281586843863447386,171295.73843271,13234.495875282514157114112909,57216.247004,4420.5897467265071066131316,38.643756518718,0.064712344066678,0.05347070396751001,,
2020-06-28,8214,11295,242026,307628,877,145857,286239,35,54925,403416,392956,384674,367693,269453,27046,295888,96797,324823,199877,3393,186942,2520,263590,21771,12,292921,85479,121,1614040715,4320,1360.522222222222,1848373679.5222778298139153922307,0.915400262597,0.7939364819,2494226623.102550755348461084438,2494263169.6598188012068114,2163269545.7069260660223818674987,2724738811.0064491781516678356762,0.36488255,0.029252344069330595652045,0.196823,0.0157791434990734849557,1326.348062,106.3322701107899766113658,0,0,0,0,0,0,0.559459059205,7.777663359075,13.00684535170065,6.745650986805,11.280976706139835,0.000008802001235639485,0.0801692053219059,-10.9475970065805,24.156327487340924,0.0772610924029579,0.00000858250066578262,0.000350073800346007,0.0690687822297653,0.0772610924029579,0.005983551088,30793442637.22482,17383933341.181874,2863538885.326239,23055906218.609073,26664447566.819014,8052699376.148891,30793442637.22482,30793442637.22482,30793442637.22482,4358626082.187653,11107774621.118842,30793442637.22482,74.1060841225,25731331804.96217,31105328972.947505,31111974246.524543,17405906350.239518,30979587343.961937,31111725031.58238,11730115267.867116,29947771364.697207,31112028776.000441,31112028729.794215,31112028036.913638,31112003684.034831,31111897865.336952,31110561330.229097,28341273161.761391,30691223922.420984,31078745029.020643,21531524056.537093,31111866979.525526,31109934192.594302,31064667414.847028,20581458407.762295,27768685257.513728,10276398441.820633,30568243512.194224,13317034699.073599,13036761381.616713,29335462747.946566,22134253107.616946,31112028778.22482,26983796796.047593,3635,0.042071759259,12284,4000176832.277471,320690997.7907837128339833519789,930240.69389225,74576.657187440005945259239275,56099.833984,4497.4791091881302684701056,38.906872083734,0.06473149910644571,0.0536321959046563,,
2020-06-29,9637,11322,242160,307815,877,145920,286374,35,54978,403877,393411,385117,368099,269588,27076,296034,96857,325070,199982,3393,189048,2638,264435,22549,13,293279,87215,124,1614040731,4320,1454.28912037037,1930280132.0317490169683510318955,0.952998711172,0.826546014446,2605550922.1644018536101588108034,2605589219.9062132978970042,2259822290.3170589875058344810205,2734055032.4145297671059797494197,0.35460893,0.029697570470613869143411,0.188693,0.0158025452568595574011,1432.974678,120.0078815908844077844106,0,0,0,0,0,0,0.559369852642,5.188673349037,13.260703028653282,4.500192105855,11.50115011551281,0.000009118589835082038,0.0837473846770127,2.379948098026628,8.630198548273938,0.0801692053219059,0.00000880200123563948,0.000357191094291264,0.0714927186707683,0.0801692053219059,0.005992430859,30793441204.250142,17371087016.02012,2853237747.311122,23048840742.624165,26665340259.056782,8014780273.297303,30793441204.250142,30793441204.250142,30793441204.250142,4423128460.784336,11103363177.558397,30793441204.250142,74.083377746,25728728776.36644,31105324934.111806,31111972615.157776,17403130151.496513,30979476667.748933,31111722998.50958,11738796507.886169,29947144926.739204,31112027343.023939,31112027296.764753,31112026603.096225,31112002147.234551,31111896015.915943,31110559005.210216,28340685076.089198,30691030525.180999,31078721397.454255,21513750754.29378,31111867702.747801,31110018114.911592,31067079890.82616,20708196243.404793,27859157945.400349,10402970242.923621,30588413012.423856,13357654334.702894,13041732395.180924,29335015555.964054,22119684085.282881,31112027345.250142,26983795363.072915,4041,0.046770833333,13969,5996142993.088046,502161293.8205188915082833601842,1094483.65443031,91660.143630277806800771134937,76657.587166,6419.8724408026338067390082,39.322351134695,0.06478480897815136,0.04364217612833749,,
2020-06-30,5134,11324,242369,308071,876,146069,286617,35,55007,404248,393778,385475,368443,269826,27089,296282,96958,325349,200177,3395,188710,2617,264479,22388,12,293414,86860,125,1614040741,4320,1004.072453703704,1919078908.1582130389631304819632,0.938512214178,0.814132544873,2589542139.6353195257427397014952,2589580279.3528819382471176,2246353857.0404227316953414938724,2759199188.3701006127279811403576,0.36113574,0.030058351208981412699144,0.179024,0.0149006749285924689344,928.48,77.280021995372327488,0,0,0,0,0,0,0.558972261105,9.324126447981,13.012504069811657,8.088413426207,11.287975684802765,0.000009102485712947314,0.0832328343048556,-0.08073735130475064,13.032998379081642,0.0837473846770127,0.00000911858983508204,0.000367280323195813,0.0744461236759982,0.0837473846770127,0.005997327792,30793440275.770142,17380815439.363668,3711584932.684654,23056753073.303172,26676671114.912454,8498747029.925393,30793440275.770142,30793440275.770142,30793440275.770142,4916405683.022076,11110910359.516914,30793440275.770142,74.1088117001,25725685836.33013,31105319543.5078,31111971604.629887,17390759753.734629,30979370855.048452,31111721901.83388,11730862833.869394,29945590393.151305,31112026414.542762,31112026368.244433,31112025673.949342,31112001180.986129,31111894967.052972,31110557125.412058,28338456036.484705,30690616605.190454,31078704787.351426,21511600762.206976,31111865310.204688,31109993154.039337,31066424653.188464,20677920416.14817,27836256380.506399,10281525016.884137,30582553090.445652,13368817655.025439,13037121745.585843,29333850611.323759,22119111429.722213,31112026416.770142,26988794455.956379,2571,0.029756944444,7819,3336722918.800365,277724905.821724926629046552294,571677.00501289,47582.297434133977599667588684,42968.671102,3576.4042821326030780028712,39.353242921384,0.06475760376230061,0.04270768858715492,,
2020-07-01,10961,11317,242495,308254,876,146134,286765,36,55064,404755,394281,385972,368918,269976,27085,296436,96980,325628,200288,3392,195117,3040,266835,24898,15,294329,92448,152,1614040754,4320,1679.332638888889,2209423444.6955431211821889883934,1.065643017035,0.924414877835,2981113531.9514622857844917033469,2981157616.2869954343072698,2586030835.2776562256797366647194,2797478596.7684377930390987533117,0.34129283,0.032702232917596688814829,0.180563,0.0173013106730077245469,1851.513579,177.4096113022680769065477,0,0,0,0,0,0,0.559447432913,3.169454220113,14.277384492472475,2.749411002421,12.385223222437808,0.000010368485205384781,0.0958186930490063,19.162558572641363,17.097734960596217,0.0832328343048556,0.00000910248571294731,0.00036873922777784,0.0741662303864618,0.0832328343048556,0.005998630658,30793438424.256563,17385252911.025649,3803225556.216363,23058375922.175618,26671208895.166524,8422510892.078034,30793438424.256563,30793438424.256563,30793438424.256563,5059498401.376938,11075489619.627018,30793438424.256563,74.1140322572,25719175799.53455,31105312567.614358,31111969453.487089,17405542275.763495,30979294523.412458,31111719453.934907,11763706021.507488,29945657416.888685,31112024563.027505,31112024516.695287,31112023821.000405,31111999199.832312,31111892638.038218,31110555140.084146,28334450256.342944,30690330246.963514,31078686701.379565,21512938510.455309,31111871519.64526,31110239225.96891,31073465899.05119,21157357913.079421,28113464660.31308,10585391896.601906,30644526604.942299,13680477696.69566,13049782603.927775,29333734092.147151,22126723484.386257,31112024565.256563,26988792614.349638,5425,0.062789351852,15879,9816208850.03584,940576302.706523267724631385792,2091812.44172484,200434.734269724822497020026492,68559.72924,6569.303651570541979054212,40.314622052552,0.06548465521574375,0.045963239483104074,,
2020-07-02,12566,11395,243196,309108,880,146557,287545,36,55216,405963,395481,387166,370093,270736,27228,297236,97276,326595,200855,3413,194432,2966,267205,24499,14,294993,91527,144,1614040767,4316,1677.781510658017,2146681368.6119130157903723709522,1.029939147146,0.894021113377,2900092111.4461524868226221116757,2900135168.8335374716264226,2517375502.77071184743937466727,2815789767.2712006205903190261965,0.31597593,0.029453543088070215894483,0.180211,0.0167982809748964792241,1836.452116,171.1839934383094381144796,0,0,0,0,0,0,0.556910836448,4.615177238294,13.467840979395682,4.006125900199,11.690529698325998,0.000010249675115909948,0.0932145150678731,13.141677243440906,18.48316956208062,0.0958186930490063,0.0000103684852053848,0.000414537681148664,0.0852452964932751,0.0958186930490063,0.006030874286,30793436587.804447,17390817387.114482,3826165358.938098,23029475259.822262,26680285010.994977,8096567621.978708,30793436587.804447,30793436587.804447,30793436587.804447,5532054085.135743,11093622894.844494,30793436587.804447,74.0211443678,25703231205.688486,31105298456.87771,31111967314.514317,17326622601.500718,30978929778.434326,31111716692.847946,11678719282.491786,29941897409.36364,31112022726.571225,31112022680.220742,31112021983.575933,31111997236.296878,31111890199.218389,31110550936.359011,28330798975.174657,30689219632.45925,31078582670.077266,21461345604.929582,31111867644.391924,31110193760.209566,31072038947.846183,21005615344.837495,28052557676.482374,10436367376.507036,30630553908.580554,13505848898.817514,12965361775.624642,29328702651.59441,22068599686.804288,31112022728.804447,27006260783.9317,5812,0.067268518519,16938,6741241153.352274,628381525.0653217799827042284294,1150477.41823441,107241.194637259153316715933371,55538.958733499996,5177.0371057178176796566585785076,40.738910053523,0.0655313216598388,0.0456187543154675,,
2020-07-03,14261,11353,243730,309832,892,146733,288221,34,55058,406962,396471,388154,371058,271353,27072,297945,97187,327399,201218,3441,196207,3095,268258,24968,16,295844,92827,146,1614040782,4320,1701.169675925926,2214330058.0332612774337924708536,1.02584211818,0.890668519405,2993514659.4469333841936400320784,2993559282.4892179783214544,2599063951.750387627423648921308,2918104654.1147196314667140960737,0.31053674,0.029879006808942109461936,0.180211,0.0173394159288407113704,1856.388641,178.6167035967524784079224,0,0,0,0,0,0,0.557787118357,7.221754103163,13.639048324194066,6.270154949367,11.841852427121124,0.000010612174127854594,0.0962173004358264,24.00255287836356,12.862383011296355,0.0932145150678731,0.0000102496751159099,0.00041117730962073,0.0831087371427202,0.0932145150678731,0.006039436786,30793434731.415806,17394868396.541732,5301700190.117928,23013845202.507449,26679925789.946383,9542094618.907539,30793434731.415806,30793434731.415806,30793434731.415806,7037174408.246852,12527435646.656798,30793434731.415806,73.9709107836,25720899485.623018,31105277248.612738,31111965252.930847,17353884468.690248,30978498246.970017,31111713871.73067,11634798379.197058,29938617791.685191,31112020870.179499,31112020823.821537,31112020125.964883,31111995294.305001,31111888035.318992,31110544142.960057,28327735712.743766,30687303837.793873,31078463049.134563,21517319518.805365,31111866986.079869,31110233045.732064,31073408617.517965,21168203363.099867,28115436507.898661,10706625132.96328,30643294969.392996,13498834560.556378,12954326308.872187,29339164076.718265,22108456496.95346,31112020872.415806,27012438927.070845,5978,0.069189814815,18124,4308097510.380624,414513512.4631282423933499876736,337344.84390953,32458.410196920209748652385592,57960.0627935,5576.7607750815530610650484,40.686189638047,0.06556013572838101,0.04369873771362006,,
2020-07-04,13571,11362,244779,311126,893,147354,289445,34,55220,408616,398120,389793,372622,272525,27140,299207,97586,328775,202083,3437,199146,3239,270290,26002,16,297295,95312,152,1614040799,4320,1619.696296296296,2295952546.1735453306543228152598,1.056571715137,0.917758355632,3096528723.5175771866393033488908,3096575055.3180018187996804,2689703944.1306899263038492011138,2930732177.6219079762104846673251,0.30685989,0.030541266365037516172686,0.185704,0.0184828174482267034096,1739.895564,173.1689790655636977593736,0,0,0,0,0,0,0.557719066333,7.60211788405,13.842987559937422,6.603344674694,12.02428317739595,0.000010905761681976834,0.0995283755235574,30.238188242187128,12.325742568553467,0.0962173004358264,0.0000106121741278546,0.000427444646650931,0.0857097990308533,0.0962173004358264,0.006069524208,30793432991.520242,17462569083.340759,3343739923.792782,23068321311.344177,26676577715.628507,9569225962.563761,30793432991.520242,30793432991.520242,30793432991.520242,7396050961.803886,12602061824.276531,30793432991.520242,74.1460115883,25699875153.832347,31105244831.519086,31111963246.272012,17351766262.319202,30977873375.158915,31111710946.038345,11631232551.560292,29932293960.38151,31112019130.281314,31112019083.87478,31112018384.039869,31111993439.856295,31111885808.136239,31110537448.738784,28315950701.685854,30685307822.738084,31078308880.53158,21491798157.793377,31111866687.599712,31110313915.64097,31075370339.598759,21293668198.329836,28202066855.113783,10718827948.5526,30662553469.775649,13558946499.425165,12952715853.1337,29333483440.390809,22101527690.830495,31112019132.520242,27024493567.606387,5670,0.065625,18171,4092546262.377128,407324481.2494020675168869551472,300493.6075948,29907.64061912375435895374152,44207.57756400001,4399.908380776583864989928835574,40.737540132852,0.06537875966539665,0.04357722872943554,,
2020-07-05,11889,11388,245445,312002,888,147640,290263,35,55304,409860,399352,391016,373762,273278,27184,300042,97745,329766,202598,3426,198750,3166,270620,25565,16,298041,94444,150,1614040820,4320,1553.430324074074,2269951181.6317954090325787687984,1.039642212024,0.903387219328,3061010149.8792509088282112942633,3061056124.9544212542774434,2659835677.7460950876665671048495,2944291905.8850581293798136058679,0.32873666,0.032343330275276886845014,0.188517,0.0185475741996781645143,1775.835415,174.7186679510535715436285,0,0,0,0,0,0,0.557284994356,6.879224580382,13.440643918156994,5.977636818633,11.679119792139625,0.000010836005343970254,0.0983867460211979,27.32786258233448,15.294134477225791,0.0995283755235574,0.0000109057616819768,0.000434875679261764,0.0884797065760001,0.0995283755235574,0.00609725951,30793431215.684827,17006960040.871755,3425272698.310256,23071717212.222096,26675896668.186231,9533272120.334869,30793431215.684827,30793431215.684827,30793431215.684827,7436447757.731978,12628368573.041582,30793431215.684827,74.1569308982,25693637636.869315,31105224609.743377,31111961184.989568,17338260417.018452,30977313017.593146,31111708427.967451,11661116594.489987,29929440608.658514,31112017354.442622,31112017307.986986,31112016606.502507,31111991573.983341,31111883524.650579,31110530621.964886,28311275703.975866,30683910094.332414,31078204149.904551,21462281174.73849,31111863504.357107,31110264408.568872,31074345623.596273,21201503895.125507,28148811473.587945,10703742838.521268,30650785061.180488,13548924436.787029,12957777163.687282,29333071993.964397,22092603878.860825,31112017356.684827,27034491791.943405,5402,0.062523148148,16862,4522605272.316676,444964416.2815513674783376661804,518241.96267623,50988.140359353362548194455917,36916.819950000005,3632.1257883309422495518351059895,40.895807226447,0.06538657992053144,0.042976855514791114,,
2020-07-06,12274,11419,246061,312764,886,147990,290955,35,55423,410989,400468,392131,374783,273940,27292,300758,97979,330603,203093,3429,207941,3692,278015,28706,16,302090,101103,183,1614040837,4320,1535.857407407407,2423505135.280254935638728257518,1.100135057957,0.956494017812,3265974086.672369241580788888824,3266023322.706600218075366,2839546520.800488078361012195018,2968702854.3003777299520765784464,0.32954883,0.03459428512370675209443,0.188341,0.019771037434677141461,1738.370083,182.484854526182878288643,0,0,0,0,0,0,0.556183315748,5.045084476239,13.960405007145495,4.386364279529,12.137640536944765,0.000011240532372853594,0.104974686524321,31.320466853673725,21.79037602982484,0.0983867460211979,0.0000108360053439703,0.000432151476017339,0.087530404364189,0.0983867460211979,0.006120023386,30793429477.314744,17003344739.537108,3538758694.443824,23086567014.598958,26675146196.956878,9509643150.422411,30793429477.314744,30793429477.314744,30793429477.314744,7527547549.331646,12633303534.843907,30793429477.314744,74.2046651616,25677683747.028014,31105207927.681147,31111959203.628427,17303984006.200995,30976958535.531037,31111705644.497106,11646536690.767671,29926397978.884562,31112015616.069505,31112015569.620324,31112014865.434854,31111989719.440136,31111881238.0512,31110525905.577224,28307988006.305049,30682897401.78858,31078109675.386084,21431329080.937166,31111894277.223364,31110929037.068149,31082912042.920232,21690096135.113176,28447058676.919978,10697434247.687846,30713750500.989917,13857273184.423131,12936125924.563697,29329551199.570639,22068066455.745731,31112015618.314744,27049821388.536458,5275,0.061053240741,17070,6166797754.298448,647357661.116366294418844553808,1004370.81238604,105433.51118440216850450087884,60125.299692,6311.634487348553971809132,41.25712771191,0.06551241593136195,0.044351202005446816,,
2020-07-07,17133,11421,247044,313924,873,148600,292067,35,55561,412499,401963,393623,376199,274994,27329,301889,98296,331848,203861,3418,212776,4136,280784,30952,16,305887,105490,213,1614040849,4320,1802.846759259259,2719314731.897180698204991035804,1.225464791431,1.065629441439,3659545263.790090048532896669228,3659600684.587788779732716,3182236815.485026889529120206856,2986250840.806048862816359097485,0.29945712,0.03522359251682529910752,0.180387,0.021217990019180593302,2138.123826,251.496449299784483004996,0,0,0,0,0,0,0.555002785138,3.361375381066,14.92923731809746,2.922956738405,12.98204153692024,0.000012713230754670868,0.117624828946546,46.264923984269316,36.46041538690873,0.104974686524321,0.0000112405323728536,0.000435256183849033,0.0927617662908102,0.104974686524321,0.006140909907,30793427339.190918,17050653558.138686,3237831807.45196,23118543561.350974,26705648693.506684,9589467928.878029,30793427339.190918,30793427339.190918,30793427339.190918,7626162909.875375,12688010577.080929,30793427339.190918,74.3074490376,25662208338.441821,31105184283.492669,31111956817.153671,17267254132.753819,30976481247.432733,31111702688.196355,11656443842.729589,29920727280.030713,31112013477.939994,31112013431.47153,31112012725.536209,31111987483.628318,31111878633.164444,31110518160.551435,28298415060.037844,30680541234.961147,31077936023.878612,21411425636.937015,31111915653.085933,31111076302.519549,31086404420.472583,22080596642.465823,28636611026.979915,10696118446.919478,30748111140.851367,14146303274.313815,12956640412.381563,29325773318.528151,22070382859.500177,31112013480.190918,27054124915.507236,7140,0.082638888889,22973,9255739080.925619,1088704726.167736819762352961974,864991.18108233,101744.43971507986257799513218,54742.142911999996,6439.035196191375070282636213816,41.78024044127,0.06599497940333073,0.048446226935189206,,
2020-07-08,25164,11467,248037,315259,872,149148,293260,35,55722,414514,403963,395606,377995,276145,27385,303144,98542,333308,204592,3426,217216,4634,283389,33063,17,307870,109635,245,1614040863,4320,2452.987962962963,3015866273.882062321453819697077,1.3240353178,1.151334434888,4050525850.248457497416695312859,4050587602.513362028232174,3522194482.354542371057997431901,3059227949.4326886350951854287684,0.28564906,0.03718913980257607166114,0.179288,0.023341811441368855672,3152.137407,410.382161614159102943283,0,0,0,0,0,0,0.553749525309,2.462220112178,15.418091898730028,2.141059806574,13.407029166549103,0.000013799435371658897,0.130191710774669,66.8927395882464,50.72097557656168,0.117624828946546,0.0000127132307546708,0.000492126443089462,0.104477421980338,0.117624828946546,0.006169158708,30793424187.053511,17175294501.039152,3683868168.90015,23164810232.057033,26720224233.36307,9809261364.653076,30793424187.053511,30793424187.053511,30793424187.053511,7378985678.494861,12833568688.083837,30793424187.053511,74.4561665665,25650277931.090824,31105142424.608565,31111953264.059336,17228260950.563111,30975973340.624698,31111697470.381364,11565414884.36059,29917193580.288283,31112010325.800079,31112010279.243391,31112009568.936171,31111984133.152536,31111874626.60466,31110510526.908945,28289576736.498422,30678348951.324033,31077732399.118728,21380191174.640521,31111917506.093158,31111186238.155195,31089200446.46205,22446113264.657183,28793753455.575028,10713056542.220823,30777461326.637728,14368802688.413838,12903300058.672754,29324978424.520334,22051140821.995232,31112010328.053511,27053907360.128529,11035,0.127719907407,33535,12635755095.238831,1645070572.778884030164579971939,1310778.23062327,170652.46029103714823039794763,44232.447079,5758.697956965020636241851,43.006125131074,0.06636587659100798,0.05118399659719923,,
2020-07-09,16625,11465,248341,315819,874,149213,293712,35,55732,415583,405024,396662,378953,276555,27385,303619,98549,333974,204817,3439,215480,4388,283070,31979,16,307869,107607,229,1614040882,4320,1851.104861111111,2876965759.673391629658935428788,1.257893891905,1.095019394668,3854499682.702374540862773375168,3854558717.046901197518712,3355411721.499467542306937757852,3064248667.9586977195613074197871,0.3010068,0.0372920516645256548496,0.180387,0.022348336727305792764,2184.105367,270.591130123743936237324,0,0,0,0,0,0,0.553534435911,5.414693109662,14.274525867449059,4.713588331585,12.426233067142347,0.0000134204656857513,0.123891060482772,73.15587425107958,48.46398224172195,0.130191710774669,0.0000137994353716589,0.000527424809758877,0.115025321318317,0.130191710774669,0.006186494948,30793807508.948144,17241490663.468115,3932840877.46055,23221738101.704729,26725118159.375736,9877140079.956969,30793807508.948144,30793807508.948144,30793807508.948144,7505978725.139611,12909503845.34558,30793807508.948144,74.6391489558,25646658808.690848,31105116365.732974,31111950708.009577,17221567878.02288,30975606363.781204,31111693961.109004,11578146156.060895,29916616290.225544,31112008141.69333,31112008095.123433,31112007382.261167,31111981767.756816,31111871533.76431,31110504041.192726,28288168726.098203,30677563155.352604,31077642882.468115,21379399139.570269,31111910686.02713,31111122559.128683,31087565437.768764,22241977052.831448,28706782370.367413,10641436155.050532,30760643370.215965,14244764902.384795,12906035024.794131,29329334466.826793,22048313513.964578,31112008143.948144,27083566065.414891,7256,0.083981481481,21824,5745848843.848786,711859306.638135515295726114792,418654.19193934,51867.51181492280985133905048,40007.630999500005,4956.58783193147912234591641386,43.112421428615,0.06649839785639375,0.051744917585787566,,
2020-07-10,13357,11476,248852,316534,876,149540,294366,35,55871,416630,406069,397698,379939,277147,27440,304287,98778,334779,205257,3420,214624,4217,283123,31274,16,308403,106453,217,1614040958,4320,1610.890509259259,2761989484.635630268437066529023,1.2058676798,1.049729626172,3698585439.591864476580207175946,3698642311.600591431649066,3219685522.634569348153375455536,3067156953.9073757441431675025153,0.32980226,0.03920678811662592251246,0.180211,0.021423426550458672181,1897.682218,225.595860482625932611078,0,0,0,0,0,0,0.553357120228,9.326829659077,13.500330538017927,8.119173915507,11.75228191803897,0.00001280310751760508,0.118879682985271,83.31588026974164,42.185304765761835,0.123891060482772,0.0000134204656857513,0.000512684163553582,0.109954856510642,0.123891060482772,0.006200722612,30793805611.265926,17242023300.693238,3440262465.76815,23233486288.635513,26727590141.874929,9888492867.001175,30793805611.265926,30793805611.265926,30793805611.265926,7055811688.992843,12940441148.451361,30793805611.265926,74.6769144514,25632179317.505491,31105094292.531606,31111948577.650218,17216050180.943133,30975335799.291654,31111691354.68851,11576230445.833066,29914238754.830841,31112006244.01046,31112006197.41401,31112005483.026206,31111979766.726188,31111869109.95594,31110497473.451678,28281363653.040335,30676658804.527102,31077581268.864975,21346313126.573185,31111907168.903549,31111071791.881018,31086439462.166835,22084162106.81878,28637418504.729759,10654966283.570377,30748378787.272278,14136933047.011779,12903202759.037092,29325678915.97483,22041051586.520766,31112006246.265926,27083564169.947216,5754,0.066597222222,18514,3335753668.02018,396553338.57119392022667076878,249022.1677902,29603.6763632039389972181442,52477.879211,6238.553644343023430101181,43.174970991187,0.06658535362204389,0.052662210747930156,,
2020-07-11,11760,11469,249367,317240,874,149782,295005,35,55946,417573,407008,398628,380850,277729,27480,304960,98918,335524,205653,3417,217181,4465,284538,32544,17,309454,108900,230,1614040979,4320,1498.935648148148,2916314077.666267817937540800385,1.268944006555,1.104638701068,3906069827.574295619391116936453,3906130095.139166991277558,3400304409.275380129098557786623,3078205033.001743793052922493494,0.33750561,0.04237336990277297155353,0.180563,0.022669438856896026299,1633.864665,205.129484576908940086545,0,0,0,0,0,0,0.553209068596,12.429192538718,14.102058831323484,10.819836833122,12.276097187383934,0.000013591676350828751,0.125548638740473,80.62324992595647,67.38074257775888,0.118879682985271,0.0000128031075176051,0.000493207725424369,0.105345974914249,0.118879682985271,0.006216508678,30793803977.401261,17254430785.258319,1466290625.72935,23228559918.476745,26725717917.751996,9824729943.49202,30793803977.401261,30793803977.401261,30793803977.401261,5556983501.830344,12959884055.102206,30793803977.401261,74.6610840666,25620456927.305216,31105074673.421234,31111946774.228432,17211443093.792115,30974980752.36016,31111688617.235402,11574448398.73924,29911923654.759644,31112004610.144461,31112004563.514847,31112003848.238629,31111978027.153922,31111867105.336183,31110490589.245501,28276879934.862657,30675683558.266079,31077497865.378359,21337059246.574337,31111908230.724824,31111133278.390349,31088117743.301911,22279345456.757687,28733136058.365749,10736341319.250874,30766263292.513494,14245771981.216721,12902167065.48921,29324377889.263918,22041931755.746334,31112004612.401261,27083562541.082551,4841,0.056030092593,16106,2503139646.078006,314265775.142403018206147336838,189669.99576399,23812.80977808022471896896727,53479.827567,6714.319551112072104019191,43.202193856964,0.06665338412344765,0.04803196224309231,,
2020-07-12,11098,11468,249783,317805,872,150010,295537,35,55986,418401,407827,399436,381638,278217,27490,305503,99039,336179,205970,3410,217922,4504,285279,32754,17,310058,109413,234,1614040998,4320,1461.307407407407,2944607762.633246437895105928628,1.281654279487,1.115703214804,3952589291.316225017355681555412,3952650482.939607030191836,3440800416.854240013342259518552,3083974636.9809163519464276254406,0.34498058,0.04382766827068877031428,0.180387,0.022917062741168604942,1623.823579,206.296833145026829646014,0,0,0,0,0,0,0.553117493966,13.196042738571,14.13464808545675,11.487393708083,12.304466626820243,0.000013676663893739133,0.127043870906266,90.91391813031899,60.35150132275719,0.125548638740473,0.0000135916763508287,0.000524634120314434,0.111394731104323,0.125548638740473,0.006225757275,30793802353.577682,17256128509.776524,1189997428.955875,23177881322.632258,26722479098.741459,9811065792.217406,30793802353.577682,30793802353.577682,30793802353.577682,5409685477.770223,12944291704.18697,30793802353.577682,74.4981971464,25615376416.222037,31105056664.397283,31111944915.076967,17208593125.30728,30974744094.62544,31111686318.661729,11585563021.637281,29909749022.624461,31112002986.319205,31112002939.633247,31112002223.494972,31111976321.504404,31111865083.830279,31110485640.809857,28273959550.294155,30674934079.146717,31077410311.704965,21328681655.503978,31111906712.734403,31111148631.633989,31088370340.026423,22307439707.265821,28745997182.890695,10739995160.569727,30768609111.030909,14290499392.283665,12913344684.171901,29324925013.339304,22046939494.104802,31112002988.577682,27083560917.258972,4707,0.054479166667,15607,2357676737.256971,299528379.046781046284696080286,182350.06862762,23166.45857847610098427866692,47032.095113,5975.139419987196019678058,43.104127454803,0.0661080058143407,0.04751058628533373,,
2020-07-13,11811,11472,250510,318751,867,150329,296411,35,56057,419535,408953,400556,382704,279057,27497,306411,99236,337156,206461,3406,217237,4371,285642,32111,16,310705,108351,228,1614041012,4320,1433.44837962963,2869073648.92615627069280717522,1.235158413802,1.075351779001,3849966989.35752971863029800084,3850026786.657182517383848,3351852527.449875202152490836056,3116982361.4020847506472356313544,0.30835157,0.03815708766803443426316,0.173831,0.021510786231515194628,1571.051252,194.410362021309826080176,0,0,0,0,0,0,0.552504416051,4.358165229897,13.32145081663234,3.794299322891,11.597901673562044,0.000013397256162296101,0.123745397722588,106.92467716779511,57.24737946456967,0.127043870906266,0.0000136766638937392,0.000526476673752531,0.112406200661819,0.127043870906266,0.00625150877,30793800782.52643,17273524898.378414,3623301182.676628,23185295790.620315,26726441841.777656,9853618262.611015,30793800782.52643,30793800782.52643,30793800782.52643,5836482607.763122,12960270962.555276,30793800782.52643,74.5220324449,25605849489.994893,31105028813.665107,31111943238.319357,17189518175.371924,30974214509.274018,31111683879.216982,11574554921.303631,29906421462.440845,31112001415.265907,31112001368.562667,31112000649.536798,31111974700.581593,31111863161.530945,31110480382.804799,28265949947.072009,30673751092.550442,31077231863.552482,21308303031.117598,31111902722.339656,31111105711.229772,31087260885.56228,22185919004.022095,28686338353.145724,10658354524.935103,30757380062.644088,14239504727.712906,12903160250.658677,29323792568.855755,22040584653.901051,31112001417.52643,27086684346.548762,5095,0.058969907407,16489,7138784276.488527,883391699.549830392339510747876,1617874.05711609,200204.46866288761132113124092,66325.187925,8207.4367588045161173499,43.882640483276,0.06614056280664857,0.047961693477555606,,
2020-07-14,8285,11471,251437,319857,870,150834,297472,35,56155,420805,410216,401817,383951,280065,27534,307494,99499,338323,207178,3409,220636,4727,287624,33656,17,312407,111384,244,1614041027,4320,1155.772453703704,3073239672.280894334660282038818,1.31358519915,1.143631588231,4124852199.292698018272795358681,4124916411.015200299785378,3591172673.799124679594044259355,3140148200.4830776432411886913372,0.30348533,0.04023631132206308515719,0.173813,0.023044257130391610759,1093.154163,144.931193957471668525809,0,0,0,0,0,0,0.552428023021,10.583328631311,14.080471648169365,9.214041798908,12.258719239874768,0.000014317023173287457,0.132580745573643,123.02477199180247,73.33888652603834,0.123745397722588,0.0000133972561622961,0.00051705708714526,0.109215683848197,0.123745397722588,0.006276442663,30793799689.372267,17401257422.328073,3630154741.052779,23180135690.018726,26726657502.341519,10014375647.739198,30793799689.372267,30793799689.372267,30793799689.372267,5850031504.262309,13123582943.028874,30793799689.372267,74.5054494997,25592576347.91254,31105004016.372166,31111942004.20822,17187140831.420123,30973664332.33882,31111682166.558904,11579994417.654831,29901496768.070603,31112000322.109599,31112000275.402998,31111999555.656675,31111973567.250648,31111861771.10607,31110474937.520527,28257116972.681213,30671848139.192959,31077081045.338777,21300675309.749927,31111906211.256221,31111176934.816552,31089217759.422583,22452508415.216764,28795808873.479778,10745595914.438239,30777209828.433051,14356751751.390138,12904663418.764999,29320541170.799002,22040509162.942061,31112000324.372267,27086683351.047985,3602,0.041689814815,11685,2939717872.156542,389749987.266677674321285222506,354627.26295742,47016.74692363509388258328106,47878.88381,6347.81811276362499541983,43.899684965587,0.06625739393913334,0.04820897830434983,,
2020-07-15,9166,11481,252469,321108,869,151438,298653,34,56344,422272,411682,403280,385394,281203,27606,308702,99864,339645,207982,3415,220999,4632,288603,33365,17,313542,111228,238,1614041043,4320,1267.290972222222,3018371760.508260357933653291785,1.284765353698,1.118531169326,4052562314.841835517840427404442,4052625588.025958634626506,3528206338.798325493498030160958,3154320984.1202641152620985583464,0.31861139,0.04150143218846148198629,0.171334,0.022317489599407791274,1434.069845,186.797943494063310983795,0,0,0,0,0,0,0.551554321509,6.873048160068,13.562063428469058,5.983753043453,11.807284981224768,0.000014163433900976389,0.130257214559911,150.6119535421973,65.8169008015049,0.132580745573643,0.0000143170231732874,0.000550953278058402,0.116327096110084,0.132580745573643,0.006305104203,30793798255.302422,17411381908.431885,2648616842.197215,23172396022.025935,26724408873.130234,10017749339.529035,30793798255.302422,30793798255.302422,30793798255.302422,5706968831.719806,13141867289.796564,30793798255.302422,74.4805761395,25574004021.346098,31104978440.411221,31111940390.684495,17159957438.736633,30973105519.048077,31111679783.196954,11524602308.048949,29896206820.885923,31111998888.038717,31111998841.325337,31111998120.645037,31111972064.601377,31111859904.098975,31110469297.055351,28246324087.536516,30669832828.621465,31076900385.571653,21282368163.101318,31111903801.606559,31111159611.726223,31088717937.103646,22356902725.621959,28757456088.905862,10741278696.334092,30771316851.352994,14286261744.1333,12886330571.028273,29314121604.712033,22028719396.45975,31111998890.302422,27086456214.488978,4501,0.052094907407,14174,4526666795.536512,589631008.027424220553211970432,1230635.44337559,160299.14499280543074212997249,50009.460116,6514.092976355123647009676,44.342973705634,0.06599332376033291,0.048622748162109514,,
2020-07-16,11499,11458,253047,321909,869,151774,299399,34,56424,423460,412859,404448,386538,281885,27586,309487,100015,340584,208395,3407,220358,4468,288859,32764,17,314063,110296,232,1614041060,4320,1548.99212962963,2919499653.925863990711041688975,1.24153423831,1.081287928699,3920118417.72864556250146647665,3920179862.10416801445985,3414144043.20464628411066434875,3157479106.7085875933200758549554,0.37259052,0.046946486914625322357,0.183507,0.023121922088200604325,1897.230928,239.0515113894321763948,0,0,0,0,0,0,0.552016699116,9.586706682012,12.94802937278721,8.349338980251,11.276811729568587,0.000013796763739147676,0.126000218455975,128.9428837813999,59.60955978574725,0.130257214559911,0.0000141634339009764,0.000546423474765071,0.114168411570301,0.130257214559911,0.00631366587,30793796358.071494,17415680675.886078,2693852787.113606,23170592001.361881,26728187204.94056,10012544398.708657,30793796358.071494,30793796358.071494,30793796358.071494,5298406761.138122,13157620974.508086,30793796358.071494,74.4747822087,25564002068.796737,31104949649.700572,31111938146.796425,17174341883.027666,30972819865.535015,31111676762.143755,11537823317.286645,29893282103.412111,31111996990.805504,31111996944.072964,31111996222.246916,31111970041.833558,31111857538.30865,31110461101.863159,28237441313.943848,30668434947.446935,31076764124.802747,21281020071.282237,31111899392.185653,31111118768.804597,31087765263.191177,22233635497.367166,28703650645.507302,10743265836.642118,30761537136.906302,14254545971.255817,12886736976.651405,29313790444.032119,22043790470.076741,31111996993.071494,27096334316.25805,5092,0.058935185185,18402,3245326891.188683,408911897.250824266342653730925,449697.11673335,56661.93494742419067278926625,54949.069835,6923.594803162626148014125,44.537705028959,0.06605017201054439,0.0494377245095838,,
2020-07-17,9804,11501,253592,322637,862,152074,300051,34,56551,424610,414001,405577,387645,282482,27640,310168,100204,341475,208825,3409,219520,4333,289046,32139,16,314479,109188,220,1614041074,4320,1449.491203703704,2845013332.509155958880866114828,1.208502581813,1.052519699457,3820950587.909533486919912663548,3821010678.062964388658872,3327775898.00009949245111745054,3161723148.4756326243201851658357,0.35777277,0.04393906787081118817764,0.186407,0.022893161557807490924,1629.654955,200.14245263480715059206,0,0,0,0,0,0,0.550278742491,9.917722247568,12.469764148711734,8.637629903656,10.86027668589446,0.000013412679293363314,0.122812778263732,108.51902309549425,47.5594290964257,0.126000218455975,0.0000137967637391477,0.000539500724789396,0.110663630499471,0.126000218455975,0.00633625184,30793794728.416539,17420958992.580664,1177451176.679424,23165450474.540079,26725200262.398142,10011678697.859114,30793794728.416539,30793794728.416539,30793794728.416539,5075085341.044319,13170205939.434021,30793794728.416539,74.4582602432,25557165872.445078,31104935638.053908,31111936126.703002,17120269684.972298,30972481026.023726,31111673997.318877,11528835961.396768,29891387621.264377,31111995361.14927,31111995314.364172,31111994591.297146,31111968274.705652,31111855231.218097,31110454879.034653,28232487482.088735,30667448280.723059,31076678075.480487,21247630459.499953,31111894979.100129,31111079862.175656,31086663798.559803,22090052209.498123,28644139061.633241,10664275459.282813,30750166993.765058,14136427062.698152,12870019547.170419,29311825534.437235,22018433122.214649,31111995363.416539,27096332686.603095,4555,0.052719907407,15541,3137010150.797932,385264932.061022906665336202224,277316.84001216,34058.05158121224823056698112,50113.307763,6154.554554359478496951516,44.6180053442,0.06586537800265858,0.04947329068541334,,
2020-07-18,8810,11500,254162,323400,862,152362,300749,34,56584,425585,414969,406543,388582,283117,27642,310892,100328,342311,209234,3408,219944,4328,289704,32143,16,315215,109319,219,1614041092,4320,1282.211342592593,2842539270.24145895934908452382,1.207132522165,1.051326468408,3820111037.258915425460851116,3820171277.220864202798168,3327044688.122353161584732314448,3164616118.8737680061869763214286,0.36036632,0.04424786643064761225056,0.184781,0.022688482672080721748,1327.589539,163.009141909812878792812,0,0,0,0,0,0,0.550249696276,11.298038943105,12.331621084772177,9.839787400219,10.73996384551901,0.000013381328008969615,0.122785798713508,104.72685906012877,49.914186782409985,0.122812778263732,0.0000134126792933633,0.00052744337615658,0.107620244451803,0.122812778263732,0.006349407331,30793793400.827,17422746295.478148,1013548199.774562,23150391169.208915,26722823769.853799,10005457630.720871,30793793400.827,30793793400.827,30793793400.827,4913702127.226908,13162296844.963031,30793793400.827,74.4098598841,25550394756.950076,31104915204.854423,31111934610.848074,17119365268.760371,30972150368.170424,31111671718.892346,11530942086.000934,29888942462.854727,31111994033.557907,31111993986.754436,31111993262.266799,31111966883.289652,31111853474.756568,31110448172.723826,28227961400.594972,30666155192.101998,31076564795.862676,21245511730.389566,31111893334.659473,31111075416.711316,31086566232.665761,22084684197.196111,28639870235.654105,10666776723.398483,30748959811.023355,14124605128.083113,12870085397.27756,29312777661.247565,22024680473.947387,31111994035.827,27096331359.013556,3684,0.042638888889,13104,2753751707.92924,338121602.91677853455469617392,301843.09584964,37062.04561005599904620493712,52462.380762,6441.635324274346448733096,44.69159792218,0.0658030518774562,0.04923692937909733,,
2020-07-19,8993,11490,254443,323862,865,152446,301151,34,56583,426393,415767,407339,389336,283478,27629,311329,100327,342856,209438,3408,220599,4373,290221,32377,16,315702,109774,224,1614041109,4320,1429.200231481481,2875686503.529703605521859308229,1.219827314579,1.062382720312,3865014246.501955398696249156885,3865075398.522135528634918,3366152159.545147982723592690833,3168492950.0333917020131275754523,0.38696138,0.04807185690997080017354,0.188481,0.023414821557252577473,1641.877155,203.968891311349852334115,0,0,0,0,0,0,0.550585642252,12.105145461316,12.355879082999227,10.54271962208,10.761090750431087,0.000013475562067476735,0.124229081749633,96.40911876227968,55.697591505061034,0.122785798713508,0.0000133813280089697,0.000520477482827634,0.107660586353921,0.122785798713508,0.006359417091,30793791758.949845,17425363225.092924,871778454.936918,23148255328.211013,26706861414.010554,10000577780.940138,30793791758.949845,30793791758.949845,30793791758.949845,4817783724.891781,13162610613.061043,30793791758.949845,74.4029988022,25551433534.604433,31104894574.642522,31111932716.883308,17129816313.976446,30971847934.626925,31111669099.61979,11535556332.68638,29887985137.734015,31111992391.677252,31111992344.876627,31111991618.457891,31111965115.801145,31111851442.907305,31110442998.343329,28226548214.002182,30665335251.826348,31076494079.289775,21251619676.290299,31111891710.152156,31111083050.800452,31086863098.267081,22127106916.806029,28658442307.880909,10667669778.790455,30751836515.577904,14165076107.934418,12868857213.170722,29316109660.612844,22037312118.282078,31111992393.949845,27096329717.136401,4243,0.049108796296,14761,2570146099.72048,319286889.93067591845064258384,247939.54940204,30801.30255163319696213945132,41811.167494,5194.162944659723936029702,44.759307820981,0.06574026956455498,0.04866718070238478,,
2020-07-20,7964,11507,254992,324524,866,152742,301793,34,56700,427259,416624,408186,390158,284105,27661,311976,100526,343580,209861,3409,219320,4171,290219,31447,16,316153,108195,216,1614041159,4320,1202.457175925926,2729838706.94663420772711755844,1.159587295932,1.009474948277,3670493076.996282543550230952497,3670551301.768328246111442,3195335807.877672050069566737198,3165344334.0337671498842085806063,0.36146945,0.04264500811630168762515,0.179024,0.021120678201194577648,1275.264234,150.451590333178238388318,0,0,0,0,0,0,0.550176832477,11.749564356981,11.64768852927137,10.228545029037,10.139857358631525,0.000012869460568347729,0.117976797531027,93.27602527133838,48.53009646430922,0.124229081749633,0.0000134755620674767,0.000519009208245011,0.108678004377937,0.124229081749633,0.006378373169,30793790483.685611,17434050349.716574,1040244088.940885,23138776132.89772,26705736117.876334,9980906790.923378,30793790483.685611,30793790483.685611,30793790483.685611,4658852958.81965,13150664667.637639,30793790483.685611,74.3725338717,25540004862.201892,31104875763.554797,31111931284.45127,17117096725.746399,30971512747.604432,31111667497.518656,11525993003.292065,29885654089.954726,31111991116.411485,31111991069.563156,31111990341.856084,31111963782.395218,31111849912.878363,31110440441.363862,28218786583.994493,30664393429.357982,31076390777.724478,21231580536.301221,31111888556.947168,31111028500.476679,31085358056.703624,21939579566.298915,28571467764.887674,10671477923.707484,30736230059.630397,14085730392.857877,12853971376.562828,29312408531.871251,22024169386.325084,31111991118.685611,27084442659.475674,3528,0.040833333333,12636,2647927205.930843,312393971.851001101033708765761,301528.86520285,35573.40987979696697352382695,41273.8717455,4869.3592102404294548976285,44.832713983902,0.06586842293461724,0.050051566339114964,,
2020-07-21,8229,11504,255559,325251,863,153061,302471,37,56763,428225,417586,409142,391094,284763,27691,312680,100683,344378,210275,3400,221195,4334,291388,32253,17,317031,109821,221,1614041178,4320,1257.262268518519,2849721832.584817067940535345526,1.156716977672,1.007014680033,3828471558.186172971166589591376,3828532463.553287737831874,3332990814.175084506869708509491,3309773809.91698825489119287657,0.3654839,0.0449744529238670519341,0.1792,0.0220513734365781248,1418.808507,174.590827136444578327833,0,0,0,0,0,0,0.549950185149,8.646742810037,11.9810404581032,7.527681457308,10.430454342995576,0.000013106839726875052,0.123054539266619,107.60903105872474,57.166187980837805,0.117976797531027,0.0000128694605683477,0.000499137631041496,0.103184886336717,0.117976797531027,0.006391081031,30793789064.877104,17457875747.090211,3418719407.109063,23158201636.189954,26709640572.113121,12165278518.844297,30793789064.877104,30793789064.877104,30793789064.877104,6228351844.785781,15336271300.32028,30793789064.877104,74.4349746178,25530157858.193734,31104855365.82946,31111929662.537534,17110044495.787053,30971207764.552627,31111665248.873158,11585266518.056706,29882804377.740812,31111989697.60234,31111989650.721654,31111988922.3319,31111962283.62143,31111848127.537716,31110436929.249764,28214086424.761788,30663150521.374617,31076274604.322274,21219180297.557499,31111888226.98622,31111067518.389361,31086458548.590376,22070405077.548699,28631106393.250029,10671390191.492564,30747203325.448612,14123767262.083875,12848658508.673106,29311417152.948958,22027875195.318509,31111989699.877104,27085476359.011689,3882,0.044930555556,13508,3598116699.361447,442764592.667450731224982637693,379544.42396754,46704.66422253994043786154726,43579.432839999994,5362.647029626764826040724400286,44.961386383547,0.06577413931890727,0.050041925831897836,,
2020-07-22,8014,11525,255723,325623,866,152943,302777,37,56758,428829,418182,409732,391658,285035,27710,313011,100578,344802,210318,3411,221591,4383,291801,32456,17,317406,110078,223,1614041193,4320,1213.910416666667,2877490105.830120350505087230805,1.166248616488,1.015748062764,3864280423.481517788838346798225,3864342056.683036487879986,3365607726.035920046887358818368,3313427659.2924289913018211802229,0.34250044,0.04254044219816454634804,0.177838,0.022088459680919494858,1273.416629,158.165363233273646591039,0,0,0,0,0,0,0.549754248593,13.050418753851,12.004542555905164,11.366305074307,10.455395764803416,0.000013031387725956599,0.124205511088291,123.02311983601552,48.60940794607343,0.123054539266619,0.000013106839726875,0.000501750216121658,0.106851258582051,0.123054539266619,0.006410535399,30793787791.460475,17463585684.987655,3210939560.494375,23167169319.762855,26707418675.962982,12154429001.523807,30793787791.460475,30793787791.460475,30793787791.460475,6183122282.655181,15343754190.790994,30793787791.460475,74.4638015488,25534937035.435384,31104830062.860232,31111928228.616303,17103947819.633593,30970819994.021139,31111663228.022685,11571653063.475595,29884272324.887482,31111988424.184233,31111988377.274324,31111987647.702149,31111960926.701768,31111846465.586626,31110432611.156644,28217648990.234021,30662995236.282635,31076171306.968112,21216652881.941508,31111886931.833726,31111074834.845769,31086645524.411708,22098718600.233732,28649387570.835499,10671023186.538968,30749946436.651551,14121636058.439369,12835315506.016253,29316258518.412589,22021317043.59833,31111988426.460475,27097088499.104448,3718,0.043032407407,11853,2383983917.549064,296103940.905447685756028409624,254188.03838997,31571.55522075635722215884127,25071.029566999998,3113.960040878889760088974823418,44.896030385404,0.0657250616287869,0.049140264860810065,,
2020-07-23,10303,11548,256094,326222,863,153108,303287,36,56742,429665,419009,410550,392458,285460,27713,313549,100625,345480,210589,3410,221855,4385,292258,32453,17,317949,110112,221,1614041207,4320,1394.026851851852,2876588573.96982757500620676604,1.164408583444,1.014207289765,3862908274.469046558449645231454,3862970099.969533008310726,3364617701.523142020936504784143,3317485227.6036709406858907037645,0.37009598,0.04595164035035462364638,0.17999,0.02234781298262231519,1725.017341,214.180592968767294607021,0,0,0,0,0,0,0.549199399598,11.938016847202,11.954328682043167,10.398088681176,10.412296393177158,0.000012921142707189006,0.124161414426481,111.11694274701114,50.097445791639196,0.124205511088291,0.0000130313877259566,0.000470120747644042,0.107288873399914,0.124205511088291,0.006426292709,30793786066.443134,17460209231.625639,1209890814.704234,23168136310.76284,26707547246.519539,12172635679.293106,30793786066.443134,30793786066.443134,30793786066.443134,4701201212.717864,15348861366.141294,30793786066.443134,74.4669137754,25536636678.22025,31104809720.545466,31111926298.421276,17086684416.721256,30970503092.140285,31111660475.152759,11540104329.535738,29882387113.283523,31111986699.164874,31111986652.222545,31111985921.378877,31111959130.989532,31111844201.547686,31110423859.326122,28217279528.085271,30662060760.779866,31076099631.032265,21204197372.032893,31111884716.511049,31111069083.988595,31086568618.266002,22088820501.769346,28648459886.199596,10672966950.338927,30748941643.113491,14106847466.457397,12841046619.864638,29319483597.800202,22016365532.434522,31111986701.443134,27098738501.528703,4661,0.053946759259,15411,2606126888.54883,323580400.65710674240081356723,219203.38826507,27216.60273406817823965531867,43309.459388,5377.363735660316181253628,44.965206619793,0.06565107997061119,0.04900929558443046,,
2020-07-24,9177,11546,256439,326779,860,153247,303817,36,56744,430400,419742,411275,393177,285942,27729,314097,100697,346108,210810,3411,221521,4315,292548,32120,17,318439,109566,219,1614041223,4255,1330.44794359577,2827577083.174183508884923579104,1.143839747373,0.99783303852,3797623968.720227166820059685152,3797684955.268994960984992,3312871993.273200256615610989344,3320066449.3810129769540511543486,0.39222307,0.04787594655317641645264,0.183507,0.022399425215181107664,1686.951408,205.914444163658457436416,0,0,0,0,0,0,0.54893906755,14.924824191982,11.681477269177492,13.019728250453,10.190381987228974,0.000012784014274379616,0.122063055987952,108.0288365876071,47.790798501966805,0.124161414426481,0.000012921142707189,0.000451128894997056,0.107166008945274,0.124161414426481,0.006438448889,30793784379.491726,17470055536.181802,1212356828.915428,23164888510.191602,26707060909.210394,12197434582.895888,30793784379.491726,30793784379.491726,30793784379.491726,4642852840.206789,15355757836.944559,30793784379.491726,74.4564787473,25534414077.44947,31104777566.662759,31111924441.64516,17078584043.498534,30970202190.622157,31111658181.458305,11536389498.578577,29880700256.048388,31111985012.212917,31111984965.226289,31111984233.851782,31111957392.211267,31111842282.007731,31110417664.92637,28216312487.216667,30661389144.904312,31075981058.771352,21203833534.479218,31111882332.96899,31111047641.807044,31086002888.55375,22030288552.742021,28619113214.664406,10670540495.886977,30743256222.363574,14095061011.53277,12839764266.783492,29321460877.269525,22021270388.460699,31111985014.491726,27140660754.882222,4301,0.049780092593,15198,2084579665.012492,254450164.361766035891481496384,170120.06765103,20765.37534236185677262039056,47897.916212,5846.566028291589777477824,45.026703795368,0.06565243409054433,0.04925472826652402,,
2020-07-25,13243,11568,257227,327776,855,153622,304736,36,56813,431700,421036,412560,394440,286807,27764,315051,100884,347171,211440,3424,228838,5152,295610,35795,18,320553,116730,274,1614041239,4320,1578.291898148148,3341820692.603771591279643569328,1.343046067283,1.169836621399,4486116845.4675112385909938674,4486189170.666935210775888,3907553062.804723248306743744352,3340255375.2617208269658520363592,0.34059665,0.0491115068494499820012,0.1792,0.0258393088347211776,1956.046551,282.047382401675158990728,0,0,0,0,0,0,0.547512564948,8.920895552051,13.631830372720465,7.77038894397,11.873765744281942,0.000014861455627375686,0.144192571622328,130.70419178063534,76.91840025841528,0.122063055987952,0.0000127840142743797,0.000436083495354992,0.104955618836498,0.122063055987952,0.006467502706,30793782423.445175,17501923402.565963,1221815060.558463,23176094683.689626,26703143152.3455,12192674884.420473,30793782423.445175,30793782423.445175,30793782423.445175,4647861074.933402,15362031695.514226,30793782423.445175,74.4925022624,25526970243.723136,31104755159.044849,31111922270.73818,17034201644.932606,30969654836.709922,31111655127.069955,11541860481.091513,29877085566.528672,31111983056.165015,31111983009.139051,31111982277.048906,31111955322.062117,31111839862.128919,31110411004.784835,28211738530.678254,30659754428.667034,31075859608.794513,21188758646.298212,31111888723.847074,31111207951.28402,31090938705.996626,22637462631.236125,28889133614.729293,10755048917.338102,30794225213.326462,14489309180.224858,12824709211.069128,29321358085.153149,22006673706.405747,31111983058.445175,27099544857.549684,5743,0.066469907407,19705,3487540334.590182,502877409.481152575282760783696,277702.91664514,40042.69769808373196487668592,49995.655706,7209.002166192656550203568,45.160961761084,0.06654791573935066,0.05637762179832635,,
2020-07-26,15920,11603,258100,329036,856,153947,305854,37,56879,433364,422693,414211,396036,287829,27803,316213,101045,348522,212075,3441,230498,5305,297016,36408,18,321969,117979,285,1614041256,4320,1752.028240740741,3447816906.95160204981015608938,1.367415062214,1.191062792773,4622876007.889977021874129394224,4622950864.027404612361166,4026674680.392618808933642428313,3380740885.2191592438914632763993,0.33764004,0.05016935588424387950484,0.179024,0.026600869872604197904,2194.660231,326.100808938524832109451,0,0,0,0,0,0,0.546273529072,2.855678751018,13.423247851264458,2.487388652093,11.692083490682196,0.000014957689436210867,0.148588289126621,148.80630140762088,84.48523381369951,0.144192571622328,0.0000148614556273756,0.000472139997776609,0.123811261445718,0.144192571622328,0.006509043091,30793780228.784944,17529058984.131844,2758695757.316188,23203826675.82578,26721603234.973446,12335489148.507661,30793780228.784944,30793780228.784944,30793780228.784944,6469853404.81829,15375790678.186391,30793780228.784944,74.5816435714,25522006129.328992,31104717379.213239,31111919782.146593,16995651582.866819,30968869247.660723,31111651291.925504,11517964563.222578,29873778380.130942,31111980861.502225,31111980814.45933,31111980079.832799,31111952981.210477,31111836772.830398,31110400590.558009,28207334206.916222,30658019545.931995,31075682162.66309,21169042867.817749,31111887439.588819,31111224748.313759,31091474897.691796,22712641330.993042,28923814749.190773,10683926273.810481,30800002115.966616,14522944712.400243,12775122818.346993,29323270094.677582,21986582994.260099,31111980863.784944,27099542662.889453,6500,0.075231481481,23240,10894776190.318854,1618836154.536924336295169612334,3003000.67814231,446210.73301124849027464743451,40000.175101999994,5943.557583171441758060607240274,47.376484289663,0.06620626290991442,0.056104764158925666,,
2020-07-27,15594,11641,258608,329772,859,154123,306506,36,56959,434477,423791,415302,397075,288415,27847,316896,101221,349325,212429,3448,228387,4997,296867,35029,18,322178,115342,260,1614041272,4320,1735.243518518519,3228699478.51118158898561519198,1.278934804959,1.114109536167,4326188171.3498204316147197532,4326258520.81076320711838,3768642059.20797745923281683488,3382649494.3874751080996490705019,0.32075701,0.0446019584553074585753,0.177574,0.02469205013085377822,2139.128504,297.45046153776029625112,0,0,0,0,0,0,0.545752774781,4.273584119994,12.201876772983145,3.722817459683,10.62933561523504,0.00001258788445983423,0.13905217053653,134.59222267380702,79.97696668757746,0.148588289126621,0.0000149576894362109,0.000477714447577375,0.127377232775828,0.148588289126621,0.006532684104,30793778089.65644,17554338288.268951,3712854730.863886,23219338943.457766,26725740389.762426,12386177672.502479,30793778089.65644,30793778089.65644,30793778089.65644,7098878060.326179,15399282612.256416,30793778089.65644,74.6315081691,25517848710.413874,31104693449.620411,31111917433.201303,16979448717.901981,30968428367.606415,31111648080.056635,11494748868.084897,29872250032.823576,31111978722.371819,31111978675.308724,31111977938.456223,31111950722.286649,31111834087.622127,31110392748.972921,28204008733.880654,30657707132.999866,31075561346.1539,21152884513.006041,31111881508.582283,31111166294.843037,31089645278.983226,22477081213.482625,28821425997.840977,10678003303.284676,30780045711.04384,14315961864.881864,12773822761.302139,29323530320.900446,21974177039.397489,31111978724.65644,27102360536.097696,6669,0.0771875,22147,7280067000.225059,1012309118.03265928995878090527,794528.21461076,110480.8727941401063343110628,39561.686438,5501.13836928950208458014,47.924112179861,0.06641836890365133,0.05721835210055983,,
2020-07-28,12950,11674,259408,330851,857,154479,307517,37,57098,435773,425078,416573,398318,289375,27931,317958,101437,350448,213022,3468,231743,5340,298653,36655,19,323760,118563,283,1614041289,4320,1348.640972222222,3464468900.760129222958389638142,1.337997288473,1.165561014956,4642115782.00136203648686199764,4642191410.251055622959868,4043856612.437923417197811359948,3469450814.2842789343774710859096,0.19668366,0.02934652141664054543628,0.171246,0.025551051910026622668,947.62186,141.39153811438504153188,0,0,0,0,0,0,0.543779633118,5.366461827429,12.837793972062181,4.674851547302,11.183305303224799,0.00001363289028493704,0.149206707952458,147.65229063627928,86.11473988465231,0.13905217053653,0.0000125878844598342,0.000430190571497857,0.118077653073697,0.13905217053653,0.00656452784,30793777142.03458,18048050267.193691,4165443580.188855,23219257018.015699,26728330827.692561,12896416678.401241,30793777142.03458,30793777142.03458,30793777142.03458,7533922112.081017,15871266490.563104,30793777142.03458,74.6312471178,25505047333.250538,31104659842.774997,31111916358.403209,16918059861.17495,30967875463.659948,31111646174.624177,11498152714.934552,29869487160.242057,31111977774.748017,31111977727.606743,31111976989.382668,31111949709.465197,31111832902.319637,31110386985.873635,28197227243.426014,30656244820.807292,31075397481.925279,21137512754.531357,31111883943.898153,31111218692.847391,31091411816.869703,22683964232.752994,28922673395.638498,10672071103.182703,30799562883.558475,14435535880.628238,12745850406.404588,29320518710.994312,21951664597.008498,31111977777.03458,27102378089.639406,4818,0.055763888889,13463,5797484222.84777,865023535.29743015191853131866,1640190.32026564,244727.39810232390170705094312,57712.6118215,8611.108817224125630782247,48.609401645819,0.06653286430164812,0.05789278783852337,,
2020-07-29,25453,11634,262729,334966,861,156373,311377,39,57324,439991,429296,420787,402522,293023,27917,321912,102271,354681,215735,3465,232134,5015,301645,35218,19,327309,116937,263,1614041308,4319,1820.461449409586,3263001759.801319310515931348782,1.249455536499,1.088610809885,4340970015.557566168021989491248,4341052520.514974715761636,3782148901.083819732876604897764,3474289311.4244781769549168804869,0.20462708,0.02855113988827066988728,0.175,0.02441734241844905,1446.099546,201.770901633404075595036,0,0,0,0,0,0,0.543089403529,4.899820755175,11.73150547139416,4.269057749369,10.22128703208589,0.000012552225790082702,0.139527670962566,133.19141593167194,66.60540684426181,0.149206707952458,0.000013632890284937,0.00046918056037747,0.127256477984913,0.149206707952458,0.00665273426,30793692694.905928,18247357523.611095,3662579268.354943,23386054803.973277,26770475057.014107,13276862867.243599,30793692694.905928,30793692694.905928,30793692694.905928,5794706278.261825,16204609651.137605,30793692694.905928,75.1675719507,25467643834.619503,31104495400.35416,31111831735.85977,16896539591.192372,30965726060.640452,31111558728.286171,11461844536.075046,29850320757.943531,31111893327.621714,31111893280.472031,31111892542.027821,31111865287.184413,31111747103.050708,31110284130.84442,28166176588.810094,30647372992.84806,31074827779.358388,21119860365.804527,31111795549.366502,31111073139.93152,31089279803.255643,22442393320.772952,28793300995.132255,10526681082.999808,30774329051.631866,14253159561.297542,12681152299.550263,29312614610.713137,21971006741.230635,31111893329.905928,27106801647.241254,7067,0.081793981481,20724,6349598257.659838,885944656.439244245200059624308,1811256.9367228,252720.4618957240644295187048,29593.383556,4129.095883470579355964696,49.76275841055,0.06666520557971042,0.05987471500134107,,
2020-07-30,70844,11593,273502,348366,861,162505,323825,42,58365,453291,442639,434166,416021,304683,28023,334675,105292,368499,224545,3465,242167,5055,313921,35684,18,340476,121269,263,1614041331,4299,3303.216561991161,3418397843.682036118262235998616,1.228483990415,1.070702930679,4388654917.549832827110531729411,4388765072.368413247639062,3824995456.693019393931440968113,3572415230.3090769776274463259842,0.20408297,0.02878819293258738438609,0.174433,0.024605731961907528201,3772.269567,532.120951045174777139799,0,0,0,0,0,0,0.539157577563,7.812378639141,11.692049037445656,6.80899121988,10.19037388171539,0.000012667828589418863,0.141061220995497,134.86395255023584,69.47785351011149,0.139527670962566,0.0000125522257900827,0.000438730464431183,0.118536650984442,0.139527670962566,0.006956153807,30793503110.212363,19647371432.954294,5945155972.824554,24233434387.975128,27246789026.453997,15253580081.667538,30793503110.212363,30793503110.212363,30793503110.212363,8044499954.240561,17875545592.166907,30793503110.212363,77.891698206,25335616185.501533,31104059590.677783,31111641597.808143,16774110825.119691,30958918988.994517,31111358171.448452,11384603575.165468,29789563009.624304,31111703742.938046,31111703695.983254,31111702962.640867,31111675892.344825,31111552375.637903,31110022242.436998,28053403670.968849,30621872523.064472,31073080067.126171,21002732728.637091,31111604357.501497,31110866857.247738,31088560246.383249,22357950900.574322,28710520050.248796,10293031081.999808,30759729827.991238,14124211856.017663,12548926066.957322,29270827304.043329,21963970385.486374,31111703745.212363,27115853880.317129,18484,0.213935185185,53633,3982359942.122756,561756555.879392726425697229732,91520.35937404,12909.97363924876192457869788,22656.395307500003,3195.938785432599132613990486491,49.893999498303,0.06661631803934608,0.059727688796825884,,
2020-07-31,29061,11624,276713,352491,866,164231,327593,42,58644,457456,446818,438357,420226,308188,28075,338555,106026,372831,227092,3478,244641,5026,317465,35593,18,344467,121828,252,1614041391,4319,1288.943505441074,3435998372.109685893289304431352,1.199290294288,1.045258662762,4339344671.263412085574310166744,4339462370.163218993314364,3782018106.835155218074344311158,3618260476.1591051941219399338764,0.19509162,0.02721070828501075342308,0.174433,0.024329315007375922922,1817.473548,253.494960625943283683832,0,0,0,0,0,0,0.536936301924,17.316219615579,11.49882380871823,15.092199649812,10.021964869459804,0.000012301475891727207,0.139476561243434,137.2578967466097,45.5629969531091,0.141061220995497,0.0000126678285894189,0.000419869944989823,0.119012796730462,0.141061220995497,0.007060712306,30793440149.502716,20234385160.778881,4526462730.997238,24634951862.002828,27484162029.008081,16199340982.534059,30793440149.502716,30793440149.502716,30793440149.502716,8966677203.741756,18575050309.782626,30793440149.502716,79.1824257442,25296494320.772325,31103913069.619717,31111578381.437549,16704969349.626932,30956735535.876804,31111291037.301272,11345185047.431476,29774192212.312113,31111640782.234032,31111640735.356837,31111640002.507032,31111613010.623408,31111487362.361213,31109934165.641283,28024393969.933456,30613841815.68524,31072469175.818023,20953747444.322296,31111540385.439443,31110785529.578803,31087960063.363822,22279820178.846389,28673070509.97595,10264904798.480737,30750899754.884259,13970545946.312582,12502349225.000479,29263180039.820008,21939039845.406201,31111640784.502716,27115796898.908687,9316,0.107824074074,20536,1796676265.096132,250594227.123304915679463797288,117467.19299595,16383.9201379939015877260923,17441.156426,2432.632522407301459406884,49.940088290629,0.06662247246905466,0.05518982645721258,,
2020-08-01,22757,11637,278732,355363,865,165175,330151,40,58766,460654,450026,441571,423458,310471,28143,341207,106347,376137,228623,3481,248288,5249,320520,36737,18,347567,124533,261,1614041408,4320,1014.081712962963,3640512201.510188167578564634688,1.238671896226,1.079582410755,4523218128.019737703002900613376,4523348023.458074127460444,3942276195.893581208040766887464,3651667678.7447546739441623165255,0.19365043,0.02815423775210839976302,0.174433,0.025360274974930468762,1506.406691,219.011814896465206714574,0,0,0,0,0,0,0.535856038237,20.413268855877,11.932068096008821,17.791479785683,10.399566567723918,0.000012323449756956648,0.145386910589914,152.73469696465443,55.97024828595864,0.139476561243434,0.0000123014758917273,0.000402901855542596,0.118463987425571,0.139476561243434,0.007133200175,30793390564.417984,20850816337.559796,2902497347.160143,25040164803.960992,27786048928.001995,16915069727.236143,30793390564.417984,30793390564.417984,30793390564.417984,9668115281.442561,19247630417.796246,30793390564.417984,80.4850020157,25269029142.212656,31103787141.598591,31111528276.557593,16671334003.381015,30955184649.308851,31111237491.816296,11256725620.033656,29765648440.830949,31111591197.152371,31111591150.306998,31111590418.404699,31111563472.669742,31111435720.555851,31109859137.733173,28009876088.696276,30608371283.704937,31072004183.836058,20918398030.135092,31111492083.885219,31110768821.447226,31089027679.488491,22399259620.076495,28735956600.059129,10264904798.480737,30762602238.600615,14009796910.16752,12455471531.252227,29264466048.522764,21926561188.60856,31111591199.417984,27115757394.511076,7779,0.090034722222,16701,1524086682.004436,221582254.167857627260724858504,119140.87926859,17321.52436182623280975100126,19022.561802,2765.631491898487342865028,49.969231075904,0.06666983357174668,0.05490034114299211,,
2020-08-02,19560,11636,280232,357488,867,165816,332027,40,58852,462779,452160,443713,425616,312125,28119,343180,106616,378361,229648,3476,246098,4874,321245,34997,17,349134,121187,239,1614041426,4319,881.190321833758,3392561387.764552235091682533224,1.135122834234,0.98933438729,4168073961.33707505553525460068,4168198367.512090374048848,3632751253.304376578650148349952,3671914470.9559463745929749355865,0.18899875,0.02532051972625425689,0.174433,0.023369118670942050104,1359.278977,182.105173450148248849976,0,0,0,0,0,0,0.535778074146,21.431931492541,10.970174544446188,18.679341276681,9.561230365624455,0.000012076044719450493,0.133971889900088,132.3665580318095,39.238878344381106,0.145386910589914,0.0000123234497569567,0.000375496411554432,0.123500824072295,0.145386910589914,0.007180569761,30793355411.910235,21293217171.116084,2412397447.919372,25322934462.554923,27981468718.169292,16993414657.520955,30793355411.910235,30793355411.910235,30793355411.910235,10264829164.418915,19777253545.919698,30793355411.910235,81.3939824301,25259193491.600608,31103702878.080825,31111492970.026581,16668889582.493188,30954062330.793977,31111199387.205221,11256725620.033656,29759201007.554416,31111556044.645564,31111555997.843408,31111555266.796765,31111528359.343759,31111399322.951802,31109803188.716007,27995814413.931657,30604943401.806438,31071614739.15231,20902528233.113611,31111452931.27684,31110650087.128938,31086369607.693051,22121785705.117661,28600727286.262234,10191172827.262833,30733614825.6894,13845283801.165493,12453302660.278239,29264582019.334411,21933317461.982202,31111556046.910235,27115772241.576704,7192,0.083240740741,13710,1451644993.254018,194479623.210241286988024553584,126096.76727763,16893.42222247566560845743144,19909.408568500003,2667.301092714951038019697700264,49.986120609287,0.06696014080030113,0.05754206452874671,,
2020-08-03,20189,11641,281466,359217,867,166417,333558,49,58947,464523,453917,445472,427387,313486,28130,344791,106908,380202,230554,3464,247973,4967,322963,35458,17,350899,122429,256,1614041445,4297,957.217826390505,3517725324.03056736812977513982,1.151163432729,1.003370963039,4266525251.24953458962056297762,4265125860.69793664445532,3718766100.85706523666104834312,3706272393.6042388093606343291194,0.19898483,0.0272782888919382965486,0.174433,0.02391254532462335386,1628.093894,223.19096176192308949148,0,0,0,0,0,0,0.535379211161,7.955730472859,11.077290935457219,6.934331580801,9.655129547878602,0.000012200615126646885,0.13708727892442,143.2161631507305,37.736879762468114,0.133971889900088,0.0000120760447194505,0.00035996466260514,0.113768923667056,0.133971889900088,0.00721719529,30798308586.204227,21793857784.058149,3013247540.913103,25660479598.329371,28129518923.650317,16106123550.397558,30798308586.204227,30798308586.204227,30798308586.204227,10854743234.898259,20374299463.98016,30798308586.204227,82.4494200052,25255411870.512375,31114795662.71468,31122629451.688639,16662442652.106689,30964350054.809169,31122333661.647183,11274387035.092573,29763555288.511662,31122692670.059199,31122692623.265779,31122691892.818928,31122665027.075579,31122534959.778382,31120924354.398248,27995437097.986377,30613342410.524651,31082486498.028053,20882291083.078121,31122589774.025312,31121799879.856753,31097980765.340721,22182743220.063586,28633991720.920728,9623797283.184526,30749223152.927105,13943020687.933289,12341574139.614232,29273044616.147967,21939633215.07887,31122692672.321461,27126996246.729236,8182,0.094699074074,14299,3911984295.910418,536283282.32142225828771260756,455726.4473755,62474.29860460018137185971,17331.0593175,2375.86776271379061928335,50.133386333782,0.066834802283594,0.057427836957524375,,
2020-08-04,13232,11631,282414,360667,868,166865,334712,49,58926,466254,455655,447210,429132,314512,28172,346049,107066,381970,231266,3470,250890,5201,324650,36563,17,352615,125042,268,1614041462,4314,626.585767269356,3689395417.177262689164316519032,1.199266079325,1.045335432447,4465402290.928416008970243909212,4462858358.998274153434862,3892249864.570075867127259291169,3723445837.340875711171840307139,0.19383737,0.02780455295787376172389,0.174257,0.024995892096452856829,1111.657303,159.459109212380556816491,0,0,0,0,0,0,0.535258084371,36.365198694135,11.577742360761023,31.697578509299,10.091692349253046,0.000012804350875778117,0.143442685782797,153.95708482113605,45.794724984492916,0.13708727892442,0.0000122006151266469,0.000355620267407002,0.116740871754344,0.13708727892442,0.007246055002,30805176466.874136,21896802492.135214,2540297040.933364,25720345356.359256,28162101330.620917,16174891336.828786,30805176466.874136,30805176466.874136,30805176466.874136,10894254205.285914,20531880778.225049,30805176466.874136,82.6217925465,25248953642.251932,31122295194.65791,31130155785.306774,16662701643.835525,30971181266.24529,31129857194.247665,11265270532.394366,29765277965.571396,31130219475.713103,31130219428.919683,31130218698.748965,31130191847.629473,31130060001.213378,31128439070.170114,27999544899.410545,30618396882.520199,31089817367.81164,20881844954.438129,31130118208.095878,31129362925.885761,31106903429.361714,22344439697.487971,28714003954.151584,9623797283.184526,30771892760.083826,14027182201.331286,12336484992.788269,29284141836.760157,21948247933.362545,31130219477.973196,27134530027.301477,5735,0.066377314815,10199,856044256.482897,122793287.298844278100487322909,154223.31499816,22122.20651366238877021465352,12097,1735.226169914495309,50.116123467211,0.06690326011575101,0.05760748144974675,,
2020-08-05,10277,11633,283256,361910,865,167231,335820,48,58954,467440,456847,448406,430329,315500,28138,347216,107211,383196,231845,3464,250929,5108,325532,36281,17,353629,124515,268,1614041484,4320,478.768055555556,3675628406.97763857156072120285,1.189492538604,1.036826577275,4438462549.27649771299263589557,4435637257.46811800820009,3868806052.98325811982706085409,3731391669.3279533120192255147922,0.19323476,0.0275490469708952087454,0.174433,0.024868522155507445695,789.17078,112.5103107033020828337,0,0,0,0,0,0,0.535311111869,37.747647478394,11.498252776280804,32.902908479896,10.022504289657245,0.000012162991835677634,0.142567760432415,167.24220247155895,35.81156100845729,0.143442685782797,0.0000128043508757781,0.00036717768373842,0.121772118359944,0.143442685782797,0.007271925638,30806720386.36325,21852935259.977546,1126090203.730392,25781624091.09379,28186660643.049705,16018312615.694255,30806720386.36325,30806720386.36325,30806720386.36325,10993013648.590808,20643570420.46945,30806720386.36325,82.8130994949,25247759227.216962,31124338842.987878,31132238092.386644,16665467108.664101,30972617617.830626,31131937959.321689,11237018839.557114,29763194642.950487,31132301829.6161,31132301782.849137,31132301052.729626,31132274217.905574,31132141744.340202,31130511226.781058,27992991006.902021,30618510931.743941,31091691351.876843,20878336980.738792,31132198980.090178,31131429242.473379,31108416046.081123,22280532075.573633,28690567326.281508,9623797283.184526,30767422480.540733,14039293968.88812,12336627764.96807,29286409957.424658,21958999857.046385,31132301831.875758,27136612381.712246,4084,0.047268518519,7578,824748134.296186,117582494.42741987905504526919,142161.56875602,20267.6564771045526688343883,12497.484325000001,1781.738351254461826962635432415,50.110364732961,0.06690749691673145,0.056839730878426926,,
2020-08-06,19932,11662,285781,365184,863,168494,338825,48,59136,470667,460079,451643,433578,318318,28193,350324,107921,386490,233792,3459,253801,5201,328659,36678,17,357053,126209,270,1614041507,4320,981.620138888889,3719166354.213820235213161095385,1.194459611743,1.041203510423,4472204075.676709251459654453202,4468381412.416195475073806,3898394334.261351749590990923163,3744123310.415503619153343054456,0.20521496,0.02947301455499874761656,0.174653,0.025083699604912801033,1455.589732,209.052095214416757450452,0,0,0,0,0,0,0.533933353053,7.899135702411,11.422903263322958,6.885630741969,9.95727847142475,0.000012202942699782225,0.143620204662461,176.4642702424346,22.100245287267093,0.142567760432415,0.0000121629918356777,0.000355884510146254,0.120138031001236,0.142567760432415,0.007353179485,30813377370.243648,21980700545.083222,1426930063.031014,25895843575.454285,28259299974.698793,16166008475.068055,30813377370.243648,30813377370.243648,30813377370.243648,8998957207.258819,20812221895.881995,30813377370.243648,83.1618211352,25230256116.5847,31131065245.424634,31139037305.225077,16626204671.379153,30977688527.206282,31138734121.673237,11235999786.765683,29755212192.917734,31139101116.469924,31139101069.731926,31139100340.202425,31139073533.789181,31138939729.098089,31137292498.826226,27978136465.904744,30620134762.100254,31098044224.239121,20841740029.787997,31138999341.614732,31138235139.656172,31115453154.924742,22313679566.630317,28700290818.606288,9623949111.727958,30776284293.902843,14029369682.588772,12323050324.323939,29285842942.590726,21951401001.533188,31139101118.727482,27143773701.084983,7093,0.082094907407,18206,3942089652.824267,566163722.736391056190084741087,372980.07751684,53567.47506798912936724334324,16084.882124,2310.114062620440392747164,50.277544779688,0.06690773501020271,0.053367345352551075,,
2020-08-07,18113,11678,287520,367510,873,169434,340936,50,59325,473327,462744,454314,436255,320314,28271,352555,108532,389197,235238,3456,253861,5019,330311,36003,20,359022,125164,268,1614041529,4299,886.872761107234,3613902858.538546686729181742229,1.153049993015,1.00539166585,4344874632.252746220260533753296,4332783252.399309123766626,3788474715.660798160298251150614,3768158066.4964533494639931916245,0.20850692,0.02903706667161058196652,0.174433,0.024291868350120219723,1463.093052,203.753096049254423425812,0,0,0,0,0,0,0.534191661797,0.670920594112,9.386977462015837,0.585003233037,8.184891344698311,0.000012006401956131692,0.139261884793131,166.84496430373832,6.966783034413241,0.143620204662461,0.0000122029426997823,0.000364522049130696,0.12104861428114,0.143620204662461,0.007399133021,30785879069.866221,22076915717.117377,3619483054.554211,25950408928.522559,28257427980.951007,16675756562.996832,30785879069.866221,30785879069.866221,30785879069.866221,9348757125.462646,20931675631.051467,30785879069.866221,83.1762286468,25261281175.538233,31191206738.06472,31199245113.672164,16666410938.997867,31036580001.746196,31198939419.252184,11187877759.258726,29803908495.426605,31199309404.669879,31199309357.965652,31199308628.778921,31199281838.461851,31199146922.599702,31197489160.833287,28020014491.089588,30676729930.273357,31157966981.276307,20859862440.396614,31199204751.551641,31198409023.061358,31174428711.078359,22205686219.182519,28689334741.331272,9598607965.561712,30821409931.726673,13989964076.713932,12253730137.689836,29338054580.266876,21993036849.028098,31199309406.927216,27203959800.547394,7017,0.081215277778,16120,46502238388.183324,6475989365.037899872680643947444,3103960.98120097,432263.45656638334180838653707,16011.91356,2229.84926151029205375636,51.734333953972,0.0669396915194323,0.050656954005234046,,
2020-08-08,29641,11751,290241,370784,882,171125,344132,65,59859,478397,467822,459397,441341,323408,28625,355866,109841,394313,237776,3508,258689,5301,334113,37554,36,362704,129168,288,1614041553,4314,1419.070700046361,3727145681.272860613381524488168,1.215576194568,1.056750084065,4586522417.537080799531739209292,4540306574.560479773406712,3987251454.873768649976435549212,3773126224.4474253381193486881262,0.20360475,0.029712444877191530367,0.174565,0.02547461657936241418,2489.06811,363.23464464336074968092,0,0,0,0,0,0,0.531536495526,0.334700147448,7.467578325793163,0.290968522198,6.491871146220531,0.000012427137486360422,0.145931982810772,206.69361831914938,17.790567166115228,0.139261884793131,0.0000120064019561317,0.00036616061068539,0.11829960675197,0.139261884793131,0.007463027691,30327870509.682967,21689705873.911775,5868155429.253769,25540293563.377394,27827813397.787246,16062658916.142042,30327870509.682967,30327870509.682967,30327870509.682967,10389979181.626585,20554358045.520991,30327870509.682967,81.2629993265,25401150990.007584,31420965150.716888,31429112625.978707,16705755691.870388,31264148877.947288,31428804820.908068,11218484595.408383,30011503930.004639,31429179052.238162,31429179005.553983,31429178276.497818,31429151504.896572,31429014578.101293,31427346542.429844,28214444659.439828,30900936551.243138,31387557999.541296,20981793449.96521,31429074984.614424,31428317169.648616,31405642761.837645,22488563186.844905,28968445877.694019,9660537804.597556,31064883031.51144,14079484611.191845,12036389987.692277,29543048834.285366,22113032857.431584,31429179054.493911,27322670315.827771,12225,0.141493055556,25824,93902495395.125194,13703377343.890006695050951789768,3769650.70698261,550112.60217400075983472467492,16787.054202,2449.768105249761873463944,54.42089933542,0.06697617043038158,0.05031051421230383,,
2020-08-09,19110,11774,292278,373332,887,172167,346528,65,60170,481519,470946,462521,444470,325672,28720,358354,110466,397464,239413,3509,260171,5292,336275,37542,36,365197,129585,289,1614041578,4320,923.636111111111,3695338166.669619492601284414952,1.208884014297,1.051054130342,4552813170.970503483022035916128,4503573389.851616485980752,3958405464.40337381786137814244,3766129022.4098374233550529385657,0.20661375,0.02990761416404860749,0.174433,0.025249407948297200696,1515.098623,219.312533832648317515976,0,0,0,0,0,0,0.530769285082,0.989464918551,6.853390480575346,0.860282026374,5.9586232312310425,0.00001239254400210683,0.144751325427512,178.19469138343266,21.762879739043772,0.145931982810772,0.0000124271374863605,0.00037193372709405,0.123702078148754,0.145931982810772,0.00753019099,30237148233.756199,21698228993.780869,5194773748.479144,25528872746.109371,27765498867.577325,15956611249.740709,30237148233.756199,30237148233.756199,30237148233.756199,9714048648.095346,20559194259.266141,30237148233.756199,81.166040158,25389612360.732649,31444380104.889568,31452585578.33611,16694102003.758578,31286162799.19556,31452275483.52355,11190425868.946333,30025405261.567536,31452652728.378119,31452652681.69394,31452651952.842397,31452625194.723709,31452487060.728705,31450807043.22345,28215354332.555229,30920392733.313396,31410708882.836557,20953421968.639806,31452547568.757228,31451772584.728919,31428718792.274044,22456048266.792817,28963367384.127008,9632479078.135506,31083125137.588253,14058866314.406761,12013060511.823229,29557762301.942118,22109655871.302172,31452652730.633844,27346246762.939995,7333,0.084872685185,16783,31787537022.240898,4601288116.045477982142100785776,2012746.17662943,291347.67681626716995795087816,17867.50366,2586.34483686592172469392,55.425968942485,0.0668868297483176,0.04960729693439782,,
2020-08-10,16962,11789,293764,375319,885,172888,348359,68,60240,483968,473398,464977,446934,327367,28749,360255,110799,399959,240585,3528,261155,5279,337973,37385,38,367097,129716,294,1614041639,4320,827.662037037037,3664572861.091369138914862848809,1.200278950592,1.043772320771,4519467685.901294744281500390179,4466397362.325329007424394,3930165794.239216742767308985652,3765347783.2555096539576776020486,0.21492654,0.03085408774876247850306,0.174433,0.025040979528539776487,1370.371604,196.725661327020788969356,0,0,0,0,0,0,0.529388515776,2.707823529349,6.624987997425974,2.354745326553,5.761143352336292,0.000012093678625465041,0.143556434439239,160.76740259854571,14.343282316258858,0.144751325427512,0.0000123925440021068,0.000371936253349257,0.122959001785922,0.144751325427512,0.007574671837,30197035319.00286,21717853856.433179,3347109903.426038,25527054049.551631,27749097294.285051,15927701176.57085,30197035319.00286,30197035319.00286,30197035319.00286,9301980976.514455,20586879264.604337,30197035319.00286,81.0841699903,25403965887.326528,31473836113.308063,31482099511.45991,16666297819.969905,31314541385.720997,31481787767.838569,11205488825.379677,30046246907.240056,31482167297.003764,31482167250.33325,31482166521.750612,31482139780.182505,31482000464.356173,31480309375.828468,28233590020.390681,30946366970.040078,31439949289.633565,20971403443.574819,31482061003.481377,31481276770.514592,31457851190.635194,22449710983.545054,28969109193.48389,9623026764.993647,31107876744.514316,14060836214.246819,11958264722.559332,29586935476.583875,22129792175.187365,31482167299.259461,27377148294.266668,6376,0.073796296296,14909,11626373343.033736,1669040702.585338482678219166904,876481.96307372,125824.62546916798329301769908,16521.314435,2371.740992538130421114965,55.763138464629,0.06665282789930908,0.048830729764465446,,
2020-08-11,17651,11772,294528,376430,884,173241,349331,68,60363,485352,474788,466368,448329,328249,28774,361287,111039,401402,241119,3516,259578,5042,338303,36353,38,367804,127467,285,1614041665,4320,870.368981481481,3501202118.24541969643013412336,1.147800717029,0.998247371583,4320054300.53396357976567107463,4266172084.61065489423822,3757170375.15296718397783563762,3763766859.9082498589265292932067,0.21120605,0.0289607649425300806985,0.174433,0.02391841100773557181,1517.937909,208.14102143335674269313,0,0,0,0,0,0,0.529656144175,11.122647098168,6.299869430240978,9.673415485854,5.479024369602856,0.000012035915894612388,0.13712090606557,158.85211102196283,7.931933345087476,0.143556434439239,0.0000120936786254651,0.000363059138959041,0.122303517384668,0.143556434439239,0.007595309022,30144416603.024223,21817065487.81954,3344845772.335612,25533685699.036848,27725048066.296326,16030596921.656429,30144416603.024223,30144416603.024223,30144416603.024223,8163067336.415394,20707493982.660645,30144416603.024223,81.045326625,25406193799.971298,31497070897.731861,31505370491.887302,16687049182.375071,31337203747.89768,31505057132.438104,11208267968.558895,30065898257.295506,31505438697.721527,31505438651.058407,31505437922.67743,31505411208.674408,31505270767.251067,31503571472.85744,28246446561.104806,30968260478.516635,31463012618.454168,20970199727.487736,31505329105.600916,31504501145.636836,31479439172.849336,22290773062.183366,28907260763.336853,9623941412.880917,31112173001.056464,14014485060.130335,11963381844.188407,29607188094.812655,22149849543.122315,31505438699.975859,27400419694.983066,7187,0.08318287037,14730,2832548621.017154,388401633.38865301110161878778,283547.42910498,38880.2803914378316382935386,22067.607705,3025.93036320915376721685,55.838054103952,0.06675595372131612,0.049659823876988904,,
2020-08-12,18776,11787,295252,377583,889,173466,350310,73,60489,486682,476124,467706,449674,329133,28806,362326,111148,402774,241587,3549,260035,5070,339202,36331,42,368895,127417,286,1614041685,4297,965.916220619037,3493946674.139039304633519971283,1.115093288742,0.969839497907,4305933522.191945689626811557402,4251222192.997551899150586,3745035906.272812122278609900916,3861500706.411627234884268065851,0.21172796,0.02893059209740165567236,0.174433,0.023834594029650420303,1602.145471,218.917790084032611958161,0,0,0,0,0,0,0.528545633091,1.042732216036,5.890657363032767,0.906904291382,5.12333114814972,0.000011804263125269644,0.136640395049391,160.18793607473725,10.42058740294403,0.13712090606557,0.0000120359158946124,0.000361690332010092,0.117001965552726,0.13712090606557,0.007627701654,30132894121.508142,21932118800.165209,5039824018.62401,25570378897.661213,27730609781.414008,18326230890.513294,30132894121.508142,30132894121.508142,30132894121.508142,10355431848.084556,20861912496.368309,30132894121.508142,81.1426060373,25407555204.077511,31504477377.612905,31512819916.479323,16655999557.894257,31343971325.082817,31512504471.222644,11217990543.969393,30071883861.048198,31512888412.885322,31512888366.2312,31512887638.180817,31512860939.231208,31512719370.372268,31511010943.319232,28246895359.297981,30974416384.693175,31470230701.893781,20980503676.443885,31512778161.039869,31511943222.358121,31486676304.474727,22297693786.520964,28904126202.364834,9581245932.966154,31117229627.999544,13962536930.992733,11867820294.753362,29613594139.613357,22145214603.177011,31512888415.138822,27407970424.259276,7567,0.087581018519,16628,30221458520.698372,4129472031.237009283732753291452,2231498.01208048,304912.76992260747730426698768,21078.125567,2880.123404375548664879697,56.979156659184,0.06672932292373525,0.049376745309646704,,
2020-08-13,18113,11808,296214,378951,891,173842,351546,71,60567,488179,477624,469207,451181,330259,28849,363592,111373,404304,242298,3561,261708,5163,340674,36818,42,370304,128659,294,1614041703,4281,965.492174725531,3581252503.6128896311206462204,1.135634904975,0.98782213326,4401630092.8659191743848164169,4341911952.3870369705294,3828719607.9541282301919106902,3875920045.766705416017347693972,0.21240369,0.029642059476618470541,0.174433,0.0243430486574173437,1585.381118,221.2483285618243528902,0,0,0,0,0,0,0.527788530031,2.60818037864,5.8762612812568795,2.268702990959,5.111414706445939,0.00001185339188394785,0.1395552943389,196.75018786786273,5.260604573522275,0.136640395049391,0.0000118042631252697,0.000352886131954847,0.11601138704412,0.136640395049391,0.007664114955,30152037635.015293,22074784340.044479,5257269023.913859,25661889221.601836,27768446059.936461,18457748590.688007,30152037635.015293,30152037635.015293,30152037635.015293,10536008879.560845,21014860388.852584,30152037635.015293,81.3619597298,25422739135.125366,31531944425.300096,31540333344.493625,16646662439.144739,31370606492.237769,31540016483.232458,11129014354.019093,30095451585.158873,31540402056.423705,31540402009.774975,31540401281.90078,31540374597.00122,31540232102.308993,31538513653.577534,28268375008.212271,30999970202.514847,31497515383.168356,20987279536.871373,31540291971.348535,31539472637.483071,31514679307.721024,22363578476.350045,28958208356.973993,9570941619.469064,31150247281.199928,13997438498.006462,11832522472.748243,29640754363.472712,22154621561.804743,31540402058.677021,27435144084.583118,7464,0.086388888889,15874,12092876059.104426,1687624877.8321552435617339714,1224297.58619522,170857.209999878720456240058,15562.4381735,2171.82063993372580599915,57.520052063689,0.06629661852266815,0.04793423747536362,,
2020-08-14,15930,11849,297092,380299,894,174155,352752,71,60617,489659,479106,470695,452671,331340,28893,364848,111573,405824,242889,3578,262164,5154,341719,36700,42,371578,128562,292,1614041725,4244,843.679076343073,3565758055.051288247462787346696,1.126544212993,0.980008086041,4369814341.856397704821929872396,4309712350.635204446863244,3801407295.096992834575994339248,3878955030.3120514141676432074605,0.21995294,0.03046795885517281953916,0.174433,0.024162520705494368162,1355.350007,187.743561180106039721998,0,0,0,0,0,0,0.526496430883,1.677541989969,5.620346765412579,1.459334392635,4.889275727430041,0.000011764527768040255,0.138520352831714,192.10758665634384,6.343708714884595,0.1395552943389,0.0000118533918839478,0.000328520413637105,0.118045381225275,0.1395552943389,0.007705124237,30169699152.005822,22178335897.148493,3272860778.423835,25741762724.090564,27815132361.891859,18594751371.0897,30169699152.005822,30169699152.005822,30169699152.005822,10726003585.027367,21122668544.482864,30169699152.005822,81.5997609074,25422686721.493193,31537864897.773489,31546301347.509815,16609051360.157116,31375786437.365246,31545983125.23847,11090112398.936581,30096885000.374157,31546370278.547365,31546370231.925894,31546369504.102222,31546342837.377243,31546199468.00215,31544470809.901414,28269374249.432533,31004259859.20294,31503232582.350456,20972711487.696473,31546259529.842221,31545428836.082912,31520325631.174896,22331006120.79465,28947620099.697497,9545369672.978141,31152507298.103538,13934617956.527353,11786784722.018067,29646807613.311512,22139012711.88144,31546370280.800614,27442951287.564632,6162,0.071319444444,13386,18805115144.321129,2604891184.832371127261311485106,1800412.32009062,249393.74982151748669008992268,18080.898189,2504.572396654578684365946,58.247754909029,0.06625751928288438,0.04782776446092357,,
2020-08-15,14350,11843,297766,381417,892,174335,353740,71,60668,490870,480320,471910,453893,332218,28924,365887,111656,407062,243296,3581,262550,5159,342643,36682,42,372619,128590,291,1614041746,4305,750.088269454123,3561819842.53419109688012884079,1.12227051039,0.976299622059,4360677950.284212645574289086666,4300426650.654252752876188,3793495592.52348043303811332547,3885585435.8761473133804465223385,0.21714116,0.03001366306943389215848,0.174433,0.024110460173421575674,1257.681621,173.839139577744970332738,0,0,0,0,0,0,0.526184136557,7.781667142412,5.5682840429781635,6.769525368252,4.844031413413538,0.000011647673477928662,0.138221897080378,195.9088980425011,9.699728122831225,0.138520352831714,0.0000117645277680403,0.000316201022507046,0.117152513842589,0.138520352831714,0.007730946766,30161893413.23896,22237583349.557615,2963019891.833313,25768853689.390055,27821919125.364242,18793712343.383734,30161893413.23896,30161893413.23896,30161893413.23896,10185491627.681544,21196194597.940332,30161893413.23896,81.6804149066,25419190405.496484,31539831361.142667,31548318243.911187,16600260961.0973,31377188241.673368,31547998405.989524,11091151097.919951,30097515234.209847,31548387354.552073,31548387307.93252,31548386580.36831,31548359923.856155,31548215822.974133,31546477881.505516,28269810285.50813,31005119277.282529,31505030567.533877,20970331577.276194,31548275950.388061,31547440563.183838,31522125300.001304,22331559939.109943,28944416838.499684,9545158634.555629,31153016501.93999,13927972784.119381,11788752275.727152,29651090444.230679,22144650624.673917,31548387356.805097,27444968363.569115,5792,0.067037037037,12429,4054193886.661866,560378370.146074112301909465348,671115.18943712,92762.81464345598531321683136,14904.282726500001,2060.098233079138745712514080378,58.468339639435,0.0661681847751643,0.04737173817037778,,
2020-08-16,13513,11836,298778,382752,897,174791,354978,71,60745,492276,481729,473323,455311,333362,28938,367165,111879,408504,244034,3580,263506,5169,343854,36780,42,373957,129006,292,1614041767,4245,709.541813898704,3573609729.63557742433328204175,1.124650560535,0.978415788892,4373957093.703256319067742544586,4313120380.674962058600162,3805225223.360111573826717608214,3889169887.2421017088605621452739,0.21944223,0.03042125260527682059381,0.174433,0.024181627919549722251,1177.965868,163.301280846545222180196,0,0,0,0,0,0,0.526424178703,8.975105223395,5.56305252221937,7.808100547565,4.839706316941386,0.000011649920479879325,0.138629891818347,192.79056675573818,12.879045469233532,0.138221897080378,0.0000116476734779287,0.000319507531473137,0.11681293462789,0.138221897080378,0.007764710655,30155812355.695543,22265123906.209938,2736018113.621177,25778060436.76525,27821564374.101899,18822561952.320693,30155812355.695543,30155812355.695543,30155812355.695543,8191880268.934377,21239899969.140156,30155812355.695543,81.7019841091,25409761321.139528,31542735051.944712,31551258073.410954,16609381573.731639,31379362957.766471,31550937071.777748,11083872781.967813,30095739776.495181,31551327322.121345,31551327275.528008,31551326548.211508,31551299907.290646,31551155305.690087,31549410037.121982,28264236900.654164,31005841215.855042,31507756411.394217,20961525108.245852,31551215885.995015,31550378459.679794,31525026574.290871,22330375717.276444,28945154685.189438,9540358495.727953,31155238159.026581,13921580035.183196,11781355611.868237,29652491649.436735,22146912390.986677,31551327324.374238,27448807565.588162,5368,0.06212962963,11421,3515427010.497035,487343266.160498965632402101145,735838.68808866,102009.23772548531701735064502,17276.781595,2395.078363484058532923465,58.704666305728,0.06607353769337296,0.04706085604677197,,
2020-08-17,14503,11856,299820,384157,893,175223,356263,70,60867,493767,483220,474818,456808,334511,28988,368503,112145,410017,244794,3588,265125,5248,345319,37205,42,375393,130131,294,1614041786,4259,778.450340455506,3640351781.903708873555663688125,1.141776134011,0.99332887684,4452806303.294531603372774124375,4390449987.41254692842875,3873877682.573210751932137176875,3899894358.1465305889914724438367,0.22172389,0.03128865023593400280625,0.174433,0.024615178484396408125,1251.853059,176.655715853781264324375,0,0,0,0,0,0,0.525131677079,3.498335008739,5.5793708205246775,3.043501332293,4.8539726707715,0.000011458111305985278,0.141115376588125,178.43162684124118,14.92809271647513,0.138629891818347,0.0000116499204798794,0.000320206395079552,0.117054569278461,0.138629891818347,0.007806204286,30150887226.958423,22317204215.003509,2607475322.937793,25796988747.220961,27822838921.761832,18869275881.253595,30150887226.958423,30150887226.958423,30150887226.958423,8034475461.022406,21300081363.424352,30150887226.958423,81.7541014351,25397650039.901822,31545741095.530374,31554297046.423645,16570197368.217478,31381583295.634755,31553974637.423895,11042304713.125306,30093999460.54999,31554366438.556646,31554366391.974853,31554365664.751099,31554339033.610549,31554193831.865516,31552437927.675471,28257400905.583826,31007016748.301728,31510570085.870966,20942653394.172612,31554255147.18181,31553430371.387469,31528479253.729913,22363151900.522491,28965689047.12619,9532372146.535647,31162677400.151577,13916878253.842849,11768621386.606714,29652061463.113909,22134079359.81557,31554366440.809539,27451846682.023463,5646,0.065347222222,12439,9019824105.463339,1272835875.401106789226090249375,1132584.29321356,159825.059054626905144784975,19940.152344000002,2813.86210724814372354575317625,59.12451705189,0.06574873015802998,0.047119308453927505,,
2020-08-18,14303,11856,300836,385583,895,175724,357569,73,60971,495354,484813,476413,458409,335695,29024,369863,112440,411646,245511,3588,264750,5150,346207,36682,43,376641,129243,286,1614041842,4254,733.039257169723,3542237603.13389446281984331515,1.054127501422,0.917088403585,4325366337.675716245360774575638,4264403163.813762322267748,3763058362.66077164366445055755,4103266760.2727463540575380209212,0.22035741,0.03020307915184841093358,0.174433,0.023908493504685746054,1288.870511,176.657812688106599158618,0,0,0,0,0,0,0.524776438952,8.369321346069,5.3886056688257025,7.281289542297,4.688074036302833,0.000011428960631536731,0.137064050407238,172.75270306679258,10.331694058136998,0.141115376588125,0.0000114581113059853,0.000326020929759456,0.118958202140387,0.141115376588125,0.007837193017,30150067948.892663,24413030571.918069,6132388094.960903,25843666465.490925,27838119507.490023,20945580030.621696,30150067948.892663,30150067948.892663,30150067948.892663,9581325446.056454,23408926280.129215,30150067948.892663,81.8945108136,25383363347.127588,31548592172.570664,31557193744.121682,16560508295.985248,31383836321.735994,31556869944.4239,11073147912.152265,30091436752.142137,31557263370.779237,31557263324.206977,31557262597.251457,31557235980.714214,31557090083.140642,31555324024.597577,28250740099.521474,31007950518.183156,31513218866.203922,20923675320.957094,31557150632.551056,31556296756.390815,31530366503.198863,22275629764.349958,28919187009.158502,9486397841.19948,31155241654.132563,13840568017.468281,11731886248.981989,29652103981.582922,22128720184.491157,31557263373.031801,27454743614.245725,5849,0.067696759259,12286,3770588088.107504,516812075.773298085455923713952,892412.04380746,122317.60935645198370906239548,17837.420071,2444.869043746622824873898,59.443283367307,0.0657977382259596,0.04749652554588473,,
2020-08-19,13227,11873,301618,386725,901,175988,358568,69,61032,496478,485938,477538,459543,336615,29061,370934,112563,412798,246021,3596,262872,4852,346405,35524,41,377311,126864,282,1614041860,4167,694.147108231341,3355750787.457986155745807361189,1.003190987676,0.872775469578,4095098769.917632929583805735196,4036961257.337557554136338,3562733114.422413754207157087271,4082072925.5206402472439480504383,0.2193519,0.0284617294985866424157,0.174433,0.022633334206938548499,1195.248512,155.087965192606904478336,0,0,0,0,0,0,0.524215104958,3.950664943898,5.042586033181716,3.437075785085,4.387046382058767,0.000011055244872885192,0.129753740444403,163.51668938036667,9.982422950816877,0.137064050407238,0.0000114289606315367,0.000323763406031431,0.114958234683921,0.137064050407238,0.007870182647,30134616312.028239,24436344776.854402,6259153248.032075,25862458962.374663,27825288920.884857,20951399335.417415,30134616312.028239,30134616312.028239,30134616312.028239,9540853673.898995,23431931355.761053,30134616312.028239,81.9455396805,25376893833.855967,31551839426.908243,31560475375.573981,16544514432.738583,31386466008.285381,31560149664.983081,10845278811.167522,30092061256.613882,31560545041.706314,31560544995.134054,31560544268.744755,31560517661.942548,31560371228.576336,31558596985.29946,28249356357.083608,31009807538.73547,31516294770.797354,20911329548.042152,31560428794.411221,31559516700.965437,31531665986.979379,22033096138.556514,28828307819.594731,9297943831.249104,31138375968.426492,13745007673.75187,11596621405.750782,29654943060.182638,22118805048.282444,31560545043.958132,27457652490.172157,5449,0.06306712963,11628,7988666589.583667,1036559371.161713234575330365801,1215449.57763178,157709.12901929323650549592734,15302.792331,1985.594544191174760273393,59.858637791721,0.06594593792302993,0.04762628996231118,,
2020-08-20,11552,11879,302379,387741,904,176330,359522,69,61096,497585,487046,478646,460658,337504,29072,371924,112704,413927,246562,3591,265084,5062,347837,36322,42,378659,128687,288,1614041878,4209,637.871703492516,3470545149.170112004479870080075,1.035866460371,0.901156801075,4232418756.960158859707349543583,4172103114.153592296200794,3682012203.064271285332135039406,4085872956.4844644236313139491415,0.22530777,0.03021318482131751110503,0.174498,0.023399727070887360222,1031.233661,138.285746620087215901379,0,0,0,0,0,0,0.524201600017,18.594184370233,5.202314939064742,16.176096385698,4.525777856531755,0.000011299529319196909,0.134097394072639,185.05256232767158,8.97395160863894,0.129753740444403,0.0000110552448728852,0.000318899731892585,0.109743712357499,0.129753740444403,0.007895453798,30135283890.207572,24472423811.347404,2783409321.801099,25880779959.751925,27835418071.782615,20876380781.593497,30135283890.207572,30135283890.207572,30135283890.207572,8583743735.707358,23467877494.091012,30135283890.207572,81.9990966977,25371829109.397122,31553536828.712992,31562204618.652652,16544994775.506045,31387628524.082329,31561878077.010406,10845403996.061989,30090409164.909753,31562274464.226815,31562274417.654555,31562273691.411535,31562247093.363587,31562100279.505931,31560320102.222191,28245556184.524925,31009724441.205401,31517852765.329887,20899747077.174986,31562160578.550276,31561281703.525706,31534498771.291961,22185207348.142803,28884094864.942243,9373443321.92671,31151132047.330987,13782218622.117429,11593356650.147743,29655852523.63779,22119810573.050883,31562274466.478497,27457746129.427154,4577,0.052974537037,10093,1697427208.316048,227620565.263176580163781410672,551449.85997867,73947.98918486130896497061013,13920.359636,1866.683951741549587599404,59.996198042212,0.06597123330773261,0.04739552792466716,,
2020-08-21,11453,11882,303155,388752,903,176614,360445,70,61144,498668,488131,479731,461745,338373,29105,372896,112830,415027,247079,3589,261178,4586,347301,34254,40,378325,124394,256,1614041897,4314,596.511126564673,3174943256.514148562643600617,0.954621829903,0.830471597702,3874335944.4279272049399549522,3818478580.55214768844565,3370471804.663564069928830661175,4058503402.1509480735201856845302,0.22387261,0.02747619728169827584775,0.174433,0.021408405076612433075,1075.26015,131.96817605578672774125,0,0,0,0,0,0,0.523965457992,8.882902896322,4.737836797144005,7.727665898121,4.121672867020646,0.000010649422908986303,0.122731393008275,148.29996008848698,-1.1868379004278908,0.134097394072639,0.0000112995293191969,0.000322148326797396,0.113098359228546,0.134097394072639,0.007922729932,30099047977.910207,24519751312.478068,2725952490.133265,25869039523.57228,27805667163.841903,20916752392.664618,30099047977.910207,30099047977.910207,30099047977.910207,6825175166.682579,23519862687.168879,30099047977.910207,81.9480628953,25368099982.486749,31558841354.621744,31567533435.281953,16540333795.433956,31392320751.174519,31567205855.297072,10856427146.607936,30092672879.365134,31567603440.224721,31567603393.652461,31567602667.537307,31567576074.002435,31567428797.248182,31565643455.342339,28246678270.257701,31013576045.135927,31522993774.682684,20895411530.165699,31567478911.445175,31566495772.539119,31536196499.442191,21810513832.157433,28721255666.050802,9150186916.736663,31120530218.243564,13522486607.651644,11580029199.128293,29660852646.937091,22124027047.375492,31567603442.476248,27462181615.068237,4803,0.055590277778,10225,3553748567.435803,436156512.082557809659110269825,636364.08774004,78101.850948775243901768831,19899.806519,2442.330974672021865944725,60.165015901869,0.06621400525192978,0.050221175021191215,,
2020-08-22,11445,11873,303884,389767,909,176923,361388,69,61268,499726,489191,480795,462813,339269,29111,373879,113070,416117,247622,3590,263296,4739,348653,34947,40,379627,126159,273,1614041913,4329,581.592977592978,3242481219.548195899451944484244,0.974343002452,0.847656647926,3959964944.137188642876957822987,3902105945.642176597930426,3445081046.412478858566024173281,4064241169.8674070527025061719374,0.22227546,0.02787763188652502320326,0.174433,0.021877264196696384623,1045.139205,131.080624137119828537355,0,0,0,0,0,0,0.524055982714,12.297663410922,4.824684385400496,10.698692470713,4.197367644800458,0.000010735849384823047,0.125419296788431,151.72542647244208,1.0131024745170105,0.122731393008275,0.0000106494229089863,0.000316938336050631,0.104286887035542,0.122731393008275,0.007947919273,30055648056.295553,24505544412.748779,1778088435.567894,25853128685.754924,27776051355.329388,20925436527.4778,30055648056.295553,30055648056.295553,30055648056.295553,6648092635.215254,23513261776.324179,30055648056.295553,81.8815637333,25360270267.650992,31565007260.517199,31573739096.42144,16546443597.211645,31397914830.665748,31573410466.390469,10817534580.420667,30095551986.665202,31573809176.549301,31573809129.999096,31573808404.089541,31573781825.363405,31573634219.377029,31571844690.453975,28242261792.487949,31018523356.795443,31529014287.071412,20894246071.606697,31573686911.916313,31572733955.931342,31543496692.325988,21932034539.994885,28772472334.595689,9191295070.448794,31137789755.70103,13650038859.645181,11569081005.302974,29663177993.993574,22130867474.818262,31573809178.799877,27468508711.414351,4702,0.054421296296,9965,2567464088.402092,322009540.496940422250181797652,724299.95215298,90841.19066292097147800617438,19358.639431,2427.946944216812021222761,60.357907165102,0.06611588108367734,0.05038247091717174,,
2020-08-23,13102,11849,304356,390506,905,176989,362043,69,61197,500518,489983,481588,463608,339814,29069,374560,113030,416922,247893,3598,261782,4561,348698,34072,39,379975,124315,260,1614041930,4268,684.023195876289,3144690803.662271558881681828491,0.948392716369,0.825056426918,3845226149.039509568203580493721,3788404464.327924320187254,3345163340.521844054156202128944,4054466132.7219587577315737488755,0.21862724,0.02662109508332620195876,0.174433,0.021239793717698853017,1143.639089,139.254947962008561686761,0,0,0,0,0,0,0.523977602091,18.756386596176,4.676217661366623,16.317161698762,4.068086319711463,0.00001043792611321214,0.121764767662649,142.0667910436402,-0.24437232288567518,0.125419296788431,0.000010735849384823,0.000316785375633731,0.106524496689283,0.125419296788431,0.007961901254,30010086398.672191,24515084207.205073,1128677642.006251,25825950018.437859,27741991769.169362,20851782352.151216,30010086398.672191,30010086398.672191,30010086398.672191,6580876026.731654,23521504892.549581,30010086398.672191,81.7816867403,25367622088.047832,31570312333.710543,31579065729.047854,16546759918.723912,31402733141.333875,31578736244.426255,10818548462.172077,30099723367.070065,31579135923.937553,31579135877.393953,31579135151.628091,31579108577.588339,31578960465.326218,31577162355.453003,28247992683.396979,31022797221.182199,31534192903.137299,20920161146.65987,31579010498.539406,31578012172.5127,31547241589.409765,21807244521.130283,28711069101.045595,9112327233.681485,31127524345.351865,13547753153.753256,11561220500.411348,29674069126.845752,22155861926.862611,31579135926.188129,27472341997.889456,5231,0.060543981481,10754,1683647101.442556,205008898.133045263348260290844,523945.33755514,63798.08229532982573795596586,15826.309176,1927.086859772889941167224,60.498046703802,0.06607930879808102,0.05058299583444646,,
2020-08-24,14782,11851,304881,391285,906,177217,362742,69,61217,501355,490821,482428,464449,340434,29092,375298,113161,417784,248286,3605,263024,4647,349642,34452,39,380819,125260,267,1614041949,4262,788.166823087752,3200815720.492815066938426049552,0.970725638601,0.844491775722,3914622001.942773603260108218308,3855965592.469947781468104,3405561730.568667333396420496416,4032676017.0697071372975643114771,0.23689298,0.02935963457663321108952,0.174769,0.021660219628811329356,1519.66845,188.3420537393661817878,0,0,0,0,0,0,0.523471111222,11.68373854972,4.750605063145297,10.1643767534,4.132832950937335,0.000010528585783137627,0.123936279482124,150.52229079711938,-14.048082999212788,0.121764767662649,0.0000104379261132122,0.000310665929259088,0.103353378356379,0.121764767662649,0.007979393631,29993680233.362115,24528583349.073964,2896729153.529213,25826301498.379948,27737833991.06903,20854982324.263436,29993680233.362115,29993680233.362115,29993680233.362115,6714367020.377707,23538933615.534304,29993680233.362115,81.7656396685,25366503220.304393,31576913339.470239,31585693102.912853,16534234672.32154,31408976804.972338,31585362684.517589,10783462345.48206,30102769907.520359,31585763410.208514,31585763363.677239,31585762637.999441,31585736076.694626,31585587526.369951,31583782634.987209,28250774431.971986,31028405095.874789,31540688533.310952,20918769877.77894,31585638443.856181,31584659635.471107,31554436195.780206,21870138105.19937,28742905779.819669,9080241115.991468,31139811712.65207,13584985494.262604,11530399812.226842,29679861968.725417,22155393713.616466,31585763412.459067,27478327934.314584,6415,0.074247685185,11968,2703395259.834567,335048750.473506125808673780308,502897.19084201,62327.20679497040151830322924,11275.831551,1397.484610498087739694324,60.639000405748,0.0652895045967624,0.039822787397506464,,
2020-08-25,13825,11831,304940,391542,906,177087,362916,70,61165,501645,491111,482723,464746,340582,29054,375489,113056,418099,248227,3592,258912,4257,348390,32552,39,380069,121160,245,1614041971,4315,743.936732329085,2913323358.283375542886856649816,0.887657976117,0.772336077642,3563727018.63402118837970056554,3509636831.247902774463288,3100738146.2381239039044373491,4014752432.2641925226762544400127,0.24846949,0.02802854492231936370372,0.176827,0.019946929954977434556,1449.819473,163.546559492007995921844,0,0,0,0,0,0,0.524257191279,14.937355792929,4.322122206853096,12.996738714521,3.7606048750134633,0.000009931349094992202,0.112804775034228,127.37794819151831,-24.082324591475523,0.123936279482124,0.0000105285857831377,0.000303176723140994,0.10518616437909,0.123936279482124,0.007980724005,29978519095.092924,24535578661.556779,2905280781.409482,25826241463.620622,27731458735.122712,20898015022.21515,29978519095.092924,29978519095.092924,29978519095.092924,6876923145.75045,23548017235.281712,29978519095.092924,81.7493411546,25377481579.954561,31583114694.809371,31591916884.74117,16562326521.244967,31414980670.092153,31591585522.935747,10832119552.395225,30109774003.89657,31591987283.329252,31591987236.826121,31591986511.30011,31591959959.554177,31591810858.482038,31590003184.491078,28257907945.649045,31034405138.836938,31546811062.413746,20929544274.073507,31591853662.920472,31590761887.457771,31557134551.736771,21563357068.168115,28592551141.374347,9080912646.216916,31112066015.32632,13430825135.384784,11550788877.71768,29690382313.870051,22179267868.5062,31591987285.579805,27487649749.731575,5835,0.067534722222,12024,2114965173.456968,238578170.597040275379285100704,553858.93583066,62477.93265707452305711183048,15024.302454,1694.813058369669674395512,60.803447897481,0.06570687752932582,0.04241745749118315,,
2020-08-26,11879,11854,305605,392420,905,177433,363728,70,61269,502619,492087,483700,465726,341334,29101,376333,113302,419091,248745,3597,260161,4319,349475,32911,39,381328,122076,247,1614041989,4288,629.626865671642,2961854301.304353714017366736612,0.903523599788,0.786156624581,3622977693.327050042134604502928,3567497667.594527190802828,3152355859.86305869107262628567,4009831834.1383626245119874213856,0.24334576,0.02790312124205837337568,0.176827,0.020275780518507723286,1233.032977,141.385116603992499113986,0,0,0,0,0,0,0.523312983135,19.661223812984,4.393145494883123,17.107246951339,3.8224794951216565,0.000009995119818721732,0.114664505525218,130.6941335087167,-17.538500058800004,0.112804775034228,0.00000993134909499216,0.000294064946851459,0.0955511909605475,0.112804775034228,0.008002822519,29970358108.880133,24557204074.694787,1268275597.10257,25830611554.444434,27729344722.712448,20825509312.310599,29970358108.880133,29970358108.880133,29970358108.880133,6680566132.573216,23567680285.783123,29970358108.880133,81.7519331339,25370319404.791667,31587435417.761445,31596260633.592908,16534770335.800681,31418914913.317031,31595928335.705751,10816467678.801298,30110579745.153873,31596331196.59921,31596331150.099677,31596330424.696216,31596303878.013769,31596154363.137817,31594340779.161342,28255708329.730141,31037862016.765737,31551043373.306113,20914959698.552811,31596200828.472413,31595129074.795755,31562011455.04884,21599002854.955334,28617790141.62973,9078762898.370213,31121420995.556269,13426507154.975524,11534770027.475606,29690988186.907405,22169214062.919109,31596331198.849096,27491993668.169315,5067,0.058645833333,10897,1607037868.008171,184270202.495457478629870556278,424424.5677219,48666.4331905860637692608742,15291.552913,1753.398353481851902860034,60.910049167889,0.06570188872790304,0.04124631909081621,,
2020-08-27,12991,11870,306232,393327,904,177698,364501,69,61295,503576,493047,484661,466690,342036,29099,377174,113378,420072,249178,3617,257146,4031,348613,31399,38,379252,118787,236,1614042009,4307,671.831437195264,2764608422.040530141549904492944,0.84840123053,0.738186207136,3375564603.506929136871094543496,3323723415.268588846907984,2937048111.126572659141370991432,3978736100.3696190748904040597322,0.22983893,0.02455352062277328293272,0.174433,0.018634546648786661432,1274.6867,136.1738247564275593768,0,0,0,0,0,0,0.522325388917,13.792131524666,4.0986069041642255,12.000408406002,3.5661606516490894,0.000009441655404656175,0.106829250478904,132.62494890933925,-28.401844699272367,0.114664505525218,0.00000999511981872179,0.000296793944599057,0.0969278474134405,0.114664505525218,0.008023042753,29964612501.982931,24612551505.957098,2506684300.628032,25878758950.821886,27738578957.051741,20829744615.677183,29964612501.982931,29964612501.982931,29964612501.982931,5253033187.568317,23630160842.510533,29964612501.982931,81.9006224668,25372456614.990019,31588838957.996344,31597685455.741435,16504310256.185909,31419923335.694296,31597351429.926259,10752176334.956513,30110179501.696543,31597756121.420963,31597756074.928155,31597755349.630194,31597728811.993042,31597578756.834326,31595758467.798017,28253464507.542547,31037843023.190224,31552317983.121244,20919103099.08971,31597598993.802028,31596406115.387308,31560176569.890442,21324699554.336947,28479175550.713396,8958655114.624199,31090995393.623689,13303857171.59979,11495708136.398026,29693545148.969405,22165254936.055825,31597756123.670599,27492920693.163183,5546,0.064189814815,11825,2290998752.960085,244745679.62682962727384654684,501261.23827381,53549.36237891842899678070424,12848.647574499999,1372.611390051422736189097521096,61.051682978823,0.06587677539043305,0.04021365309978833,,
2020-08-28,15287,11866,306694,394039,903,178013,365160,69,61445,504311,493785,485400,467433,342602,29138,377856,113620,420832,249481,3605,258476,4108,349586,31872,38,380144,120018,238,1614042072,4300,1035.656046511628,2828160280.900996516325713021978,0.870367310307,0.757063288089,3454871766.742919851013720890716,3401602676.178933442365898,3005118125.052663493810991426155,3969441092.0886117611271693672557,0.23446352,0.02563445980521747638576,0.175948,0.019236817453770226324,1493.298163,163.265874949879603028869,0,0,0,0,0,0,0.521961142272,17.589805990763,4.204718480392697,15.299973014291,3.657350133166959,0.000009484169957186722,0.109332401924263,145.336552300357,-21.641061468304816,0.106829250478904,0.00000944165540465618,0.000279402348194318,0.0905594257263757,0.106829250478904,0.008028448959,29942199348.100332,24615839346.752664,2535965400.780675,25867540007.582806,27718124474.194079,20839864619.399536,29942199348.100332,29942199348.100332,29942199348.100332,5168918165.812605,23629691704.133106,29942199348.100332,81.860065202,25357936621.944009,31590758780.39494,31599635350.869658,16493818685.361879,31421798266.369835,31599300538.193635,10749523014.779648,30110091229.08645,31599706086.126568,31599706039.63846,31599705314.480443,31599678784.432077,31599528409.069007,31597700037.705747,28247493529.699532,31039408653.196518,31554128235.098744,20897656553.005588,31599550592.903179,31598385534.993176,31562939362.80499,21385883119.931286,28513312468.695061,8956001794.447334,31101711076.779368,13318212664.584235,11489679312.083226,29690315310.720941,22159675288.089979,31599706088.376132,27486070663.062685,6369,0.073715277778,13234,1796478375.314098,196413295.778087956092232159774,415970.56468075,45479.06096633839800427403725,18948.066266,2071.637596681881237211958,61.182574894758,0.06582412862941599,0.03924874043822768,,
2020-08-29,12662,11868,307444,395028,903,178354,366084,69,61508,505359,494835,486450,468487,343460,29180,378820,113781,421896,250044,3610,262441,4400,351979,33383,39,384084,123383,249,1614042090,4264,652.292917448405,3024978613.942901216063934622515,0.931204152746,0.809989590449,3693722372.67835754407698234576,3636495373.81840310957889,3212911651.068211502578759544655,3966608569.9766919803934054324218,0.22826721,0.02668037164515420375015,0.175113,0.020467591117874039295,1245.654163,145.594787837348573535045,0,0,0,0,0,0,0.521482100453,23.79431324379,4.60631254168336,20.69701470138,4.0067102343982315,0.000010171839560593004,0.116882191030215,161.02895491319782,-17.140805810871196,0.109332401924263,0.00000948416995718675,0.000276763053624107,0.0920021866070568,0.109332401924263,0.00805438326,29931606798.85865,24638417476.743391,1154009094.468922,25880577590.823221,27721575772.435188,20361638690.830288,29931606798.85865,29931606798.85865,29931606798.85865,4534865401.970005,23622631273.937566,29931606798.85865,81.8951266158,25348308530.196401,31593125448.733882,31602026451.685295,16479928074.736982,31423647663.90067,31601690676.252516,10750322474.846962,30108821570.092025,31602097290.088212,31602097243.600104,31602096518.626461,31602069994.952396,31601919302.951025,31600085657.377412,28245013035.697453,31040071855.304531,31556379767.952217,20890014741.171803,31601968118.509035,31600907684.92187,31568207860.987713,21633280389.484431,28641096892.04734,9047567714.263794,31130817801.043144,13404248178.06287,11488089204.627889,29690928131.439092,22155591890.237478,31602097292.336864,27488461867.023417,5457,0.063159722222,10841,1328136558.031747,155235510.890078883018606235605,386996.17548062,45232.9609104884330805669333,14119.31583,1650.29657005799865780345,61.283084420021,0.0658139004566133,0.0414465296669108,,
2020-08-30,11438,11872,308168,396018,902,178681,366988,69,61628,506368,495844,487461,469501,344288,29243,379768,113959,422946,250556,3616,263102,4413,352862,33497,39,385053,123664,249,1614042106,4304,593.16937732342,3032412974.008611933890503144584,0.930739887234,0.809599338462,3702358963.131876190819094363308,3644589587.633354361112696,3220478039.476856636521092679136,3977866441.4352210014823730216095,0.23286757,0.02727865455221995261732,0.175401,0.020546885455600073076,1172.022476,137.293467915010665345776,0,0,0,0,0,0,0.520610481329,13.236200800871,4.6380756617649865,11.513441681314,4.034406431922789,0.00001001304322491325,0.117142350702676,160.82034021343557,-16.012877247365743,0.116882191030215,0.000010171839560593,0.00029193677489855,0.0984939884816758,0.116882191030215,0.008080858194,29925378680.545819,24663113396.14273,2157283147.305976,25886564131.748634,27721449927.188073,19162363003.995331,29925378680.545819,29925378680.545819,29925378680.545819,4506896969.219601,23604485564.164389,29925378680.545819,81.9048883213,25334346932.211683,31596639413.664309,31605569064.897581,16454227444.533973,31426697956.406357,31605232107.612212,10711057242.041767,30109989280.665516,31605639981.270131,31605639934.793287,31605639209.937034,31605612700.856127,31605461640.25785,31603621180.415592,28242653720.256044,31042238107.966717,31559755581.63984,20875767990.288517,31605510642.409859,31604448272.899527,31571716640.297466,21624731173.659951,28643188360.751993,9008302481.458599,31133885014.726504,13380798031.380886,11459521180.634851,29691390474.96656,22143938530.088889,31605639983.518783,27492004558.205336,5033,0.058252314815,10098,2387818110.272223,279714626.487709820397694568748,694959.83617006,81409.22885290742588163308056,15115.802819,1770.700674975796511643644,61.463633409752,0.06580840333735966,0.04146345830170077,,
2020-08-31,16034,11935,308231,396245,904,178629,367125,69,61684,506599,496077,487695,469743,344380,29295,379935,113978,423224,250546,3629,265128,4640,353668,34451,39,385474,125676,259,1614042121,4259,852.007748297722,3171965894.759959835748199796145,0.974103967688,0.847406403317,3871271060.087469629022582204105,3810625897.05927117220389,3367751281.29435684267913679016,3974186728.009684311128554161752,0.22346561,0.02736984365784577778115,0.174433,0.021364378790852930595,1572.527516,192.60159207754864314594,0,0,0,0,0,0,0.519227110003,0.768135683943,4.548201250736617,0.668227539135,3.9566360381405974,0.000010487698610130006,0.122478996467715,174.89647663110767,-15.756517577303958,0.117142350702676,0.0000100130432249133,0.00027357152074568,0.0984015871337198,0.117142350702676,0.008097581974,29925066071.505868,24703976611.477016,3848833355.456376,25898039551.590203,27718036211.306552,18823765905.700848,29925066071.505868,29925066071.505868,29925066071.505868,5933509882.842745,23634692587.224018,29925066071.505868,81.9360320041,25338628284.82526,31598622464.779978,31607561124.876984,16411539468.297505,31428556874.609979,31607223359.169798,10662298858.799336,30112646768.87646,31607632095.782387,31607632049.306592,31607631324.766292,31607604837.27354,31607453262.263965,31605609261.221988,28245201251.669446,31044398073.297835,31561687094.678659,20851897408.279525,31607504411.011942,31606496218.138527,31575353726.329824,21781505557.797781,28721034005.394051,8959544098.216168,31152680643.945526,13408105432.187954,11407421939.33807,29692602112.343945,22114653979.123936,31607632098.030147,27496561683.391024,7037,0.081446759259,13406,41148501181.174001,5039827130.820776973735793877715,3402801.58079969,416771.72279510024967496700835,20144.630137,2467.294083393048136526955,62.875990766927,0.06587473275275625,0.04158694302738506,,
2020-09-01,17299,11941,308281,396413,906,178678,367222,69,61771,506775,496256,487878,469932,344415,29324,380069,114063,423444,250553,3632,266454,4785,354122,35177,40,385910,127190,276,1614042137,4302,909.755462575546,3245143567.068210858594391550025,0.993321632623,0.864115136183,3955827012.723411827824647216675,3893664064.48722086633805,3441272076.99156572565400084995,3982423097.2189270785384103374963,0.22533702,0.0282004689485781732285,0.174565,0.021846454089117486375,1677.634114,209.95249133467929594495,0,0,0,0,0,0,0.519008700659,16.592799797646,4.6780004912686195,14.434488272388,4.069508705759249,0.000010454816047082358,0.125147962587675,175.4482574981065,-6.586402057173038,0.122478996467715,0.00001048769861013,0.000280856658871588,0.102769149479917,0.122478996467715,0.008097232757,29933141127.803217,24775497875.183482,2749116839.444414,25930454639.201643,27730567225.703094,18392788880.183008,29933141127.803217,29933141127.803217,29933141127.803217,5873630461.144374,23712250005.966183,29933141127.803217,82.0345165911,25332526822.383139,31600188358.198508,31609129233.525989,16405449960.623902,31430205687.047177,31608790810.655766,10658268533.533754,30114708276.131809,31609200267.010665,31609200220.558792,31609199496.180632,31609173028.091414,31609021171.968848,31607172110.384661,28242915700.407126,31046320597.004515,31563221052.098726,20845436308.757754,31609074737.589513,31608093273.132762,31577954310.814176,21887903500.378766,28775105831.438047,9035514492.849986,31166117404.137967,13524765535.465737,11395709244.305732,29691538310.55323,22105648631.455835,31609200269.257881,27497627654.790714,7445,0.086168981481,14526,1904994977.022598,238406240.11413289076703127965,251412.30925295,31463.73827246916382812739125,19182.447926,2400.64427538307189691205,62.954857356797,0.06583732852126856,0.039286112695243375,,
2020-09-02,16471,11920,308728,397117,898,178920,367822,64,61838,507561,497044,488666,470721,344961,29338,380716,114257,424251,250848,3609,262836,4360,353427,33334,40,385895,123402,245,1614042158,4309,875.270828498492,3002068464.855355906818492627816,0.920173844409,0.800501971942,3649559996.089734431290606240056,3591771117.605447602249616,3174921773.033863485698686287376,3966163587.7445081577237671738863,0.23447865,0.0270693148537525705404,0.174785,0.02017799998726171036,1753.196867,202.397267271180424591432,0,0,0,0,0,0,0.519253713564,10.338029307326,4.342376488307588,8.993531925289,3.777635022909514,0.000010113844443196778,0.115444689116696,147.47916288549794,-15.787453057300922,0.125147962587675,0.0000104548160470824,0.000260318621167187,0.104849792690387,0.125147962587675,0.008104146035,29962539058.051299,24875465360.527013,3046594432.56059,26004387796.659471,27778951643.91713,18494026999.036477,29962539058.051299,29962539058.051299,29962539058.051299,6293103516.326507,23845254329.594641,29962539058.051299,82.2583672572,25323797448.933815,31604026147.35552,31612989784.787074,16415199307.498508,31433827319.532508,31612650302.039638,10693413443.351574,30115544362.003481,31613060971.053209,31613060924.601336,31613060200.250826,31613033741.829697,31612881359.827749,31611028177.348363,28239579429.624014,31049618318.595824,31566962469.630263,20831584907.642702,31612929465.627488,31611846612.333504,31578453682.689592,21542069992.356035,28618124587.642623,9290546205.564789,31136466864.79117,13328342359.321257,11517140562.211782,29692858170.13181,22116291217.09245,31613060973.299661,27501670257.213206,7477,0.086539351852,14570,3057938803.761963,353022794.538181075208313034248,523328.14978387,60415.45555781459113360849352,14843.412825,1713.5931790129033280262,63.134548260258,0.06614292228702436,0.041487035021890994,,
2020-09-03,18606,11960,309383,398125,895,179226,368661,64,61948,508740,498226,489851,471914,345695,29404,381642,114485,425481,251371,3623,245113,3227,341877,27205,39,378919,109320,187,1614042173,4319,1007.900671451725,2507019114.752585703131083923484,0.782910562027,0.681095374365,3046494711.560824805421772787477,2998104643.2203604672866372,2650307144.536130949207878485596,3891242319.7797302913827682611013,0.2455584,0.02366284106198551159488,0.176036,0.0169634265787188771352,2117.695608,204.0683380807529844799056,0,0,0,0,0,0,0.517626623678,2.903221179357,3.5861208605343657,2.525665908633,3.1197565194442416,0.000009390775945561695,0.0963633948664982,112.13479189234174,-32.82097700512033,0.115444689116696,0.0000101138444431967,0.00026165229122541,0.0976272580432155,0.115444689116696,0.008139242723,29955831409.193015,24910698849.287231,4370316195.970593,26016301296.00362,27777968892.901805,17378375726.4572,29955831409.193015,29955831409.193015,29955831409.193015,6256891099.66897,23868156629.429186,29955831409.193015,82.2919240673,25313678094.081184,31605586321.77633,31614575501.076731,16364582980.740417,31434881178.871625,31614234032.755273,10655455461.692654,30113884510.835979,31614646988.775962,31614646942.338285,31614646218.338133,31614619779.07513,31614466499.357418,31612603978.018655,28235573772.061852,31050111066.754108,31568429908.135899,20800987690.46741,31614439227.274587,31612220459.705708,31562119737.839983,20401791114.835199,28013705752.188963,9161757381.436661,30997977904.186698,12734111950.960254,11484947725.204354,29691736079.705391,22086306830.720378,31614646991.022235,27503256274.93578,8624,0.099814814815,16507,10889506874.574708,1049349850.8560892751455622475256,1007874.28979091,97122.188162912895878641891362,10626.663251,1024.0213469694184729976482,63.586785804392,0.06744099783355202,0.05126311707480667,,
2020-09-04,16572,11975,310351,399355,894,179775,369791,65,62144,509948,499434,491061,473126,346766,29506,382814,114833,426712,252155,3605,258299,3851,351520,30918,39,384231,118437,222,1614042188,4307,881.238449036452,2659675021.720367146007019757728,0.830652884785,0.722630076396,3230115419.357753924551988935148,3178725580.797164538399208,2810052905.38821129492683601636,3888646483.4146857990152415269419,0.24542563,0.02507484494217530739124,0.176036,0.017985388910851618928,1739.822325,177.7555792616685301491,0,0,0,0,0,0,0.517268405036,10.993556005999,3.811820381397482,9.563891683273,3.316109657683301,0.000009756411310175609,0.102168811554748,129.76100773428797,-28.33666514444431,0.0963633948664982,0.0000093907759455617,0.000251245620800198,0.0815887037786158,0.0963633948664982,0.008172881578,29952541537.969174,24939071680.297803,3836821383.916562,26032161686.594136,27779320282.068175,17312324300.427305,29952541537.969174,29952541537.969174,29952541537.969174,6351929756.419077,23890424235.674467,29952541537.969174,82.3399376314,25289424697.191365,31606388926.3133,31615402622.969317,16353685881.518376,31435091482.710892,31615059811.509661,10652725606.503865,30109928902.162209,31615474135.151028,31615474088.720371,31615473364.865466,31615446936.099898,31615293160.269491,31613424979.347585,28226396413.042902,31048997402.6358,31569099468.065276,20764155242.355917,31615307084.234107,31613896577.264156,31575221103.802715,21009199435.683977,28367078083.086055,9083509360.241082,31084916634.997478,13057155623.567933,11452365313.385453,29684403465.441473,22070875855.219224,31615474137.397301,27504018717.90807,7089,0.082048611111,15476,2875818717.814692,293818980.646026282041476757616,730249.86835355,74608.7611876933850984451554,17696.57372,1808.03790556338579802256,63.898749419997,0.06687855606356428,0.05290481458621374,,
2020-09-05,13416,12009,311057,400190,889,180184,370574,65,62240,510797,500285,491912,473979,347492,29560,383615,115063,427579,252708,3613,241860,2990,342193,25727,16,380254,105868,184,1614042208,4381,685.36270257932,2331622598.1988277438470319313463,0.73101752576,0.635935213395,2830464693.8561600444105530118192,2785328231.4567387687697042,2462310554.3479511409949633506355,3871951894.6029374431398001600017,0.25127967,0.022495675507938439083309,0.176369,0.0157893386029183919363,1450.386229,129.8450366826989713341583,0,0,0,0,0,0,0.516180212938,10.324294545993,3.3383810899214716,8.981429615419,2.904163054918851,0.000008838740768547684,0.0895244549944627,101.83507861636784,-37.66583524590791,0.102168811554748,0.00000975641131017561,0.000264228038655741,0.0864704135232154,0.102168811554748,0.008195163761,29941815101.225528,24954352253.561123,2465687089.430023,26044532729.554669,27773688600.151936,17236571204.013673,29941815101.225528,29941815101.225528,29941815101.225528,6240245131.424949,23898186000.06938,29941815101.225528,82.3759647403,25283342342.160536,31607571931.046995,31616593311.828492,16319896820.11672,31435924744.562259,31616249895.507682,10628760468.294571,30107440895.162351,31616664897.095978,31616664850.665321,31616664126.962567,31616637707.327429,31616483621.606492,31614610488.631044,28221952994.950944,31048795261.816509,31570186956.176364,20747621466.155274,31616449461.47417,31614067493.226456,31558933013.596212,20104331580.223458,27824198199.839714,6578627407.298116,30953280246.242937,12662334775.774911,11432800060.200603,29681519921.239173,22054489703.775403,31616664899.342096,27504334480.452865,5772,0.066805555556,12001,3062355956.476604,274155748.0026145097130221006708,1345923.28334533,120493.048405848464048281904191,16327.0733315,1461.67234165716392934148505,64.359643051575,0.06753849683432149,0.05718163781990515,,
2020-09-06,12368,12018,311844,401185,884,180685,371479,65,62436,511800,501292,492922,474994,348360,29628,384563,115386,428611,253349,3609,244719,3083,343763,26575,38,381565,108052,185,1614042223,4279,657.095349380696,2414021433.9109359812227542556881,0.757314092973,0.658814076411,2928759106.0865600543085244988798,2881977658.3051140393617422,2547830211.2825576281212458071531,3867297774.1494147638077368438274,0.25682059,0.023789524076724482495263,0.177073,0.0164024325185057564461,1348.564911,124.9187902701271300239027,0,0,0,0,0,0,0.51524001012,11.40582163978,3.47999790330992,9.922324064802,3.027372164145111,0.000009034253117356654,0.0926309065668157,101.22125366574546,-33.4843796603673,0.0895244549944627,0.00000883874076854768,0.000270123803863462,0.0756581747846789,0.0895244549944627,0.00821880331,29934430215.248139,24975447176.718193,1035833768.607905,26060647826.756133,27765346965.904183,17061396231.749239,29934430215.248139,29934430215.248139,29934430215.248139,6214474463.30207,23934416444.241861,29934430215.248139,82.4247179938,25259389526.374418,31608401533.334822,31617443657.330162,16290608905.685847,31436422530.456895,31617099153.683872,10626778840.902941,30104514134.812672,31617515302.691791,31617515256.275589,31617514532.865889,31617488124.08475,31617333632.102023,31615456594.023311,28211820221.016388,31048245346.428618,31570921393.0243,20714205659.885252,31617303457.391592,31614990730.756331,31562104878.920602,20177780942.074869,27899719405.727764,8972395970.471952,30973186558.483534,12679340724.498596,11438466559.442487,29674581736.500826,22033958917.233566,31617515304.937814,27505184886.048583,5251,0.060775462963,11274,2772050651.280178,256777564.8772147783220979891946,812026.34141825,75218.736161707101563924366525,16315.999126,1511.3657905847526218030782,64.622591297213,0.06757500364520239,0.05781712007398986,,
2020-09-07,12152,12039,312554,402147,886,181106,372334,66,62554,512773,502267,493898,475972,349159,29698,385459,115625,429598,253930,3618,245599,3105,344672,26740,38,382488,108579,185,1614042238,4267,631.924771502226,2428328762.6985188929026112231138,0.765896609805,0.666263114211,2947002308.1397383078846057993756,2899840347.4588869228931964,2563634451.7933158914955585700054,3847780849.8087545098859668806485,0.2376964,0.02215450225234083252776,0.174565,0.016270337647856162021,1287.839091,120.0330928117214664788094,0,0,0,0,0,0,0.514133523226,12.73998091267,3.5142793344989562,11.082669970329,3.057115886968493,0.000008989789029089068,0.0932050390849034,99.95355152680197,-36.13117749125557,0.0926309065668157,0.00000903425311735669,0.000262241766873064,0.0783674723099278,0.0926309065668157,0.008246026532,29920204636.250682,24970601661.523331,1539920958.010542,26053620990.239357,27753482024.51108,16357829070.088558,29920204636.250682,29920204636.250682,29920204636.250682,6200682186.803028,23917458254.244945,29920204636.250682,82.3999613435,25248186822.14349,31609350428.085958,31618415216.168358,16256124073.49994,31436961224.68567,31618069447.243876,10598981750.345884,30102022093.701244,31618486906.549127,31618486860.134666,31618486136.8289,31618459735.327498,31618304736.324005,31616423311.727284,28207346480.374827,31047658202.617011,31571776933.419313,20693488593.364724,31618274860.26035,31615969354.820095,31563282530.638871,20171096508.151067,27905611796.45084,8922547771.554578,30975700539.37856,12629379098.665054,11388354308.875512,29671383395.477753,22013715745.228308,31618486908.794934,27505320280.570031,5418,0.062708333333,10659,2481831576.164345,231319209.058545185178166849273,865358.88480434,80655.808680656928609356800756,21163.3458655,1972.5304785612562738568927,64.881917240077,0.06747770017496073,0.05682169687481665,,
2020-09-08,11287,12066,313028,402742,883,181298,372897,66,62611,513362,502859,494490,476566,349655,29734,386034,115756,430204,254265,3626,244555,3065,344690,26299,19,382880,107557,184,1614042256,4288,595.510494402985,2370433131.0216016959841469938792,0.753574560702,0.655601855881,2877874932.5699832302355121920604,2831669655.8866328055309176,2503720594.0553042262738903112976,3818965080.0975801205634563734921,0.24576409,0.022367956917547672692404,0.175489,0.0159719444427520860884,1219.481396,110.9898005338326392252176,0,0,0,0,0,0,0.512843639147,9.466969801122,3.434919108607125,8.236163075093,2.9883431047692386,0.00000900358267631861,0.0910139350201556,93.93209211346387,-37.12393668841865,0.0932050390849034,0.00000898978902908908,0.000264181774622089,0.0790045641715164,0.0932050390849034,0.008270800355,29908458493.599925,24971291350.460657,4158720862.590507,26044727441.975282,27743972211.674851,14369686957.124593,29908458493.599925,29908458493.599925,29908458493.599925,6020809307.268651,23911014609.919112,29908458493.599925,82.3674824849,25244846370.742713,31611012303.299621,31620085494.4428,16216196487.957044,31438245680.924057,31619739239.363658,10571791584.051244,30101708948.615173,31620157196.019343,31620157149.604882,31620156426.339503,31620130031.075106,31619974840.946612,31618088255.595012,28205969959.301929,31048518703.492918,31573343155.326791,20673109139.160245,31619942977.048311,31617582324.414823,31563349532.69026,20098222736.356706,27852442813.786845,6817260854.98015,30964043778.498726,12597466482.043488,11373094551.542305,29671233084.5908,21994427325.493319,31620157198.264859,27509200580.118196,4962,0.057430555556,9641,3340050497.944751,303991138.9839819229215602232556,882183.63526761,80291.004056090904624349840116,18701.242607,1702.0736794296633104896492,65.123858305018,0.056303880493540986,0.05682883175429,,
2020-09-09,11035,12087,313718,403689,885,181624,373735,65,62708,514345,503845,495476,477553,350450,29793,386922,115953,431200,254765,3637,246404,3130,345953,26828,38,383956,108887,184,1614042277,4153,603.935227546352,2426321710.8653549743865028066252,0.77508421,0.67600558847,2947914607.0865256538477642601268,2900516742.7511642990545516,2571084177.7080676088863693830006,3803347518.9559070064029720453592,0.23586358,0.021988801941704899113868,0.175489,0.0163602742905362966194,1128.843092,105.2384059177333018825832,0,0,0,0,0,0,0.511695111896,12.230978577075,3.5167455733382065,10.667498787722,3.0672017699898584,0.000009119217787178777,0.0932267794023346,101.2035289405779,-35.059142582847215,0.0910139350201556,0.0000090035826763186,0.000270298364699259,0.077494512906768,0.0910139350201556,0.008297811203,29872059551.455418,24949704560.043133,3789146783.217678,26026016627.627862,27712593859.531776,14204341015.512146,29872059551.455418,29872059551.455418,29872059551.455418,6103547962.761551,23882854632.047676,29872059551.455418,82.3063770244,25234864784.757732,31611728338.733356,31620827573.301701,16180259625.011625,31438547625.690645,31620479741.065383,10505573143.490056,30099614037.641594,31620899335.747897,31620899289.333436,31620898566.098174,31620872175.526057,31620716470.008229,31618825074.344875,28201926057.304652,31048017238.20493,31573941250.389782,20653604084.89245,31620686644.001099,31618370130.45391,31565416239.669678,20137269351.667105,27899534239.743477,8880831212.321544,30975855785.377843,12549643235.846814,11324933714.113108,29669323203.238381,21975881089.103955,31620899337.993258,27578815810.124211,4786,0.055393518519,9482,2585312298.499196,241020339.3383271666614386229816,512771.21334378,47804.008790268030096804388788,10863.1726015,1012.7385957295257718554619,65.231757215078,0.05499613283018592,0.05727400671827249,,
2020-09-10,11527,12090,314158,404274,889,181800,374268,66,62710,514972,504474,496105,478183,350938,29780,387472,116044,431837,255059,3633,249197,3271,347149,27718,39,384770,111214,190,1614042297,4255,637.706227967098,2526082066.4509886881696987497936,0.808458180341,0.705197783939,3068965719.4066163469788254658576,3019522844.2046012655516448,2676981786.982364979104436377192,3796072318.9306304516075963437165,0.26333011,0.025556662920334688391568,0.179772,0.0174471973847366243136,1295.320794,125.7132232465109565826272,0,0,0,0,0,0,0.511935918742,12.547162901163,3.657906901728742,10.944575350685,3.190700401925064,0.000009390931246755682,0.0970518066480688,116.80837876610686,-29.221728886724623,0.0932267794023346,0.0000091192177871788,0.000264808219824025,0.0791176823654226,0.0932267794023346,0.008312053316,29863212473.682311,24944611193.742713,1258435956.077923,26028181789.661247,27711601369.344998,13601114855.380338,29863212473.682311,29863212473.682311,29863212473.682311,5996938402.303546,23876203688.584867,29863212473.682311,82.3105338218,25234904032.313658,31612749098.373983,31621861079.330827,16188403280.842038,31439268573.382825,31621512712.098336,10534816948.11135,30098086685.42512,31621932915.864821,31621932869.45036,31621932146.242841,31621905759.360462,31621749798.747266,31619854241.781682,28199204065.083545,31048269892.898242,31574866846.56109,20644300605.788698,31621722749.101563,31619473857.12429,31568966798.674134,20280178759.309945,27991631012.978803,8985482505.152929,30999612077.354905,12600184310.98495,11323335492.031076,29670456766.933934,21975838914.794063,31621932918.110027,27583018590.160715,4919,0.05693287037,9890,2520245665.669787,244594395.0502176122411420573456,372451.21085405,36147.06290164636419103115864,14601.036745,1417.056995037087832088056,65.252597780502,0.054312949034263126,0.057796463590295374,,
2020-09-11,9805,12100,314609,404847,887,182139,374778,66,62800,515586,505089,496720,478799,351427,29822,388013,116245,432463,255448,3624,249626,3269,347678,27785,38,385319,111455,191,1614042315,4262,551.024167057719,2530118916.734819710066201168507,0.810601163674,0.707074531927,3070660010.3398799116529017834382,3021086452.1383039292764564,2678487999.7924396043778370368542,3788126822.3470602534686393904852,0.26248028,0.025487376751937364831752,0.178613,0.0173436908242927375142,1148.351235,111.507274260746603696049,0,0,0,0,0,0,0.511095420704,13.558467135009,3.654120012475233,11.826835727307,3.1874309009329127,0.000009348403711510737,0.0971020632557134,113.57253667485904,-28.936049093963604,0.0970518066480688,0.00000939093124675564,0.000264172185330341,0.0822396136872534,0.0970518066480688,0.008324244146,29861878826.607102,24986840243.184971,1398069147.220426,26056283789.479105,27714955781.560078,13540815045.266283,29861878826.607102,29861878826.607102,29861878826.607102,6093880242.961299,23922413462.516014,29861878826.607102,82.3965827612,25222829542.336871,31613821462.506702,31622943161.760014,16162378194.682286,31440213526.067044,31622593934.558925,10497760565.444746,30096240592.187244,31623015074.72105,31623015028.306589,31623014305.160545,31622987925.23373,31622831684.564185,31620934201.726561,28194172142.497023,31048323363.456499,31575889397.731538,20615255424.096143,31622804716.143879,31620557920.666503,31570030615.404601,20258254558.380693,27989170196.492345,8832748950.915599,31000076846.603007,12589662436.85755,11295405989.784351,29667455565.694199,21960138084.818109,31623015076.965473,27584254237.098713,4375,0.050636574074,8554,2332344413.426553,226475454.7666549152071485179102,349943.68358282,33980.253699196342495147083788,16699.2328,1621.52995966748399667952,65.234488012627,0.05421832439710486,0.05782038838387078,,
2020-09-12,9588,12110,315083,405520,885,182385,375382,66,62872,516288,505792,497423,479503,351980,29857,388655,116370,433172,255862,3633,250347,3289,348347,27907,38,385979,111858,191,1614042335,4271,504.343011004449,2542437897.0795488599057600173228,0.815034466924,0.710943219539,3084334091.8537961935454544620598,3034493495.3535537384025162,2690421691.8218049047911265674878,3784298967.7399327469832903031603,0.24900535,0.024286235042959835178145,0.176036,0.0171693165308395082492,1064.248872,103.7993691685615434754584,0,0,0,0,0,0,0.510758949301,18.283387850502,3.6682195269439104,15.948344701989,3.1997368286788146,0.000009344945105095456,0.0975329849055847,112.96161213622555,-30.111583822299956,0.0971020632557134,0.00000934840371151077,0.000259654362604318,0.0821399568165596,0.0971020632557134,0.008344816973,29858920982.374441,24989659959.372142,1223824059.029649,26067467324.420724,27719353139.204288,11544677047.274827,29858920982.374441,29858920982.374441,29858920982.374441,5836705456.084831,23940886415.271061,29858920982.374441,82.4306907541,25217094016.714951,31614283884.428356,31623425402.027735,16151984290.981152,31440296204.921602,31623075250.898865,10498317491.449297,30094783406.229131,31623497369.845034,31623497323.430573,31623496600.315173,31623470223.858013,31623313732.917601,31621411619.51749,28191202271.720219,31047708975.849854,31576312975.370831,20611244047.672139,31623286949.254612,31621047299.062294,31570769529.67521,20265554204.455663,27995151917.514033,8833403614.095123,31002320847.339383,12590630037.018026,11297647298.173627,29666067651.991751,21953886798.039454,31623497372.089434,27584736532.222674,4274,0.049467592593,8039,1729630068.05224,168695983.319584561372227344728,270267.05763925,26359.952853205760334122919475,14762.002627,1439.7821793953926883710069,65.260160249779,0.05347649008185418,0.0575768276142155,,
2020-09-13,10167,12112,315424,405999,884,182576,375818,67,62902,516794,506301,497932,480016,352388,29882,389097,116461,433692,256103,3634,248772,3186,348216,27315,38,386257,110348,186,1614042351,4191,553.067764256741,2477324074.250315831614171198676,0.797021611721,0.695234434452,3005719327.13805707524721509254,2957065422.167052922003672,2621860619.326975353493199527248,3771189241.2137904171109127198376,0.24535635,0.0233197311930982702782,0.175599,0.016689690231277336668,1121.769247,106.617812421501453893404,0,0,0,0,0,0,0.510489884638,20.725962597799,3.5850819553523174,18.079061688223,3.127233175410278,0.000009207470850039634,0.095044335282532,104.22584982066394,-31.38601415634586,0.0975329849055847,0.00000934494510509543,0.00025253477588228,0.0824477456038244,0.0975329849055847,0.008353451344,29841439656.23668,24984253679.542926,1037730055.722759,26064931348.997693,27713508741.362394,11286033177.304732,29841439656.23668,29841439656.23668,29841439656.23668,5832191657.116974,23941087501.762396,29841439656.23668,82.4203395135,25212419600.125457,31615162477.727925,31624320083.208055,16143932281.747804,31441014530.963492,31623969484.531253,10528194441.448464,30093711538.567826,31624392111.217673,31624392064.803212,31624391341.850157,31624364968.720325,31624208107.635351,31622302966.886584,28189981350.915131,31047764326.623436,31577129027.008037,20606232656.236622,31624179615.680777,31621882685.673941,31569698557.868333,20152453628.590996,27929868136.21107,8830422239.175747,30985744764.799406,12535666068.068311,11296334301.065661,29665967223.557925,21952313473.711533,31624392113.461095,27585658961.506164,4572,0.052916666667,8387,1525834660.958955,145021941.10189145869998047406,237494.09678562,22572.46856251457261573478984,14347.773545,1363.67459936882273021594,65.298371616015,0.05324825044454199,0.05762526298581319,,
2020-09-14,8803,12093,315639,406344,886,182670,376101,66,62910,517194,506701,498332,480418,352630,29872,389406,116507,434101,256283,3638,250059,3251,348775,27673,38,386675,111376,191,1614042369,4153,491.743318083313,2518048603.7809758434453801666049,0.810130705753,0.706698232585,3053684444.9114866727557765942209,3004187600.3745262899058902,2663808919.6805098826823035183646,3769372550.9072626753495227706937,0.24788408,0.023935416535817841567096,0.176036,0.0169978442556667195332,966.995778,93.3720581604403097304786,0,0,0,0,0,0,0.510374545505,18.455004558794,3.64967797782143,16.098783827641,3.18370968797467,0.000009055748500509537,0.0965589098574537,107.13592425714145,-30.142103460421087,0.095044335282532,0.00000920747085003962,0.000259938511500818,0.0804125226511865,0.095044335282532,0.008358485347,29840541566.10706,24996445473.818203,1061526729.723409,26077848305.229177,27719729049.406148,11144324687.425591,29840541566.10706,29840541566.10706,29840541566.10706,5767914014.615655,23945945189.567123,29840541566.10706,82.4593584965,25207630185.737632,31615854379.366865,31625020257.771075,16140642152.937916,31441546952.73332,31624668934.477812,10495093979.657753,30093416129.740236,31625092383.529435,31625092337.114974,31625091614.283801,31625065245.664731,31624908017.689389,31622999772.825066,28188415247.436458,31048080778.531088,31577796851.443008,20613354839.778698,31624880665.316905,31622612610.384115,31571523282.04482,20223385847.255566,27966701637.032262,8830642190.808066,30996317490.486718,12579201441.796166,11287391506.429466,29667066927.30253,21959173871.673349,31625092385.772857,27587396374.016558,3901,0.045150462963,7485,1713632325.856161,165466469.2811637753333199172457,305692.8680459,29517.37008971054669266872483,19987.65263,1929.985948562267371908231,65.351774463971,0.05324297226525884,0.057830062671552794,,
2020-09-15,7978,12097,316170,407017,885,182978,376699,66,62986,517880,507388,499019,481107,353220,29902,390036,116721,434801,256694,3629,248244,3122,348686,26927,37,387065,109588,184,1614042391,4109,439.713798977853,2432082823.1746621750162509232998,0.78272677515,0.682794926088,2947813653.0481379924218942601975,2899978979.7890988939678298,2571462059.6282304752322324471733,3766082554.7748368194271662385266,0.25032006,0.023332206362788027857978,0.176036,0.0164082266490338539868,895.144525,83.4359690622472161145075,0,0,0,0,0,0,0.510269445386,18.571337180567,3.5329735032774954,16.200307949252,3.0819137132212595,0.000008647017366912775,0.0932094949273663,98.10592833793459,-32.76378297293711,0.0965589098574537,0.00000905574850050956,0.000256941596513527,0.0814776688568709,0.0965589098574537,0.008371618957,29828169972.372214,25008705309.499057,819822691.602344,26092651023.051546,27727051473.593637,10950470504.268965,29828169972.372214,29828169972.372214,29828169972.372214,5145767256.046933,23952238757.009811,29828169972.372214,82.5046325659,25197141716.308603,31616426652.6717,31625607757.165521,16137618158.030406,31441884533.268499,31625255558.634077,10496738963.346237,30090879664.184929,31625679928.167816,31625679881.753355,31625679159.016462,31625652797.356361,31625495242.837559,31623584888.110544,28183206399.181574,31047845020.434327,31578303839.122225,20596932514.373077,31625465361.128146,31623126169.748584,31569686498.497459,20080482304.521914,27879716906.076652,8725472686.303636,30974995310.137368,12510960020.910961,11293005804.193945,29664288238.756009,21954582272.90572,31625679930.410825,27587984052.826891,3576,0.041388888889,6927,1702929607.217743,158729208.5856241018580136202609,317061.88006081,29553.177701189291913177144703,16279.758342,1517.4280525973982065146746,65.400112892432,0.05199826147289085,0.05791174366462318,,
2020-09-16,10033,12097,316536,407583,887,183157,377209,68,63019,518452,507961,499593,481682,353689,29898,390566,116835,435379,256979,3639,247457,3090,348715,26520,18,387435,108734,186,1614042446,4154,546.880115551276,2385722756.6492256325261593948133,0.769008352164,0.670832172699,2890585102.8860574061888765784308,2843567836.7163488325704906,2521555818.5845754899191380941832,3758847475.1298193428426312570256,0.24543632,0.022431986177090793229552,0.174741,0.0159706912838777174451,1050.467449,96.0089007831107792246639,0,0,0,0,0,0,0.509738329955,14.42188924844,3.472851706551372,12.580705101219,3.0294868049353445,0.000008332757898065044,0.0913963596630311,85.81177180905395,-35.232883989821566,0.0932094949273663,0.00000864701736691281,0.000256114652991983,0.078809986298462,0.0932094949273663,0.008383587682,29831418409.215573,25034550690.818921,1189584547.913907,26103039174.045203,27732008036.398416,10969940733.646924,29831418409.215573,29831418409.215573,29831418409.215573,2870988873.118551,23976702187.080598,29831418409.215573,82.5342507393,25195647679.589507,31617645143.262463,31626845037.461214,16121451974.337092,31442870468.687848,31626492279.344737,10474916054.010309,30089845380.09481,31626917235.416677,31626917189.010757,31626916466.323029,31626890106.499562,31626732311.920156,31624818905.334564,28180356722.526222,31048410286.890672,31579471804.726747,20598971619.384984,31626700697.378031,31624312711.839048,31569693133.826951,20036820877.057621,27833238510.629343,6567157271.258231,30965073644.137181,12492201391.993308,11231284848.300278,29664492813.748013,21953222887.010096,31626917237.659628,27589236900.477112,4280,0.049537037037,8948,2192980177.065303,200430404.9969580585095796199233,351064.87911298,32086.051956468454609466153678,11356.28952,1037.923521407430812364072,65.459932379647,0.051884787649802255,0.057623228949974396,,
2020-09-17,8992,12119,316946,408135,885,183372,377681,68,63079,519010,508520,500153,482243,354101,29918,391067,116968,435948,257287,3638,249297,3154,349707,27106,38,388158,110277,187,1614042466,4123,488.626485568761,2455197925.72056959502751985262,0.792041250706,0.690925853119,2974568364.47052870942702371436,2926147469.58849531657924,2594822154.84713355769445199732,3755572530.8758972848204862854891,0.24713602,0.0232432879532218562988,0.176036,0.01655628927799906584,966.301835,90.8812555961355770949,0,0,0,0,0,0,0.509368688373,17.282543718112,3.574377854671957,15.07617974679,3.1180573819989124,0.00000859986011422064,0.09405058782294,76.75452199423542,-31.38201625918576,0.0913963596630311,0.000008332757898065,0.00025018022620075,0.0775016198861864,0.0913963596630311,0.008396797101,29821493510.021797,25036181756.732451,1260706899.087332,26105077943.188773,27723119677.68149,10882178962.111811,29821493510.021797,29821493510.021797,29821493510.021797,2870956437.73382,23971678966.02227,29821493510.021797,82.5396368443,25193231971.114605,31618045613.822015,31627251251.082311,16109968277.276183,31443036231.140359,31626897587.184427,10471378081.190771,30087916408.829115,31627323476.802866,31627323430.403056,31627322707.77494,31627296351.189328,31627138215.932515,31625220049.457372,28176326564.184256,31047961597.235631,31579807677.126816,20586892036.996594,31627108994.10486,31624776516.047379,31571682150.789743,20094867368.602447,27890276817.844706,8737587448.461132,30979838765.637811,12501567821.605496,11230040788.823366,29662503125.001641,21947326543.892361,31627323479.045794,27589643136.863278,3910,0.04525462963,7623,1830015534.455158,172114036.74061931900227372452,292560.45471643,27515.4827398268606487489042,14360.876207500001,1350.64884896784836275063782294,65.498368614066,0.051911413046195,0.05807990239975805,,
2020-09-18,9219,12120,317395,408720,888,183594,378230,68,63137,519613,509124,500758,482850,354602,29940,391631,117089,436564,257628,3638,247113,3036,349344,26267,15,388288,108078,184,1614042483,4111,506.897105327171,2362699432.2833290476638586915051,0.764011880774,0.666525639509,2860194591.8567185270408278645673,2813563569.1789277799585062,2495240031.5111379400090318928608,3743651982.1631629872864050180407,0.24109237,0.021802460226403566692789,0.175489,0.0158698176249681212033,997.881305,90.2403815721509004538585,0,0,0,0,0,0,0.509409212962,17.213830156544,3.436955293014511,15.017383161458,2.998407331466459,0.000008281231215000099,0.0904319793546497,72.37571988409493,-30.304915261076363,0.09405058782294,0.00000859986011422061,0.000241498336112001,0.0794339814986785,0.09405058782294,0.008411813114,29828981503.197637,25043562802.059717,1015540039.702838,26126813204.181483,27744008542.648694,10735462161.604515,29828981503.197637,29828981503.197637,29828981503.197637,2752457116.301849,23993001773.266219,29828981503.197637,82.606247806,25186813611.137144,31618839566.954806,31628059857.207551,16111661896.08341,31443538630.842125,31627705602.021411,10467329477.943058,30086635520.468946,31628132128.314693,31628132081.922611,31628131359.397007,31628105007.601619,31627946658.37233,31626024390.534789,28173240292.55043,31047834894.07168,31580519923.674172,20580960510.255602,31627912705.812426,31625487076.207211,31569650467.307147,19960801498.276981,27793701420.907192,6234419471.924446,30954497410.002798,12457960286.414704,11221480072.533168,29661450497.211369,21944555497.359871,31628132130.557609,27592451799.882464,4139,0.047905092593,7814,1837367502.928045,166156780.0916932376542352808365,339815.30588392,30730.170726088626164820462824,12696.656502,1148.1837786619428774373494,65.550600856682,0.05156439195552613,0.05775787305217693,,
2020-09-19,7140,12111,317798,409269,888,183793,378735,68,63179,520188,509701,501337,483431,355062,29955,392151,117182,437152,257933,3637,248395,3084,350079,26577,18,389034,109076,185,1614042501,4017,404.436644261887,2386528228.7005748859345932417016,0.773429772013,0.674742648128,2891879734.3495348872920194136712,2844708514.7120857825530576,2522885284.0025239940185209680592,3739033379.6196812705220387856949,0.2494916,0.02281177112482364553696,0.1787895,0.0163472644109928237012,811.346683,74.1838796796398907473448,0,0,0,0,0,0,0.509451244744,23.782833026392,3.4758861342016174,20.74822086876,3.0323743662936713,0.000008256713283798559,0.0914330226942456,75.67064255250557,-31.815958597437472,0.0904319793546497,0.00000828123121500009,0.000236570875314466,0.0764739802358493,0.0904319793546497,0.008424001842,29802523407.966612,25022317375.570309,855343821.329778,26101381736.893761,27719588841.426074,10586986611.223544,29802523407.966612,29802523407.966612,29802523407.966612,2460614992.958324,23962967144.457778,29802523407.966612,82.5251548449,25180103491.904932,31619086431.319103,31628322405.920129,16113125071.25797,31443516951.298022,31627967645.439138,10468303071.857353,30084997446.150655,31628394741.088096,31628394694.705029,31628393972.253558,31628367623.89288,31628208996.588923,31626283013.603227,28169674381.134578,31047136739.607129,31580698299.353279,20577519132.223449,31628177527.938681,31625775920.000554,31570903679.314129,20011210946.748085,27822580306.413103,6565516009.884859,30963759121.939737,12472555959.960805,11222992972.139091,29660543800.75554,21946551711.535923,31628394743.330927,27592714422.655782,3252,0.037638888889,6105,1329883395.650636,121595258.6952250016455051802016,290191.87701918,26533.120477180413138266830608,11019.6065265,1007.5559336191314277539084,65.583473954318,0.051281458172698254,0.05730635353249816,,
2020-09-20,7466,12097,318150,409792,888,183962,379220,68,63168,520734,510247,501885,483979,355505,29939,392637,117262,437703,258183,3631,246982,3015,350012,26027,15,389260,107727,182,1614042520,4026,401.154992548435,2334220278.8117784160094348190952,0.757335105071,0.660654820958,2828202994.07107352577572158767,2782038729.2613579521473592,2467158765.214551571474096032916,3734414231.0745309057725757340726,0.25089603,0.022434803276557301755356,0.176036,0.0157409147908479905872,799.605647,71.4997179878426980397644,0,0,0,0,0,0,0.509677370768,21.913462994501,3.403787560137619,19.116022582688,2.969265053295797,0.00000818761468234395,0.0894187256632052,72.71063892208882,-27.14274361965706,0.0914330226942456,0.00000825671328379856,0.000237336370764603,0.0772923847287031,0.0914330226942456,0.008431343116,29797347777.829256,25031425711.179148,616983651.283015,26104378713.733826,27722365820.95235,10359757981.121543,29797347777.829256,29797347777.829256,29797347777.829256,2387977478.320853,23963807827.466252,29797347777.829256,82.5336895444,25177851974.870244,31619426484.441578,31628682923.675545,16120460846.720103,31443634283.370421,31628327922.325345,10468308661.870767,30083145720.147057,31628755307.058644,31628755260.680938,31628754538.229467,31628728191.924482,31628569247.076765,31626640648.726452,28167275330.091054,31046771133.944713,31580970029.039536,20578003356.149627,31628534914.638927,31626077344.060547,31569337918.291243,19941791364.706291,27761030588.466688,6235717488.963502,30947633177.430046,12441972219.356438,11225404345.89563,29661715784.38479,21956291349.810888,31628755309.301475,27591074989.22633,3187,0.036886574074,6270,1443348106.013128,129062348.3280947083398577578656,294745.03808789,26355.725701372003674336705028,11490.041769,1027.4248928009799744179988,65.614393443368,0.05127486274213576,0.05553328624686306,,
2020-09-21,10254,12089,318682,410457,883,184219,379862,67,63186,521431,510945,502583,484677,356127,29943,393280,117373,438407,258612,3624,241436,2647,348421,24149,13,389294,102841,162,1614042540,4114,579.91905687895,2099375595.1977266423108535020728,0.684908829888,0.597475547496,2543296504.868699570660515992548,2501749238.6850473343279692,2218627363.791268173328023772719,3713335839.5830871461449238792738,0.24821661,0.019959052520619548689722,0.17958849999999998,0.014440678662073756549503633075196,1004.284406,80.7543266544217415903212,0,0,0,0,0,0,0.509677139354,11.494350023521,3.059861803149367,10.027017865342,2.6692495793908035,0.00000769076003322319,0.0804098183462402,64.12815967144192,-35.88720363989682,0.0894187256632052,0.00000818761468234397,0.000240886404266571,0.0756130853548588,0.0894187256632052,0.008446733677,29791964724.004239,24952219195.291448,1341866046.159029,26108448425.513564,27726036249.175698,9782935604.245979,29791964724.004239,29791964724.004239,29791964724.004239,2680230129.133453,23959203732.842908,29791964724.004239,82.5454519825,25172023393.927314,31619830586.086703,31629106146.514627,16120669263.9012,31443679676.435851,31628751126.956484,10482784059.743225,30080866122.91655,31629178587.832354,31629178541.454648,31629177819.003177,31629151475.770978,31628992346.955044,31627062381.410008,28164315400.924634,31046068989.791661,31581315147.275454,20572949364.407229,31628950825.355352,31626237735.138794,31562628282.32202,19510790585.709628,27535998363.069997,6000594488.912445,30887951782.244777,12234208846.537521,11254765509.618819,29661816501.346688,21961023127.975012,31629178590.07474,27591498269.999595,4046,0.046828703704,9161,2751715279.711413,221264925.7821682606431695794026,700730.43641174,56345.607101549632912608139948,26049.7615485,2094.6565940777578215049497,65.646715151902,0.05188137700889443,0.05783390432708318,,
2020-09-22,9159,12073,319201,411138,886,184452,380506,68,63155,522112,511626,503264,485359,356708,29906,393936,117473,439093,258990,3622,242466,2692,349268,24344,13,389998,103476,161,1614042560,4227,488.888573456352,2127525616.854854417227597742262,0.695796428884,0.6069407143,2576947351.038684813919299301368,2534761795.227591988217796,2247861876.010694509846587775104,3703593815.7520625741036272775691,0.23767784,0.01936382501298145830384,0.176036,0.014341809484574598936,881.309445,71.80106431153954787307,0,0,0,0,0,0,0.510177420373,15.194187646566,3.114187095338479,13.253835059494,2.7164941664618283,0.000007744499523095416,0.081470889389526,75.68886503685162,-33.0915740625053,0.0804098183462402,0.00000769076003322316,0.00023480308904466,0.068472922575627,0.0804098183462402,0.008461046213,29792971994.017875,24957130471.249362,1543958784.76997,26113936312.672337,27734869153.91598,9715519276.029292,29792971994.017875,29792971994.017875,29792971994.017875,2663884027.327695,23961293313.495363,29792971994.017875,82.559917881,25169226158.468901,31620918523.606817,31630211329.865831,16137056583.53904,31444371975.901319,31629855925.142333,10510148225.301063,30078625813.832718,31630283775.781282,31630283729.403576,31630283006.982749,31630256666.235983,31630097355.026353,31628163092.222476,28161577410.937939,31046053806.074303,31582310831.573675,20577959742.092007,31630056434.647891,31627371668.457052,31564431920.765167,19573699417.951431,27561564957.60537,6000594488.912445,30894618797.927177,12216312863.440379,11253137586.223098,29664009073.802613,21972673052.760008,31630283778.023668,27590982409.229504,3708,0.042916666667,7889,2081735760.659312,169600863.894895578674947166112,814677.70843107,66372.51747170021717555097282,23956.0280175,1951.718908826128327044705,65.816667376743,0.05180366445871025,0.05798322378993878,,
2020-09-23,10194,12048,319504,411604,888,184586,380923,67,63173,522637,512151,503789,485885,357065,29903,394377,117525,439622,259177,3623,239184,2514,348294,23199,13,389970,100758,154,1614042579,4217,543.218401707375,2000025941.8225802637578974275008,0.656965002783,0.573070395436,2423633027.720488897908226052265,2383903058.9054863058124476,2114134438.9783784844996632851058,3689135673.0612699532738207226553,0.23967009,0.018364019048302183110954,0.175225,0.013426102680308377385,1081.15177,82.840089467924932832762,0,0,0,0,0,0,0.510386945856,18.681446675192,2.9302095411038365,16.295820916051,2.5560209955123154,0.000007487523661022563,0.0766220726512106,101.14021667063165,-38.17623623092364,0.081470889389526,0.00000774449952309545,0.000237176188422335,0.0696892217460387,0.081470889389526,0.00846652874,29774308123.679469,24949305246.158408,948977661.862811,26102477688.470368,27723034566.895679,9526440071.510086,29774308123.679469,29774308123.679469,29774308123.679469,2671858612.577101,23944857713.837661,29774308123.679469,82.5218141091,25163056444.753099,31621622286.566327,31630930683.221195,16144051134.245785,31444900364.874262,31630574648.632608,10481829879.130995,30078103210.090688,31631003230.377639,31631003183.999933,31631002461.644814,31630976123.446858,31630816494.008356,31628877330.34369,28160340701.204938,31045958109.103314,31582946520.575138,20582714572.399141,31630769608.888633,31627917842.499547,31560673033.719045,19353584921.345763,27415539806.561164,6000594488.912445,30859425356.149499,12118561454.882151,11247377882.184668,29665144015.716961,21981011753.91879,31631003232.620025,27591715622.234293,4511,0.052210648148,8949,1693177395.871874,129734761.4378823002750885906644,438386.19301342,33590.058730361899990225046252,10008.436066,766.8671153740484076014996,65.885694009326,0.05190271255403212,0.058317391816220435,,
2020-09-24,8413,12057,319845,412036,893,184760,381342,65,63163,523093,512607,504245,486343,357426,29894,394797,117573,440086,259465,3625,243751,2747,350247,24602,13,390919,104271,160,1614042603,4256,444.697368421053,2158810926.6438826046716293122304,0.710857771355,0.620082496636,2616820214.0351209233094720225056,2573882161.7663229348646752,2282656920.9098897363306110594272,3681214892.0389224009392729755698,0.24733041,0.020461217983861531534992,0.177267,0.0146649929879030326704,921.30578,76.218037217386959099936,0,0,0,0,0,0,0.510189973254,18.308433666608,3.16584151252724,15.970479208298,2.7615691748004623,0.000007703505467704633,0.0827282742298512,111.85841507398875,-26.66243587228536,0.0766220726512106,0.00000748752366102254,0.000239004365190549,0.0658295809479473,0.0766220726512106,0.008479812022,29763806112.847164,24943239532.341907,846598968.741349,26095200785.234192,27711264050.483635,9480911642.06224,29763806112.776562,29763806112.847164,29763806112.847164,2658334767.533087,23932765046.522605,29763806112.847164,82.4974874111,25166401543.209479,31622119696.044753,31631437155.996384,16138079120.32088,31445105910.135783,31631080978.760073,10430795716.647524,30076466147.825695,31631509761.451952,31631509715.074246,31631508992.801792,31631482658.190354,31631322874.683738,31629379032.416126,28159383246.77036,31045369778.511994,31583405419.303356,20581351905.626575,31631282685.19449,31628619608.448741,31566515543.116465,19640417920.021355,27592161698.754282,6023285990.222917,30902393446.241344,12187236272.308882,11246840777.683359,29666112669.515222,21982073785.402509,31631509763.694338,27592222153.308606,3725,0.043113425926,7467,1727701579.484939,142929770.0549770937517946110768,518822.10384774,42921.257283624172156687656288,15999.803611,1323.6361407545714737526832,65.9666997372,0.05216976608924117,0.058766724492291415,,
2020-09-25,9938,12074,320230,412531,894,184945,381781,65,63115,523613,513127,504766,486867,357835,29873,395270,117647,440613,259758,3643,253352,3257,353881,27647,39,392524,112300,188,1614042627,4331,546.803971369199,2513587626.4964960240821085101812,0.827144208326,0.721545777584,3047124387.8453516629862607835596,2997053926.1152946288137224,2658109328.0832896250303737655864,3683909476.935266874876587825286,0.24634105,0.02372994055171944816462,0.176036,0.0169574815685915310384,1046.94946,100.852247103983596430424,0,0,0,0,0,0,0.509518055071,6.811432786461,3.671760804366636,5.941842446447,3.2030007319389076,0.000009016562542148678,0.0963296233076844,153.0861545559962,-15.990024230733926,0.0827282742298512,0.00000770350546770463,0.000236945989148866,0.0708231410482995,0.0827282742298512,0.00849248268,29743538132.924279,24945283313.983838,2521376926.86798,26093610046.287623,27704303295.120882,9354886146.348609,29743538132.653677,29743538132.924279,29743538132.924279,4129299852.145553,23931451496.117273,29743538132.924279,82.4904830444,25171846633.505637,31622870255.492171,31632194579.162973,16117211282.922864,31445607964.634853,31631837671.754108,10401681439.503989,30074019286.42053,31632267240.333623,31632267193.959492,31632266471.772312,31632240139.98722,31632080168.881177,31630133648.934839,28159175429.463404,31045101852.809376,31584104919.064673,20588348146.6703,31632052663.545339,31629736440.876983,31577642725.286161,20199187358.525004,27934628525.122674,8850299459.692261,30991122377.596944,12466239021.502083,11206585373.547798,29668036028.041557,21979353385.758769,31632267242.576009,27593893101.741706,4250,0.049189814815,9046,4643996092.19522,447354394.203523936231490948568,801970.34139189,77253.500890215822266428839516,25178.043907,2425.3914851856483936989508,66.156374954539,0.0531038706032958,0.06571820347813476,,
2020-09-26,7696,12080,320616,413049,894,185160,382251,65,63201,524151,513665,505304,487409,358258,29914,395764,117803,441161,260081,3637,253224,3233,354156,27538,39,392970,112052,187,1614042650,4294,420.903120633442,2496813901.1026347018964540922256,0.82201258179,0.71706999829,3026314315.7741787703195624666944,2976565624.2472252006541148,2639958620.231819326222459190313,3681591234.5075523143966680386286,0.24785351,0.023712417896198642088438,0.177267,0.0169593288519716532846,848.898285,81.215032562122421781333,0,0,0,0,0,0,0.509368914566,23.056563694529,3.655957460096888,20.113037750583,3.1892181065516922,0.000008906239889333298,0.0956710998210138,143.98847178076625,-10.444845964817146,0.0963296233076844,0.00000901656254214868,0.000273886264454747,0.0828234840203327,0.0963296233076844,0.008505748574,29737283826.523332,24954267814.202856,2479873170.494546,26097890645.908712,27698829442.513795,9336534418.072322,29737283826.252128,29737283826.523332,29737283826.523332,4137018192.676017,23933374477.816931,29737283826.523332,82.5034560385,25162069747.365395,31623074254.161465,31632409021.072001,16112602876.366074,31445587526.345534,31632051540.679916,10402081317.964955,30072217863.353709,31632481713.092302,31632481666.718171,31632480944.635302,31632454617.112764,31632294430.16048,31630343913.806338,28154170862.437408,31044785184.064033,31584271963.17963,20573581923.857414,31632266427.560884,31629931310.439485,31577339803.935556,20165576086.981969,27914036684.221594,8850699338.153227,30986599110.649623,12458501619.864095,11210804759.428241,29664776790.575715,21972691452.232318,31632481715.334688,27594107574.500385,3425,0.039641203704,6929,1371951264.482716,131256086.3738920272926436974808,294063.63316133,28133.391201907586305259556354,18450.777655,1765.206190806835920486639,66.183185460772,0.05299813839978113,0.06456519874358592,,
2020-09-27,11546,12109,320931,413560,890,185275,382672,65,63173,524671,514186,505825,487932,358619,29931,396204,117854,441694,260318,3633,266156,3860,362402,31173,40,396345,121246,218,1614042673,4369,588.803387502861,2640743062.719353080877972102998,0.868034401406,0.757218237718,3198204429.235077535950422842237,3145578573.043161824081174,2789910996.43592688961739854403,3684421290.278605328809684368536,0.23547485,0.02380731243673853684965,0.175489,0.017742537906748041641,1025.728451,103.704653419288110364219,0,0,0,0,0,0,0.508625701689,23.6186526502,3.882724407918551,20.60341676331,3.3870428740457235,0.00000939725534421413,0.101103419056169,161.8107164325674,-7.526572839581807,0.0956710998210138,0.0000089062398893333,0.000269799260222808,0.0822524284452412,0.0956710998210138,0.00852324913,29750677248.890014,24971666422.391584,944914539.824515,26119226108.983142,27713921858.086837,9423487414.617021,29750677248.61881,29750677248.890014,29750677248.890014,4374021640.758215,24006661026.361466,29750677248.890014,82.5695517954,25163825169.061995,31623576701.628604,31632927019.544803,16089356691.879489,31445827032.957782,31632568652.714024,10402226174.579901,30070852760.97869,31632999742.882919,31632999696.508788,31632998974.562143,31632972651.87023,31632811911.071717,31630856074.994809,28156625064.816247,31044548715.066212,31584725342.132997,20553780534.566664,31632813315.265884,31631231949.799666,31590549937.363373,20780404555.731165,28280633349.451905,8954011708.682431,31078418327.048375,12767629687.38774,11212002673.414031,29667087566.13168,21960253573.622282,31632999745.125173,27594625606.93387,4356,0.050416666667,9288,1339322789.22173,135410113.21016167384266535237,186703.90550296,18876.40319748914228843576024,19557.4687715,1977.3269608829032219263835,66.216455296447,0.05310592755326766,0.06528623953888087,,
2020-09-28,12884,12125,321448,414315,900,185467,383362,66,63165,525449,514966,506605,488712,359227,29963,396916,117942,442481,260672,3639,265893,3840,360882,31059,41,397013,121013,219,1614042697,4351,661.15490691795,2618945410.16798387707652525596,0.870441160332,0.759321247005,3181957960.21195925438838169206,3129500757.05172297965348,2775751419.36489860767471503622,3655569273.629771345001314821508,0.23347399,0.0234843676668820428362,0.175753,0.01767840636362757014,1181.845346,118.87786999681386631948,0,0,0,0,0,0,0.508533368398,6.690388245105,3.85271697138553,5.836297933432,3.36088180153777,0.000009376632626426584,0.10058665492838,169.09649803845318,-13.941846878642504,0.101103419056169,0.0000093972553442141,0.000283901081970963,0.0869463032306994,0.101103419056169,0.008547295603,29636149791.287973,24901072028.011225,3077688235.804894,26036708468.262842,27619163417.973577,9685988737.435459,29636149790.487616,29636149791.287973,29636149791.287973,4778726357.917256,23962793408.810895,29636149791.287973,82.3060971551,25160168516.512177,31624548824.346537,31633924417.754531,16086943151.2472,31446366136.51441,31633565346.619352,10375824189.870453,30068779340.701522,31633997196.269604,31633997149.895473,31633996427.948828,31633970109.798473,31633808985.577065,31631845499.259161,28157349201.133621,31044397155.777128,31585589447.455329,20544293622.599658,31633809953.656796,31632010631.534098,31590802817.270876,20745138252.031313,28266894182.701849,8942275803.295499,31075087595.299058,12715898183.422431,11152788705.894802,29668682379.18718,21952096981.194119,31633997198.510937,27595623110.653169,5062,0.058587962963,10532,4728275256.918634,475601391.67407192732875743292,499977.21983659,50291.0360837538662217534242,18003.992998499998,1810.96143107308883777412014324,66.346734600639,0.05311186918377939,0.06395759791555816,,
2020-09-29,9416,12126,321822,414872,903,185613,383865,66,63115,526046,515563,507204,489311,359648,29930,397443,117981,443085,260928,3645,267101,3883,364151,31244,41,397606,121515,223,1614042719,4357,482.244204728024,2639390034.939156151461020204334,0.87512682607,0.763369569783,3205240709.043700461504818285768,3152357582.287037259137924,2795918429.447852879428726321086,3662601366.520667028975953149438,0.23908644,0.02422455038649293469336,0.176413,0.017874395584008771422,904.942166,91.689922260455479888804,0,0,0,0,0,0,0.508671694781,26.621209659225,3.924207794109982,23.221572872956,3.423070492514893,0.000009345998715302672,0.101321306162294,160.76485303526573,-13.505828118933756,0.10058665492838,0.00000937663262642662,0.000282976069366566,0.0862803526538766,0.10058665492838,0.008558438193,29632745678.710278,25000381631.804118,3096065904.590615,26049704005.112661,27620271347.81276,9729705352.188542,29623701638.544707,29632745678.710278,29632745678.710278,4382182438.243664,24081778528.418066,29632745678.710278,82.3460786421,25163550982.02562,31624956146.307601,31634346708.861482,16091533808.687711,31446499251.754795,31633986905.812676,10374961842.176843,30066743440.116622,31634419553.203639,31634419506.840841,31634418784.894196,31634392469.905498,31634231048.682866,31632261034.832289,28156895341.27627,31043891795.108198,31585918001.984384,20548370095.77569,31634232670.413288,31632708087.674348,31592074129.963771,20785872336.817667,28288044951.335449,8942727969.601041,31079168203.668463,12740754262.286917,11150442139.261813,29671502706.657432,21957312707.751047,31634419555.444972,27594575468.356269,3785,0.04380787037,7677,1188316382.327964,120401767.991521251754518589416,180732.56333464,18312.05938312525047367206416,19999.223964,2026.347494264731038013416,66.3500705247,0.0530735166023183,0.06398394319925542,,
2020-09-30,8541,12143,322184,415374,905,185754,384306,65,63105,526576,516095,507737,489845,360043,29935,397898,118003,443621,261197,3647,267109,3876,363863,31205,41,398042,121436,220,1614042778,4266,448.06188466948,2634773528.072783592135925623003,0.873256188075,0.761739001058,3198527554.168345477945178844855,3145721864.183615647724478,2790066898.165730666910225897276,3662759677.9106516585554539711912,0.2317511,0.0234318959290296061923,0.175599,0.017754468018670331307,889.924211,89.978479053069367465023,0,0,0,0,0,0,0.508515355399,32.462652411294,3.944419447486994,28.317083528443,3.440706370833845,0.000009385882194366892,0.101108024639493,163.36162736697864,-17.448682994275924,0.101321306162294,0.00000934599871530261,0.000281681680835828,0.0863856748582105,0.101321306162294,0.008575030539,29638366692.891875,25013315914.704886,1078841444.42317,26058995193.183071,27628609426.623638,9693821603.389023,29589605363.463127,29638366692.891875,29638366692.891875,4331216881.682116,24085052996.674754,29638366692.891875,82.3745765341,25166497497.037616,31625280060.461562,31634681763.380688,16086758511.623918,31446506980.663751,31634321579.264754,10335685324.904542,30065679316.943096,31634754663.107096,31634754616.746337,31634753894.862216,31634727581.605177,31634565807.659659,31632592428.15095,28157534732.632387,31043183920.420677,31586171931.361525,20542474828.186311,31634567241.718417,31632971966.226941,31592070330.80066,20771081048.409924,28284341128.85601,8945038001.92874,31077462990.560148,12700187202.056381,11141165621.989512,29673302952.579505,21953004578.22972,31634754665.348235,27594910573.259532,3840,0.044444444444,7674,974496916.165193,98529458.210740278217859767149,149102.79845501,15075.48942000650989262970993,11112.751001,1123.588302021658499882493,66.366720968161,0.05307500634803231,0.06330558109869305,,
2020-10-01,8004,12147,322682,416054,904,186014,384919,66,63194,527267,516786,508429,490538,360616,29963,398523,118150,444318,261595,3644,256184,3318,356897,28063,38,395846,113637,191,1614042795,4327,403.585856251444,2547611924.7996282179216856821336,0.84605350976,0.738144954546,3091765268.053439840487504999924,3040681672.6679253222458264,2697430962.6131895012028607048632,3654337736.783143782546491093754,0.39040234,0.038154755356618267071656,0.176036,0.0172043295487359355024,1268.417204,123.9648002846134713597136,0,0,0,0,0,0,0.508209699049,22.414427074638,3.8272646023178623,19.555614465658,3.3391221989195383,0.000009214236618478468,0.0977318818238084,148.0233367245191,-21.906933358711044,0.101108024639493,0.00000938588219436681,0.000280873761824402,0.0862488640195251,0.101108024639493,0.008590216714,29638972332.255888,25023312645.591441,1293854967.572848,26067357726.647254,27633367357.068375,9663744273.233362,29558178224.976599,29638972332.255888,29638972332.255888,4512287089.932255,24092019950.118407,29638972332.255888,82.3999140919,25157777077.293471,31625683864.399155,31635102918.520159,16077303200.188722,31446629888.833349,31634742061.17937,10345371954.558192,30064216353.158012,31635175851.911471,31635175805.558768,31635175083.705291,31635148772.738085,31634986591.143524,31633009543.989407,28152726368.835552,31042659930.908505,31586513585.490575,20530786530.847369,31634959799.712772,31632636631.837377,31581077254.766379,20203328825.461642,27961807662.062587,8604295156.688686,30997291692.835098,12408169958.074418,11132170425.853758,29671040221.018332,21948918356.968467,31635175854.15261,27600317442.737198,3249,0.037604166667,6718,1411375617.534628,137936395.0618988663554818372752,337109.33793033,32946.329976309302156174468772,20243.561799,1978.4413894328301749353116,66.421378194431,0.05315888466826861,0.06327186094609018,,
2020-10-02,8858,12160,323237,416798,915,186270,385608,65,63240,528014,517533,509176,491286,361252,29999,399244,118294,445069,262029,3666,253250,3151,356513,26953,36,396237,110779,183,1614042813,4300,441.352325581395,2421491018.7804533417405948667945,0.806195743145,0.703618896442,2938398119.602802805979730592797,2889796884.706021158475627,2564529098.301596748476848456398,3644770075.4905072830039173736607,0.24092426,0.02237758198741654640237,0.174741,0.0162303333589699714545,833.597947,77.4264343637897358898015,0,0,0,0,0,0,0.507927416499,21.298304030913,3.6509392473372078,18.588400280876,3.1864095860479353,0.000008787256303736151,0.0928822277483245,142.23123977749373,-19.54395783903449,0.0977318818238084,0.0000092142366184785,0.000277363050253776,0.083327047437653,0.0977318818238084,0.008612518089,29636615874.969752,25033565450.770209,1452376094.835596,26070552757.862061,27631247293.885231,9627932763.106822,29528166635.196928,29636615874.969752,29636615874.969752,4567792675.510303,24090803620.795598,29636615874.969752,82.4085409879,25151516299.038444,31626228903.718714,31635668251.487807,16068660299.356218,31446776551.5464,31635306714.711712,10198106644.659536,30062312418.629536,31635741202.898167,31635741156.545464,31635740434.718539,31635714125.927263,31635551807.586382,31633570064.456749,28150394136.911205,31042184695.712431,31586979883.563521,20533426867.32381,31635521552.217796,31633090238.705492,31578014578.778726,20007998691.825338,27839262676.724441,8376831314.019904,30965348744.704212,12226348989.462667,11026453460.567265,29670583959.911774,21940697440.071727,31635741205.139306,27610546823.343804,3460,0.040046296296,7432,1485364335.076747,137963948.4598370006397081604015,352769.67705162,32766.03348661145175255501069,32031.999114500002,2975.203436987117898623110746649,66.478307068991,0.05330633357258021,0.06232155932961135,,
2020-10-03,8238,12157,323690,417417,916,186496,386164,66,63248,528646,518166,509809,491919,361755,29974,399812,118410,445710,262372,3668,253948,3176,357122,27077,36,396833,111204,185,1614042831,4214,422.245135263408,2437401901.6578056166446893230948,0.811840285979,0.708547074958,2958505184.7459421628470289898392,2909520034.9344439822773112,2582084470.4345978355178908432456,3644196076.2969750979843502020945,0.24102482,0.022539715187826599164904,0.174565,0.016324648149360511018,833.945887,77.9874154663383830875564,0,0,0,0,0,0,0.50781764407,14.641903817106,3.6882906246650946,12.778964410364,3.2190168175132268,0.000008859299716728037,0.0935161581609172,136.77591019581422,-2.9546870048793528,0.0928822277483245,0.00000878725630373618,0.000268600011794261,0.0793768344542509,0.0928822277483245,0.008623281498,29627194906.281694,25031848499.574529,2604722014.629833,26063965303.874709,27620616856.586112,9669379827.275379,29499246131.643741,29627194906.281694,29627194906.281694,5765048488.975213,24079086316.074132,29627194906.281694,82.3862643278,25151285931.859705,31626772096.493134,31636226482.400486,16065471063.299921,31447037370.705486,31635864417.223125,10185752994.272022,30060162429.614553,31636299466.51077,31636299420.158067,31636298698.331142,31636272393.752578,31636109694.069965,31634123805.919128,28146163376.640313,31041752009.53137,31587454017.777287,20537536380.657359,31636079744.294038,31633655337.757228,31578869365.682764,20036634282.597509,27851012265.055499,8333475039.803432,30968247582.524945,12233703781.242079,10999648158.233717,29670906143.21125,21947804682.246208,31636299468.751886,27611105088.293898,3460,0.040046296296,6661,2160668439.290784,202057411.5020190798669149470848,413932.9981143,38709.42371967951990355843596,16516.686211,1544.5770400021162363527292,66.542034782237,0.05271802699854374,0.05304129942011378,,
2020-10-04,6824,12167,324107,417959,916,186778,386659,67,63301,529195,518716,510362,492473,362216,29990,400326,118567,446266,262695,3672,256844,3320,358339,27966,36,397602,113647,194,1614042850,4363,337.135228054091,2532782512.343647439560880875997,0.843460069052,0.736145268672,3074446878.17336534567236863299,3023499678.011464926234787,2683279987.035670088230657571334,3645041408.5740611078860367432498,0.24291416,0.02360630765755478495852,0.175313,0.0170368520895154980485,690.604957,67.1127326820898089737665,0,0,0,0,0,0,0.507510929727,18.413455636453,3.858507878796183,16.070681641056,3.367583627642511,0.00000911148534800367,0.0971796278057845,144.96195295702495,-4.883274722531153,0.0935161581609172,0.000008859299716728,0.000269768807853442,0.0799768083486206,0.0935161581609172,0.00863488553,29622457678.07181,25016780098.506686,2192891696.700454,26062895789.284826,27616460532.520587,9569879673.907781,29459353380.765458,29622457678.07181,29622457678.07181,5731169452.170118,24067064083.582467,29622457678.07181,82.3817295503,25144764602.643018,31627203257.005283,31636669657.523513,16055992688.680141,31447306978.506038,31636307158.681057,10180673045.388157,30057668938.022138,31636742673.06231,31636742626.721087,31636741904.917042,31636715600.842136,31636552674.149985,31634563694.651415,28141714675.601814,31041163996.692586,31587820359.414776,20527337503.281704,31636525405.859096,31634174592.352722,31581932908.154467,20173276142.424942,27938058691.71942,8268432128.419901,30991624538.001733,12312456149.190728,10975594455.916676,29668606199.55213,21938414370.776837,31636742675.30342,27611548301.031372,2843,0.032905092593,5609,1718131745.606342,166967403.559327133961967485299,430113.27235362,41798.24772165281180656551489,19985.136964,1942.148171809146023968258,66.606666515697,0.05275652096547626,0.05238741773448859,,
2020-10-05,7623,12162,324514,418465,915,186930,387134,67,63301,529729,519250,510896,493009,362654,29967,400825,118654,446806,262957,3681,257176,3327,358854,27960,36,398096,113797,194,1614042870,4328,409.930683918669,2534786898.70085650920837803916,0.845725216681,0.738152504952,3077677214.661472298630263172664,3026576476.536881252600616,2686209540.197236214312212669608,3639098319.3552900572170798241803,0.23371452,0.02273540273319347624592,0.174433,0.016968584172515843868,802.341961,78.050638929387928159356,0,0,0,0,0,0,0.506990916862,8.062998896555,3.901021942806437,7.037419146929,3.40482826118529,0.000009030150480434913,0.097278520535196,151.34399211407253,8.661393740082437,0.0971796278057845,0.00000911148534800366,0.000275812548188777,0.082967598504596,0.0971796278057845,0.008647715515,29613168652.117557,25021663935.418197,2548479356.762459,26057005027.98821,27608001933.036869,9440304292.514947,29442057290.23726,29613168652.117557,29613168652.117557,5623402013.574582,24048892897.02169,29613168652.117557,82.3603881078,25143358489.907405,31628239174.30052,31637714976.740344,16040071171.743329,31448048106.945538,31637352066.250996,10170565320.740664,30056311033.635108,31637788049.314924,31637788002.973701,31637787281.275176,31637760979.486968,31637597998.573793,31635605640.212167,28138774796.52161,31041539737.801547,31588767984.851142,20532068917.894731,31637570681.421224,31635224462.264511,31582952640.737226,20176024220.20326,27936859034.746804,8259278993.530782,30992650725.817772,12306919655.341788,10963482793.090475,29669596934.821489,21941048393.216089,31637788051.556034,27613593683.564998,3433,0.039733796296,6859,3923823934.178289,381703787.157456244328763559644,624992.96585827,60798.39106359677071588267092,29465.904797,2866.399624883094823735212,66.725238024684,0.052710875630065414,0.04623370674815108,,
2020-10-06,7387,12180,324929,419049,918,187117,387653,65,63351,530335,519856,511502,493616,363126,30011,401366,118781,447418,263275,3681,254305,3156,358292,26916,35,398304,111061,185,1614042890,4353,369.466804502642,2413161106.2754661949061777765116,0.806084116254,0.703642483517,2930729227.9186948296127396490264,2882015898.2941873997363972,2558275930.3483130331561111589932,3635761043.8216026716636004087943,0.24323826,0.022531679496820316766732,0.176036,0.0163065906321738252952,725.57972,67.211999051599145339704,0,0,0,0,0,0,0.506674296355,22.545342509457,3.795754927262512,19.680155551034,3.3133693742198176,0.000008741871473606467,0.0926321356550582,122.74423366200183,0.0013268662566909596,0.097278520535196,0.00000903015048043493,0.000275426909662745,0.0824868603862863,0.097278520535196,0.008664926411,29606678650.97294,25033812272.706712,2358449347.80105,26051014469.336538,27603361427.837335,9414443764.536288,29417443894.516941,29606678650.97294,29606678650.97294,5307960745.566965,24039915066.334639,29606678650.97294,82.3399542778,25138232473.858036,31628799862.117241,31638290912.126183,16030345828.284696,31448358541.413384,31637927320.74678,10101667378.301731,30055122547.646041,31638364018.988942,31638363972.647719,31638363251.043189,31638336951.689587,31638173620.049888,31636177443.476133,28137654952.208275,31041511504.97732,31589269352.015189,20513954734.762151,31638142790.430634,31635687422.664748,31580098942.835345,19978094750.491021,27821229229.765826,8152189726.218282,30962506449.20846,12200875200.936892,10954335313.554203,29669008126.994391,21928112345.956714,31638364021.230052,27617585541.531426,2983,0.034525462963,6229,1403321506.779453,129992668.1836549657743912791646,365860.85057025,33890.47194089837520876693855,22778.959677,2110.0636828809647188882014,66.776134286676,0.05285496165263764,0.04677564971610124,,
2020-10-07,8186,12188,325355,419657,919,187363,388191,65,63362,530943,520464,512111,494227,363638,30003,401930,118913,448033,263607,3685,255240,3188,359078,27131,36,398930,111720,185,1614110250,4281,411.290119131044,2439557365.772387772023090347614,0.820896376262,0.716598839583,2962853925.899948945505221045491,2913567808.457682729654502,2586413762.505375399650590738044,3609291028.1699699458271713648267,0.22485162,0.02105651313823261993194,0.174433,0.016334997969956056321,833.52495,78.05649370335729676815,0,0,0,0,0,0,0.50649639514,16.655367694185,3.8670765827707454,14.539249420048,3.3757520095434703,0.000008778902489528576,0.093646259423137,126.8123767726411,0.47338678526992356,0.0926321356550582,0.00000874187147360644,0.000272364530923052,0.0789345455156857,0.0926321356550582,0.008673183188,29601017330.824784,25057256651.153487,1690334237.897875,26050772137.617822,27597273428.020964,10032290661.023515,29405541545.279453,29601017330.824784,29601017330.824784,5911805844.941388,23987946874.585839,29601017330.824784,82.3380911373,25135372351.881684,31629201134.672275,31638712486.438154,16024930862.583752,31448622878.363029,31638348200.272877,10097062096.849636,30052790465.457621,31638785616.652733,31638785570.3197,31638784848.840458,31638758551.843296,31638594876.98987,31636596036.715517,28134009013.185458,31041073326.483466,31589618906.978058,20509739181.206511,31638564718.659006,31636135388.850021,31581095827.12401,20003966041.518448,27841456565.926387,8259278993.530782,30967741632.134868,12192437950.164654,10945518961.339158,29668928709.001213,21925368853.129108,31638785618.893843,27618975690.409212,3707,0.042905092593,6916,1899614958.96249,177891835.25107308471542113113,450201.75439315,42159.71028465233247450431155,16208.207375,1517.837992623252369035375,66.855250675081,0.05240994862470167,0.046804993323567114,,
2020-10-08,8746,12199,325864,420321,914,187692,388789,65,63456,531635,521157,512804,494920,364192,30037,402559,119104,448733,264003,3679,257297,3274,360070,27736,36,399733,113342,192,1614110250,4322,437.475011568718,2499698836.5703449567154839557412,0.842051516067,0.735127720664,3036837576.5746034762750295202088,2986249948.1756610934575214,2651219602.4779750549317521198006,3606474804.2483082766660034633267,0.22255798,0.021361641919734185736382,0.174433,0.0167424923832656695597,893.125163,85.7242679930426559069167,0,0,0,0,0,0,0.50556965141,22.963346354305,3.978890068830315,20.047458073703,3.473650164223303,0.000008803678918656886,0.0959823679192909,125.08746280081499,5.458980427596074,0.093646259423137,0.0000087789024895286,0.000274493695936076,0.0795991093307346,0.093646259423137,0.008684881851,29590925835.465344,25051705590.368,1698437298.070872,26043312857.964468,27587320287.864895,10023562257.599037,29387334355.399359,29590925835.465344,29590925835.465344,5885959831.632471,23939165802.717491,29590925835.465344,82.3125627743,25125684349.723558,31629939009.338814,31639462734.407506,15995989141.133443,31449211139.526514,31639097582.811739,10095714456.182846,30051035440.462075,31639535908.440137,31639535862.107104,31639535140.627862,31639508847.623431,31639344860.270239,31637342386.345465,28129094939.37696,31040904727.599514,31590285013.838511,20488200671.547235,31639316542.628938,31636927880.213984,31583512645.880352,20079444603.447947,27896750723.751829,8260246428.621798,30982666996.353053,12260046410.692215,10941713301.288241,29666283849.930995,21914491689.054124,31639535910.681032,27621944112.769934,4013,0.046446759259,7461,1377827753.08573,132247170.326084434502068508857,437321.71275016,41975.173532280307332356061544,20088.932893,1928.1833480418709302455737,66.927199434854,0.052428030620928684,0.04678575298403167,,
2020-10-09,6645,12202,326160,420733,909,187829,389185,65,63496,532060,521582,513229,495346,364535,30025,402966,119191,449163,264219,3678,270884,3945,369307,31491,38,403715,123084,230,1614110250,4265,354.01101992966,2656536667.914290275053997816726,0.894848886617,0.781200296267,3227082331.09606675317108990087,3173301515.702110089973148,2817232843.258151819507114854284,3606287474.1863173539168584129733,0.23995826,0.02447441658315574875988,0.174433,0.017791202135944837754,770.026072,78.538404412580265341936,0,0,0,0,0,0,0.504901867551,25.281873536018,4.23966873386049,22.07099700508,3.701217625120117,0.000009210178742356111,0.101994474302138,144.53056546633132,9.404695685093921,0.0959823679192909,0.00000880367891865686,0.000273822649896279,0.0815342589445387,0.0959823679192909,0.008695137155,29587421335.831055,25060638565.18509,1137554910.23038,26045888133.555527,27590090523.265078,10090259932.69894,29369880457.060601,29587421335.831055,29587421335.831055,5847176234.180023,23931535258.616935,29587421335.831055,82.3200772511,25124190806.461488,31630164453.781333,31639702885.7704,15974982045.432742,31449244133.443393,31639337363.91583,10100578471.363924,30050110199.694501,31639776105.00672,31639776058.673687,31639775337.255645,31639749046.795139,31639584960.184086,31637578022.963686,28124754268.240995,31040621308.826969,31590457926.883321,20481674132.265108,31639592340.0878,31638051600.529035,31597100227.978062,20747767137.427034,28270899012.504968,8478038251.146472,31079441464.184784,12637218171.322826,10937647431.253726,29665565545.942374,21912474801.846599,31639776107.247615,27621426185.429118,3209,0.037141203704,5848,1251480672.987773,127644113.340673783141581758674,333450.58907429,34010.11753837044955518783202,22049.249189,2248.901579788897637466082,66.943711587073,0.05258676114465183,0.04785652110326319,,
2020-10-10,9529,12220,326313,421017,910,187897,389421,65,63432,532385,521908,513556,495674,364738,29993,403239,119214,449493,264330,3697,272472,4088,371807,32092,39,405188,124507,233,1614110250,4284,522.091036414566,2739689644.807072285504648374659,0.919039573862,0.802329335462,3326526582.009361243040973759886,3270790173.468266054016538,2904085893.411683529340010843695,3619568380.5327812825789531650675,0.2370734,0.0249230286791127027602,0.175577,0.018458041291821735431,1017.756127,106.994564306091152182081,0,0,0,0,0,0,0.504269134796,4.568323714676,4.343140723874898,3.988185312596,3.791598653538553,0.000009301004622276526,0.105127899963103,160.97933854936454,8.321425014085406,0.101994474302138,0.00000921017874235614,0.000278484809902431,0.086174577963362,0.101994474302138,0.008701475474,29587074923.642994,25081703224.232212,2475252244.192622,26060538123.263453,27599366193.996541,10118144135.014626,29362894432.374297,29587074923.642994,29587074923.642994,5711184408.532681,23946554726.842253,29587074923.642994,82.3588682449,25134099307.332379,31633038416.338167,31642588488.651171,15956417677.644346,31451993385.081629,31642222273.296918,10082033440.197375,30051033599.877561,31642661776.1925,31642661729.868567,31642661008.473877,31642634718.791446,31642470517.92053,31640460288.510939,28127588415.239478,31043100019.390404,31593299610.071512,20494639226.269093,31642489583.423347,31641157197.163256,31601368934.415627,20880335111.305118,28334875616.564567,8554192622.090596,31095447242.177242,12653423382.819636,10919740662.266682,29670618366.651845,21912191091.005077,31642661778.432562,27624311856.614065,4293,0.0496875,8450,6926536680.572015,728172255.245938311815434362545,903722.93468718,95006.49427215572520084711954,20658.253204,2171.758776242564031532012,67.150737835152,0.052590343456454476,0.047623615194455224,,
2020-10-11,7814,12225,326792,421682,909,188158,390034,65,63485,533070,522594,514242,496362,365283,30012,403874,119337,450190,264720,3698,273549,4144,372635,32395,39,406082,125218,240,1614110251,4283,404.902404856409,2773648881.437694980017509072803,0.929536445821,0.811500422724,3366664729.804591546252484849057,3310226584.079479529387842,2939153019.432395525188425654056,3621874908.660753424536711146524,0.23484942,0.02498690805909629058234,0.175577,0.018680592680586349379,826.904802,87.978902656856561378454,0,0,0,0,0,0,0.503878663502,31.616358801553,4.445649671500646,27.601595018473,3.881124407682901,0.00000935076358523783,0.106395442914427,162.81900467679236,9.570733460359081,0.105127899963103,0.00000930100462227652,0.00028314777443722,0.0885344903394598,0.105127899963103,0.008717634584,29584726537.721055,25081695126.986698,2373513070.157777,26069245124.234489,27600642964.318737,10028394656.250862,29353690940.98895,29584726537.721055,29584726537.721055,4680701248.367705,23939047368.691997,29584726537.721055,82.3856577367,25128349243.552385,31633298581.834608,31642867733.701638,15944202853.47632,31451962637.089574,31642500826.379661,10066631363.710098,30048796122.475743,31642941063.500662,31642941017.176729,31642940295.860215,31642914011.035973,31642749541.016175,31640734415.612719,28123512260.967326,31042291306.446289,31593501704.073851,20484981034.492408,31642771052.4751,31641458141.248843,31602221976.311259,20922710797.210821,28357679659.279316,8554743178.525675,31100205757.217003,12716532471.594205,10912614936.361346,29669170372.182365,21907138547.763243,31642941065.740691,27624801767.086328,3521,0.040752314815,6855,1000840775.636255,106484897.610638009892443750885,218745.92917491,23273.57002029242853784542657,16503.832827,1755.932603414324874495129,67.17574460555,0.052584815568942136,0.04765180284741077,,
2020-10-12,10376,12241,327272,422290,908,188455,390594,66,63546,533690,523215,514863,496985,365796,30042,404450,119499,450816,265138,3698,275383,4275,373730,32981,39,406953,126728,242,1614110251,4307,547.45066171349,2859632516.890601325422941534944,0.956280908491,0.834993875904,3469491822.394164874018658717376,3411286446.658204000883648,3029449190.582856024855477840352,3628109472.4245315441289728740711,0.22953774,0.02516735613911260293312,0.174477,0.019130295510812076576,997.800561,109.402497709062349611168,0,0,0,0,0,0,0.503301892379,18.234559230033,4.594880157693258,15.921833377298,4.012102257944921,0.000009494270847410249,0.109643652233888,166.12056454065882,12.416996506388942,0.106395442914427,0.0000093507635852378,0.00028436923493567,0.0899474554523632,0.106395442914427,0.008734350209,29588794645.403787,25095313214.859297,1103729011.176587,26081149785.037563,27607104448.632401,9820476228.415171,29338455768.124321,29588794645.403787,29588794645.403787,4561625291.297723,23954530303.685764,29588794645.403787,82.4222296312,25122692987.302817,31633691855.780045,31643270795.581522,15926154995.987807,31452080127.057699,31642903283.403194,10109494440.117137,30046154695.394912,31643344155.916773,31643344109.59284,31643343388.318837,31643317104.818599,31643152369.596193,31641133284.376895,28118590117.681877,31041525842.34337,31593849536.02868,20470068709.354868,31643176612.529573,31641911120.521991,31603882215.974864,21029388839.595863,28404169099.244339,8550606259.438491,31111925208.626902,12722864914.31502,10917242269.797629,29666513768.659514,21897911867.17905,31643344158.156702,27629955121.528979,4347,0.0503125,9156,1735350098.621447,190270122.717293178470816995936,266821.17670545,29255.2483073291376806842896,18905.619505,2072.88117027242979478544,67.237083022437,0.05250989738966147,0.04790677683178828,,
2020-10-13,10601,12232,327711,422875,906,188680,391104,66,63571,534283,523808,515456,497578,366286,30046,405001,119611,451413,265475,3701,275597,4266,374200,32925,39,407475,126707,240,1614110251,4325,578.496878612717,2849938984.88197052775746430372,0.95093377393,0.830441939693,3458898325.49438395817621968062,3400752004.65822669485012,3020624898.78279477261479054852,3637370361.9761690938758433396216,0.26865435,0.029365279877771317257,0.174433,0.01906640955160146926,1436.76347,157.0455174640123774234,0,0,0,0,0,0,0.50297830939,4.459788949894,4.568350594044705,3.89469370813,3.989499618716969,0.000009558842019958709,0.10930506011822,162.58628841821383,15.004286992271638,0.109643652233888,0.00000949427084741025,0.000282826574795082,0.0926862426504333,0.109643652233888,0.008749099468,29591032595.484265,25104013880.154833,2759097079.37003,26073257558.246526,27610130304.350213,9821141751.853074,29332421729.765479,29591032595.484265,29591032595.484265,4760554563.80027,23977113376.700808,29591032595.484265,82.3944133852,25116224265.695615,31634783133.202364,31644374931.168888,15916471115.14282,31452852360.017269,31644006350.552346,10104141805.66141,30044459730.952493,31644448312.900992,31644448266.577059,31644447545.303056,31644421265.106271,31644256305.565681,31642234976.021804,28115511615.416151,31041704017.259312,31594866272.091901,20469310486.821906,31644280283.308465,31643011008.963884,31604788285.272263,21017560783.584659,28395610346.919744,8544971318.820692,31110891761.621006,12703554122.680555,10916818989.838414,29666263482.955901,21898934378.11997,31644448315.140921,27634813022.524366,5348,0.061898148148,10159,7095503547.515244,775574441.83019702572189214568,767389.44446994,83879.5493618742400216363068,6663.961028,728.40466079101515273016,67.463448271206,0.052232842447237145,0.04759868121030125,,
2020-10-14,8048,12231,328035,423386,906,188845,391577,66,63618,534809,524336,515984,498106,366700,30051,405492,119688,451943,265706,3703,275052,4187,374265,32596,38,407774,125986,238,1614110251,4207,423.337057285477,2801648132.47420119326684599338,0.935084967961,0.816632766685,3400471711.191065770308368616508,3343256110.431563148364216,2969715819.087206030386757337128,3636537670.5893148613557111889908,0.23043102,0.02476143980185213191192,0.174433,0.018744057240889151668,844.06882,90.70115332150316740072,0,0,0,0,0,0,0.503001642891,31.465495218202,4.511099368033994,27.47959308039,3.939654345788533,0.000009411933242611236,0.107457059391796,171.47504891057986,11.286529177297913,0.10930506011822,0.00000955884201995869,0.00028648067184237,0.0931054480336724,0.10930506011822,0.008757921198,29585192179.823777,25102748087.191319,2585612534.001649,26072257591.371405,27607684120.673253,9737035467.096154,29322638573.901275,29585192179.823777,29585192179.823777,4677928037.880908,23979524854.190143,29585192179.823777,82.389984991,25112423176.201736,31635247347.728239,31644862041.991169,15917454534.984002,31453136048.238345,31644492955.254915,10100346701.471551,30043952236.236979,31644935476.523827,31644935430.199894,31644934708.925891,31644908431.124856,31644743287.311266,31642717336.438784,28112269381.268009,31041546501.989383,31595268572.49263,20468006543.792401,31644765492.31673,31643461151.386501,31604475040.820728,20941406022.365982,28361574480.51229,8452699758.402844,31103372804.43564,12679520257.228077,10912508604.835198,29665975734.892586,21900109192.132523,31644935478.763723,27636302685.888818,3663,0.042395833333,7225,1005702762.957248,108069861.529590332529229937408,184463.32819619,19821.88681358634653916445724,11273.476637,1211.414648534133635470052,67.487079625962,0.05226061207314335,0.04771122448801044,,
2020-10-15,7170,12226,328311,423809,904,189040,391976,66,63635,535242,524769,516417,498540,367062,30044,405901,119752,452384,265935,3704,274928,4156,374532,32448,38,408122,125736,239,1614110251,4299,366.956036287509,2779524815.620037682281371487424,0.927060328153,0.809686255542,3372119069.880821795366866822368,3315343876.754199994583712,2945178841.136815015271105357952,3637432179.4129045780773839467983,0.236296,0.025179682870562032512,0.175489,0.018700093811457073008,726.373918,77.402346635946568785696,0,0,0,0,0,0,0.502893256265,28.184591646542,4.49107027500526,24.616171980668,3.9224608840610906,0.000009264000648705834,0.106559920060272,176.6721740228291,14.323031299878888,0.107457059391796,0.00000941193324261128,0.000283655848323708,0.0915846722031616,0.107457059391796,0.008761241584,29580765240.683757,25116253867.787969,868973484.795402,26084148843.654292,27616009582.23061,9740759268.379275,29319166698.847553,29580765240.683757,29580765240.683757,4044370819.791545,23987339127.30414,29580765240.683757,82.426650958,25113052278.584679,31635577018.882571,31645211809.398793,15914200560.661837,31453361020.280309,31644842526.099653,10098480370.619313,30042732072.40947,31645285279.257098,31645285232.933165,31645284511.68804,31645258237.953894,31645092972.45826,31643063873.246678,28109928110.810368,31041020386.595814,31595561417.450095,20471531704.249962,31645114608.536196,31643798876.716781,31604439329.564795,20914949930.429134,28346093755.8363,8452699758.402844,31099913403.88962,12686855292.848539,10911208267.234415,29665966832.159983,21906057420.019058,31645285281.496994,27638711060.133816,3074,0.035578703704,6220,1122786722.559441,119644063.400668829546822627952,258352.48202738,27530.01983221047140635424736,19505.898259499998,2078.546959236118526776743879456,67.500305418573,0.052111227155761046,0.047205469034486164,,
2020-10-16,6689,12241,328717,424360,907,189255,392457,67,63638,535809,525337,516985,499108,367529,30040,406419,119828,452958,266239,3707,274044,4066,374464,31983,38,408297,124759,231,1614110251,4319,341.328548275064,2723904159.43220383395947562821,0.903474692353,0.789206521979,3297909810.891758442542362573192,3242360084.935155473080588,2880802255.649153219675320530544,3650251455.6352650813478906712964,0.23418524,0.02440540777428977855672,0.175269,0.018265503902773698282,676.32697,70.48281732700083845266,0,0,0,0,0,0,0.502706326183,14.8626632776,4.399804097508776,12.982888056447,3.8433329882633585,0.0000091907781893588,0.104214116031778,165.09119256572413,14.024362038055616,0.106559920060272,0.00000926400064870579,0.000282275757766828,0.0909981481114699,0.106559920060272,0.008774045451,29593455148.458059,25170827514.881816,2047577319.209165,26137573902.191945,27628343865.34267,9814199410.722973,29325656512.835127,29593455148.458059,29593455148.458059,5081225652.298556,24040105498.456083,29593455148.458059,82.5948651002,25113830672.368127,31635796803.383429,31645445697.99398,15908402702.46675,31453346819.854596,31645075596.495912,10092714972.347806,30040616921.208599,31645519208.2876,31645519161.963667,31645518440.718542,31645492170.693395,31645326643.658866,31643296155.465985,28107785294.152715,31040201499.272779,31595716581.493981,20465178730.933523,31645345033.216042,31643980350.541856,31603467385.10206,20820440658.184434,28300222096.672351,8417699758.223292,31089101763.274809,12594160492.780343,10885306059.583687,29666094454.984425,21902370092.032598,31645519210.527364,27643109833.323448,2888,0.033425925926,5886,2129195731.576617,221892251.024892008883613735026,510459.94732628,53197.13218023622997461452584,18737.533709,1952.715512099077590204602,67.579143318622,0.05209813988913272,0.047253923750842364,,
2020-10-17,6392,12242,329240,425003,908,189539,393055,66,63698,536463,525991,517639,499762,368089,30067,407021,119989,453613,266637,3694,275438,4128,375433,32359,38,409106,125768,236,1614110251,4231,326.57764121957,2770435556.313478222309678054401,0.919383300798,0.803104427382,3355211112.364013710084249649025,3298657645.228671997740978,2930861259.718839761566524985437,3649414895.2384418562710802678904,0.2294987,0.0243322785029440115841,0.174477,0.018498679758788011911,660.956248,70.076961240289948704264,0,0,0,0,0,0,0.502717946581,28.044719047773,4.489537664308068,24.497767158056,3.9217240208465194,0.000009330761774567538,0.106023600582243,178.73940804354652,12.730396520055187,0.104214116031778,0.00000919077818935876,0.000284504860220013,0.0890035217111008,0.104214116031778,0.008790482758,29583816850.993833,25167503493.206979,2000154309.407455,26130366645.720907,27618491119.646718,9735246281.966117,29307789676.037802,29583816850.993833,29583816850.993833,5014135404.24779,24030023641.134097,29583816850.993833,82.5711248423,25106426254.395907,31636156145.715839,31645815633.591202,15908956416.232231,31453380430.662695,31645445213.798243,10059216066.700355,30037820458.086556,31645889157.705911,31645889111.381978,31645888390.136853,31645862121.050367,31645696298.448744,31643662916.063449,28103396762.322076,31039456002.47405,31596000107.744962,20446947235.4335,31645716655.732866,31644386095.382793,31604699393.028968,20873639765.5169,28329033967.049172,8417699758.223292,31096424601.808918,12637515546.371144,10882303723.691421,29663607590.702949,21899676568.45178,31645889159.945675,27643479787.741759,2880,0.033333333333,5452,1128408136.520769,119637893.560231142780662104867,338536.31769615,35892.83932999993036435946445,12535.135685500001,1329.020219163672912956177082243,67.615987739148,0.05195094413620261,0.0470976220142023,,
2020-10-18,7434,12242,329701,425617,905,189796,393616,66,63757,537089,526617,518266,500391,368589,30083,407597,120162,454245,267002,3693,276444,4181,376201,32639,38,409886,126495,238,1614110251,4285,373.948424737456,2807495174.529115622537188600896,0.932263647959,0.814359950159,3401034684.735795447313951997504,3343589290.615104197435008,2970904681.753887795323093897536,3648146843.6324611077802234908227,0.22991859,0.02470883775385519847232,0.174565,0.01876011097015570912,778.274437,83.639416855357364406976,0,0,0,0,0,0,0.502297881422,25.364997351133,4.562949764676746,22.157077586232,3.9858719698823153,0.000009353463760328766,0.107467768282048,175.50266713589474,18.838235156380428,0.106023600582243,0.00000933076177456756,0.000287858652144137,0.0905412513986214,0.106023600582243,0.00880434489,29572557416.404572,25152174683.775651,745566752.396469,26124066958.949727,27606012745.409139,9697851803.084274,29291143300.247244,29572557416.404572,29572557416.404572,4914199940.220336,24016346115.252557,29572557416.404572,82.5482664769,25099422193.224087,31637275468.062197,31646947114.796107,15896231438.45307,31454231342.393279,31646576170.228292,10061219783.174072,30036280632.518741,31647020672.925059,31647020626.607731,31647019905.48364,31646993638.795154,31646827478.872568,31644789588.437098,28098759187.008949,31039853674.062243,31597053770.244052,20439819360.847374,31646849750.95087,31645537995.044614,31606354569.15628,20917121108.875013,28349174136.906551,8415419757.862123,31102015100.629175,12655755705.196952,10882662930.773404,29662167265.78299,21897067320.950474,31647020675.164823,27644611302.960907,3385,0.039178240741,6232,1247665049.480136,134083778.431141208132221398528,305800.22330375,32863.66753860593991237608,15099.310672,1622.689220517150472416256,67.654612335668,0.05194731034161748,0.046407768688987196,,
2020-10-19,7016,12236,330049,426144,906,189973,394098,65,63804,537638,527166,518816,500941,369020,30113,408107,120253,454798,267281,3695,277368,4250,376964,32938,38,410575,127252,240,1614110251,4264,366.613977485929,2844806918.066743909403098937435,0.944865483707,0.825548200137,3447068333.372024255318383278845,3388778633.94993402713669,3011773747.093628668108810139215,3648210663.6457741398479925409059,0.23979876,0.0261189333986594290014,0.176036,0.01917387963043016254,763.998841,83.214920897555911927115,0,0,0,0,0,0,0.502352128949,22.016461997051,4.644525345037732,19.236230858742,4.058016305180667,0.000009273111051437632,0.108920218764515,175.96485509539858,19.12568955392304,0.107467768282048,0.00000935346376032874,0.000284365205307303,0.0917662077527455,0.107467768282048,0.008816145239,29553869078.772722,25150778475.876283,857452400.171852,26118262984.921129,27584985823.777247,9654828635.626531,29265263095.418887,29553869078.772722,29553869078.772722,4847769617.546007,24023545787.220935,29553869078.772722,82.5283006584,25090009595.372548,31637877161.606095,31647570648.6611,15898261457.267725,31454606047.484259,31647199054.195116,10023513903.945992,30035304001.438056,31647644231.973259,31647644185.657745,31647643464.533654,31647617200.470938,31647450880.403809,31645408339.138517,28097564936.489196,31039702883.330913,31597617465.858363,20436627567.957763,31647474805.605866,31646187527.902994,31607515068.477246,20975497114.151074,28372767946.468953,8415419757.862123,31108019458.507982,12665545594.102729,10874343074.033226,29661573355.848494,21895985319.623211,31647644234.213023,27651190763.810981,3186,0.036875,6136,1437453676.183371,156567768.873749074542207880065,297190.45553598,32370.0494317048095577297497,15146.342289,1649.742915600104877074835,67.696720433206,0.0518224808555956,0.046419298118312385,,
2020-10-20,7346,12236,330391,426552,907,190118,394486,65,63830,538077,527606,519256,501382,369395,30104,408497,120332,455242,267515,3690,274437,3960,374373,31620,38,409969,124399,230,1614110252,4205,398.085850178359,2668950687.663928422391842653176,0.887143513323,0.775173038388,3234412159.852979424121819368208,3179672047.813440955752464,2826182081.815328578978031440296,3645872523.7558560185390949680365,0.24680608,0.02522339191920827516672,0.176036,0.017990744068743152224,772.996634,78.999662616134888771056,0,0,0,0,0,0,0.502629611323,20.189154977556,4.366880320543053,17.640988601513,3.815716212219454,0.000008566964130704688,0.102199232365784,160.68232274763716,14.292875018949003,0.108920218764515,0.00000927311105143765,0.000287037762824286,0.0924979274037836,0.108920218764515,0.008825619454,29547586335.618587,25150252676.855599,701005035.557028,26115173528.030189,27579179308.915458,9641218497.859018,29256161821.700494,29547586335.618587,29547586335.618587,4753591108.781758,23989328079.393527,29547586335.618587,82.517334086,25089519616.790467,31638333629.219255,31648032558.105429,15907275320.296669,31454823685.053369,31647660740.325446,10023984287.169107,30034088972.246831,31648106201.499721,31648106155.184207,31648105434.079729,31648079171.364804,31647912658.443341,31645869617.925778,28094823028.016625,31039525616.378228,31598003903.19351,20435187945.654118,31647927124.047467,31646363405.293268,31604899867.605514,20704061385.273416,28245877453.672285,8415419757.862123,31080060233.660938,12579695815.461137,10873990141.693985,29661189413.325894,21900164593.163683,31648106203.739462,27653652736.843119,3132,0.03625,6622,1567579536.584011,160205425.311197340889397879624,445823.0652659,45562.7750411357998940219656,19472.2549425,1990.04950755434346188742,67.772572979237,0.05149546110644525,0.04787705999599977,,
2020-10-21,8778,12241,330812,427118,908,190260,394998,65,63812,538655,528186,519836,501962,369854,30107,409042,120380,455825,267844,3693,276687,4109,377246,32384,38,411128,126154,236,1614110252,4317,454.522121843873,2767319363.63351072405120558513,0.919261255029,0.803403917467,3352961958.81990323013941013097,3296150531.24289263689366,2930377798.58113502503386196338,3647452713.227876024253126684487,0.22784835,0.0241389419212416487035,0.174565,0.01849394299533680365,925.064299,98.00410398835505706979,0,0,0,0,0,0,0.502453039363,20.154538024105,4.537640090118104,17.614399295864,3.965747282952699,0.000008245561403664631,0.10594301833321,174.3745217629358,31.753833688599155,0.102199232365784,0.00000856696413070471,0.000277079931954336,0.0864261454953958,0.102199232365784,0.008846348688,29546573393.643878,25157327188.997145,768282487.493215,26120828037.292553,27578722891.776353,9637337910.955379,29249737841.48079,29546573393.643878,29546573393.643878,3043385271.14545,24004187775.196567,29546573393.643878,82.5335747205,25087327317.824444,31638944405.923558,31648656103.435841,15902000467.637498,31454998635.347525,31648283418.965847,10021600993.596515,30032408261.953859,31648729773.179338,31648729726.863824,31648729005.759346,31648702744.741033,31648536044.102543,31646488329.851859,28095256755.257227,31039102307.745827,31598558183.06619,20432420693.139503,31648556410.139939,31647216230.978416,31607299259.050432,20841707074.544908,28319473104.936252,8415419757.862123,31096032069.979719,12625039787.362954,10860944694.275921,29662822228.877398,21899559568.961105,31648729775.417857,27659942530.281378,4060,0.046990740741,8085,1570302913.297497,166362630.33216979776580497537,427272.42558759,45266.5304173011528766608639,10902.0768025,1154.998922557320956361025,67.865802958518,0.051537427548618786,0.04337146542323302,,
2020-10-22,8794,12251,331217,427636,907,190469,395506,65,63853,539202,528733,520383,502509,370337,30132,409562,120490,456374,268136,3702,279099,4331,378589,33291,38,412129,128299,243,1614110252,4271,454.857176305315,2893301057.063144590321917770468,0.961597653511,0.840649793498,3506072691.810127744516259959976,3446604417.664414117351708,3065085770.12154333708126325935,3646091147.3807915650090682229001,0.23034883,0.02551777217779680650734,0.174565,0.01933810516952527837,885.000215,98.03928183039259190207,0,0,0,0,0,0,0.501831011806,21.911538798456,4.751596012681864,19.155548579895,4.153949619429672,0.000008523087380149489,0.110778822613498,205.8016381537062,35.973503472934794,0.10594301833321,0.00000824556140366461,0.000269936974011131,0.0890543893990567,0.10594301833321,0.008859661736,29540414252.80531,25156076595.217998,926933142.234702,26117817366.210266,27572516899.364715,9237502042.457587,29240142740.050584,29540414252.80531,29540414252.80531,3167433697.812747,23988214238.647961,29540414252.80531,82.5225633177,25082924076.197064,31639502064.356856,31649230807.730126,15882602512.714229,31455335653.093191,31648857900.64039,10021960482.469193,30030872986.208558,31649304522.712493,31649304476.396979,31649303755.292501,31649277495.306194,31649110761.338703,31647061206.572261,28093148745.886751,31038780481.685114,31599034630.443587,20429018072.094651,31649135586.048906,31647868620.557042,31609733596.885003,21034975129.019489,28398749595.687856,8415419757.689186,31114495050.460904,12679822770.170182,10858433183.952541,29662052343.493303,21893485061.431492,31649304524.951012,27668517301.501575,3842,0.044467592593,7669,1444412682.106179,160010336.291727280187914604142,396930.53613912,43971.49745283623177691784176,17160.931813,1901.067821194661631411874,67.941341410307,0.05161897417055557,0.04384891937955491,,
2020-10-23,8924,12268,330898,427426,912,190203,395273,65,63769,538994,528525,520175,502301,370099,30139,409358,120350,456169,267870,3706,277625,4216,377900,32775,38,411697,126950,237,1614110252,4326,455.874942209894,2813970886.536167697302506207262,0.939107992359,0.821314458986,3424862637.85844812740773449941,3362993606.321669889526556,2995277675.627113992587776599308,3646931626.3151622625039585215097,0.23765398,0.02568836350907292335228,0.175225,0.01894032448300383185,945.625186,102.213998357202752642996,0,0,0,0,0,0,0.502218111346,17.815422726974,4.663349818587298,15.580811150235,4.0784198031336025,0.00000834462018348291,0.108091450894586,187.69937082761467,41.070904446328875,0.110778822613498,0.00000852308738014947,0.000267299930862435,0.0936652194385809,0.110778822613498,0.008849969291,29452780093.167747,25073765705.660973,1599272755.957305,26033241882.195067,27486922283.416754,9112352854.673811,29151265493.447734,29452780093.167747,29452780093.167747,3807680928.212237,23908157809.920991,29452780093.167747,82.1630291221,25125550213.772684,31675036290.796492,31684787634.351002,15912711240.061903,31490858954.680827,31684414091.967535,10015741547.742018,30068274348.291706,31684861376.840166,31684861330.524652,31684860609.420174,31684834351.69999,31684667649.436599,31682617269.428571,28135286597.625155,31075027391.102514,31634605624.073176,20461566396.386415,31684690384.00728,31683383453.021381,31644198359.909431,20958702839.861669,28393008723.3348,8415419757.689186,31139668338.429763,12623848380.681638,10854600314.170255,29701738854.408346,21921253963.206538,31684861379.078685,27710588125.495678,3979,0.046053240741,7172,1778507412.630992,192241446.658060072454308609312,354181.7694558,38284.0213408891853203862988,20039.128619,2166.058487090931464756734,67.907666195188,0.05130371999990654,0.04226272214128403,,
2020-10-24,8008,12278,330742,427325,914,189972,395175,65,63675,538913,528446,520097,502224,369990,30115,409258,120198,456093,267679,3721,277508,4229,377797,32752,38,411600,126816,237,1614110252,4200,429.981428571429,2816759925.971414114756869807186,0.939010551652,0.821232815375,3426674884.710888844624742330224,3364698665.784749244300614,2996875655.971883627834750547327,3649240020.448647461156612770869,0.23791919,0.02573006914317621145471,0.175489,0.018978477960801943601,796.077624,86.092812895233184965816,0,0,0,0,0,0,0.502115340852,29.71854226807,4.774421377608042,25.991020114435,4.175577689539839,0.000008246709730365178,0.108146253957809,162.5285946865391,30.724658485364753,0.108091450894586,0.0000083446201834829,0.000264062762654478,0.0909763409958669,0.108091450894586,0.008855014415,29459501015.853146,25090312904.209695,1580972898.494982,26045839064.109554,27494621007.836226,9143208654.376885,29155477290.228378,29459501015.853146,29459501015.853146,2781407572.732565,23949096465.872813,29459501015.853146,82.2009680154,25135957274.969593,31675726899.446075,31685488671.031755,15909806995.23849,31491430234.444531,31685115003.455982,10016452323.227374,30070393095.039008,31685562458.831601,31685562412.518005,31685561691.437438,31685535434.34636,31685368706.582466,31683317467.439746,28141423944.345431,31076132580.907668,31635268256.352731,20475229664.215214,31685391466.808999,31684084184.303694,31644931569.928014,20970207054.885019,28399180456.477049,8415419757.689186,31140934381.487624,12623008246.226292,10858999727.689624,29707315582.285553,21923422992.728913,31685562461.069936,27711321902.477103,3346,0.038726851852,6156,1066188313.520112,115304272.120794115324720954608,199917.12668063,21620.28835251888536823753967,24295.6952995,2627.4884339412733926187955,67.915918538974,0.05129970439036046,0.040459813177917414,,
2020-10-25,6861,12291,330897,427579,910,190034,395401,66,63693,539178,528711,520362,502490,370171,30134,409490,120218,456363,267793,3720,276880,4164,377661,32500,38,411710,126175,235,1614110252,4243,353.84562809333,2774913354.03975912065220189279,0.924890650208,0.808853225407,3374135726.43822241227544627806,3313076297.31374259663923,2950814309.43152905386119095877,3648145567.9987198278235818719294,0.23536176,0.0250629763974924977688,0.175577,0.018696674459532169885,720.442335,76.717769436544760871675,0,0,0,0,0,0,0.501649323983,41.615451199941,4.769984919260553,36.394347723488,4.1715392908585605,0.000008165156247600259,0.106487036796005,162.06444330223772,10.54443393376203,0.108146253957809,0.00000824670973036519,0.000262319726787623,0.0909943430407984,0.108146253957809,0.008861750727,29462722067.48791,25102905416.063858,816585705.124275,26058696321.464958,27504526803.265102,9135317850.868742,29150745656.800604,29462722067.48791,29462722067.48791,2806396717.181327,23885925131.038356,29462722067.48791,82.2407152237,25136888938.224785,31676039864.005272,31685808586.761102,15895201492.325937,31491636287.468071,31685434671.484137,10048524941.749818,30070405551.700948,31685882410.866877,31685882364.553281,31685881643.493777,31685855388.357094,31685688456.776823,31683634224.277654,28141683664.133462,31076184032.634774,31635549047.746053,20469191896.096128,31685710082.31847,31684371374.479673,31644521262.765226,20904738478.045862,28374204330.134434,8415419757.689186,31134822474.511101,12607071111.863649,10860852062.312431,29707636976.903481,21919610653.450114,31685882413.105212,27710549548.714954,3061,0.035428240741,5582,761397065.259986,81078917.30471034947377115593,153904.41251859,16388.82483893462588610023295,16988.561385,1809.061561315684665266925,67.904099666404,0.05132093846533685,0.030286268257819302,,
2020-10-26,8149,12278,331014,427736,909,190106,395542,66,63700,539329,528862,520513,502641,370316,30134,409624,120278,456518,267914,3718,275469,4033,377020,31878,38,411227,124832,226,1614110252,4267,420.122334192641,2690302093.056115655603393317254,0.89964860726,0.786808428468,3276338291.068787467544315786334,3216992621.849056846363332,2865397179.65560708035909321726,3641797769.2943913116705999902963,0.23544896,0.02434513269384334568832,0.174565,0.01804980616054011723,803.822753,83.114283384880800840726,0,0,0,0,0,0,0.501962551723,27.231869567219,4.686551343622017,23.816259287805,4.098731513449745,0.000007904708138811157,0.103398769286742,144.41841312243977,8.077328974147385,0.106487036796005,0.00000816515624760025,0.000261804355547759,0.0898426301173195,0.106487036796005,0.008864815396,29421277178.543515,25050736667.310318,843754300.788039,26018705170.420937,27461558444.193928,9063007566.67229,29107397632.664217,29421277178.543515,29421277178.543515,2749963055.267924,23846579360.179912,29421277178.543515,82.1130742326,25130766801.30889,31676585828.935214,31686360290.648748,15905403325.753286,31492096882.007794,31685986475.150281,10053414559.474547,30069777555.237357,31686434117.523342,31686434071.209746,31686433350.150242,31686407097.887485,31686239980.694063,31684186155.129443,28141185063.252116,31076531368.459491,31636099772.856911,20469539204.496552,31686255720.568363,31684848170.017224,31643612231.900145,20782107529.823283,28314384457.902945,8415419757.689186,31121800875.695853,12541443787.089022,10873738681.314496,29707463548.059672,21922310740.020561,31686434119.761677,27712101405.28253,3414,0.039513888889,6731,1163579094.029769,120312646.290460360534645022598,209163.45286682,21627.24360619465574651770044,25490.254614999998,2635.660955996695317016791426516,67.913276471886,0.05098302564407427,0.030823987056666075,,
2020-10-27,9731,12302,331181,428007,912,190131,395798,66,63656,539607,529140,520791,502921,370541,30116,409874,120226,456802,267994,3729,275295,4021,376690,31744,38,411395,124555,226,1614110253,4228,509.424550614948,2673706857.268704973155444713898,0.895153197672,0.783111362436,3257879590.283999018375265991735,3198798718.765600771938334,2850107145.051183945844036083551,3639465958.182345702886976699249,0.2253357,0.0231676626490459493553,0.174433,0.017934152905469626357,908.778894,93.435185098344771868326,0,0,0,0,0,0,0.50158210943,21.411885972654,4.715138306115365,18.731867617723,4.124968097729005,0.0000075181025327791775,0.102813991076629,140.03299666815593,1.691903237723026,0.103398769286742,0.00000790470813881117,0.0002624262600989,0.0875549945984234,0.103398769286742,0.008876578179,29406815905.749855,25042470519.44241,1036659836.158591,26005282250.700162,27441119892.314934,9098479071.720754,29088760302.430398,29406815905.749855,29406815905.749855,2879458621.102928,23854647511.302232,29406815905.749855,82.0689280611,25137818240.321772,31677259493.833707,31687049230.966229,15893694039.622544,31492599719.236516,31686675233.639117,10058890426.302412,30069743257.058959,31687123084.50038,31687123038.186784,31687122317.174402,31687096067.637472,31686928807.699962,31684872477.502383,28142134290.735548,31076527905.722357,31636715787.319631,20466821437.022846,31686943751.92062,31685480719.362456,31643982164.636413,20757063826.406826,28304095698.434038,8415501586.785602,31119616024.528559,12530474216.631842,10880731522.518568,29710386514.941731,21914229062.37747,31687123086.738715,27721004847.744419,4033,0.046678240741,7946,1479884729.780832,152152855.402125980178887375328,240344.53321236,24710.78069301214336428993444,28443.9514,2924.4361654236689518306,67.932955686393,0.050685310836917526,0.0292004002821357,,
2020-10-28,11512,12312,331383,428286,913,190221,396043,66,63713,539908,529441,521094,503225,370776,30137,410124,120282,457110,268138,3729,263993,3465,367538,28760,37,407538,116998,195,1614110253,4256,602.043703007519,2579871268.4895578026708641850988,0.864210508395,0.756016922724,3142621908.0292438098202903210714,3085518694.3626523748160428,2749185899.8632712517082597956586,3636407886.1580388639945042956259,0.22066658,0.021884168543852008086244,0.174389,0.0172946817238650630202,1132.240217,112.2876683046230727437506,0,0,0,0,0,0,0.501657176616,19.717075613223,4.577947520033128,17.248624826269,4.004817996155835,0.000007462043212242151,0.0991730081820818,128.59135418152505,-1.4054018868653533,0.102813991076629,0.00000751810253277922,0.000254461452015258,0.087307119146055,0.102813991076629,0.008881442202,29414776324.85977,25054000146.693042,1114261549.587984,26013845055.026566,27447561852.410718,9080498967.244906,29095358060.077273,29414776324.85977,29414776324.85977,2971980540.03836,23706434815.033408,29414776324.85977,82.0929575364,25135356268.541329,31678407242.620885,31688204654.957055,15896652349.791306,31493677226.134363,31687830293.858318,10060475981.095053,30070735453.102156,31688278548.911238,31688278502.611414,31688277781.644289,31688251534.264356,31688084019.63114,31686026387.491052,28141944858.7522,31077428646.463108,31637832567.743414,20463088487.28085,31688058158.158936,31685702404.767952,31633682434.740875,20198780037.492327,28004026020.031892,8316229375.270807,31044538531.087348,12222922505.621513,10882855678.654047,29710327830.119876,21911005058.810098,31688278551.149573,27721110312.755277,5131,0.059386574074,10119,1607149009.962655,159385801.914851048618458155179,191860.52249598,19027.385167312313792848531164,15917.779515,1578.614078081669066094327,67.965033184222,0.050596970373217164,0.029944596944818005,,
2020-10-29,8814,12298,331729,428763,912,190389,396483,64,63757,540398,529931,521585,503716,371179,30156,410582,120393,457603,268430,3727,261261,3282,366887,27784,35,407714,114299,190,1614110253,4285,447.051341890315,2485401976.0858962659200629221229,0.852686059867,0.745938803944,3027210516.3444105701540475081285,2972105745.0398237016700142,2648235849.1962147184985972378093,3550205238.2749302509646274984926,0.23410091,0.022363133881674835967407,0.174433,0.0166631925197650306541,881.155837,84.1748370540304565612249,0,0,0,0,0,0,0.501454929981,9.130191287767,4.40405288081635,7.987188121783,3.852712144650467,0.000007089143778369799,0.0955277528894477,128.916945948748,-5.718000973621799,0.0991730081820818,0.00000746204321224213,0.000255006815194588,0.0844685633640982,0.0991730081820818,0.008893672735,29428001513.211477,25069408075.075734,3980665153.997648,26017590709.604577,27463474760.277316,10831062208.233453,29104834491.681632,29428001513.211477,29428001513.211477,6052154967.190429,22878194281.846237,29428001513.211477,82.1020527864,25125544364.122546,31679445825.775402,31689256404.29532,15890770918.366224,31494473158.132752,31688881654.011768,10044789783.110335,30070043396.694883,31689330320.93737,31689330274.647481,31689329553.680356,31689303307.637934,31689135652.055265,31687075224.302759,28139910768.414722,31077866890.562538,31638844354.159444,20455888153.175271,31689106898.786838,31686643422.470165,31631592264.598645,20005934407.831916,27900065601.7463,8234244726.388408,31016183392.277334,12187032620.665747,10914440874.107324,29709878826.957098,21909639677.42149,31689330323.175705,27722162084.781409,3764,0.043564814815,7469,3470828739.98881,331560470.195244164332065080237,491425.19650433,46944.744735313913918984358541,20751.5487265,1982.34881881842511422335405,68.002369420715,0.05068917633946075,0.03065057812550726,,
2020-10-30,8764,12287,332100,429223,912,190558,396904,65,63751,540862,530395,522049,504180,371589,30129,411020,120475,458072,268732,3716,260107,3196,366829,27248,35,407977,113091,185,1614110253,4338,433.539419087137,2434479825.5156821389666001799616,0.835788823496,0.731210254677,2964495370.4124530967309745514816,2910493682.1514738978193948,2593561141.101687051616588168486,3546943063.9327358859873173058079,0.23609287,0.022085886561437091573206,0.174433,0.0163177627963570276154,814.756499,76.2183949566441084770062,0,0,0,0,0,0,0.502139439624,21.105625162108,4.318476388194828,18.464771382485,3.778124486539161,0.000006876822496379625,0.0935474525826938,126.23552379252122,-7.477717108762533,0.0955277528894477,0.00000708914377836977,0.000246976764759597,0.0818243379483952,0.0955277528894477,0.008902572657,29432276994.730804,25077604769.156837,3940356532.503216,26024009829.275232,27463416184.22213,10817597855.524704,29096543590.188171,29432276994.730804,29432276994.730804,5971194979.141388,22456816255.441762,29432276994.730804,82.1212220405,25125733051.581312,31679856235.135289,31689675912.317133,15912673225.94059,31494575524.268549,31689300603.246095,10076623292.406464,30068036877.310217,31689749836.667297,31689749790.377408,31689749069.410283,31689722825.6697,31689555012.713098,31687493386.293596,28136419778.156427,31077444703.664421,31639213220.246061,20459407789.761875,31689524408.908988,31687012098.098996,31630422637.342148,19930380058.454306,27842785480.135555,8234244726.388408,31002127352.540142,12140675991.682289,10918619097.498441,29710209622.36374,21923361049.87032,31689749838.905632,27724551225.04847,3451,0.03994212963,7694,1501483590.062038,140459964.9450213555580671579644,239265.86664587,22382.712314711661869415244606,30828,2883.8808682192844664,67.958770151106,0.050623917055043585,0.030846041197310593,,
2020-10-31,7734,12290,332598,429891,907,190893,397541,65,63831,541540,531073,522727,504860,372182,30152,411658,120629,458756,269147,3708,260151,3173,367305,27118,34,408586,112892,185,1614110253,4307,386.459484560019,2418818545.0359290151593967202516,0.830987171066,0.726997768708,2945517948.4390870857113483905927,2891837123.4331481868083474,2576917009.9907407543891849263873,3544600989.0388910356598735076667,0.22850916,0.021239424605629583066604,0.175401,0.0163031377615323363819,711.120501,66.0970889154160670440719,0,0,0,0,0,0,0.501478628695,31.739474087339,4.297904551258209,27.767608989504,3.7600664940178135,0.00000673181946315161,0.0929478039551219,119.97040875523881,-4.895104626462911,0.0935474525826938,0.00000687682249637962,0.000243869493844978,0.0802473244048642,0.0935474525826938,0.008914285794,29431387296.664111,25078713193.679811,844653799.592873,26023407139.385564,27462257892.823661,10765283244.629608,29091918307.115108,29431387296.664111,29431387296.664111,5215527989.146566,22017844690.673222,29431387296.664111,82.1186150408,25115187889.892473,31680105344.312556,31689948007.038651,15891868755.64901,31494654205.223419,31689572402.313663,10079359728.009298,30065413766.601105,31690021957.411998,31690021911.122109,31690021190.274202,31689994947.844423,31689826863.756034,31687761808.179161,28130573226.992031,31076444149.473216,31639416183.568221,20439377429.182985,31689795944.211245,31687268005.407792,31630227624.339451,19893980241.160279,27820528928.875013,8127155459.075908,30997342016.845695,12145047328.67972,10921112810.901275,29707163541.788697,21916254306.149428,31690021959.650333,27724345281.303867,3112,0.036018518519,6711,998441936.134404,92802985.3403929235947826038476,174810.87578629,16248.287011807248842535298751,23943.3983345,2225.48629441449821320447555,67.915561449083,0.05062730866482106,0.030284975282323667,,
2020-11-01,8481,12285,332943,430370,906,191113,397980,65,63831,542035,531569,523223,505356,372599,30140,412122,120697,459256,269418,3704,264151,3370,368802,28325,35,409416,116224,192,1614110253,4271,428.403418403184,2550467415.286128485971883558904,0.876701732928,0.766946414948,3105859381.335001150000696291426,3049219812.686534769192604,2717033203.403577280414950237484,3542663673.0408967477781735946448,0.22544789,0.02209531577879800603586,0.174433,0.017095534658776680442,823.335704,80.692094176791650493296,0,0,0,0,0,0,0.5014791059,33.252484808175,4.5646393960948535,29.089567242625,3.993186837526064,0.0000071345291967703075,0.098006309922874,130.80648349340566,5.516752018947926,0.0929478039551219,0.00000673181946315163,0.000240432885870622,0.0797674187145938,0.0929478039551219,0.008917147682,29421925149.021803,25080700010.110692,773629261.898365,26023502132.599596,27461509717.97617,10607796731.208023,29075352958.248702,29421925149.021803,29421925149.021803,5217335275.09832,21691952139.718371,29421925149.021803,82.1179294405,25113408972.600892,31680469812.019687,31690328244.271764,15892074569.782848,31494904408.676146,31689952227.115772,10079902396.428745,30063679717.947412,31690402215.528745,31690402169.238856,31690401448.390949,31690375208.363012,31690207006.789533,31688140589.625571,28127582316.71548,31075850452.235194,31639735887.879931,20440457984.500917,31690179928.781267,31687759939.828395,31634448152.037979,20105231540.139868,27945255912.614064,8234513088.765436,31030912342.055139,12221432782.349796,10922484564.884239,29707484932.587013,21923805241.256259,31690402217.766949,27723043603.434766,3652,0.042268518519,7007,953023583.066979,93402324.645870197769866177646,163099.75764537,15984.80539613777037654319338,18424.854543,1805.752004625130998516582,67.931907149697,0.05075975276896381,0.03040193129982191,,
2020-11-02,10244,12275,332960,430407,904,191086,398008,64,63756,542074,531608,523262,505396,372605,30072,412142,120637,459304,269431,3717,260207,3172,367626,26996,35,409039,112737,183,1614110254,4195,548.755184743743,2410196046.4198271524906671994152,0.830197569126,0.726476121274,2936294853.077253616369036287435,2882630477.4664548476738718,2569446328.3292005636853631332781,3536862744.8136560741861726754612,0.22693295,0.021025766519597919374235,0.174433,0.0161615469737339767989,945.856521,87.6353935009665468948093,0,0,0,0,0,0,0.50142835882,23.527322252022,4.315291045534985,20.58791599642,3.776156444575568,0.000006814861371815803,0.0926518891134933,121.59492143815612,-0.9241922085130088,0.098006309922874,0.00000713452919677033,0.000247754839183264,0.0841411459097956,0.098006309922874,0.008919473986,29411454635.357653,25083838570.181917,984976404.128093,26013458219.588744,27451466556.417031,10517100379.670017,29064623465.211515,29411454635.357653,29411454635.357653,5280124274.366359,21283479332.986671,29411454635.357653,82.0829026722,25122656002.084046,31681756975.202562,31691614989.996949,15891111592.831424,31496089554.421932,31691238874.443162,10075640830.252394,30064133751.843309,31691688976.498746,31691688930.208857,31691688209.388869,31691661975.271218,31691493599.491908,31689425552.460928,28128256171.460764,31076902498.715103,31641013339.988735,20452213752.089846,31691462349.674274,31688920808.543009,31631580531.191575,19896487247.480478,27813641701.619663,8247650815.930522,30996051497.030437,12151073643.608042,10946467873.671456,29711256146.573491,21929479768.924428,31691688978.73695,27732260539.035257,4168,0.048240740741,7980,1347016402.430295,124803614.3520283592431971995235,222917.08557167,20653.689093889466052541214811,28241.217341,2616.6021375083961010473153,67.908863723179,0.050953618157510774,0.03216739769442524,,
2020-11-03,9008,12225,332891,430422,902,190909,397980,64,63555,542090,531626,523280,505414,372563,29938,412139,120431,459323,269334,3697,260726,3182,367856,27096,36,409090,113090,182,1614110254,4278,470.304114071996,2436879388.115406215075194746426,0.83974559538,0.734805807149,2967749400.680550635091087631783,2913469732.6917397486773854,2596881133.7417109746552483332773,3534105349.2981846050236580014424,0.23338149,0.021854567869523021354601,0.17485099999999998,0.016373590924258686367037857460502,813.567861,76.1850223626868247936889,0,0,0,0,0,0,0.502861270276,23.503804931112,4.3608994387133615,20.566624521179,3.8159345515974525,0.000006690267423946798,0.0936431071269749,117.36237747429112,-3.6391584930510366,0.0926518891134933,0.0000068148613718158,0.000241376306718448,0.0795969212537108,0.0926518891134933,0.008908454388,29417509180.46634,25086025757.247443,1014142407.835607,26023051379.65074,27458638911.614364,10570436441.596618,29068270353.35345,29417509180.46634,29417509180.46634,5306515508.670311,21173901377.348389,29417509180.46634,82.1120337033,25142131297.472904,31682190137.541323,31692054682.598049,15936744083.712093,31496355508.909556,31691677957.870017,10122176146.387317,30064272757.132471,31692128673.676599,31692128627.38671,31692127906.566722,31692101672.623274,31691933164.48844,31689863475.499939,28133056415.541643,31076905169.172867,31641430279.727331,20484083945.967827,31691902500.568452,31689387947.022413,31632658959.416236,19960406955.339922,27843497795.512797,8401275399.377945,31002053987.939028,12195208977.497636,10996986960.356352,29719856891.351822,21976109264.826274,31692128675.91467,27731684834.212977,3486,0.040347222222,7163,1348382900.930362,126266764.4400030723220766219138,228103.44859409,21360.315672728782012519718341,31882.3095305,2985.55852681998432790428445,67.930484961984,0.050925906278517945,0.03140458283842178,,
2020-11-04,8295,12190,332886,430443,902,190801,397973,64,63424,542127,531664,523318,505453,372570,29871,412145,120291,459363,269278,3697,262106,3260,368257,27516,36,409269,114198,188,1614110254,4167,451.736741060715,2487180098.0195710921612494682121,0.857363540899,0.750466444276,3029069399.6692939873186046859244,2973655801.8381173733528166,2651401457.3681412068551372904376,3533004676.7477325569513757812475,0.21937973,0.020967782365914347587733,0.175621,0.0167854291136389111141,773.532943,73.9324020577891502349103,0,0,0,0,0,0,0.503559623066,9.795612695133,4.469755510411412,8.574284160846,3.9124611260732327,0.000006764567305943796,0.0955775739441121,115.8286360242149,-1.748532545237979,0.0936431071269749,0.0000066902674239468,0.000241007697879964,0.0796368854362597,0.0936431071269749,0.008903179713,29416112000.570227,25085204838.075376,1154659819.197841,26022632667.721001,27458434907.614783,10414072056.690944,29062889351.890472,29416112000.570227,29416112000.570227,5187226027.243767,21090345842.893623,29416112000.570227,82.1103702111,25151251026.873409,31682318824.047284,31692186771.210187,15958942900.44674,31496382593.715003,31691809793.778215,10163953884.749069,30064388778.925515,31692260793.589494,31692260747.299605,31692260026.497513,31692233792.754065,31692065183.467164,31689995882.388474,28137362137.895027,31076795857.771655,31641518949.951367,20509629308.891728,31692036349.631872,31689561948.096107,31634264136.523391,20067924109.378733,27899265581.094281,8443053137.739697,31015131634.288504,12285555683.358279,11031817891.988317,29725526620.227195,22000926458.240685,31692260795.827564,27740832372.649656,3526,0.040810185185,7200,3235352578.973998,309227150.3521610765224110971758,485168.60550133,46371.238267665120666022219093,16465.605639,1573.7426404961116646081319,67.997883638973,0.05092841767616519,0.03165203186059498,,
2020-11-05,8689,12192,333055,430701,901,190912,398219,66,63414,542403,531940,523594,505729,372794,29901,412390,120335,459645,269445,3700,263951,3352,368942,28033,37,409663,115663,191,1614110254,4232,464.619328922495,2544048520.683962594204535024546,0.875302748501,0.766343687657,3098119454.7116809311713864584737,3041396831.1864173889404898,2712460679.2225582434462777169653,3539483293.0854066602747169435317,0.23043909,0.022526542835838339732567,0.175313,0.0171376991819370873819,857.463846,83.8212651208685532534498,0,0,0,0,0,0,0.503641943154,8.277118667483,5.079844770911093,7.246769936086,4.447497715653111,0.00000626374112017746,0.0977548680470763,118.01928607954595,5.5301892327021624,0.0955775739441121,0.0000067645673059438,0.000237876100806379,0.0814605849641448,0.0955775739441121,0.008909695816,29417623696.940598,25087291905.731403,4080588976.592274,26024775763.17542,27460023275.281231,10571887000.685336,29058410270.336493,29417623696.940598,29417623696.940598,5301039850.199857,20917706782.179755,29417623696.940598,82.1158950735,25147880511.012329,31682784715.228999,31692664275.922233,15961792322.65221,31496714830.321053,31692287260.393873,10164120326.52189,30063296348.112932,31692738340.160429,31692738293.87054,31692737573.068448,31692711342.108399,31692542568.604722,31690471337.661113,28138867758.436768,31076725642.769789,31641970310.886009,20510371649.624643,31692515276.750061,31690085087.217974,31636451129.506298,20160748005.36075,27951132927.542445,8393219581.686951,31029757164.280632,12314712938.383432,11005825234.14317,29726008046.772922,22001145282.826586,31692738342.398499,27747576498.352031,3721,0.04306712963,7789,3828957831.292775,374299267.5558446570319880637325,565241.2438208,55255.08320446758602088112704,25068.779294,2450.5952119862485666781322,68.033934835358,0.05093530827245972,0.030557754741704572,,
2020-11-06,15690,12226,333226,430995,912,190958,398482,79,63444,542694,532231,523885,506020,373037,29925,412665,120356,459940,269524,3718,280069,4282,381166,32793,52,415223,127656,245,1614110254,4240,969.043396226415,2849018676.70712440040563528872,0.969177393339,0.848623435696,3469490986.003190635856350739499,3405911116.843044796830606,3037928227.477537965272218107171,3579830699.5690264586564546029615,0.21257653,0.02327094010474675406433,0.178233,0.019511323605147417813,1627.060773,178.115776916981167380753,0,0,0,0,0,0,0.502899347778,2.076603751598,7.285956114454817,1.818299335469,6.379671206398833,0.000007008840152832187,0.109470881403261,151.88517123643393,16.898295861045625,0.0977548680470763,0.00000626374112017746,0.000234425631140917,0.0825645118978856,0.0977548680470763,0.00892403576,29428447338.329885,25108003375.407379,4430289253.8588,26025356151.21352,27470666694.560074,10694750144.745967,29061566254.932213,29428447338.329885,29428447338.329885,5761521309.821093,20444536192.902984,29428447338.329885,82.1163302686,25151046555.406524,31683306833.554762,31693203105.79346,15938528416.122088,31497086701.99863,31692825657.443801,10166079748.312539,30063489236.882905,31693277164.523089,31693277118.2332,31693276397.431108,31693250168.228458,31693081271.715381,31691008024.279659,28139420868.233295,31076867742.205581,31642424997.802957,20505304007.267293,31693106035.354835,31691804885.40351,31652754482.312553,21052152458.216869,28418346862.902249,8597905540.179842,31147979164.336426,12704003766.227254,10732769488.068949,29726270800.263895,21984500066.932125,31693277166.761159,27751016421.313311,7654,0.088587962963,13781,15262072575.168467,1670752536.844229454644438170887,1267939.38337256,138802.44186370139810356191816,8352.3610015,914.3403206324287713258915,68.557293121876,0.051174440071252665,0.03669923557428122,,
2020-11-07,15892,12218,333294,431124,908,190950,398587,79,63419,542801,532339,523993,506129,373120,29894,412759,120270,460059,269495,3712,276346,3959,377909,31317,52,413260,124148,235,1614110254,4253,976.353867857983,2648184377.681137085213200060593,0.901809554043,0.789624324395,3225196406.052080747654966611947,3165988764.078316777733702,2823981539.949432493336276513744,3576360875.299498974549812539022,0.21655878,0.02203689843622488374886,0.178233,0.018136888834447948521,1770.367997,180.151641714235182170989,0,0,0,0,0,0,0.503004829079,19.59226311855,7.555055554376793,17.154982955082,6.615205628660856,0.000006844947737296779,0.101759431948337,141.13823453126793,6.0188805030356,0.109470881403261,0.00000700884015283219,0.000239832160443382,0.0921896549579832,0.109470881403261,0.00892348465,29425151689.888788,25116161768.410781,4243982961.097226,26023969738.997889,27469176575.632652,10737954725.069877,29055923118.7925,29425151689.888788,29425151689.888788,5824876273.505558,18558287642.645599,29425151689.888788,82.1092437258,25153960242.422897,31684345887.165559,31694249943.028728,15942398025.526877,31498074241.693069,31693872365.729041,10172793096.754032,30064840720.516682,31694323996.047505,31694323949.757616,31694323228.987976,31694297006.45656,31694127874.404376,31692052590.327744,28139977894.15679,31077391145.503466,31643398759.086967,20506661458.391163,31694132818.215503,31692527910.026886,31650227394.551592,20752916447.558105,28281911608.022366,8598397519.411335,31116078200.166862,12630483673.751846,10742218360.818742,29729060020.320813,21992502289.704628,31694323998.285531,27751545835.900112,8175,0.094618055556,13868,1617695914.275347,164615817.301804978303696747939,144179.78607464,14671.65312938811571650587368,5621.894704,572.080811552404181907248,68.586055907322,0.05150011090514275,0.039166159741022444,,
2020-11-08,10823,12238,333678,431590,908,191157,399009,81,63500,543292,532830,524484,506622,373499,29922,413183,120374,460553,269803,3708,279197,4175,381214,32296,51,415470,126527,242,1614110254,4259,639.600845268842,2778200358.290250743182056435712,0.945248189704,0.827677841248,3382785843.958658525461494560799,3320579532.050463098553478,2962033585.709503301406118778982,3578727662.0111395855682524289782,0.21878866,0.02335092020155168013938,0.178233,0.019022487547038135369,1192.616999,127.285867442412417130007,0,0,0,0,0,0,0.502894323219,25.896362539617,8.254743932879368,22.675362594131,7.228015576063542,0.0000068856901084845275,0.106728201550993,151.81105250599992,4.641160495452224,0.101759431948337,0.00000684494773729677,0.000232980606940502,0.0853226377224449,0.101759431948337,0.008939494359,29423385062.571004,25124976643.68658,1314371801.75152,26030611571.421184,27472124303.086926,10693159547.313363,29054301373.07624,29423385062.571004,29423385062.571004,5869416967.493924,18410336514.565835,29423385062.571004,82.1275861507,25151089586.88511,31685351251.756638,31695258484.195606,15939402827.660501,31498806832.205279,31694880426.805084,10201666998.902021,30064806723.548997,31695332579.023717,31695332532.733828,31695331812.05735,31695305590.175312,31695136142.661682,31693057645.685132,28137583907.034264,31077455654.90297,31644344757.911024,20491494896.121216,31695158405.368927,31693816382.602601,31653613892.148676,20948906127.749069,28370818165.36591,8474231107.239632,31137975706.50175,12689447696.245611,10719326328.368624,29727829001.581574,21983989380.837193,31695332581.261743,27753054419.213574,5451,0.063090277778,9530,1223929906.479083,130627837.742987583680312379419,160085.43320946,17085.63038095727508183999378,7199.655798,768.406315106719345107414,68.606144410103,0.0514843922981634,0.03855701335758433,,
2020-11-09,11008,12230,333948,431997,907,191230,399355,81,63441,543720,533259,524913,507053,373804,29858,413548,120349,460987,269961,3705,278744,4120,381258,32020,50,415593,126009,236,1614110255,4196,653.210200190658,2742016546.283039915676294684672,0.937245690615,0.820741234847,3342755879.667763291994863921152,3281153364.079724321286144,2927234145.693599200716623993856,3566573752.3688651891472680231145,0.21735987,0.02292298660107570336768,0.178233,0.018796628240850189312,1160.484337,122.385824521376559111168,0,0,0,0,0,0,0.502938948365,18.3507359539,8.202932510217574,16.069645171995,7.1832658450414675,0.000006883957383439336,0.105460987812864,140.4174261771116,0.31684058168945833,0.106728201550993,0.00000688569010848451,0.000234373934646228,0.0894881602448104,0.106728201550993,0.008944481648,29414933099.298381,25106615534.272027,1400832150.29962,26000292649.909848,27464232908.351376,10935348436.464861,29043735750.801747,29414933099.298381,29414933099.298381,6092970395.968107,18248336048.685756,29414933099.298381,82.0286208443,25160325081.252816,31686618330.019128,31696536608.59777,15941460075.68299,31499826426.635654,31696157947.254913,10201404353.241257,30064545702.370291,31696610744.471169,31696610698.18128,31696609977.585497,31696583758.132125,31696413963.983538,31694331849.357308,28137434831.953411,31077803655.724114,31645542989.752876,20501596107.525378,31696433947.113693,31695066035.261283,31654237155.728873,20910174426.39037,28350718991.663704,8407913986.096632,31133686180.382884,12634246419.332781,10723135718.765094,29731846364.342347,22000639928.284818,31696610746.708918,27756559144.769729,5339,0.061793981481,9815,1727266460.938498,182159227.186603669881837238272,205636.01430571,21686.57719858040946836665344,7506.821767,791.676838882929197810688,68.627957666395,0.051477878892334385,0.03824060955280466,,
2020-11-10,11431,12229,334459,432746,915,191497,400004,81,63467,544485,534024,525678,507818,374401,29870,414236,120482,461752,270365,3711,279440,4143,381960,32113,49,416361,126365,238,1614110255,4205,657.751724137931,2756915877.545505758527339808782,0.94178298885,0.825183644782,3360342832.429271290025357678742,3298375884.203690199886324,2944308804.692165071429620407536,3568064906.8964239901863844972432,0.21725868,0.02303257997229921988392,0.178233,0.018895290288069534702,1125.834496,119.354831138130758132224,0,0,0,0,0,0,0.502652594859,17.180933933985,9.236847871158536,15.053813725933,8.093261274473424,0.000006920336615020895,0.106014544377694,145.6934741008838,-0.3580026797194214,0.105460987812864,0.00000688395738343937,0.000237231947691116,0.0891302173910973,0.105460987812864,0.008961525357,29417054042.660006,25115917275.601955,1168436864.352484,26005072169.376553,27469479253.141802,10936643238.962434,29044604647.279549,29417054042.660006,29417054042.660006,6111322395.881821,18175004817.828607,29417054042.660006,82.0426966838,25154061234.713709,31686984061.319317,31696924139.489184,15932578442.429232,31499842716.675932,31696544191.253645,10157118756.336225,30062070792.60465,31696998293.180144,31696998246.890255,31696997526.294472,31696971306.8411,31696801036.561628,31694714485.078034,28135285867.83038,31077024930.015754,31645843351.614901,20502229858.157854,31696821777.214338,31695458671.757357,31654814315.572524,20926641455.966846,28356172172.62619,8261421970.573728,31135020506.722462,12605202265.915815,10684432709.729413,29731549798.093956,22000225507.623995,31696998295.417893,27772687436.193544,5182,0.059976851852,10401,1844893788.498886,195585574.412947158351282248884,252954.77842414,26816.88558279574277428713316,9992.278051000001,1059.326804871997316208938377694,68.542956487999,0.051468517017890694,0.038188124706513865,,
2020-11-11,13008,12242,335014,433448,913,191811,400635,81,63590,545206,534746,526400,508540,375025,29899,414892,120702,462476,270814,3722,279991,4163,382608,32166,49,417044,126677,240,1614110255,4269,763.337784024362,2761855262.18760224991735525407,0.942848681388,0.826239192159,3365918201.655254681130263844128,3303768765.317391144411862,2949628705.757756054110602624037,3569945281.8864026252496035530356,0.21145483,0.02245393997227137564451,0.178233,0.018926184297033291201,1375.513644,146.062876849000133360268,0,0,0,0,0,0,0.501925648017,18.63304009454,9.698562080394323,16.328545925852,8.499064862252636,0.000006750127254310541,0.106187879332297,143.57337145664778,-3.151822135785182,0.106014544377694,0.00000692033661502089,0.000234804339209549,0.089767131033117,0.106014544377694,0.008981124559,29419021400.752522,25139930346.538727,1410067093.533577,26009138515.18631,27468196610.538174,10948521964.94678,29044537123.69533,29419021400.752522,29419021400.752522,6140654176.80045,17747383016.084938,29419021400.752522,82.0535466616,25144864898.601207,31687733707.782335,31697688508.524777,15909920088.428047,31500289613.00327,31697307508.567387,10148564091.264066,30060367311.10321,31697762706.839298,31697762660.549409,31697761939.953626,31697735721.811622,31697565037.087011,31695477159.570245,28129355068.349517,31076811624.70954,31646524133.157578,20492886829.687696,31697586033.53638,31696223684.390475,31655592514.030799,20925899743.245596,28352516324.476536,8256867310.840315,31135685570.68102,12616143866.579509,10673990911.33871,29727939402.000958,21987569013.825518,31697762709.077024,27777451855.191421,6505,0.075289351852,12765,1701158938.544106,180642460.091179975892564791482,159867.06307557,16975.94440307734047485268429,5837.152072,619.834799865803410069384,68.48757500187,0.05144965699234452,0.03776341387524237,,
2020-11-12,11049,12251,335372,433985,918,191983,401082,81,63615,545757,535299,526954,509095,375437,29917,415377,120777,463036,271068,3715,279396,4091,382737,31894,49,417314,125975,235,1614110255,4287,613.188710053651,2724620968.859497426400612763024,0.928919250297,0.8144148635,3313849821.025767299908179037866,3252575476.966839361392918,2905364001.002049755845117799793,3567425069.4748627895076195123611,0.22250277,0.02326098546913182319341,0.178233,0.018632915100876147489,1191.057315,124.516053877073821210395,0,0,0,0,0,0,0.502226334283,20.45959456506,10.35870185537375,17.937617192931,9.081823586803399,0.0000064176575411707835,0.104542453422633,141.18850306648253,-4.357169458061637,0.106187879332297,0.00000675012725431053,0.000228746731020847,0.0901164680710837,0.106187879332297,0.008994188034,29436730411.077036,25337356552.500511,1654149933.283962,26062340031.802128,27522976822.972608,11168154438.241706,29053887586.769936,29436730411.077036,29436730411.077036,6210187132.589087,17713783382.825325,29436730411.077036,82.219204732,25141344582.279256,31688561444.328511,31698529683.22128,15919873634.986669,31500865696.280165,31698147537.760008,10131378730.001824,30059286794.160149,31698603890.566037,31698603844.281423,31698603123.745235,31698576908.998261,31698405838.538037,31696314930.826049,28127922283.650718,31076760001.38674,31647275968.628445,20479480595.335611,31698424795.397284,31697034643.55844,31655539562.380992,20850973640.15141,28323566338.575071,8252506408.12497,31128263218.411159,12559533385.113802,10658416116.276468,29728159674.217357,21985108137.094609,31698603892.802202,27791236056.576521,5353,0.061956018519,9875,1549327079.38089,161970454.03260071346315368337,231952.53997129,24248.88760621000400005620657,7937.321767,829.787091127048561352511,68.487937686291,0.05146691487510549,0.03785568628993161,,
2020-11-13,10115,12271,335832,434599,915,192201,401647,81,63671,546357,535899,527555,509696,375949,29956,415965,120883,463646,271433,3725,280763,4188,383621,32290,49,418241,126972,240,1614110255,4325,540.53063583815,2775995559.951506404399486940688,0.944927114834,0.82857067521,3373858121.915080939431252639408,3311419064.858598430624308,2958407964.223591304191087717278,3570495617.0150389634858597693302,0.21988488,0.02340317695583846083824,0.178233,0.018970010299798496334,1040.275383,110.720431851210637742034,0,0,0,0,0,0,0.501321433065,24.698655489413,10.703826535183206,21.657312330614,9.385778691659766,0.000006517658411598142,0.106433770961598,148.55855500963352,-0.9522765986616271,0.104542453422633,0.00000641765754117079,0.000225858759409537,0.0885841076602329,0.104542453422633,0.009013243324,29456287851.04966,25362628107.744077,1543114795.945211,26081905534.974456,27544989804.389212,9678307570.50293,29070124442.65183,29456287851.04966,29456287851.04966,6061980219.33734,17645871278.527353,29456287851.04966,82.2795582873,25136840635.886034,31689072577.539352,31699057480.393097,15891454125.458232,31501046123.228328,31698674701.744488,10124284512.599601,30058170188.123829,31699131687.200931,31699131640.92551,31699130920.389322,31699104710.122793,31698933481.721738,31696838314.592392,28126245412.480181,31076437112.40305,31647728112.06752,20474905816.191491,31698955644.360796,31697593330.587916,31656942417.990714,20928901897.897883,28355725555.561004,8249412196.061493,31136386880.988991,12592656387.545325,10651659686.126777,29727286259.651002,21977168382.341708,31699131689.437096,27795763858.550161,4731,0.054756944444,8771,1283435517.493034,136600881.912833584108446508332,180913.0690697,19255.2601573242091602853806,9964.247067,1060.532390133852641133066,68.511447158911,0.05147740298147851,0.03789839597740543,,
2020-11-14,9268,12242,336046,434964,913,192317,401953,82,63694,546740,536282,527938,510080,376203,29959,416297,120954,464033,271585,3709,279856,4081,383518,31895,49,418226,126087,235,1614110255,4144,524.688465250965,2728198336.15580994999934624056,0.925836334834,0.811835456043,3309371606.545306740152579626288,3248090597.897206834192132,2901879205.137566643791762090316,3574467194.7210131531950370462623,0.22307463,0.02328861280532773661946,0.178233,0.018607222731388049286,963.905461,100.630094341834995858862,0,0,0,0,0,0,0.502052882172,23.37392692691,10.62878505278355,20.495828379459,9.32003231657246,0.000006483557198737994,0.104398302959542,137.1926074273395,-2.028546098296013,0.106433770961598,0.00000651765841159817,0.00022333229426873,0.0898858689184338,0.106433770961598,0.009012210964,29477499170.56143,25418968412.642841,1184280548.647959,26132592760.75668,27595073790.552646,9784506174.191977,29108559271.437923,29477499170.56143,29477499170.56143,3229940334.234845,17632949367.699753,29477499170.56143,82.4385611685,25128253905.396294,31689402936.031379,31699402773.193261,15914813805.805291,31501275852.957062,31699019215.654771,10176616188.686423,30057416019.47087,31699477026.885699,31699476980.610278,31699476260.154321,31699450052.494558,31699278528.947737,31697178838.523343,28124904992.37689,31076379683.829326,31648020119.085435,20477321504.317604,31699297410.016751,31697900076.286939,31656229656.049146,20845111085.112102,28316608391.882724,8269623264.148315,31127260853.671834,12580564645.492265,10673149632.213599,29727232927.70307,21992514040.080561,31699477029.121864,27796229659.615698,4321,0.050011574074,8063,1356189617.955304,141583894.605883347885876310768,198150.61692921,20686.58813779581747090802182,11172.418879,1166.381570920748613993418,68.524443621865,0.05135747818054468,0.03803083298071356,,
2020-11-15,9343,12227,336485,435542,912,192625,402471,81,63803,547417,536959,528615,510757,376686,30023,416846,121140,464717,271954,3702,277790,3908,378566,31208,49,416951,124520,232,1614110255,4277,497.984101005378,2634992207.512214712786783450945,0.893746136973,0.783691528909,3194061067.26527751605214920391,3134886489.013754227960682,2800749002.074058552398732845001,3573790067.5961756599372445169957,0.22296827,0.02246622939488170077709,0.178129,0.017948235306668892743,949.398906,95.661206006781721530102,0,0,0,0,0,0,0.501963034724,29.989840880698,10.703953853645276,26.296935202585,9.385884440685277,0.0000063027024657770475,0.100759760098967,129.8784468822507,-3.314671816395453,0.104398302959542,0.00000648355719873802,0.000225700948455077,0.0882554607720558,0.104398302959542,0.009022113699,29491811125.826899,25439872628.042487,876500566.106348,26151235422.991335,27614870361.138336,9796040830.554652,29126722406.146875,29491811125.826899,29491811125.826899,3087518058.336651,17608620170.23158,29491811125.826899,82.4966133089,25107785112.116528,31689683123.505943,31699694097.405226,15912111986.410404,31501399594.331921,31699309748.412285,10146810722.68809,30055381919.890011,31699768478.038565,31699768431.763144,31699767711.307187,31699741508.2396,31699569619.234008,31697466974.898374,28121004392.357332,31075692779.78948,31648246316.135666,20462912820.304063,31699570666.625671,31697654486.505328,31654072703.840304,20668767434.864398,28239419689.58933,8269967516.799982,31109465690.521134,12552933778.979085,10673452681.215266,29723599035.115346,21986963649.805063,31699768480.27473,27796304787.974303,4258,0.049282407407,8118,1057016894.700412,106504768.730568576038935674404,146634.01158443,14774.80782959631476127628381,10491.283324,1057.099190856533076726308,68.530515971557,0.05134612644138427,0.038364421382817614,,
2020-11-16,10858,12232,336840,435989,911,192791,402885,81,63839,547780,537323,528979,511121,377083,30037,417263,121220,465085,272215,3698,280364,4061,384241,31929,49,419171,126241,236,1614110256,4216,586.613614800759,2725023717.231064625330800932576,0.923264724366,0.809723469996,3301055542.65035163612267178249,3239832763.681126916857618,2895098315.90341400926922960387,3575416081.1444558718339817108126,0.2176968,0.0226693956851567344344,0.17768899999999999,0.01850326807697593514567115707917,1064.537367,110.853346462409695765461,0,0,0,0,0,0,0.501559735306,24.422108951716,11.221987710669486,21.418726702234,9.841930044037811,0.000006219467766542886,0.104132884292083,131.08727525937863,-1.7832975675008853,0.100759760098967,0.00000630270246577702,0.000224236646185467,0.0851508705693975,0.100759760098967,0.009034045366,29497507721.606314,25470389906.140953,1187409475.474828,26168714482.042272,27635899036.397396,9784557633.942118,29146520545.783119,29497507721.606314,29497507721.606314,3068850106.83851,17622776002.654791,29497507721.606314,82.5500716975,25100434365.970801,31690315480.634749,31700339696.593842,15899651252.907429,31501834371.572375,31699955041.596272,10140815563.778575,30054390128.104806,31700413993.703961,31700413947.42854,31700413226.972583,31700387025.790052,31700214992.425442,31698111254.100605,28118977652.088284,31075591194.132537,31648820879.692888,20451282347.453658,31700233675.552614,31698817445.874376,31656914383.759841,20810417527.350674,28306487746.746216,8268972363.229213,31125407025.218998,12588264229.872417,10667502271.164699,29722686083.999356,21981251623.154558,31700413995.94003,27801960308.55089,4890,0.056597222222,9069,1298021152.006702,135166686.430590178730141540266,168626.71189103,17559.58587790304351978771549,11268.834470000002,1173.456235971146666766778584166,68.541077664392,0.051393386508110685,0.03872898542000102,,
2020-11-17,13643,12238,336891,436105,910,192795,402955,81,63792,547884,537428,529085,511230,377147,30044,417351,121169,465197,272269,3709,283154,4290,385440,32926,49,419991,128762,244,1614110256,4217,765.706900640266,2871845557.543780313609943954355,0.971941446816,0.852908231431,3479113038.97665900530756241426,3414499317.23083893956191,3053027688.801677878441296329095,3579550033.9797898049379612711215,0.21767268,0.0238889058748113360378,0.1760265,0.0193183659519075965025,1368.290447,150.165660191194085669495,0,0,0,0,0,0,0.501204471989,19.099894729293,12.221728049019188,16.760739535753,10.724938718758892,0.0000062066433905131606,0.109746918514585,154.17285961639436,2.120775623213271,0.104132884292083,0.00000621946776654287,0.000225271646062729,0.0878062817328312,0.104132884292083,0.009039780738,29493190486.267323,25472016399.816885,1386087796.291858,26167892423.896363,27632164021.865116,9845187263.095738,29141342862.580871,29493190486.267323,29493190486.267323,3043932926.628296,17560755149.991275,29493190486.267323,82.5453362788,25101566949.889989,31691132567.535829,31701162385.840885,15888801592.727062,31502558817.079023,31700777261.212606,10127041045.890903,30054808453.331552,31701236679.997488,31701236633.723067,31701235913.318576,31701209713.691102,31701037510.456287,31698932778.361072,28121910678.757434,31075941365.046381,31649636646.879573,20455453763.096679,31701063045.445407,31699745470.147385,31660291765.11979,21018570034.463777,28402045314.346969,8269500198.928833,31149830731.647482,12658363027.839166,10654085437.277027,29725393813.263293,21978173023.140253,31701236682.233556,27818801020.786207,6286,0.07275462963,11615,1659759759.493047,182153519.078870626517875590495,222155.8129702,24380.915903581924860870367,11481.7357285,1260.0851154016887428501725,68.575696514016,0.051092310934579985,0.03985680321601977,,
2020-11-18,13112,12249,337169,436533,909,192913,403330,80,63786,548317,537862,529519,511666,377497,30054,417762,121191,465636,272420,3708,281937,4179,385304,32417,49,420065,127442,244,1614110256,4243,719.31817110535,2791761020.886170525879799702184,0.943936620706,0.828429958027,3382000519.754458207791013339952,3318975243.792142415418952,2968155368.876597952714302659116,3582868219.7176787662764756473461,0.22255392,0.02374130383006431391104,0.176413,0.018819145637035446556,1338.439291,142.780202953634179058692,0,0,0,0,0,0,0.500857825556,14.653144568052,11.879106895433459,12.86008368909,10.425496596818894,0.00000599149085300785,0.106676637419212,153.65464983701375,-2.059839183901765,0.109746918514585,0.00000620664339051316,0.0002273628634475,0.092395379755702,0.109746918514585,0.00904821439,29494379907.37335,25479336949.564785,1526452198.934877,26170313279.703982,27635107686.461777,10065447025.027308,29140981311.750953,29494379907.37335,29494379907.37335,3357656756.66323,17527305107.697832,29494379907.37335,82.5476224672,25101770122.306998,31693168283.08089,31703217074.760646,15878841584.574826,31504452665.849178,31702831094.441128,10098553947.264921,30055708228.674599,31703291379.775972,31703291333.501551,31703290613.147823,31703264415.029743,31703092054.716584,31700985055.216266,28123563670.087054,31077254539.755671,31651592164.084021,20447052448.749071,31703114477.821188,31701752837.679622,31660984374.665918,20908592402.56906,28355810869.325855,8279487940.622193,31138750103.78697,12650773618.472049,10663374265.949491,29728407083.048661,21975464726.866602,31703291382.011396,27823855725.902793,6014,0.069606481481,11767,2163582788.307049,230803736.634678778565987625388,213122.759697,22735.219361978717327098764,9689.182277,1033.609384652183929705724,68.624265793021,0.05092354778634477,0.04012631986474998,,
2020-11-19,10111,12251,337537,437051,909,193098,403814,80,63847,548838,538383,530040,512187,377949,30085,418252,121313,466158,272669,3714,281711,4140,385539,32282,49,420367,127172,240,1614110256,4301,552.004185073239,2775540417.96011008130992377484,0.934480489934,0.820427717547,3350663756.28972350800650810348,3288164402.20056607638388,2941717293.6756246307471077405,3585589846.319040389732063193259,0.22171409,0.0234321490713221163902,0.178233,0.01883679212912880174,1046.268795,110.5763119209634343601,0,0,0,0,0,0,0.500620300375,12.72725605474,11.848988014128095,11.173902235635,10.402826272342283,0.0000059312137547663,0.10568633266078,159.05803140856383,3.412061142020342,0.106676637419212,0.00000599149085300783,0.00022247854069014,0.089953233617311,0.106676637419212,0.009060630077,29565369484.244934,25572591453.938688,2124802776.521964,26262056295.100378,27719003553.062615,10242259084.796438,29212162134.315144,29565369484.244934,29565369484.244934,4005457505.60954,17460103241.661698,29565369484.244934,82.8355400553,25094975040.202574,31693707058.487495,31703776800.039317,15871591471.652359,31504775561.126939,31703390512.846101,10086887928.388374,30054311516.454782,31703851119.596042,31703851073.321621,31703850352.967893,31703824155.151919,31703651583.098261,31701541921.082931,28121024826.457588,31077109478.666563,31652060276.433226,20443016955.956002,31703672239.203317,31702289315.745598,31661005909.255525,20862256618.630847,28337616436.12209,8279821929.151012,31134915751.200358,12599519465.593349,10650620391.734198,29726694770.368277,21971491939.089991,31703851121.831466,27834415478.466975,4719,0.054618055556,9009,2491020137.056514,263266782.86965652753085132092,327977.64070282,34662.7540406160132798493996,11889.011682,1256.50604363175156323196,68.653832371524,0.05091582986763217,0.03837241225807935,,
2020-11-20,12776,12271,337934,437559,911,193289,404303,80,63925,549341,538886,530543,512692,378417,30096,418741,121449,466665,272937,3718,287729,4620,388605,34506,50,424613,132613,262,1614110256,4263,726.549847525217,3085824120.2202025285472948718,1.035974678963,0.909699340051,3726371508.47585197144670807664,3656824934.24476740221436,3272162699.41715578794196927494,3596971609.581376831786560153466,0.23055236,0.0270981128087231822376,0.178233,0.02094872479395638778,1365.792162,160.52921808801231758292,0,0,0,0,0,0,0.500242259192,16.448383285272,13.227220697006222,14.443483729242,11.614949846856588,0.000006297523902904422,0.11753561233866,206.69069841130263,10.942291609050809,0.10568633266078,0.00000593121375476627,0.000224315668930693,0.0891421037113928,0.10568633266078,0.009075979658,29557793526.293001,25579305971.181399,2136930638.182217,26254375663.85323,27714467148.640591,10388591530.386247,29203523203.618436,29557793526.293001,29557793526.293001,3876840200.742908,17449154355.125816,29557793526.293001,82.8104259922,25091824143.368095,31694031151.916415,31704116730.763185,15859776155.496632,31504880244.773824,31703730383.307099,10085463302.369721,30053431817.15852,31704191045.31628,31704190999.041859,31704190278.795984,31704164082.041031,31703991431.748873,31701880232.939536,28116837478.132897,31076961512.248816,31652301891.807447,20430675320.093759,31704045830.241108,31702861154.090559,31666414313.376357,21277579538.775282,28531974886.011303,8368525747.713264,31182430479.570386,12775114726.280654,10633842079.066081,29724824239.592296,21960252257.003595,31704191047.551704,27839755409.525959,5924,0.068564814815,11595,1927495881.977641,226549408.76848756064183990106,190719.8826568,22416.378193224369422151888,13176.914026999999,1548.75665889732311084820766134,68.676416403542,0.05136538194791601,0.04249826565010438,,
2020-11-21,19363,12286,338323,438159,909,193323,404882,81,63866,549951,539497,531154,513307,378934,30099,419319,121393,467286,273163,3728,294256,5265,391350,37086,52,427442,138839,304,1614110257,4191,1130.296587926509,3485850859.181969204632640440233,1.163992086102,1.022300460253,4208533558.08784399456711356237,4129864883.218764819371606,3696232856.556610446115469400425,3615603240.208905809485056330365,0.23277343,0.03089829774900265056023,0.178233,0.023658612165048173313,2036.534756,270.329209253308945965316,0,0,0,0,0,0,0.499657674226,11.438942703958,14.843346927335828,10.046491321278,13.03648072584577,0.000007095884461174321,0.132739796586761,259.06292079703525,19.824162646938195,0.11753561233866,0.00000629752390290443,0.000230659638938157,0.0990381587120102,0.11753561233866,0.009097786345,29555185156.537379,25590388648.09341,1628651713.381821,26260781987.137953,27718006939.335515,10506558013.678345,29198676118.772618,29555185156.537379,29555185156.537379,4072678175.891654,17455239477.588463,29555185156.537379,82.8281588128,25096863922.534376,31694946972.115883,31705063564.598363,15841715473.47944,31505352034.157562,31704677125.195555,10122443761.518446,30053279389.434337,31705137916.497975,31705137870.223554,31705137150.087901,31705110957.520182,31704938064.904701,31702822405.440826,28121459031.816493,31076942546.129076,31653111417.323244,20433208912.16422,31705010243.786534,31703982610.982362,31672282204.997792,21787778555.296224,28742662304.26069,8531145688.471346,31232801698.472122,13107715356.692407,10641851566.214806,29729581541.416215,21959834733.286162,31705137918.73317,27845702280.707425,8749,0.101261574074,17791,2771684301.536308,367912810.388648262966913618388,196280.10345825,26054.18100707650930226622825,13629.73642,1809.20843992196809153562,68.705185494889,0.05208257871811032,0.047143391094567284,,
2020-11-22,23441,12277,338221,438328,908,193102,404969,80,63688,550156,539703,531361,513514,378920,30027,419429,121169,467505,272997,3742,299461,5741,392927,39257,53,428458,144048,329,1614110257,4235,1375.884769775679,3838364535.159160435425203464898,1.269391396279,1.114879741176,4631674340.847767755079341033953,4544857065.188628920041306,4067902071.397184143020710713909,3648736201.0066300322273835391651,0.22819594,0.03333446177496782793334,0.177953,0.025995061420640743583,2359.774255,344.711674979189742860305,0,0,0,0,0,0,0.499891231784,9.898698479731,16.251137256035186,8.693818495551,14.273031746503419,0.000007903515198477437,0.146078242123711,284.6642078491149,35.14319672345861,0.132739796586761,0.00000709588446117431,0.000242512017069317,0.111710370589277,0.132739796586761,0.009095412466,29556132561.922818,25611658803.689232,1740350617.45918,26276086563.997118,27728357560.404263,10541206939.476973,29197767393.102503,29556132561.922818,29556132561.922818,4342086261.63984,17412460873.163158,29556132561.922818,82.8720728767,25112515387.726034,31696587469.131878,31706730582.830369,15849953817.957133,31506834166.32812,31706343162.743461,10091179827.855384,30055642821.137461,31706805018.90756,31706804972.634378,31706804252.498725,31706778067.701025,31706604651.926242,31704481125.241095,28129539956.84835,31078561644.743855,31654714669.362378,20470301379.398306,31706683375.929142,31705756325.202188,31677746591.428505,22153711457.159102,28911759393.685947,8602080374.298978,31273363857.063906,13300252877.036445,10635594659.33167,29740047635.585539,21985902845.223535,31706805021.142623,27847419384.689419,10341,0.1196875,21619,3203128682.631167,467907407.254799062225398300737,193968.00491396,28334.50518607461391423090556,20223.836742,2954.262520268278631189562,68.677788237774,0.05250907270649743,0.04950955966853237,,
2020-11-23,19875,12244,337831,438282,919,192634,404842,81,63415,550169,539718,531378,513531,378710,29920,419354,120736,467533,272466,3747,300949,5941,393361,40063,55,429214,145664,345,1614110257,4330,1101.115935334873,4012909841.22253165856797287378,1.295155893226,1.13818960881,4843177553.63583636162846811668,4752147633.77436415057466,4256209151.34791897693676949326,3739455287.9451165740242881264756,0.22196374,0.0339029323381384106954,0.178233,0.02722346154116624343,2159.041306,329.77382392531315176326,0,0,0,0,0,0,0.50172397974,15.605062610637,16.94581610220989,13.713808662845,14.892069673790818,0.000008313215930654811,0.15274085910671,333.34199295768735,41.235459867429775,0.146078242123711,0.00000790351519847743,0.000258485601359548,0.122774305749997,0.146078242123711,0.009079766408,29527580882.500684,25624196687.858097,3391081446.575687,26272667737.314318,27714473811.905898,11999931265.789588,29168492223.979284,29527580882.500684,29527580882.500684,6019389893.70724,17421198089.82627,29527580882.500684,82.8569631566,25137786326.965477,31698200878.115951,31708386298.788553,15908895177.157177,31508466515.661292,31707997609.616988,10125753073.627569,30060478240.209796,31708460863.841605,31708460817.579535,31708460097.443882,31708433918.634656,31708260201.053813,31706131662.884423,28144242815.722705,31080354171.904123,31656230507.864787,20514301547.612012,31708344555.251559,31707449623.419941,31680627176.025452,22328151067.43716,28986710454.624131,8730573748.232566,31288841505.360004,13406219373.722584,10639438449.273655,29755893306.036098,22026376166.309033,31708460866.075308,27865557233.604306,9727,0.112581018519,17114,2031934229.117555,310359379.80374586426887929405,198267.19039565,30283.5009937052227504698115,14033.115491,2143.43011603902052304461,68.710478429551,0.05256232435911829,0.04987001484626965,,
2020-11-24,24679,12291,337445,438144,913,192060,404640,81,63155,550053,539602,531262,513422,378426,29903,419193,120334,467439,271932,3782,304530,6368,394179,41929,66,429618,149737,376,1614110257,4220,1449.961611374408,4381940725.47897431343861897354,1.384341643117,1.216798282034,5277971038.554373024188519714186,5178375598.271099184114204,4639191578.37322264588492975374,3812621735.9682762960378447224299,0.22911811,0.03813451877744941170414,0.178233,0.029665178737992998442,2597.51198,432.33103387575866763852,0,0,0,0,0,0,0.500268868181,10.460869074482,18.240006994498295,9.194816598709,16.032465168949116,0.000008691292789366701,0.166440438852474,361.73670131000534,56.301127217316115,0.15274085910671,0.0000083132159306548,0.000251543655552322,0.128951604809964,0.15274085910671,0.009087313669,29562848583.7855,25696170476.804258,3858430685.324699,26327380267.02121,27757846221.825117,12241331422.739891,29204337972.494462,29562848583.7855,29562848583.7855,6402279505.140372,17456676679.035207,29562848583.7855,83.0232051951,25171476872.755552,31700586725.200415,31710794883.425033,15863960801.556388,31510723465.886044,31710405329.461373,10143405324.205774,30066668928.29058,31710869513.272386,31710869467.010316,31710868747.130444,31710842577.293555,31710668581.031531,31708534141.423118,28165277550.476775,31083843070.893201,31658537995.096792,20539085187.204313,31710756557.783267,31709922009.913624,31685522636.977734,22599002493.498228,29123957016.288395,9440253616.358776,31320189814.153116,13589357355.112601,10655275051.567558,29772051102.892469,22024776178.509326,31710869515.506089,27872983334.80851,11337,0.131215277778,21893,3031380021.07871,504544221.03696237696403222854,199153.09580634,33147.12866483602897133388516,17493,2911.542596846327682,68.748694112863,0.051375170918607146,0.05138999810884183,,
2020-11-25,16259,12281,337431,438385,905,191794,404767,82,63067,550319,539869,531531,513692,378508,29869,419358,120121,467718,271802,3774,301165,6047,393421,40276,55,429393,145837,352,1614110257,4191,957.491052254832,4092846788.990894788168712907678,1.285124763445,1.129686640464,4920715474.978232388592417225465,4827619025.630507084591498,4325546197.322662553455173985464,3828978800.3041546968552226846171,0.231031,0.035848298964249866753,0.175753,0.027270998644613955839,1927.722658,299.118205626701179119854,0,0,0,0,0,0,0.500430025322,18.679679301984,16.993187238819797,16.420338908594,14.937831056284375,0.000008276261985579911,0.155166618177863,322.36613998045505,50.066213793667245,0.166440438852474,0.00000869129278936668,0.000275302226096681,0.139961717236724,0.166440438852474,0.009094054261,29578246968.153521,25764755109.840305,2330672549.957672,26377108923.643506,27799144247.834748,12409947681.871455,29232523178.419982,29578246968.153521,29578246968.153521,6581469055.490896,17516569395.610954,29578246968.153521,83.1758472889,25183991085.800847,31702158750.129287,31712387249.663804,15869868136.979929,31511963723.380893,31711996452.641872,10208939164.408787,30070716508.010557,31712461948.427484,31712461902.183316,31712461182.374239,31712435018.235595,31712260471.167734,31710122696.722696,28172782390.537336,31085443729.493854,31660036427.83041,20552361310.518852,31712346061.359236,31711458603.575401,31685020161.875915,22418873527.973042,29030449769.883711,8768466234.080768,31298837782.59426,13483159223.677249,10699139964.961152,29780677536.230162,22047177368.357598,31712461950.661055,27876783345.013128,8344,0.096574074074,14438,1697698415.373336,263426121.799397487751195660968,189932.63950225,29471.20535315932495028869175,13680.642544999999,2122.779038207842779814716822137,68.737075571659,0.05166084409347529,0.05310920439241931,,
2020-11-26,17810,12289,337730,438948,914,191853,405292,85,63002,550909,540459,532121,514283,378963,29864,419898,120149,468317,271998,3778,295177,5470,392066,37519,49,428409,139300,322,1614110257,4103,1070.558859371192,3632518619.014008301330555478796,1.130330205421,0.993619491556,4355625450.46118883179916433644,4273095186.824973962626248,3828823050.767929897008965485524,3853409764.3088033777297346890193,0.23219871,0.03189096600214897378548,0.174433,0.023957225570516097804,1964.865499,269.861356367589115587012,0,0,0,0,0,0,0.500786080261,9.595396219379,14.894531661228621,8.434856174816,13.093073957694527,0.000008025341634367604,0.137343424526988,251.91349285917406,33.58437221313938,0.155166618177863,0.00000827626198557989,0.000273061751123432,0.130411949706626,0.155166618177863,0.009109270858,29601728559.260531,25837698899.964536,2709134603.841357,26448434874.290017,27827093349.207454,13199645773.857243,29251281818.996412,29601728559.260531,29601728559.260531,7376794103.444311,17682121537.178857,29601728559.260531,83.3983238533,25190874717.877288,31703052139.211431,31713314226.061544,15881623775.841183,31512493602.257523,31712922969.401198,10100766366.241338,30069423768.530109,31713389011.197559,31713388964.953391,31713388245.173507,31713362085.810079,31713187249.015079,31711044556.576851,28176170029.175968,31085795712.748356,31660864846.092185,20556901350.875059,31713262441.237579,31712257003.966132,31681611470.908645,22025730959.67743,28844702479.611783,8126568275.279905,31254133475.897678,13230493299.782055,10522534173.054131,29784355893.532617,22053950782.643322,31713389013.43113,27877731052.319623,8462,0.097939814815,16296,3305062999.835629,453928670.674865264211074455452,306228.75353614,42058.50569928445371186334632,20640.1864955,2834.793896167661192890554,68.695128514827,0.050891936152292885,0.058530755608826715,,
2020-11-27,20809,12292,339625,441326,927,192735,407585,85,63117,553313,542864,534526,516688,381134,29916,422222,120589,470726,273433,3763,297691,5519,394575,37927,49,430888,140808,325,1614110258,4250,1165.508705882353,3700699522.940024681891929543169,1.152517674468,1.013200105175,4440513984.833837331063727928142,4356163317.358040887645102,3903739904.500318755464862919857,3852881463.9497296543032140240084,0.23173435,0.03244590351197145344095,0.174477,0.024429109914254159049,1996.854918,279.586353929979170887566,0,0,0,0,0,0,0.501567605139,6.79892942568,14.902892795400943,5.977067564151,13.101415173242366,0.000008187147927383198,0.140013353704237,257.72244917128285,41.18090826404324,0.137343424526988,0.00000802534163436763,0.000264938512663881,0.115301310276504,0.137343424526988,0.009172353442,29581772770.099697,25813826499.263072,2925274599.910222,26431046932.547237,27809036406.497856,13303843981.911765,29226973920.715002,29581772770.099697,29581772770.099697,6816734313.952109,17737287346.457701,29581772770.099697,83.339440785,25169626696.478651,31704526952.400738,31714857112.64831,15907182465.366969,31512639799.99012,31714464844.680194,10087070425.169965,30060833595.010201,31714931947.856998,31714931901.61283,31714931181.832946,31714905024.580436,31714729773.321496,31712577214.395908,28164286379.773396,31083292931.086819,31662042124.007582,20530048376.820221,31714806129.069327,31713815460.144932,31683596505.624109,22044568999.038261,28858732705.87947,8112818981.606723,31259527886.491194,13229808197.85226,10508558579.707058,29780855091.897055,22054552453.025451,31714931950.090566,27881197051.722261,8617,0.099733796296,20811,4664694978.344532,653119587.925331112000214182084,306906.64109866,42971.02809432600261437702242,9727.134377,1361.928706055544013255349,68.592469997405,0.050772302144908014,0.05790916014586343,,
2020-11-28,21323,12267,340497,442646,923,192988,408780,85,63103,554684,544235,535897,518060,382199,29919,423467,120665,472107,273953,3733,306903,6291,398123,41741,62,434004,150067,382,1614110258,4181,1271.400143506338,4386367120.9135517099331489984,1.353718495837,1.19008440128,5260995013.5875473212103650936,5160905919.8583718822608,4625059139.0575019538623479296,3886328678.9426093291044399259108,0.23966086,0.039754689000428875728,0.178481,0.0296062387804397688,2181.632837,361.8869386851834812376,0,0,0,0,0,0,0.501855167229,7.25142694952,17.367804606270546,6.374892657656,15.268427970780447,0.000009347726754078735,0.1658789382648,301.30008783635895,73.64476107458349,0.140013353704237,0.00000818714792738319,0.000270796962742955,0.117181671574209,0.140013353704237,0.009198217564,29585689475.564116,25828739871.756432,1866992225.336261,26443183003.205608,27829883405.459336,13381763268.965322,29227196792.273767,29585689475.564116,29585689475.564116,6830536958.221766,17750191535.024417,29585689475.564116,83.3752381362,25162639127.736423,31705419275.417363,31715796104.194391,15916773762.559133,31512790486.743274,31715402519.802579,10100608476.792806,30058343780.309984,31715871033.721489,31715870987.477321,31715870267.769016,31715844114.87506,31715668277.6251,31713506319.47106,28162748795.623746,31082578056.474766,31662708800.601715,20523156926.523683,31715757199.299672,31714909793.57993,31690020772.775544,22568048004.732121,29107859689.918557,8958209419.840556,31319284619.610589,13627375038.78804,10521502969.116434,29784484280.759331,22078250247.926578,31715871035.955057,27882136137.586752,9103,0.105358796296,20865,4373742058.872513,725511688.9698728310206354424,304510.46278253,50511.872256888971897953944,12131.803022,2012.4106045270520762256,67.869113128523,0.05170612664318486,0.06389619486548118,,
2020-11-29,18628,12262,341434,444043,923,193297,410074,86,63123,556124,545676,537338,519505,383386,29936,424806,120815,473557,274634,3728,307786,6289,399386,41795,61,435389,150387,385,1614110258,4174,1101.809774796358,4396361782.585819381286024343546,1.35098611035,1.187687481811,5270949824.6847909728014214769,5170523558.347963478936466,4633830855.901111298149513608804,3901557376.7221327081795639891354,0.23475012,0.03901266773115345191052,0.178789,0.029712597595201205919,1909.692236,317.368053621576348664356,0,0,0,0,0,0,0.502297134386,8.643016053815,20.77675501536264,7.598303116196,18.265392704898876,0.000009135796775910803,0.166188062997171,310.756261763886,77.65108339028748,0.1658789382648,0.00000934772675407875,0.000306712239615658,0.1386960883659,0.1658789382648,0.009231856475,29587378018.582193,25857023800.477449,1730032383.957858,26454136977.700126,27837641741.644995,13438745781.435433,29223763203.060369,29587378018.582193,29587378018.582193,6812479149.012019,17757787595.66358,29587378018.582193,83.4073920036,25158079054.345162,31706267630.821282,31716702514.72983,15931246472.721848,31512832341.444056,31716307588.501339,10107794784.681312,30055239981.169966,31716777542.580355,31716777496.336187,31716776776.840059,31716750626.994872,31716574310.74934,31714404033.176,28160793927.127685,31081664806.095951,31663389199.198714,20522700013.966165,31716663584.785876,31715813577.751629,31690851964.700927,22567896800.550972,29107554028.24147,8874847061.926798,31319534314.006883,13652517864.005852,10502736675.51907,29786494340.161119,22091461660.387589,31716777544.8139,27883054729.267724,8135,0.094155092593,17871,3669642327.092031,609850750.231855636482609644301,265954.65974414,44198.48974795031646840382794,10216.146602,1697.801615081510447262942,67.983586579205,0.05160473279893556,0.06354665218061234,,
2020-11-30,21177,12295,342522,445597,956,193751,411552,78,63245,557699,547251,538914,521085,384729,30016,426320,121123,475146,275415,3785,311047,6546,401395,42911,52,437426,153378,439,1614110258,4333,1222.665589660743,4559331962.63995347057867042593,1.365898141836,1.199757724355,5455434122.86731402339771848991,5349827776.070317710372908,4791864801.734261980501446139628,3994027047.6790517320856527497286,0.22219869,0.03820732214395057103562,0.174785,0.03005448322368777493,2122.664048,364.994541980954783425504,0,0,0,0,0,0,0.501115415611,6.050780177383,20.896964111364532,5.314796201736,18.355171107028553,0.000008744283675112436,0.171951158415698,334.0281963491122,84.99754819244723,0.166188062997171,0.00000913579677591078,0.000289086289471834,0.138990267045899,0.166188062997171,0.009283698923,29634277213.816379,25921768705.429792,2828347913.675107,26515273317.424285,27888406799.823046,13905951852.930846,29258142185.014977,29634277213.816379,29634277213.816379,7726769185.70864,17951554756.148129,29634277213.816379,83.574136539,25149875845.315729,31716075438.887725,31726574344.826486,15898713117.200477,31521809849.710675,31726178349.396689,9426926383.714588,30059887400.049801,31726649432.01225,31726649385.777113,31726648666.413159,31726622521.743208,31726445879.952477,31724264310.069166,28162266380.801247,31089837245.957664,31673003011.831062,20526287368.104305,31726538311.198298,31725716235.125528,31701970605.636258,22688720834.326724,29171070293.631978,8168969707.008224,31343717886.569965,13739388213.256584,10010518024.297574,29792322329.584223,22064436410.054237,31726649434.245795,27867592436.625286,9553,0.11056712963,20524,5243398124.564968,901608381.553644607418352067664,426484.01540056,73334.42049390467808246199088,14311.313734,2460.846975011788468596332,68.194306152626,0.05133800254619546,0.06341457314755813,,
2020-12-01,24396,12308,343926,447552,948,194376,413392,79,63323,559664,549217,540882,523053,386419,30047,428227,121443,477117,276414,3783,306806,6073,401777,40509,49,438459,147770,396,1614110258,4238,1396.720622935347,4139071789.699139127187296143104,1.237555798604,1.087053863184,4944991844.868693704570030108684,4849128959.644129398298966,4343620299.334801408541905354942,3995772837.4316225642088426675435,0.22357265,0.03484558125250094391065,0.174345,0.027173059242565121745,2381.272259,371.140280286121634760539,0,0,0,0,0,0,0.500171925232,7.008098859071,18.66167581135986,6.155828243801,16.39218757416987,0.000008281240443099451,0.155857978390921,309.31983387458524,59.02851409625903,0.171951158415698,0.00000874428367511246,0.000280292924987037,0.143498287753042,0.171951158415698,0.009335527384,29660631902.510186,25964440220.736415,3231534438.093285,26556688547.041024,27919128545.137024,14116747867.033634,29278043686.205123,29660631902.510186,29660631902.510186,6414588391.823574,18007072876.086813,29660631902.510186,83.7022975881,25135666678.504155,31716907687.896066,31727475132.952398,15869229903.023271,31521661740.483353,31727077541.63214,9457255335.276122,30053831225.590367,31727550270.911566,31727550224.682584,31727549505.31863,31727523361.946227,31727346340.04356,31725152597.343328,28152803877.541518,31087956120.10685,31673585741.414202,20499540173.28815,31727433536.270435,31726527110.223101,31699394389.927554,22377308166.94934,29014033396.966549,7990043685.819639,31305914242.624698,13481472216.804342,10022917760.441145,29791071235.808371,22054301187.219309,31727550273.145004,27869091747.361102,10651,0.123275462963,22949,4527269222.533518,705611028.655510764448629390078,288272.49795798,44929.56875743166493867149958,12442.427063,1939.251528315664643895023,67.907873639566,0.051832330438191423,0.06667193869161592,,
2020-12-02,18066,12308,345235,449303,945,194963,415061,82,63501,561444,550997,542663,524835,387983,30099,429951,121771,478901,277362,3771,308835,6142,403666,41036,45,440353,149119,404,1614110258,4228,1024.608561967833,4222650954.060305406045691155579,1.253861934314,1.101399534279,5042115173.857103358462849022661,4943031663.880586203997506,4429022966.797683737164894720245,4021268240.045339374425072070385,0.21968495,0.03490269826674335311445,0.174433,0.027713242835992375963,1840.520478,292.414800819975368260458,0,0,0,0,0,0,0.499672443005,8.800819081001,19.41609505614931,7.730690095793,17.05520956266228,0.000008268394629667958,0.158876146348411,320.0081149239189,71.47642413831059,0.155857978390921,0.00000828124044309946,0.000264951238981008,0.129239575823016,0.155857978390921,0.009380841407,29666492113.395156,25988997526.383422,2760760274.085403,26578256403.577089,27934473255.532349,14739589429.523337,29282413266.328354,29666492113.395156,29666492113.395156,6856083507.814893,18383683721.235728,29666492113.395156,83.7476100497,25121246997.602739,31725437041.318872,31736061975.339997,15857673192.238828,31529262348.952529,31735663155.888602,9467585294.628132,30056996722.979834,31736137169.673313,31736137123.446048,31736136404.103952,31736110261.408655,31735933060.711815,31733730986.005505,28147724823.893751,31094097619.511785,31681878577.449755,20477376498.082737,31736021330.430172,31735127511.993069,31708410331.606919,22406333100.852588,29040332075.792265,7548701563.842867,31318690104.728005,13532387887.758068,9974597226.262249,29794255190.007369,22052906981.763786,31736137171.906751,27877205411.849295,8378,0.096967592593,17000,3606043582.967907,572914308.026357556631853445777,275562.61212251,43780.32589172631389867583161,8802.0039065,1398.4284608083793320675715,67.800706961672,0.05175565428063463,0.0652846751306701,,
2020-12-03,17036,12326,346371,450892,945,195437,416549,82,63673,563041,552594,544260,526433,389369,30158,431477,122073,480515,278191,3786,311471,6308,405584,41894,45,442109,151318,408,1614110258,4160,988.868269230769,4370701383.550636449235676992782,1.293266129737,1.136015583831,5216950028.656001514199456928286,5114333864.158729120548612,4582611727.276829453475201538488,4033933858.3922548580631111621031,0.22613079,0.03717184179228364741338,0.178233,0.029298305101061608326,1685.126636,277.004563214744677288392,0,0,0,0,0,0,0.498278817966,9.938314253451,19.892636725069213,8.729896816543,17.473855383323418,0.000008442702515732143,0.164382045418422,342.055102895028,75.54099865089802,0.158876146348411,0.00000826839462966793,0.000265268226185705,0.131159921714542,0.158876146348411,0.009428542756,29666595526.001721,26006520114.559271,2368798602.51123,26588678662.717381,27933767933.315334,14797241971.843641,29274643476.978535,29666595526.001721,29666595526.001721,6787346769.106243,18367027803.360194,29666595526.001721,83.7788623533,25102697295.32322,31725980356.33851,31736663506.429006,15813744664.45575,31529001504.166404,31736263414.758038,9469772605.350572,30052803777.389632,31736738735.726975,31736738689.49971,31736737970.21445,31736711838.558184,31736534151.189101,31734324087.862829,28137127188.246785,31092663101.270241,31682235137.838528,20455528849.296379,31736623924.223271,31735754961.475294,31709907545.71934,22479151602.313289,29079943120.815171,7550888874.565307,31329163770.667598,13525704848.32066,9968659594.602366,29789751081.84606,22032803919.630104,31736738737.960413,27877811810.968404,7452,0.08625,16211,3193372430.031676,524933091.831403594576133935272,256029.45033797,42086.64473390980441796408334,13551.3340825,2227.596014629725021967815,67.768922370154,0.05180373284741731,0.0653340107723971,,
2020-12-04,14602,12283,347368,452289,946,195908,417836,83,63677,564455,554008,545674,527847,390548,30117,432830,122258,481940,278912,3770,307627,5888,405488,39711,44,442710,146656,385,1614110259,4200,839.15380952381,3973309517.783678444264520019784,1.177426511046,1.034296072372,4741216165.21838629796645276418,4647788947.953627901871608,4164863974.05435174995585143828,4026761857.9500860595232285518545,0.23004272,0.03436530459519735640256,0.178233,0.026625625596479690484,1487.916321,222.274791322804932959508,0,0,0,0,0,0,0.499183985754,10.383510021446,17.939948090471407,9.121268743199,15.75913033591202,0.000007974530683712323,0.149386620864148,296.51107708043014,56.29882063286115,0.164382045418422,0.00000844270251573213,0.000266182347688657,0.135402219730846,0.164382045418422,0.009447834179,29688293154.569742,26037542514.105184,3262882010.02679,26597492431.380458,27959974114.549033,14882355750.572369,29292407344.705994,29688293154.569742,29688293154.569742,7291511100.241531,18381823486.927899,29688293154.569742,83.8035934099,25096882971.986895,31727083311.474655,31737814887.088104,15843046512.345347,31529449625.096512,31737413199.918711,9498874072.2184,30048656540.37289,31737890163.513347,31737890117.286082,31737889398.000822,31737863272.73397,31737685174.267452,31735465810.744954,28130287378.883501,31091452401.263384,31683159708.442676,20465231581.005888,31737770190.052568,31736817016.516545,31707942859.614488,22229653269.681756,28936745834.319459,7467971418.629605,31297223613.840541,13391861703.571137,9975735089.725473,29791142828.200168,22062256459.080656,31737890165.746785,27879765603.92161,6468,0.074861111111,14240,3056566623.443761,456610159.322402150393499180628,312707.91729886,46714.37908274214657117527128,12580.254544,1879.321715939003083688512,67.793400229184,0.052328720340163073,0.06858808616951667,,
2020-12-05,13772,12296,348420,453772,942,196336,419192,83,63820,565957,555511,547177,529352,391783,30168,434257,122516,483447,279651,3775,311645,6148,407714,41203,45,444782,150223,400,1614110259,4226,784.160908660672,4236299573.191702341565863222215,1.250089356471,1.098128110287,5051210237.642818468564279357115,4951601478.67443775573703,4437183569.48663794149523167874,4040679341.4356318511535800111876,0.23291244,0.0370683857437899870942,0.178233,0.028366065789671521065,1463.388858,232.90066722717047576169,0,0,0,0,0,0,0.498567436973,12.985596153072,19.00726319206452,11.407063095692,16.69673443964472,0.000008326165165204246,0.159151592520305,316.12204029999214,62.806820468175125,0.149386620864148,0.00000797453068371233,0.000261084550484316,0.123234650531017,0.149386620864148,0.009486431456,29706775657.002285,26063708452.273592,3095721082.020166,26618015604.532663,27979191994.760756,14746681411.23799,29303984365.898499,29706775657.002285,29706775657.002285,7128783067.583146,18383256573.922089,29706775657.002285,83.8670214441,25083476934.823106,31727505712.312036,31738282784.85636,15823711858.056964,31529135725.570316,31737879446.849283,9503275052.856838,30045570897.906643,31738358110.635537,31738358064.408272,31738357345.23522,31738331221.568368,31738152689.346333,31735924244.04974,28122509517.567093,31090182803.486032,31683378749.589255,20452864249.910922,31738241958.733706,31737340958.329058,31710312838.64983,22379884874.244929,29022835272.920597,7539032083.750279,31317490460.057756,13487429378.767029,9979930399.363911,29788437246.447325,22054909506.229759,31738358112.868843,27880233551.043668,6283,0.072719907407,13153,2444120218.952083,388985625.157300551687999545315,232592.33356722,37017.4402952370561309324021,9999.827635,1591.488493038805237628675,67.795903785245,0.05252107319306527,0.06914686076386062,,
2020-12-06,15169,12290,349422,455091,947,196846,420452,83,63952,567316,556870,548537,530713,392970,30203,435550,122754,484811,280424,3767,312477,6127,408946,41269,45,446103,150557,399,1614110259,4249,858.998352553542,4236131929.323034864862326340015,1.242607678245,1.091570298528,5049111813.49749966151203520455,4949304633.14546569946479,4435398707.13086065728848426031,4063319341.9726224046371619518303,0.22837563,0.03632948562344513854995,0.177267,0.028199238806746802955,1584.470143,252.053974764717946616695,0,0,0,0,0,0,0.498735929727,13.285835178625,18.88196046914285,11.670958844068,16.586882237198783,0.000008218391748453362,0.159077768601865,312.9523599147579,45.31514368269833,0.159151592520305,0.00000832616516520425,0.000267519572477615,0.131386432078298,0.159151592520305,0.009514665903,29714748613.971569,26071454329.958711,2795660789.245314,26629314495.384311,27989846220.728944,14658895261.187911,29308677029.058595,29714748613.971569,29714748613.971569,7136256897.341289,18439021960.71913,29714748613.971569,83.8985565342,25068567533.599395,31729002549.576658,31739820476.704893,15829826485.07797,31530053371.163533,31739416287.032826,9495308624.807258,30042786471.58137,31739895885.634364,31739895839.414684,31739895120.316911,31739868998.530615,31739690156.08912,31737455745.670235,28114173471.933193,31089459541.330489,31684735503.337302,20437320312.454493,31739779651.015786,31738876398.136228,31711726264.892984,22355664520.878339,29016999195.499988,7530765656.700699,31317596351.686808,13472882451.012492,9971319455.863629,29785900343.498294,22054638475.889109,31739895887.86767,27881951991.869094,6938,0.080300925926,14236,2389002683.017806,380037215.99834118255151980819,214499.5655728,34122.112257390446543873272,10234.8487115,1628.1368950030931517469475,67.799734185139,0.052445022343467304,0.06672301279159638,,
2020-12-07,15985,12284,350276,456258,950,197277,421509,84,64023,568510,558063,549731,531908,393938,30216,436651,122983,486009,281117,3772,311655,6000,409543,40631,44,446949,149313,399,1614110259,4227,919.219541045659,4108642097.23850730697180635848,1.198900419749,1.053177442201,4893384131.440312131870840955856,4796404422.779255194711648,4298607038.885884025103547998912,4081560111.9447694685548328751582,0.22464569,0.03463212897761368656272,0.174785,0.02694543867435074408,1734.040115,267.32540880279550198712,0,0,0,0,0,0,0.498387052093,12.679668410623,18.23750339407025,11.138490340549,16.020786097244454,0.000008036800895710068,0.154163335951888,298.8618365312385,51.497834648051416,0.159077768601865,0.00000821839174845335,0.000264140506427105,0.131192974331139,0.159077768601865,0.009543279435,29730173974.202589,26093679495.761845,3312450417.227746,26651227231.621085,28007495456.910303,12209039893.76786,29317950937.233013,29730173974.202589,29730173974.202589,7380067072.374985,18581880000.234099,29730173974.202589,83.9632039275,25058313435.373614,31730634234.178413,31741480341.094396,15819580427.259725,31531084587.087662,31741074965.612733,9412283206.864491,30039766127.821339,31741555804.313727,31741555758.102177,31741555039.041872,31741528919.720031,31741349584.766509,31739107543.091742,28107487381.64016,31089305232.565228,31686267809.979022,20432505840.632235,31741437509.854213,31740506089.532005,31712304683.587946,22266185372.402675,28969158727.368328,7378692189.078622,31308157373.735718,13430172751.381914,9868466333.633718,29784802521.63629,22054391354.140957,31741555806.547037,27883458880.439724,7719,0.089340277778,14454,2503342735.6786,385923667.1631383741106311968,226284.64694552,34884.79604781656652087714176,8999.813724,1387.441306637424226110912,67.825781259559,0.05250962093407668,0.06530028693767631,,
2020-12-08,14444,12276,351107,457370,952,197622,422532,85,64116,569621,559174,550843,533022,394885,30247,437718,123173,487128,281717,3759,307326,5515,408950,38504,42,446692,144169,365,1614110259,4158,852.892015392015,3749572359.001419699621159317492,1.096746415773,0.96344164229,4466186855.44886610117035865317,4377618667.584389418270604,3923341199.846470916872507666608,4072214680.8205028385257226820264,0.23656311,0.03328512968927924780814,0.178233,0.025077910583392770642,1536.240851,216.153634264884821768774,0,0,0,0,0,0,0.49858249882,13.887437616636,16.58999333690967,12.199479763183,14.57355154866994,0.00000767150794573378,0.140702959515874,277.9814483383018,31.832971483782025,0.154163335951888,0.00000803680089571006,0.000260490201642471,0.127345504705368,0.154163335951888,0.00957322943,29723948916.595158,26089840361.096426,1723067733.726492,26648852105.903258,28002668810.050259,12171730920.699715,29307779817.852079,29723948916.595158,29723948916.595158,6241193438.673273,18544854078.246235,29723948916.595158,83.9546682743,25043959609.30889,31731007101.919842,31741878419.797388,15825982696.09336,31530806399.894218,31741471881.35262,9447128798.560469,30037034171.993264,31741953904.180395,31741953857.970038,31741953138.965727,31741927023.281056,31741747348.735576,31739499430.325338,28102226704.449749,31088219100.642289,31686490706.600912,20417094390.555629,31741826283.732431,31740793819.596003,31709190271.533674,21929205957.486977,28817061356.975097,7244145236.74889,31270789051.567454,13200441074.462633,9873778444.329696,29782902440.941174,22056037418.10052,31741953906.413705,27883856980.306392,6494,0.075162037037,14012,2285659513.486521,321599057.993166227175984534354,209656.77344339,29499.32850603407033434537286,10181.425894,1432.556755377353247641356,67.878797018578,0.05232008370234405,0.06770622515620858,,
2020-12-09,15290,12254,352046,458568,959,197999,423670,85,64158,570835,560388,552057,534238,395959,30222,438894,123389,488348,282387,3769,311336,5824,411065,39782,42,448868,147820,386,1614110259,4208,866.835076045627,3958702459.69156003052346464743,1.161451439941,1.020284322251,4714979165.220396350312672960805,4621406442.40192820491669,4141903102.08642296742655804084,4059557724.9957982332275502894417,0.23274184,0.0345711585246459390076,0.178233,0.026474489061885991995,1544.707605,229.448781047194444786575,0,0,0,0,0,0,0.498891579647,13.099861304831,17.431177549706884,11.50765555352,15.312527550219903,0.000007996827690472405,0.148538649194515,308.14855186403906,40.84701108441205,0.140702959515874,0.00000767150794573376,0.000253830510831918,0.116308702167772,0.140702959515874,0.00960319333,29718615137.547194,26089597203.046894,2849863861.770147,26650992729.222562,28000350109.202711,12158685256.963521,29299791466.170435,29718615137.547194,29718615137.547194,5833481062.503641,18522490835.542105,29718615137.547194,83.9601262481,25037521176.879553,31731459098.636617,31742364499.726957,15836036051.85174,31530498765.878616,31741957007.881277,9406795693.376694,30032389074.229364,31742440034.675977,31742439988.46562,31742439269.532217,31742413156.540224,31742233256.097422,31739980002.673398,28093332131.432329,31086764446.209192,31686770906.627878,20431690424.685142,31742319106.742231,31741347467.456753,31711806415.231797,22148880659.65862,28899027058.341167,7230283728.356687,31293306719.166907,13327882747.034259,9839055325.683136,29781423697.490925,22069874441.508354,31742440036.909287,27884346091.383256,6637,0.07681712963,15062,2423112680.223905,359925884.366559629198097881075,218113.81015915,32398.33073170902377145706225,12660.449726,1880.56610049510755245289,67.938965629294,0.052317101652285355,0.06806939342078115,,
2020-12-10,12079,12231,352507,459357,960,198145,424380,87,64151,571630,561183,552852,535034,396562,30221,439636,123435,489147,282698,3766,309075,5560,410923,38761,41,448721,145188,371,1614110259,4228,695.179280983917,3795451397.1647434688510458503,1.114228547691,0.979081434368,4519595931.0950411775118739583,4429832374.2385603598958,3971404678.2856012480818865527,4056255729.993094138947812703628,0.24053216,0.034247253523370345568,0.180167,0.0256523906222979291,1312.82453,186.921509833069797969,0,0,0,0,0,0,0.499357656434,17.505902396421,16.687120562785303,15.382574844011,14.663104773196991,0.000007782583998370161,0.1423811831373,289.0160458683402,34.303442959716875,0.148538649194515,0.0000079968276904724,0.000258681659585997,0.123159319347315,0.148538649194515,0.009616888498,29721100754.083594,26099763305.56875,2830762452.799774,26656973298.955811,28001043552.228491,12067649304.015844,29296575915.872708,29721100754.083594,29721100754.083594,5151501411.973045,18506597624.131716,29721100754.083594,83.9776709031,25034563659.309918,31731913115.138433,31742854449.289094,15851075138.236587,31530552432.735413,31742445907.387012,9455648619.518585,30030816852.528991,31742930007.954461,31742929961.744104,31742929242.825025,31742903131.301615,31742722860.694043,31740461277.356001,28092679358.269168,31086259407.965686,31687133815.021009,20438686915.198127,31742802651.032846,31741778633.143349,31710399973.988443,21975150247.523852,28827799129.341437,7141186079.547855,31274320179.795849,13230583502.532534,9825600508.199927,29783331398.427915,22083814061.783368,31742930010.187771,27892763571.545299,5458,0.063171296296,11507,1813270135.487378,258175547.2382251508105909994,230170.90435717,32772.005686156184300349441,11558.163251999998,1645.6649587138226457372337254,67.974366709472,0.05242314795838895,0.06876889949451351,,
2020-12-11,15985,12260,352778,459915,968,198265,424857,99,64288,572265,561818,553486,535669,396951,30315,440168,123577,489783,282903,3780,308341,5483,411111,38486,24,449138,144333,384,1614110260,4241,903.112237679793,3726256492.157399307241537686976,1.089300013049,0.956537743098,4437195302.408017986247586442806,4345622468.665704856989898,3896396520.15907819934974851439,4073437298.498828996043959406589,0.24061106,0.03360724289436976878878,0.178233,0.024894615080421519279,1749.242421,244.324657909251642984723,0,0,0,0,0,0,0.498870951985,3.908792694126,15.75808652150531,3.432394838053,13.837514308517811,0.000007733164180533733,0.139674555668263,282.90167823587336,31.53530944070851,0.1423811831373,0.00000778258399837015,0.00025404782341316,0.1173896329375,0.1423811831373,0.00963145674,29741035861.074559,26121623019.962063,4078118849.022539,26678133854.297152,28021635310.312718,14736634421.997381,29314044426.566384,29741035861.074559,29741035861.074559,7777475587.554989,20260718217.581213,29741035861.074559,83.9777435565,25045815387.65122,31757048669.357156,31768024672.154128,15848182470.052153,31555367095.956761,31767614939.511651,9411846330.044341,30055374339.198304,31768100359.200252,31768100312.981941,31768099594.140941,31768073483.505441,31767892904.126647,31765624194.969356,28114656645.854692,31111032023.090544,31712208581.799082,20450198014.924075,31767971885.992357,31766928227.100199,31734819323.151601,21920042358.620779,28823716097.430782,5252824515.519287,31292092438.936027,13233796922.762587,9443148197.538465,29805010384.96997,22087340599.118598,31768100361.433562,27896251407.54553,7270,0.084143518519,14663,8127343363.37927,1135183073.04340569151677110801,763253.71789401,106607.12390899560319655480463,13542.876585,1891.595269479998010321855,68.21191724162,0.05239632279784939,0.06895936080903026,,
2020-12-12,16579,12256,353221,460721,968,198425,425564,99,64356,573416,562969,554637,536821,397559,30369,440933,123665,490938,283153,3778,311056,5681,412345,39442,24,450375,146918,396,1614110260,4313,865.983074426153,3856873623.910617368089733895447,1.129833958925,0.992136336668,4598932563.615878375007769611651,4503862751.735623012636246,4038441286.178239595220765516419,4070449934.0684008440513650333782,0.23670411,0.03426543512489264791011,0.176633,0.025569503640706378433,1687.2269,244.2440221376964479669,0,0,0,0,0,0,0.498664724803,13.635187526725,16.209499326841765,11.973409805647,14.233979386366093,0.000007694596420033105,0.144760625934601,289.14857554696994,38.470660669669094,0.139674555668263,0.00000773316418053374,0.000256056352459366,0.115378695566934,0.139674555668263,0.009646667035,29697783232.871855,26092742386.559634,4130968146.304297,26643112372.649247,27981330747.597361,14716731001.450679,29266161288.191038,29697783232.871855,29697783232.871855,7694867241.342689,20213927211.953582,29697783232.871855,83.8645396635,25032190156.915597,31758130913.577798,31769146655.501025,15842190695.284669,31556198434.300575,31768735582.862337,9407939221.868697,30055118633.335923,31769222698.513741,31769222652.29543,31769221933.52534,31769195824.945866,31769014592.168019,31766737839.910609,28113441336.369288,31111358388.007203,31713170557.751957,20435246091.354142,31769096921.228294,31768086762.29051,31737528952.67027,22046272428.685706,28885972879.997388,5253079243.887029,31310022309.721071,13304834630.068413,9439241089.362821,29806623278.465427,22082680542.887702,31769222700.747051,27897373751.359019,7128,0.0825,14460,2329943951.154339,337284144.761639531794671383739,328974.24021407,47622.51692974856087206003607,10977.418056,1589.097908932350892555656,68.329025330253,0.05242329059964139,0.0689614577955547,,
2020-12-13,15703,12262,353600,461318,967,198604,426077,99,64401,574379,563932,555601,537785,397996,30412,441491,123772,491908,283408,3776,314314,5968,413831,40800,25,451913,150246,414,1614110260,4253,885.561486009875,4101034808.873709070925530134528,1.197694860203,1.051449290466,4888830280.673646070054555965888,4787606045.360961091055424,4291875418.878515727553658753664,4081866294.2620887448188364526568,0.23658509,0.03640584222102269260896,0.178233,0.027426590900464342752,1644.266349,253.020599358273312245856,0,0,0,0,0,0,0.498363373148,13.579004330022,17.100977740750153,11.920928228426,15.012848021020048,0.000008032986045238762,0.153880543448544,324.85674492377126,44.57868217791991,0.144760625934601,0.00000769459642003313,0.000254615761576684,0.119644296139867,0.144760625934601,0.009653437654,29700737623.6243,26100684785.753699,1413660574.153877,26650768946.920512,27985514426.684598,14627785112.380095,29266207314.588228,29700737623.6243,29700737623.6243,7649354760.268619,20192750417.074467,29700737623.6243,83.8858085355,25026513284.5231,31759184625.006089,31770218688.025924,15833151448.670272,31557135383.762298,31769806677.227003,9408549573.30777,30054433263.746144,31770295131.331892,31770295085.114644,31770294366.344554,31770268260.890712,31770086395.631544,31767803631.035548,28113609257.599886,31111770109.463864,31714140696.548066,20426748110.989626,31770175364.293512,31769223981.072376,31740521827.33816,22231131253.21201,28973461578.253649,5320833000.053933,31332078773.767448,13425153331.729573,9439851440.801894,29807963970.502273,22081227169.191333,31770295133.565202,27890955690.013356,6950,0.080439814815,14274,2339663082.905371,360028626.683974344955159729824,258527.35362062,39782.32967145491489906737728,11889.254304,1829.524913497460754533376,68.10923474348,0.052599326794656835,0.06956197171682245,,
2020-12-14,14810,12251,354006,461975,968,198759,426647,100,64407,575544,565098,556768,538954,398484,30419,442118,123824,493078,283639,3773,316043,6077,414727,41397,53,452795,151701,429,1614110260,4209,822.231646471846,4210880205.382163211892845096886,1.227398171009,1.077539517806,5021223239.507031479777576729885,4916782200.150881928164482,4408159141.90825310704830022339,4090948934.1813617960504380087934,0.23798299,0.03760903516656685511833,0.177689,0.028080628156290068963,1559.026567,246.376789298743566971389,0,0,0,0,0,0,0.498548667758,12.998410987758,17.41009797400832,11.411375573812,15.284419529847048,0.000008193834637173586,0.158032450834267,333.8294976626871,51.37453996307787,0.153880543448544,0.00000803298604523873,0.000260583607485496,0.126796285399533,0.153880543448544,0.009660703656,29693248781.917567,26093573796.770583,1510463172.868662,26645667919.168258,27978821849.719722,14670986618.48036,29249576691.665308,29693248781.917567,29693248781.917567,7766487190.896715,20218392504.044901,29693248781.917567,83.8616409693,25022980603.836059,31762231176.289185,31773291153.053083,15840570359.785084,31559925804.261854,31772877800.669653,9413330914.139755,30055727572.138386,31773368144.622368,31773368098.409043,31773367379.781781,31773341275.250541,31773158581.710394,31770868889.757749,28114280982.099639,31113860744.960929,31717078225.205756,20429062556.430364,31773249261.960886,31772316503.306013,31744434763.900935,22305403255.398587,29012324768.448749,7084532248.080074,31343282102.208632,13517400009.863055,9413330914.139755,29813663022.366116,22093871232.694941,31773368146.855655,27894012391.99417,6551,0.075821759259,13424,2444404025.752095,386295159.018752278834873039365,295634.30256022,46719.81338427078183300705874,11834.686091,1870.264447814941011080297,68.020420181121,0.05249852778922511,0.06934767757730348,,
2020-12-15,17076,12261,354429,462651,966,198914,427257,101,64398,576874,566429,558099,540286,399003,30399,442761,123884,494411,283924,3789,315107,5989,414978,40887,23,453252,150616,415,1614110260,4280,915.714018691589,4114295378.78067225687297548864,1.191766294079,1.046528154779,4900096783.91847297357691607776,4797286621.22745117733312,4302931934.714223672014359112,4111625583.1882952687982452505109,0.24263438,0.0374122053660367583936,0.177425,0.027357460789641896,1764.437177,272.06155212379280157344,0,0,0,0,0,0,0.497611663945,10.552243001895,16.819095203169947,9.266262565412,14.769386208907763,0.000007934696469485983,0.15419169107872,352.7359638071572,53.02903751187155,0.158032450834267,0.00000819383463717358,0.000269463744063921,0.130108369588321,0.158032450834267,0.009676031349,29697531855.519096,26126417635.785888,3018126883.723871,26682990179.283962,27983338070.93861,14887796680.042327,29244162031.975747,29697531855.519096,29697531855.519096,7695934118.454189,20428758572.17124,29697531855.519096,83.9635533788,25027821832.879271,31768088394.472128,31779175463.397147,15813727037.279129,31565436984.299169,31778761268.034225,9436490063.733161,30059518444.508249,31779253144.532128,31779253098.318803,31779252379.722332,31779226275.991092,31779042685.582001,31776745832.312478,28116538839.743702,31118735899.794231,31722837721.389388,20434558814.848248,31779132173.725001,31778177524.141895,31749429993.516466,22244529895.97409,28983764526.279355,5103186998.026788,31340899716.703502,13418930091.20544,9404584797.888455,29823009272.221341,22097506172.369346,31779253146.765283,27906380068.932725,7272,0.084166666667,15270,3011611194.042626,464365422.88103566221560151872,317316.35705979,48927.5457019879518326366688,13999.488033000001,2158.60473404457365514945107872,67.911609409504,0.052520243091600395,0.06910921861111183,,
2020-12-16,13267,12261,354874,463343,965,199146,427843,101,64457,577634,567189,558860,541047,399568,30433,443394,124011,495173,284283,3780,320183,6408,416758,43116,57,454683,156055,453,1614110260,4110,755.380291970803,4458631990.327956066141487277951,1.287774301652,1.131042250088,5310660350.137115844806054820501,5199155147.315587205300978,4664312080.280039529623675424489,4123906140.4810599906311746854148,0.22521797,0.03763579737576538070671,0.178233,0.029784217812081296619,1424.954124,238.121694643750038660132,0,0,0,0,0,0,0.497439521085,22.889561080095,18.18676820209358,20.103725190303,15.973298428713823,0.000007819498872785092,0.167108323442243,429.5367133936895,60.476034615078724,0.15419169107872,0.00000793469646948598,0.000261785190567285,0.126899550993841,0.15419169107872,0.009691296405,29693206254.54611,26125315772.572043,2871126975.062104,26681088640.500757,27979855363.235416,14872203110.222887,29230244944.315667,29693206254.54611,29693206254.54611,7642346820.273487,20396232620.878454,29693206254.54611,83.9562633715,25018563819.503856,31768555104.931872,31779669876.720649,15808502453.992235,31565627780.15057,31779254353.250992,9432905643.88609,30057604071.143377,31779747653.320452,31779747607.115081,31779746888.51861,31779720785.616563,31779536707.393137,31777236797.189288,28112997256.260678,31118364987.790419,31723244388.14038,20417968353.915201,31779631203.791101,31778744622.438327,31752781157.48467,22494770266.079687,29116297417.866659,7277340499.785519,31373389145.273927,13656175580.389822,9401000378.041384,29821818528.038497,22094038450.179761,31779747655.553607,27911907583.060323,6327,0.073229166667,12087,1388394803.393158,232012327.870953226091034373394,200089.82831591,33436.67574771796026284298613,7498.046734,1252.986018810325763784362,67.757310665436,0.05278413596652418,0.07009122583300408,,
2020-12-17,17541,12271,355723,464508,961,199520,428942,99,64537,578897,568452,560125,542312,400582,30477,444524,124223,496444,284876,3797,319197,6252,417406,42235,55,455517,153995,438,1614110260,4040,1041.782673267327,4353241536.872577536825654893496,1.257332493947,1.104945458329,5188979594.368408919763217401167,5079788003.589101418399626,4560082129.241336650955648019503,4126974860.9457511348385349892555,0.23745392,0.03876950323786770318352,0.181297,0.029600667904390464407,1895.357204,309.458177221895839107724,0,0,0,0,0,0,0.495864734022,12.395008233435,17.60097050376546,10.892749626233,15.467756153566846,0.000007164411597692736,0.163271691778631,374.18442804090284,48.77109443116868,0.167108323442243,0.00000781949887278508,0.000262664267846773,0.136799952584216,0.167108323442243,0.009725196647,29661125018.073139,26111395850.468257,1369663849.315211,26662561583.393416,27952534718.253915,14805696989.669441,29187857130.235515,29661125018.073139,29661125018.073139,7607389637.56037,20383907268.218067,29661125018.073139,83.8939806508,25009167203.149943,31770027518.638594,31781179054.487711,15759204540.47061,31566485479.014944,31780762791.375495,9364704390.549419,30055409787.186272,31781256980.170102,31781256933.976494,31781256215.380023,31781230115.641405,31781045640.793958,31778738565.946583,28109399836.957534,31118247338.593054,31724564299.575117,20410596685.862709,31781138407.440016,31780226062.795898,31753165099.515436,22384189824.19632,29056672479.448724,7158625988.848199,31359664335.362481,13535745767.440598,9396006258.043543,29821483654.22554,22084026799.184894,31781256982.403257,27929410662.468313,7982,0.092384259259,16605,2564036778.66664,418634622.63553355909822456984,293381.99492776,47900.97464924511413475669656,8054.110519,1315.008250209197756519489,67.624355927062,0.05281962781824743,0.07008609419005016,,
2020-12-18,13856,12276,356528,465697,959,199887,430024,99,64623,580087,569643,561316,543504,401581,30512,445681,124415,497641,285439,3774,320393,6279,418597,42538,56,456733,154835,438,1614110261,4187,813.619775495582,4393371116.96143165539899625552,1.2670954712,1.113770363886,5236254745.12323710278229555088,5125961663.90639364573408,4602640831.28139684988457972592,4132486354.9276175927821271950782,0.2409875,0.039704083442254374,0.181002,0.02982112562359012896,1506.653869,248.22993281133415911312,0,0,0,0,0,0,0.496335855501,13.242084470044,17.579897204763295,11.639723741452,15.452638693664037,0.000007148139293449092,0.16475577962448,399.60715076450845,54.44410661073966,0.163271691778631,0.00000716441159769276,0.000254005447559468,0.133008919682589,0.163271691778631,0.009752972959,29657740235.898133,26111310338.094393,1218748430.836087,26665960532.462249,27953260980.514918,14798939981.938704,29172719389.122441,29657740235.898133,29657740235.898133,7613197116.842293,20399814673.738027,29657740235.898133,83.9029293037,24996981232.388044,31770645887.23824,31781840463.741717,15774505662.044387,31566579292.951519,31781422574.790078,9403958302.752033,30052079368.08612,31781918404.86603,31781918358.672422,31781917640.101924,31781891543.55768,31781706848.666912,31779393418.510764,28102406871.919586,31117205792.590423,31725027456.118219,20379117779.442936,31781800015.381766,31780893261.730552,31754041910.554737,22387139352.801955,29066714523.067129,7245733823.886905,31362733129.180535,13562281251.093681,9435260170.246157,29819400774.801428,22079330585.868647,31781918407.099181,27936141856.582979,6252,0.072361111111,13356,2400069149.158118,395425263.82220810753018352864,271371.50364165,44710.023650347459189487592,10222.396420000001,1684.19889180759346111737962448,67.64437856292,0.0528029458613743,0.06965153502913031,,
2020-12-19,14038,12288,357448,466954,956,200324,431204,99,64724,581354,570910,562583,544773,402669,30553,446887,124653,498913,286125,3774,321190,6283,419737,42587,56,457976,155202,437,1614110261,4259,816.374735853487,4399640514.634916441324548632294,1.26025238989,1.107767294138,5239123433.70631227683194973118,5128638538.495064422517196,4605212127.645023236704747587982,4157201744.4577012479761032022126,0.24070758,0.03967867514736077176908,0.181969,0.029996100820298605794,1572.542622,259.220785044313703862972,0,0,0,0,0,0,0.495663067777,13.199384199321,17.41550954948902,11.602315723483,15.308308117048348,0.000006909644260593911,0.164841818223426,388.9020803819035,55.97269209114917,0.16475577962448,0.0000071481392934491,0.000252688987334025,0.134355691702161,0.16475577962448,0.009786248434,29678270537.122539,26140023806.683715,2476326606.202875,26690075140.227219,27974908917.536432,14764390924.679787,29175579391.367955,29678270537.122539,29678270537.122539,4866999385.912385,20421366192.707581,29678270537.122539,83.9766531617,24985125005.367392,31771420528.517689,31782654638.806555,15753526754.320228,31566741866.000662,31782236046.021862,9396921153.503089,30048307809.33084,31782732620.900279,31782732574.706671,31782731856.248502,31782705761.815734,31782520687.900688,31780200568.216437,28095866588.2699,31116140717.478777,31725656416.361868,20360395987.797085,31782614134.772855,31781704795.984099,31754761276.483595,22372538154.073317,29060339719.801231,7238696676.831839,31362590495.744667,13547890861.418914,9428223020.997213,29816574478.308252,22070843447.344856,31782732623.13343,27937159255.324007,6533,0.075613425926,13949,2407895106.55869,396921807.45642455537640187194,244561.57014461,40313.97389021344867210963386,11552.615896,1904.354209533493687179696,67.650067985914,0.052604158518328434,0.06955856320100189,,
2020-12-20,12443,12283,358245,468016,956,200606,432194,99,64795,582427,571983,563656,545848,403609,30554,447911,124839,499992,286706,3759,320989,6204,420502,42199,56,458935,154402,433,1614110261,4229,716.498935918657,4322242844.603603745972040544223,1.238315756427,1.088490128744,5148392800.531197271947586448657,5039722796.877703392662498,4525481254.025102631006060118903,4157576751.9804999355926268625993,0.24039182,0.03893961376667741935066,0.181969,0.029476055289687158747,1377.925916,223.201866719654576163508,0,0,0,0,0,0,0.495794984823,15.202228896767,17.040024386606305,13.362889071832,14.978327007558743,0.000006884569350523999,0.161983938416363,389.87876416307176,37.81690093180634,0.164841818223426,0.0000069096442605939,0.00024986858999295,0.134011509953187,0.164841818223426,0.009817468147,29666455885.040116,26135849073.641126,2344753882.655909,26683156903.456221,27965379240.944702,14664748459.685731,29154516327.310971,29666455885.040116,29666455885.040116,4735890126.476481,20412785509.179089,29666455885.040116,83.9532454508,24977295699.494401,31772009920.389759,31783275632.477273,15758027341.19916,31566636718.449364,31782856085.744728,9398365263.502631,30045942020.879606,31783353649.150388,31783353602.95678,31783352884.600448,31783326793.273783,31783141375.947697,31780817281.326892,28089710545.363411,31115584917.257213,31726108331.508043,20346288655.347371,31783234484.491775,31782311321.95021,31754758320.556914,22319883378.774924,29030853114.231806,7240140786.831381,31356024681.647842,13527133257.373807,9429667130.996755,29815753281.719702,22074625523.587966,31783353651.383539,27937839382.524581,5732,0.066342592593,12095,2090703532.173702,338660392.202497544764915085826,228989.00523806,37092.54092250613546821437578,9998.826117,1619.649233972049984552471,67.623045660575,0.052617603461248295,0.06758997086683806,,
2020-12-21,13730,12277,359090,469155,964,201036,433259,99,64923,583581,573137,564810,547002,404593,30582,449023,125062,501149,287349,3772,318912,5972,420740,41091,24,459649,151944,415,1614110261,4224,782.536221590909,4108520680.207619021609850078425,1.180055953489,1.037287011707,4890920779.377858633150414018755,4787535415.609344360614438,4299193258.367743783979313737515,4144651586.1517603345072755761772,0.23499487,0.03616060483154489135711,0.177117,0.027254458133272171101,1483.522634,228.281901331406100547402,0,0,0,0,0,0,0.496170465327,13.436737906854,16.07294525217584,11.811095625832,14.128361710871555,0.000006708613454315732,0.153878273306753,348.05616537825415,15.924746958743102,0.161983938416363,0.00000688456935052398,0.000253669898675768,0.132167528958573,0.161983938416363,0.009843732882,29679755270.674946,26153021056.876926,2819207427.388905,26699810128.603225,27981009292.130453,14742076198.292512,29159545876.425048,29679755270.674946,29679755270.674946,4895946121.035804,20504417289.229284,29679755270.674946,84.0030101802,24964237710.432583,31772970668.793717,31784271198.271159,15770455352.987694,31567061541.235703,31783850483.644678,9372283586.719662,30043574479.019172,31784349238.727684,31784349192.534076,31784348474.177744,31784322384.05343,31784136737.370955,31781806585.698864,28082340065.668296,31114832389.705367,31726953739.050762,20351510854.660723,31784227362.270463,31783254121.06334,31753891668.241464,22164107505.282667,28951845070.565772,5153786934.099751,31338400603.447722,13391547134.805352,9403585454.213786,29812963665.188286,22073709468.672306,31784349240.960835,27938923188.963755,6313,0.07306712963,13249,2365481075.935014,363996143.504680231037115349542,262423.32481127,40381.24809737542069254150631,14848.016986,2284.787215835018932506458,67.641897362882,0.052776137086000686,0.06513171123010933,,
2020-12-22,17699,12287,359980,470455,997,201359,434478,128,64957,584889,574447,566120,548314,405719,30612,450299,125222,502466,287925,3803,320574,6070,422181,41468,82,461123,153087,451,1614110261,4239,1038.072422741213,4171569897.894046442485645212663,1.166869506451,1.025622070933,4974220285.529642737441159312867,4867103462.977682108012654,4372099949.752404624557628873315,4262876232.5433167329260207549637,0.23316505,0.03647533892624245146245,0.178233,0.027882004969616890917,1867.652061,292.167466441776936378489,0,0,0,0,0,0,0.496330203739,2.99918522494,15.482422169784876,2.636139297933,13.608303071634959,0.000006584856556831659,0.156435704777549,372.7810437543163,7.0903527474450625,0.153878273306753,0.00000670861345431574,0.000251210763537866,0.125875350823923,0.153878273306753,0.009872719933,29643018816.891466,26125252274.5106,5870066365.948576,26666354102.639187,27946670005.929334,16825515556.797629,29098726701.525666,29643018816.891466,29643018816.891466,7595317461.355848,20449643448.834529,29643018816.891466,83.8637948952,24969303712.791255,31785787305.258743,31797140424.855433,15781919934.913959,31579268941.489414,31796718412.980193,9322584273.971427,30052136357.272783,31797218494.67574,31797218448.482132,31797217730.16601,31797191643.050663,31797005777.741283,31794667844.927301,28091018550.365395,31125923570.764138,31739575899.101542,20366263710.73193,31797097717.253032,31796136933.371636,31767236059.817073,22221545094.113983,28982660223.69759,7022964020.523142,31355976719.646271,13423554631.889814,8042712334.407251,29825172026.425782,22075938232.402252,31797218496.908783,27948222919.885935,8010,0.092708333333,17461,10601952234.391811,1658523869.804993323519062251239,3032878.0126366,474450.4094111386830139756934,15078.1150225,2358.7555502617365976298525,69.233737094112,0.05277003282929163,0.06288929530535126,,
2020-12-23,19445,12282,361264,472047,1001,202012,435999,127,65042,586525,576083,567756,549950,407146,30648,451846,125533,504104,288894,3808,314957,5517,421632,38768,7,461047,146515,413,1614110261,4311,1105.274414289028,3704006466.142519796974211603136,1.058147826084,0.930069117894,4418175606.324784937629929776284,4322886634.990025073775096,3883397562.782108164339446221548,4175385988.0581880998860429007651,0.23169967,0.03219323105084672776492,0.181002,0.025149104470737310152,1992.84887,276.89398142573450350412,0,0,0,0,0,0,0.49607967034,3.603341912117,13.255161312763216,3.167191720346,11.650750382709973,0.00000596139264276862,0.138943793277076,309.6054150232896,-9.032989542107325,0.156435704777549,0.00000658485655683166,0.000246675592017788,0.128239879695113,0.156435704777549,0.009911062196,29630603671.681916,26116229735.939196,5597708223.535184,26658308217.885936,27934806175.543895,16723386231.242823,29077351859.354076,29630603671.681916,29630603671.681916,7321934679.562527,20445399004.460336,29630603671.681916,83.8356551704,24954220369.769971,31786829554.721089,31798215978.841862,15774487269.955067,31579530726.768278,31797793197.178769,9282527229.316505,30046367466.376527,31798294128.935816,31798294082.742208,31798293364.426086,31798267278.417386,31798081027.069827,31795735406.273118,28082677838.140791,31124062819.115953,31740415314.527843,20353214849.724665,31798161976.805446,31797071364.612816,31763619636.398473,21830508777.273519,28788835826.048906,2197865077.23893,31307464453.734199,13133986503.208629,8032704117.587726,29822528047.493633,22072649739.49172,31798294131.168859,27949413724.713823,8601,0.099548611111,20029,8824667463.346449,1226132771.766147659215237703124,589726.32822528,81938.81303898237380638768128,15245.094126,2118.211206732509618055576,69.55520071864,0.053538827862409225,0.06607870831209994,,
2020-12-24,17144,12287,362113,473229,1000,202358,437100,127,65082,587682,577240,568913,551109,408186,30614,452978,125654,505269,289445,3807,321082,5962,424392,40914,8,463623,152366,443,1614110261,4255,1002.596944770858,4075918342.19507488941196485681,1.162327247675,1.021643802064,4861608407.547935480566383900855,4756622347.81202819240153,4273178751.995748283540558279035,4182650296.8694048755137149664436,0.23496211,0.03592210766936469852605,0.181969,0.027820272853723627295,1716.633197,262.446921894937619472835,0,0,0,0,0,0,0.496200853517,10.445701072437,14.576746437982978,9.181395153739,12.81243529514042,0.000006448753554050403,0.152884682851055,357.3224322804863,-8.144508687239327,0.138943793277076,0.00000596139264276862,0.000236094654718158,0.114189588164193,0.138943793277076,0.009932252697,29629247720.151401,26120577261.179124,5575073309.702895,26660083052.047542,27933625033.899372,16634219222.341161,29071238529.653493,29629247720.151401,29629247720.151401,7325493166.382455,20432815142.687704,29629247720.151401,83.8388862391,24956225065.820356,31787677214.822374,31799107477.980771,15778783042.899031,31579865991.221415,31798683525.818106,9277118218.0915,30044204510.145894,31799185611.961318,31799185565.76771,31799184847.637149,31799158765.656913,31798972202.999234,31796620721.917524,28077092041.460163,31123076595.161716,31741068076.825442,20356425752.227128,31799063067.943837,31798076035.021687,31768133201.156924,22138454082.973406,28932864299.690647,2257544777.707807,31346059989.799058,13352749393.664717,8024243216.082721,29823307651.836923,22081558903.56249,31799185614.194361,27950339251.178037,7306,0.084560185185,17367,3044236609.269166,465417148.53168748381678207013,304400.94204149,46538.24148357557318530027195,20687.031437999998,3162.73024052843395069772429789,69.675829007205,0.053875671454368584,0.06655251573685551,,
2020-12-25,14474,12341,362514,473994,998,202389,437795,128,65086,588454,578012,569685,551882,408756,30662,453718,125620,506046,289657,3825,322913,6104,425455,41610,82,464614,153934,455,1614110262,4334,854.310798338717,4191763252.458893440394957768844,1.185334361842,1.041874033619,4997225535.269032060472134323426,4889210353.796489527734366,4392414235.967899377445571158704,4215878402.0277106911559206710714,0.23808726,0.03741452056766848004046,0.181969,0.028595746337616156549,1531.853452,240.725028657593693764092,0,0,0,0,0,0,0.494750116254,1.962621387386,13.867669579040252,1.725086462664,12.189273597673644,0.000006370148983946805,0.157146252040821,361.55541072248747,1.2758116959723864,0.152884682851055,0.00000644875355405041,0.000249855023729694,0.125481299100023,0.152884682851055,0.009960536855,29637795873.80686,26136023338.131731,2807791067.691751,26674280792.710364,27942618238.431375,16579206234.493347,29076092722.524165,29637795873.80686,29637795873.80686,7319259448.199056,20427685832.874648,29637795873.80686,83.8818104741,24963942116.598263,31788283562.512878,31799760965.736636,15732974107.9566,31580031477.13993,31799336110.719012,9262229526.59623,30045116237.619507,31799839130.875463,31799839084.681855,31799838366.561364,31799812286.431718,31799625556.185415,31797265412.829099,28080001842.588708,31122912540.394527,31741559478.229968,20348149865.480643,31799718036.328787,31798753579.879998,31769681530.066917,22211694528.698725,28977524125.993691,6955602560.240816,31356253252.300472,13393215879.352705,7976114801.694517,29826939586.680863,22067852282.384301,31799839133.108506,27951123102.999024,6434,0.074467592593,14840,16202737490.522795,2546199469.436954701914971014695,1185646.63337094,186319.92467906062793771514174,17634.9022795,2771.2587983295557799514695,70.180577306446,0.053847762623332525,0.0655269404697215,,
2020-12-26,17727,12309,363492,475336,1001,202715,439062,129,65135,589835,579393,571066,553263,409925,30641,455009,125811,507428,290333,3814,324077,6114,426733,41736,82,465967,154528,464,1614110262,4311,1028.603572257017,4222081029.749305953973953519,1.193007033704,1.048623033311,5031446054.9186534876749504886,4922522541.8616601928089,4422513929.0855605095885161623,4217448776.7255463366873920825878,0.23622109,0.0373741812529147756435,0.181969,0.02879058084276746335,1867.563901,295.48027120429672905715,0,0,0,0,0,0,0.49589906755,11.053828564856,13.826310300458488,9.716035959485,12.152977339757134,0.0000059753964316251746,0.15821695367215,380.80226658571064,15.19805496116805,0.157146252040821,0.0000063701489839468,0.000251096412166609,0.128774609063228,0.157146252040821,0.009993039233,29639114605.676838,26148707329.379433,2727628067.225569,26685389471.58666,27950197249.572036,16529332383.088599,29075080523.969178,29639114605.676838,29639114605.676838,7385774773.489532,20474835591.663117,29639114605.676838,83.9138685711,24955353325.617499,31789326850.136321,31800850415.814816,15770050864.661778,31580199863.601241,31800424802.386384,9303897095.089796,30042042540.708121,31800928647.578961,31800928601.385353,31800927883.264862,31800901803.764322,31800714668.23441,31798347541.461648,28073531768.536068,31122343974.970683,31742394872.712514,20354351342.502413,31800807583.792295,31799843668.814918,31770858403.507646,22228440439.018582,28980407777.665283,6957325561.889702,31358307640.691623,13468590432.885905,7977837803.343403,29827273297.200018,22088253739.395172,31800928649.812004,27952212619.702522,7906,0.09150462963,17866,2876915311.579689,455176776.57090263694590496135,247647.10513381,39181.9705599980771966203915,12527.356727499999,1982.04021898936397367217132785,70.268410050865,0.053765097162602395,0.06131214325649244,,
2020-12-27,21230,12341,364613,476877,1002,203170,440531,129,65254,591403,580961,572640,554838,411304,30698,456519,126019,509007,291081,3823,324126,6053,427917,41446,39,467370,153940,458,1614110263,4198,1293.956884230586,4147347185.856743451514202641344,1.173889078521,1.031826666263,4947397986.287146615536335711376,4840027143.894399289738704,4348670810.787638712126125661408,4214536174.5080111302803910972036,0.23368877,0.03635389467901949639448,0.182007,0.028313997753697370568,2277.530763,354.305059187606292399912,0,0,0,0,0,0,0.494923913885,2.145657387142,12.875835813618515,1.885992935131,11.317620195984599,0.000005885750708500907,0.155565432943224,362.1545429497997,11.107568547953697,0.15821695367215,0.00000597539643162517,0.000248844366251814,0.129434450261578,0.15821695367215,0.010038181099,29608364312.972774,26127069670.795244,2795830277.382375,26659824791.349256,27922110351.778713,15696093473.787329,29035095971.705855,29608364312.972774,29608364312.972774,7455430691.043266,20434900959.64705,29608364312.972774,83.8288570548,24945782089.500816,31791019815.697551,31802603653.111365,15739907822.671721,31581087555.253708,31802177178.048881,9282518489.175686,30040474160.445537,31802681947.636731,31802681901.484055,31802681183.379741,31802655105.409757,31802467701.420199,31800092682.589811,28068671751.534045,31121867167.556493,31743854844.455511,20336881032.612952,31802559955.414271,31801578281.337643,31771903014.397435,22165961265.434295,28953379941.015419,4183406889.963979,31352840469.369543,13391414071.377494,7955919037.222893,29827163705.753112,22075154097.756794,31802681949.869774,27953965919.760292,9746,0.112800925926,21468,14821882626.949401,2305772587.895033827627953808824,767688.5141332,119425.7960666715945971734368,11013.886053,1713.379952222281554454872,70.744863135468,0.053781871043388114,0.06137183943023031,,
2020-12-28,20982,12359,365584,478299,999,203462,441845,129,65285,592859,582419,574099,556299,412493,30743,457905,126129,510476,291697,3798,332193,6642,431173,44703,89,469965,162109,510,1614110263,4271,1262.228049637087,4691814900.712681518844057557825,1.321214527162,1.16149519362,5599823977.352168506167018600744,5478062287.619283648739806,4922870965.389730121302487482797,4238391163.7591536300155471203957,0.23804921,0.04191399095045336461581,0.181969,0.032039791349288864709,2290.985602,403.380249780484269228522,0,0,0,0,0,0,0.494480678967,9.900720357023,14.38856937310848,8.703839438375,12.649160167685217,0.000006511724816425969,0.176072800033461,415.18301321008926,6.145362319831166,0.155565432943224,0.00000588575070850088,0.000225954679966363,0.126482638927729,0.155565432943224,0.010081434386,29591344974.067478,26121215826.56782,2905450078.476443,26647017028.303325,27907346688.340988,15567381828.92692,29012769458.59704,29591344974.067478,29591344974.067478,7686011011.216628,20364333757.153379,29591344974.067478,83.7850425243,24938229171.34058,31792313518.507468,31803948001.05765,15726476559.071004,31581544190.168989,31803520007.456211,9281513957.398273,30038392471.101201,31804026379.400337,31804026333.248785,31804025615.187691,31803999541.346451,31803811796.722058,31801427367.150726,28067411317.891901,31121204665.034899,31744929642.569567,20299945511.6979,31803911372.279733,31803039217.895562,31777514601.481266,22505687431.01583,29146316357.78311,7351283076.144791,31401063457.173149,13708332072.896419,7957609061.84291,29829492662.85074,22068505626.922396,31804026381.632904,27959292772.388377,9624,0.111388888889,21283,3212294180.096886,565597630.820849564861021902446,230434.66141934,40573.27606086574215775253574,14182.208851,2497.101223054903690363311,70.858257842185,0.053553977770636044,0.0575586019723336,,
2020-12-29,29354,12362,366610,479844,991,203629,443282,130,65175,594464,584024,575705,557905,413773,30698,459392,126146,512085,292319,3811,337084,7039,433632,46678,103,472072,166716,532,1614110263,4278,1756.688639551192,5073011291.1147478330653598119,1.411160810077,1.240585384949,6041456023.1698633551951836202,5909490176.4723119422929,5311189194.48363253686699363915,4281196005.4655224707810907606628,0.23191184,0.044049221908216046616,0.1800275,0.034194335645309719125,2955.484451,561.36327678820139119365,0,0,0,0,0,0,0.494175611837,6.793127295831,15.18058765532772,5.972001476465,13.345619468497663,0.000006975068624418682,0.18993951282615,470.02407262555147,14.29191086328703,0.176072800033461,0.00000651172481642597,0.000241024490118946,0.144087308000848,0.176072800033461,0.010123352242,29626029654.17005,26186008577.152205,1902433930.256634,26708562192.417706,27963806836.56075,15709945858.335153,29056279082.119277,29626029654.17005,29626029654.17005,7839486475.460011,20427656870.993558,29626029654.17005,83.9700110645,24949759605.290153,31795488095.442141,31807184423.492216,15718373613.874906,31583649205.163214,31806755090.323742,9297884097.002823,30037417864.521859,31807262916.776581,31807262870.633133,31807262152.572039,31807236080.138822,31807047850.771393,31804652490.197388,28070742328.049219,31122532706.105319,31747856273.070195,20321552227.02809,31807150908.661685,31806330814.169397,31782823435.11324,22733273525.230062,29258912780.757714,8088869132.783735,31427527014.056307,13853507572.387297,7926269132.783735,29838731174.972022,22088899853.438351,31807262919.009148,27962529309.764621,12744,0.1475,29939,4682270997.413458,889348272.1687236592656243267,269579.39237093,51203.7784549039821934038195,19020.360408,3612.7179896733116470692,71.072813067717,0.05377412967848552,0.05911529253283572,,
2020-12-30,22492,12357,367889,481721,996,204130,445031,130,65248,596357,585919,577600,559800,415329,30745,461217,126344,513987,293205,3802,336445,6847,434811,45856,97,473730,164945,520,1614110263,4215,1338.766548042705,4908581934.154721230365447197022,1.359474998706,1.195158736863,5839145710.700641528168769069448,5711243997.992714729810388,5133383121.135718248852556835226,4295147550.5319469844914600443494,0.23733793,0.04356755314245804799854,0.181781,0.033369101086325166918,2146.246938,393.981389861084839285164,0,0,0,0,0,0,0.494333657349,7.732691995039,14.423693839533863,6.798061314951,12.680338900364246,0.000006364016436344723,0.183567595548078,461.70304158808676,6.755660874523949,0.18993951282615,0.00000697506862441867,0.00025950279270658,0.154979287712004,0.18993951282615,0.010170302439,29624286251.75139,26219392276.456949,1872056767.738346,26739915176.745449,27962565213.8008,15711805585.405709,29052224321.05873,29624286251.75139,29624286251.75139,7847668051.999964,20456824934.617891,29624286251.75139,84.0633575072,24931672660.94682,31797397828.524924,31809161499.349947,15724377967.400399,31584612368.967926,31808730386.382534,9302239652.394083,30034234338.255755,31809240039.653609,31809239993.510161,31809239275.449067,31809213207.689398,31809024597.438155,31806614848.28586,28066133311.502413,31121830348.522846,31749521571.295729,20298017887.804089,31809126848.044846,31808276322.311118,31783724510.357991,22615172300.123061,29207812263.989932,7769153062.174995,31416505277.994185,13774062112.659725,7931753062.174995,29839947532.044137,22086626651.887946,31809240041.885916,27964538652.963067,9043,0.104664351852,23024,4113604946.672412,755124569.095334295651462224136,313826.7465053,57608.4212746541113246318134,14001,2570.129905268640078,71.259531954625,0.05380817727093533,0.05924772765643847,,
2020-12-31,19485,12360,369272,483628,997,204670,446845,129,65265,598288,587851,579533,561733,416983,30735,463074,126561,515925,294211,3803,336908,6786,436322,45486,93,475497,164563,514,1614110263,4213,1123.080939947781,4854192645.918353102891350657946,1.329727493465,1.169018896003,5779880214.856534739361835673306,5652848956.267661150887204,5081333747.71259546541033779538,4346665195.1346082380710438426921,0.23509461,0.04271450306472102562014,0.180167,0.032734667433088291658,1935.298795,351.62578295682069399133,0,0,0,0,0,0,0.493942215998,4.991436788791,13.888487556156061,4.388180249699,12.209948632219868,0.000006260302242506273,0.181690694927974,444.3906168290124,16.57452303934015,0.183567595548078,0.00000636401643634473,0.000244363185670034,0.149258481886243,0.183567595548078,0.010219547761,29598564854.838826,26201480504.409119,3092984596.040552,26716792777.102079,27938520238.883343,14885834650.729868,29017143286.167827,29598564854.838826,29598564854.838826,5331415664.917309,20436712096.706389,29598564854.838826,83.9843122257,24923961073.616408,31799737600.509037,31811568204.736494,15713115317.543729,31585877217.950734,31811135892.216528,9245345199.126657,30029742085.739431,31811646803.058649,31811646756.924894,31811646038.8638,31811619974.940734,31811430936.667986,31809009044.156434,28060426875.676601,31121229237.093407,31751633492.396648,20295386176.027406,31811532796.671107,31810665762.047217,31785578853.967207,22573349660.605817,29182472311.949763,7541943983.244604,31412905931.603371,13729289017.364984,7924544024.372219,29842096763.031944,22091935243.107187,31811646805.290719,27966945416.36787,8232,0.095277777778,19295,6373244448.717901,1157959212.833407986967839462574,449949.41570272,81751.62202146305357499588928,11207.270725999999,2036.256806452879506998429072026,71.488629534875,0.05377009680376376,0.056203610814117795,,
2021-01-01,19881,12338,370454,485284,996,205119,448383,130,65321,599935,589498,581180,563381,418421,30765,464677,126741,517575,295088,3782,336273,6597,437437,44650,86,476848,162999,504,1614110263,4164,1234.089097022094,4692530857.38358395152541030142,1.28403662267,1.128948058151,5588692166.42934718777442669174,5465653603.56723559734433,4913678517.81060140435991308662,4352439850.826886945866311005524,0.23565135,0.04139780750293034260425,0.184025,0.032328401792422391375,2121.804713,372.745851307808600495615,0,0,0,0,0,0,0.494814341866,9.180067693188,13.284818863980192,8.071280377012,11.680251321956533,0.000005979231419127764,0.175673967082855,438.2828526440507,10.572902931322895,0.181690694927974,0.00000626030224250626,0.000245851609877917,0.148469594504686,0.181690694927974,0.010258074698,29590927044.545024,26201686039.333304,3113406027.765886,26711589288.414004,27932753170.177246,14758772759.278883,29003155179.590546,29590927044.545024,29590927044.545024,5294809220.670322,20474842685.441828,29590927044.545024,83.9647401868,24912552779.002819,31800894346.484006,31812786205.081761,15741461766.59977,31586080544.791675,31812352179.162293,9284849507.615413,30025858369.328271,31812864813.381118,31812864767.247363,31812864049.284172,31812837986.289318,31812648599.107622,31810217954.369923,28055596798.789178,31119940563.707665,31752594857.126124,20286467402.262717,31812749107.062813,31811858560.273934,31785735316.678729,22470430101.647728,29129003611.600882,7154049808.701803,31402065887.858037,13705805785.36278,7927538509.055695,29842307199.23054,22107878670.017454,31812864815.613188,27952119277.095248,9004,0.104212962963,20209,3465428129.600958,608785507.16751846653847337509,294014.44923219,51650.68467629948858886310245,10811.064884,1899.22265656242560896382,71.624374059093,0.053829613097340544,0.05657464134171262,,
2021-01-02,22943,12367,371796,487293,996,205604,450235,130,65382,601977,591540,583224,565426,420147,30816,466629,126884,519622,295957,3782,337929,6670,439366,44969,89,478984,163956,507,1614110263,4327,1338.289345967183,4752045440.69560672847491281996,1.299310246486,1.142381228916,5657642871.984900485775548955048,5532934416.432623271980952,4974320055.080189832763773462528,4354343304.29354522865973504591,0.2365461,0.0420665232190377003732,0.183013,0.032546385731515956756,2313.184315,411.36853111026272636478,0,0,0,0,0,0,0.494337588608,3.142692600428,12.892555180072966,2.76312223712,11.335408975887741,0.0000055534534677119695,0.177836469166212,422.26106426226846,8.184849941210311,0.175673967082855,0.00000597923141912774,0.000240348235250261,0.143451144618133,0.175673967082855,0.010306718359,29595257621.369711,26211806156.20227,2799261202.928088,26721433814.87283,27940317419.619224,14145417727.844134,29008555836.491304,29595257621.369711,29595257621.369711,5298540105.451459,20492196939.800875,29595257621.369711,83.993379367,24910011440.524893,31801680712.961322,31813659522.404703,15726726625.046314,31585902082.92611,31813223172.302687,9278938310.370694,30022406621.652799,31813738195.061284,31813738148.9409,31813737431.035481,31813711369.594413,31813521543.24361,31811079925.377517,28053181979.831125,31117680418.798998,31753106814.336128,20272433844.246447,31813623169.38523,31812734482.948685,31786732566.41061,22496281724.597419,29140861413.827287,7314977997.481157,31404780487.525304,13709670513.733599,7918901365.014906,29844233044.701166,22105592335.321004,31813738197.293354,27952993102.595148,9779,0.11318287037,23242,10123083050.806916,1800253346.831827422260323122192,595018.03026071,105815.90559179895267868313052,10885.947803,1935.918520813202763232236,71.982814574516,0.05363582659107548,0.05630564647417407,,
2021-01-03,30733,12350,373671,489991,1004,206207,452768,133,65379,604756,594319,586003,568206,422440,30808,469239,127101,522412,297158,3784,352616,8044,446609,51604,116,484107,178454,614,1614110264,4286,1799.401073261783,5523921685.402525603592099125805,1.484419776409,1.305145249724,6582025469.578494183812369852473,6436518343.192098664606166,5787109153.154011428100357408063,4434072877.6196894135517786961113,0.23961754,0.04957182652266423008234,0.182177,0.037688587573428061417,2959.516214,612.261624718374236737894,0,0,0,0,0,0,0.495146874003,3.02025127863,14.34606686023193,2.655493191293,12.613481248641278,0.000006216719150674749,0.206878956034121,502.4281222632065,38.485598534460756,0.177836469166212,0.00000555345346771197,0.000229378619767279,0.143081588708301,0.177836469166212,0.010371411005,29567492264.84824,26194298724.225165,2978622199.617711,26701225640.811205,27912311887.877734,14126090497.711204,28977989539.572207,29567492264.84824,29567492264.84824,5308339566.170655,20490305726.207239,29567492264.84824,83.9243438199,24905280621.86128,31803670758.223195,31815750116.510591,15753508226.981171,31586318697.886896,31815311885.697339,9289166386.700547,30017024365.49582,31815828904.468843,31815828858.348459,31815828140.473684,31815802084.372414,31815611547.364824,31813151359.196962,28049229483.186845,31116192061.046821,31754668826.518053,20281149779.549551,31815726145.825087,31815063055.411641,31795332527.863131,23203758108.116434,29477255053.313089,8608244266.282841,31477011056.951214,14251447937.577132,7807532085.57911,29849268293.193226,22129120974.854873,31815828906.700913,27955083812.002707,12351,0.142951388889,31604,10534166190.679716,2179297304.217752861048678589636,583178.72364365,120647.40552870946925884498165,12812.730424,2650.684294063740518797304,72.518055093558,0.05413909811503987,0.05940638994308595,,
2021-01-04,36391,12318,376353,493841,1000,207070,456378,134,65575,608702,598265,589949,572154,425738,30881,472972,127505,526371,298793,3776,358050,8621,451569,53481,118,489274,182712,649,1614110264,4299,2109.290067457548,5891740718.772439133833773354006,1.563300228512,1.374531077845,7017015463.409909557422407547882,6861478288.637813056966212,6169707937.266295506776084790924,4488591081.5037440747180889212863,0.23823858,0.05254060750162765116876,0.181969,0.040131039256797459318,3372.743572,743.817379284621491686584,0,0,0,0,0,0,0.495024245041,7.321259553504,14.9933505696224,6.437214427356,13.182897272776277,0.000006934682171300936,0.220537779824022,539.8844428277943,38.57089101755936,0.206878956034121,0.00000621671915067476,0.000208891558317914,0.16271268543536,0.206878956034121,0.010466064799,29565517378.688783,26225657420.030028,3350082623.120692,26715335229.518273,27919022856.535102,14209212107.997551,28967917612.200522,29565517378.688783,29565517378.688783,5455459521.534833,20554961004.817995,29565517378.688783,83.9636274068,24871749359.120563,31805446271.83702,31817668868.600583,15750556593.92508,31586052819.754838,31817227408.777275,9355950675.123204,30010317829.155263,31817747818.613561,31817747772.493177,31817747054.695785,31817721005.768242,31817529464.619294,31815044677.028389,28035254736.365509,31113336555.101994,31755817255.094872,20261015061.693315,31817651159.893507,31817042408.30701,31798423342.224885,23453414313.226853,29549484218.426211,8723732472.246521,31492795607.464868,14426843831.751663,7825639365.030252,29849849981.733148,22137738063.87616,31817747820.845631,27957418797.982046,14157,0.163854166667,37919,4345939054.382581,958443750.304044021498042160782,448543.54272061,98920.79706600469408491249342,13625.206613,3004.872816074602530657486,73.025359087125,0.05382924749078478,0.059425244167663614,,
2021-01-05,41671,12326,379729,498907,1002,208076,461005,132,65694,613834,603399,595083,577290,429987,30887,477763,127964,531521,301001,3789,370279,10367,458651,59159,129,496884,195563,795,1614776930,4268,2359.324742268041,6907627503.43552155433560242875,1.760487836031,1.547944388907,8234099560.48672377303186417625,8050669663.7985526155275,7239997886.66323019949666232875,4677169243.6403784487544440037513,0.23302328,0.0602971274264983687,0.180171,0.04662106612506543375,3702.273945,958.00077927608697733125,0,0,0,0,0,0,0.49359469383,4.354898473977,16.90639786220569,3.829132197955,14.865290842587488,0.0000076076434239741144,0.25876010082125,595.3937224477371,62.662641735230075,0.220537779824022,0.00000693468217130095,0.000214048171289148,0.179616731406359,0.220537779824022,0.010602663913,29530105868.475258,26206232801.519394,3695728448.982643,26695102844.341799,27895089546.150753,14435372889.085972,28925972926.027437,29530105868.475258,29530105868.475258,5878059478.892374,20590680544.777514,29530105868.475258,83.8905025704,24858276900.43042,31808862792.401154,31821285693.754783,15706856809.161458,31586568128.930017,31820839352.113144,9234239326.849658,30002003901.094187,31821364784.508407,31821364738.388023,31821364020.674576,31821337980.149535,31821144614.363759,31818628031.359421,28021962008.667532,31110668101.724835,31758542417.428305,20242432972.164854,31821278389.942332,31820756533.252427,31805547157.14906,24161064982.082664,29773096091.217315,9129853940.178153,31542705088.185849,14981518652.598054,7777959426.681368,29855914218.261179,22145062762.299211,31821364786.740413,27961253139.283363,15888,0.183888888889,43279,7307027931.165487,1890767284.17207122113835619875,533118.09153161,137949.6911143517894313347125,10587.8228325,2739.706103615232751190625,73.685811864082,0.05493946445560112,0.06528797327147312,,
2021-01-06,60005,12287,383826,504978,1008,209174,466795,134,65672,619981,609546,601231,583439,435230,30835,483753,128270,537682,303557,3756,386266,12819,467345,67674,135,505265,212915,1058,1614776930,4205,3566.806896551724,8856350573.031225741424915718661,2.106226536065,1.852089373794,10544611397.045686470717957473397,10308320967.597022898398218,9272299244.575501970062737838821,5006399462.0200381577640709791349,0.23282052,0.07713908661780242511516,0.181957,0.060286768467467884131,5611.672943,1859.283387997137241762569,0,0,0,0,0,0,0.495359218489,5.942680012507,20.8685818135408,5.225636613424,18.350580035530733,0.000009041883834965561,0.331324260498183,794.704732081415,114.91767705492839,0.25876010082125,0.00000760764342397412,0.000234903359308164,0.209933378437583,0.25876010082125,0.010755522562,29543435374.349948,26245986736.069183,4088993002.733487,26730160235.518867,27916078059.993841,14632042349.633243,28937479049.136855,29543435374.349948,29543435374.349948,5985289729.404392,20740493910.35654,29543435374.349948,83.9893500059,24846820710.157594,31812893417.222193,31825575141.629,15765131273.679466,31586955753.203104,31825124293.526345,9316914594.124434,29992451539.354651,31825654361.836253,31825654315.724168,31825653598.039914,31825627565.564024,31825433514.251295,31822874585.511976,28010375165.164269,31106916682.058653,31761621625.283108,20236031432.501424,31825576030.910696,31825141354.750389,31813649355.393916,25011517542.838753,30054350861.855555,9348096727.583823,31598541833.85346,15919752899.274525,7772064145.426521,29869115862.039314,22193120742.687168,31825654364.068259,27967250113.275391,24103,0.278969907407,62899,5355438000.546185,1774386535.174832510374200081855,398538.98262718,132045.63369864861536895641394,11429.594744,3786.902026349719238350152,74.386144184031,0.057744456623931045,0.07703830445795821,,
2021-01-07,50207,12294,386885,509818,1003,209905,471279,133,65802,624957,614526,606212,588421,439199,30843,488460,128655,542678,305401,3761,384157,11841,470663,63954,131,509510,206353,940,1614776930,4351,2851.499655251666,7957966970.90099205805197130872,1.842451928303,1.621025677431,9480491577.09767386795061673396,9267409861.95420564415384,8341124153.66645626064351255072,5145584224.7280107516037739778709,0.23293485,0.069383810089251706194,0.181969,0.05420272036636443076,4542.229509,1352.98427708112815065236,0,0,0,0,0,0,0.494238452857,5.974742991768,18.179314319887908,5.256697152812,15.994520593955619,0.000007595637758914663,0.29786788060804,718.8156177905222,111.69979766803324,0.331324260498183,0.00000904188383496556,0.000276252634807556,0.268031682437841,0.331324260498183,0.010884073261,29501801758.683045,26255923588.277321,4623044847.614843,26716431978.689118,27892328190.420313,15113914592.042561,28896819993.770884,29501801758.683045,29501801758.683045,6855892298.992692,20799114913.073565,29501801758.683045,83.9404466128,24829566586.982047,31814858796.935245,31827761641.046215,15730542950.210462,31586169751.942527,31827305110.895825,9288919695.304118,29985193501.960937,31827841112.242125,31827841066.13104,31827840348.522715,31827814324.300171,31827619105.333085,31825017329.995012,27996029679.09699,31104105017.612854,31762855371.611611,20219090787.197527,31827760631.367407,31827284993.505335,31813967271.333687,24681567445.043928,29924821879.230422,9224032707.459412,31574562089.989784,15524706156.710398,7783247441.910727,29874722520.125754,22204128614.710498,31827841114.473549,27984441853.961172,19500,0.225694444444,52223,5327064470.944465,1586761403.8226176681972724986,328351.11148961,97805.2496747043825569424644,10009.000507,2981.35976802488782827628,74.822486425133,0.05822818683852298,0.07787215507659626,,
2021-01-08,36668,12323,389259,513577,1002,210575,474795,131,65909,628832,618401,610087,592297,442341,30895,492127,128985,546570,306831,3787,387539,12041,474438,64790,130,513414,208380,962,1614776931,4290,2054.04289044289,8131994092.710486216113173568209,1.867523243802,1.642811855835,9676968538.519791672268565247741,9457542830.898382411332542,8512578730.352297858130608376176,5181712501.1092588499446301514401,0.23331499,0.07092286379960718561623,0.181969,0.055314759684968033813,3258.710428,990.579627341576458809356,0,0,0,0,0,0,0.492350618992,3.387635560238,17.751099592540825,2.980015311766,15.61518281581001,0.0000074549604330996675,0.303979027663877,742.5061876151061,104.64641984579313,0.29786788060804,0.00000759563775891466,0.000244111138319098,0.24132874435462,0.29786788060804,0.010978653421,29520467362.142672,26297961091.500742,4261666914.112142,26751826121.709917,27923969543.330421,15199952483.235014,28913452088.667826,29520467362.142672,29520467362.142672,6938680119.514927,20858790579.05037,29520467362.142672,84.0345203184,24820061483.913051,31821173737.623738,31834249880.557876,15673651851.969391,31590599268.182913,31833789995.418171,9137593194.273707,29983660932.869339,31834329533.226009,31834329487.114924,31834328769.605105,31834302755.919649,31834106713.627209,31831477893.756275,27991997874.01636,31106636416.573169,31768622842.70862,20208574673.242215,31834249353.031833,31833778460.862068,31820617285.732799,24728782981.143804,29947493144.012688,9105687928.429001,31583499326.635147,15543985651.449138,7735770463.460388,29883023435.766048,22200379037.844763,31834329535.457433,27985512862.116092,13967,0.161655092593,36903,9397211999.16213,2856555366.25662200301526737801,432814.38382349,131566.49555360454463381707073,11709.320993,3559.388010056362703869861,75.283446333533,0.05823732824697643,0.07767961053256743,,
2021-01-09,34108,12334,391666,517569,1002,211413,478488,132,65958,632975,622545,614232,596443,445601,30912,495994,129246,550723,308279,3780,395538,13259,479425,69477,136,520278,217974,1103,1614776931,4309,1920.115804130889,8941363558.506271150659137477515,2.012732520082,1.770554796235,10637009977.722797642752071089055,10395553683.428993861451706,9357134564.948000138455450903703,5284860194.5820886018695184017332,0.23613142,0.07889812983065340970762,0.181969,0.060800946299963682559,3089.071268,1032.145344989689019758748,0,0,0,0,0,0,0.491892494787,4.07872537617,18.56561805895111,3.587961492771,16.331749882989666,0.0000082765023029199,0.334128045436111,807.4128096428261,134.6714910452086,0.303979027663877,0.00000745496043309966,0.000249187500365567,0.246744280230986,0.303979027663877,0.011057936755,29513309316.707228,26318294434.288549,3233029220.352223,26760290495.327365,27922885872.83367,15191195405.481594,28894807647.142837,29513309316.707228,29513309316.707228,6895248857.819511,20874446091.74139,29513309316.707228,84.0589938078,24809267195.975775,31821774368.34652,31835050747.587729,15659461833.536749,31589534612.581731,31834586732.65501,9163845093.832977,29975217710.847017,31835130640.092128,31835130593.983814,31835129876.535269,31835103866.55948,31834906816.517001,31832245086.15763,27980643873.911238,31102307334.670996,31768637395.815355,20187036719.028904,31835058903.227952,31834615460.400344,31822962055.801928,25091977900.381315,30082704173.355543,9286968535.090038,31609593294.408011,15967577430.403431,7723042786.007927,29887194133.670416,22209932574.083544,31835130642.323505,27986314040.092677,13082,0.151412037037,34745,7805166493.512962,2607925024.780910139871721370782,365726.61352703,122199.51854175448770823658033,9386.132937999999,3136.170252777441697596072563889,75.608007580295,0.05857200803225855,0.07767729831295672,,
2021-01-10,37076,12309,394273,521790,1002,212160,482387,132,66015,637306,626878,618565,600779,449099,30905,500067,129481,555068,309866,3767,392568,12048,482029,64938,131,521631,209976,962,1614776931,4241,2096.259608582881,8151461932.529219500049214581276,1.823746572693,1.604317239283,9687636477.079221077429396327293,9467419605.457989838013722,8522040529.535933297296273089467,5311942252.3578259426877404426236,0.23359934,0.07108345721987782974338,0.181002,0.055078271726762271414,3377.612888,1027.795717357146674843816,0,0,0,0,0,0,0.492405753758,8.958386069466,16.62135326832207,7.880531989804,14.621507169835652,0.000007938996081847847,0.304296481402207,725.8421415772374,117.86106993240256,0.334128045436111,0.00000827650230291988,0.000259623757743019,0.266352422794111,0.334128045436111,0.011154759131,29517246363.961113,26346497904.413326,2959941909.788119,26787894145.101668,27939375516.677694,15251131665.777543,28894279348.52289,29517246363.961113,29517246363.961113,6994538395.906514,20899105138.673507,29517246363.961113,84.1429377724,24793769259.53348,31822614637.155714,31836096377.454633,15676316464.953588,31588166269.946115,31835628162.574653,9177993077.486828,29967753749.470538,31836176454.487276,31836176408.378962,31836175691.047695,31836149686.578658,31835951436.215761,31833258828.939906,27969705185.657058,31098006893.798256,31768852012.808591,20178854442.665196,31836095863.17507,31835616593.197048,31822063409.680978,24709391239.210697,29932956651.687316,9146087811.642122,31581105520.067221,15546723153.947579,7725055819.273889,29892576922.58508,22233576167.455494,31836176456.718499,27987392203.171185,14459,0.167349537037,37102,3553784823.499759,1081404217.451539900553446568113,228732.08639099,69602.36907256389337725091493,8909.35937,2711.08670783878367412959,75.836498486775,0.058840208066349146,0.08038696275417787,,
2021-01-11,40264,12324,396329,525057,1003,212595,485438,131,66034,640651,630223,621910,604125,451829,30941,503259,129635,558421,311065,3790,388706,11157,483696,61118,128,524032,202937,854,1614776931,4171,2378.742268041237,7322514450.048078498805582357233,1.664528612149,1.464264908729,8699091991.537912640799693114123,8500970300.939154231553758,7652481938.757730095891198725109,5226159483.2601018948585294120387,0.22843506,0.06241609060955914736538,0.181002,0.049455793837038083346,3679.860424,1005.460815230878931093352,0,0,0,0,0,0,0.491580474151,5.987272667855,14.735007988420579,5.266928548146,12.962201412345868,0.0000077470138395467,0.273233410885173,625.8785706137922,88.74843150278485,0.304296481402207,0.00000793899608184785,0.000240467646784236,0.245782900581963,0.304296481402207,0.011239038922,29511866014.66716,26369622269.408078,3241949143.455889,26799484097.958221,27945029076.97599,13259922606.430895,28889821256.803895,29511866014.66716,29511866014.66716,6873782663.640166,20932759657.240487,29511866014.66716,84.1756180665,24788426996.897441,31823871157.986257,31837504919.270646,15650735215.847166,31587654832.78569,31837033689.890623,9124154052.729458,29963864804.545247,31837585172.129928,31837585126.021614,31837584408.71954,31837558409.210099,31837359471.067025,31834643220.398701,27967212218.587469,31096003426.076446,31769596942.344876,20178612978.722984,31837501383.05774,31836974252.378569,31821267329.73275,24389831828.121334,29795891224.886335,9021596700.189626,31554658392.063741,15144668123.293036,7719848383.554459,29899395113.193558,22237696951.638624,31837585174.361151,27988800920.813837,16109,0.186446759259,41141,5317543886.934538,1452930653.758724539544085805074,275369.99380641,75240.28266315436768570135893,13415.867458,3665.663225532735425400234,76.16271898798,0.05941031195153684,0.08396948345970172,,
2021-01-12,31070,12332,398495,528502,999,213159,488643,133,66042,644227,633799,625486,607702,454708,30935,506611,129817,561999,312425,3797,393051,11492,487347,62595,130,527883,206310,882,1614776931,4291,1767.815660685155,7649458939.00850839415306745447,1.725876198827,1.518258049097,9089955688.77283477392159201394,8881874315.36881287191669,7996459073.827978102995889334075,5266864271.5803263844529753225907,0.22977874,0.0655963646826964016111,0.181002,0.05167176563113460403,2845.8097,812.4109780511236237955,0,0,0,0,0,0,0.49051849306,1.950334292897,14.181916521929509,1.715714453118,12.475871053598512,0.000008467971228833525,0.285476213694515,673.3265031246568,85.51806959921166,0.273233410885173,0.00000774701383954668,0.000252315058021759,0.224618741045066,0.273233410885173,0.011325426684,29494546383.873061,26367744735.019119,3314767558.251575,26795433637.052898,27937847398.327454,13214393466.165446,28876975642.850283,29494546383.873061,29494546383.873061,6852494602.524439,20912390080.200404,29494546383.873061,84.1528737974,24785504075.138629,31827496182.01382,31841296331.112797,15618784166.761917,31589375289.378533,31840821602.881376,9165395598.689446,29960765458.918357,31841376801.581573,31841376755.473259,31841376038.203279,31841350039.524394,31841150249.695292,31838407635.493891,27962714418.591678,31095615014.290623,31772731826.020275,20175103024.852598,31841294252.474372,31840778192.874953,31825673861.942059,24503857052.794923,29845324631.744433,9064300023.517568,31566444018.900131,15227170429.422226,7691490186.929119,29907992042.996617,22250951021.179738,31841376803.812796,27992624154.595109,12385,0.143344907407,31542,16326112359.188141,4660716740.652256172331584746615,669007.26077419,190985.65973995478705905656785,13045.356209,3724.138896841552084493635,76.793368107352,0.05941736022653542,0.08374533457221169,,
2021-01-13,26935,12354,400643,531821,1000,213871,491774,130,66170,647653,637227,628914,611131,457492,30953,509869,130155,565431,313852,3786,400321,12314,491686,65964,129,531805,213473,994,1614776931,4265,1515.117702227433,8376800206.823476953800344627506,1.874230396304,1.649183615784,9950997640.745001140514876836962,9722949375.770948089337036,8756139214.361833239111188000248,5309378004.096989894012085825178,0.23077958,0.07212082862659330844428,0.181969,0.056867054981002035554,2455.956297,767.509860319269571128402,0,0,0,0,0,0,0.490383478397,9.058467462044,15.266235563184809,7.970778913831,13.433154010925884,0.000008379048368212932,0.312509575702466,650.4774571251608,97.75025575614431,0.285476213694515,0.00000846797122883354,0.000274803024263524,0.234172637145656,0.285476213694515,0.011409802008,29500588801.911028,26376847117.459645,3070273378.656522,26804939298.240441,27945967192.809829,13213757109.564599,28868017267.562785,29500588801.911028,29500588801.911028,6524015517.024452,20924647847.850539,29500588801.911028,84.18050641,24778558188.68664,31828186365.025504,31842136046.397106,15614897001.548635,31588318109.021393,31841658558.708808,9060286483.424887,29954167979.33516,31842216731.054357,31842216684.946043,31842215967.716066,31842189971.403513,31841989615.204548,31839222035.313807,27950859140.12706,31092470516.666754,31772981491.528249,20147801505.191226,31842135995.341972,31841655746.946107,31828083600.317285,24765794592.643384,29947590258.47796,9028381217.580181,31587047267.303904,15595740866.940046,7692673613.925048,29908546783.537904,22252675733.72262,31842216733.285457,28000464144.044232,10642,0.123171296296,27691,3515188067.596026,1098529931.518805458040860000116,249585.06744999,77997.72353046773264557467534,9853.755278,3079.392881003714905115548,76.88421123215,0.05971745356767833,0.08470959458916791,,
2021-01-14,31396,12350,403425,536005,999,214683,495689,129,66182,651974,641549,633236,615453,461004,30975,513933,130336,569762,315637,3778,402553,12224,495480,65609,128,535919,213557,982,1614776932,4380,1726.554566210046,8293959467.399527796826191166858,1.845987728503,1.624964217826,9850736815.792214748768949238844,9624755359.171669668638244,8671289953.735852175105434604874,5336295937.2339719547573498463445,0.22861314,0.07072227015706867637196,0.181969,0.056292743182704327366,2821.771939,872.924965693544620760946,0,0,0,0,0,0,0.489896878449,7.450328506124,14.83419615435607,6.55828695206,13.058070527150713,0.000007922893380470096,0.309353478794214,626.2232716759111,100.6291497485936,0.312509575702466,0.00000837904836821292,0.000277065485130526,0.256924732120855,0.312509575702466,0.011520005422,29483995369.203224,26392630521.417437,1708196264.344511,26810622915.014247,27947218196.740624,13110770876.711443,28845480532.884644,29483995369.203224,29483995369.203224,6149024891.226078,20939733150.77269,29483995369.203224,84.1963359949,24765789516.18665,31828779836.731057,31842899650.107665,15599776783.796044,31586449149.426175,31842418444.039219,9039762792.056234,29945887403.023972,31842980571.926469,31842980525.818155,31842979808.588178,31842953818.523817,31842752381.010433,31839955196.23859,27944450135.734651,31086978615.113101,31772958134.282817,20136141867.595504,31842899373.978751,31842411748.874246,31828500236.00509,24725389794.689776,29927511523.134385,9007857526.211528,31582837447.342065,15545209871.903817,7707149922.383194,29914104600.017576,22268342360.310884,31842980574.157546,28012039078.266195,12343,0.142858796296,32262,4274037117.68971,1322188250.85290722870019533794,254916.49298689,78859.30390751527746450985446,9813.028499,3035.694503672414138304786,77.043390689091,0.05972706484349159,0.08447188600140994,,
2021-01-15,31039,12363,405750,539552,999,215528,498989,129,66266,655621,645196,636883,619102,463919,31010,517360,130731,573416,317154,3795,403522,12033,498419,64870,128,539353,212773,947,1614776932,4286,1736.222118525432,8106222447.011970112878799716928,1.789665498865,1.576109084224,9622025903.953795015445576265288,9400469468.960361844636852,8473853044.314343321162685537404,5376438172.4174888281637264310062,0.22594594,0.06826834741013277348028,0.178631,0.053972393423928871922,2849.404286,860.932140265805725846532,0,0,0,0,0,0,0.488811817452,4.87153947994,14.053465939781262,4.29023056731,12.376500159706412,0.000008230509266257155,0.302144607732862,629.4649450090789,80.80763513691231,0.309353478794214,0.00000792289338047009,0.000255111805344412,0.254267915227802,0.309353478794214,0.011603009025,29492090452.878704,26413848416.252023,3087802966.269763,26828949580.920544,27960267891.912978,12987538243.244268,28849233130.542992,29492090452.878704,29492090452.878704,5282222435.847508,20906423094.762124,29492090452.878704,84.2465248787,24750887829.89335,31831417491.536316,31845683018.198661,15566585831.112696,31587412665.85871,31845198194.061084,9037822924.93756,29939105912.757573,31845764104.408247,31845764058.299933,31845763341.151502,31845737354.657453,31845534893.87755,31842708182.139988,27933858961.796327,31085594417.664642,31775107370.728754,20119213384.968494,31845682372.222191,31845179659.990709,31830694327.408851,24643677227.557152,29893783606.90806,9005917659.092854,31578471547.152956,15397396983.820681,7706807856.381116,29916486920.284796,22265900183.087931,31845764106.639324,28027364041.621646,12611,0.145960648148,31409,6537104797.728281,1975150964.818221651803310470222,342871.40781364,103596.74701666641271259983768,10329.567345,3121.02307350520579859139,77.322271329362,0.0597632782309425,0.08417591852343409,,
2021-01-16,40253,12382,408252,543706,998,216080,502811,128,66274,659879,649455,641143,623364,467359,31009,521355,130872,577683,318644,3818,415874,13703,504774,71556,135,546827,226263,1142,1614776932,4234,2399.298063297119,9408601724.639939493827049346364,2.012839352984,1.772856754822,11165263959.054570953894253410936,10907589022.552575030919714,9834075232.994751632239186863605,5547021893.4768794719568493146107,0.22887546,0.08024043992091235130814,0.181969,0.063795710610340224571,3845.565434,1348.199855802864282323006,0,0,0,0,0,0,0.487095695843,3.781685042021,15.594204028300643,3.330810211662,13.734970903989607,0.000009690772241255828,0.350585597603659,674.5320068220209,114.72528016613819,0.302144607732862,0.00000823050926625715,0.000258763689966126,0.250076493475097,0.302144607732862,0.01171136971,29481490134.167685,26424672960.338541,3365313426.877768,26836817567.378996,27958294515.711893,13035112048.033665,28827827937.765075,29481490134.167685,29481490134.167685,5353910854.396226,20942264378.83171,29481490134.167685,84.2667200627,24747353571.442975,31832908116.508021,31847387729.213744,15512765083.8416,31586608953.077363,31846898600.788547,8971558978.560952,29934472737.138177,31847469019.234815,31847468973.131363,31847468256.071035,31847442272.879905,31847238534.81919,31844382028.343924,27928852369.908836,31082927100.467364,31775959509.939754,20116273941.343074,31847397096.299105,31846957444.423905,31835203441.164683,25146028035.050151,30093535907.090466,9185842746.166239,31617318390.612368,15946471624.32636,7694107220.019988,29925301824.530633,22274087050.314427,31847469021.465704,28032102848.025099,16802,0.194467592593,41537,8421502231.832021,2952457392.667377101767022964839,326921.18480984,114613.85894585400337560320456,8735.500763,3062.540755363574166091817,77.687490547004,0.06056386286478572,0.08695625073240108,,
2021-01-17,43319,12398,411083,548334,995,216834,507034,129,66353,664656,654233,645922,628145,471168,30991,525815,131119,582477,320409,3822,422981,14524,510116,74996,145,553466,233482,1222,1614776932,4252,2524.01222953904,10327877151.4943841943555837614,2.134217025334,1.880042868771,12226690665.955704580773807244731,11943967699.378411566204054,10770555347.62082817625718444529,5728888168.7382394789247862129984,0.23101096,0.08868425250624061840104,0.181969,0.069857225580587601081,3962.300019,1521.112311686328648255531,0,0,0,0,0,0,0.486648524353,3.867611923741,16.315872443466475,3.406999442929,14.372736826195078,0.000010643109037284863,0.383896298713449,754.5933613668883,133.00930600944355,0.350585597603659,0.00000969077224125583,0.000284679468534712,0.29033319126528,0.350585597603659,0.011829288326,29532811468.503975,26495557517.797218,3460840468.710127,26902778656.9086,28018266401.889951,13197778652.095343,28876092429.578079,29532811468.503975,29532811468.503975,5579378527.954102,21049471364.481256,29532811468.503975,84.4699308559,24736970753.536745,31834163636.203761,31848859714.357183,15499240264.235581,31585329938.503533,31848365034.597523,9017422463.066678,29927481202.384782,31848941253.340156,31848941207.240867,31848940490.289925,31848914515.470613,31848709461.906804,31845820119.157126,27915049419.52619,31078776775.170904,31776576545.819659,20103233705.181036,31848874616.058954,31848454529.705452,31837628146.506609,25355311456.78209,30178177812.085426,9469717473.699639,31633719668.011139,16158600665.798192,7685264664.761974,29931040125.868472,22284630300.683117,31848941255.570819,28033577740.342008,17152,0.198518518519,45107,8234782052.476944,3161302350.657837552510935219856,306280.99088552,117580.13876723873647124335848,8658.8689545,3324.1077426773418377190705,78.071312609246,0.06083359876084969,0.0877007689947246,,
2021-01-18,36073,12397,413811,552717,997,217667,511127,128,66486,669137,658714,650403,632628,474797,31032,530071,131456,586966,322175,3814,424179,14233,513796,73755,138,557289,231978,1190,1614776932,4323,1993.402266944252,9942077441.026294176856280535612,2.037483034317,1.794891502525,11793858402.276772366764028197684,11520668974.482478629087592,10389630672.591662707376238624092,5788444960.5875659401745647987066,0.22770519,0.08431715266748734445988,0.181002,0.067023387860068294104,3222.256175,1193.1720389914205179961,0,0,0,0,0,0,0.48630796625,6.347931650669,15.351842169278415,5.592119485899,13.523985522153643,0.000010118813731932245,0.370290868941052,781.7123970386955,124.63406005335436,0.383896298713449,0.0000106431090372849,0.000309082994396525,0.317683237432093,0.383896298713449,0.011940993737,29458939989.778962,26441302567.26093,3498849684.43568,26849372412.175281,27956282512.797678,13216711045.26266,28801262415.471478,29458939989.778962,29458939989.778962,5695389659.805724,21016437653.195736,29458939989.778962,84.2987689178,24714346947.898596,31835263758.635117,31850172748.780698,15489032474.006352,31584110375.759042,31849674211.93312,8964479728.513076,29920247286.899201,31850254463.953004,31850254417.853715,31850253700.986702,31850227729.730554,31850021643.679163,31847097610.9409,27902891327.701769,31074855710.855942,31777086142.271049,20078057107.938475,31850186173.294648,31849752775.864631,31838327823.994075,25256511397.796861,30134572608.501785,9256406971.241142,31626344600.498724,16059902963.987317,7684877206.426615,29933749989.842201,22288269827.679822,31850254466.183667,28035705455.954652,14151,0.163784722222,36530,5017422401.33051,1857905700.83297428839955909652,236785.14670385,87679.3777253030913177514502,9300,3443.7050811517836,78.281422940824,0.06091517319179334,0.08835132647715471,,
2021-01-19,33197,12396,416195,556787,995,218339,514938,128,66517,673318,662895,654584,636809,478141,31005,534035,131681,591153,323646,3820,426947,14267,517723,74016,140,561385,233113,1194,1614776933,4290,1846.184382284382,9982690526.463591497107526081238,2.034933272969,1.792872982474,11836656298.356818241560843310393,11562282624.313180394009566,10428657077.880649809841539258589,5816729450.3416204059659228748998,0.22754132,0.08456081474957122780772,0.181969,0.067624846771411569349,2994.898853,1112.989443421688651551913,0,0,0,0,0,0,0.485630426796,2.998521395871,14.608647938920427,2.641839941113,12.87091353219729,0.000010251776352865306,0.371628391492021,746.2647373683232,129.42298793648823,0.370290868941052,0.0000101188137319322,0.000295722527714436,0.306276178937526,0.370290868941052,0.012031824781,29450698640.969326,26457374246.11857,3196182051.968516,26862023341.071678,27961579001.457701,13172004330.234096,28791264870.728497,29450698640.969326,29450698640.969326,5603482117.23988,21047779649.052672,29450698640.969326,84.3370819836,24706401620.426326,31835569547.203418,31850703935.000317,15467710706.724877,31582390946.787384,31850201803.962733,8965634057.089781,29912744181.662614,31850785807.84907,31850785761.749781,31850785044.882768,31850759077.254252,31850552180.80632,31847593561.922286,27892026145.444223,31070561806.575877,31776823181.11128,20077851957.278266,31850717428.773889,31850283544.984568,31838742081.172517,25257744211.308997,30133347148.586464,9312101188.817847,31625902425.13853,16054845905.219467,7672346495.175733,29938337835.899315,22307078783.455257,31850785810.079733,28039736803.86854,13162,0.152337962963,33508,10622163928.508515,3947497694.916186177518053058815,405392.28380349,150655.28235316786575386695329,7299.487498500001,2712.696797783671423627859992021,78.604479641504,0.060913555174892886,0.08806872554232857,,
2021-01-20,32814,12367,418286,560222,1003,218997,518085,128,66495,676841,666418,658107,640332,480918,30935,537339,131922,594681,324973,3806,429482,14273,521031,74215,142,564857,234232,1204,1614776933,4333,1809.368105238865,10037332238.424913440455935772664,2.032914518617,1.791035478296,11905231813.740243077569899568256,11628448604.232371402246704,10488730519.888726180157705962976,5856238275.0054232033344917365827,0.2250073,0.0840976171912224609352,0.17879699999999998,0.06682628368474712005289877517552,2926.44491,1093.77359655611825696984,0,0,0,0,0,0,0.486875261435,2.970014102084,13.956720568784174,2.616637629943,12.296130245730577,0.000010523722644489386,0.373755061241224,714.0270351507486,142.89008006747736,0.371628391492021,0.0000102517763528653,0.000268113631712593,0.306302735058995,0.371628391492021,0.012095221154,29436903336.253027,26449987943.285005,3014889721.594797,26855374760.923311,27946613842.646715,13193663417.869095,28772088556.463239,29436903336.253027,29436903336.253027,5485534628.142588,21063725750.115728,29436903336.253027,84.3102628782,24705251400.286384,31837648450.703697,31852949671.071116,15508453136.413274,31582841442.111407,31852443579.115143,8946826862.364809,29906340319.176034,31853031697.737481,31853031651.638192,31853030934.771179,31853004969.842511,31852797005.477749,31849810456.920773,27882848351.058161,31068740047.855428,31778449267.167161,20083349631.680817,31852963262.463067,31852529732.75256,31840943765.048633,25266207166.151903,30132985085.179524,9350492550.355046,31627605753.563271,16099770846.750234,7660153812.474919,29943549392.411623,22338595914.115725,31853031699.968144,28040792881.715055,13006,0.150532407407,32812,10724875574.70288,4008476527.22758235690780752512,412064.01317943,154011.01048118239311042482232,8704.6566785,3253.409489956596991114484,78.947700441204,0.060888880623176475,0.08691214110173781,,
2021-01-21,32909,12335,419802,562895,1004,219275,520505,129,66451,679601,669179,660868,643094,483045,30897,539909,131878,597449,325854,3817,419551,12309,520473,66335,128,562882,219017,1003,1614776933,4328,1871.925369685767,8404017920.272664871033453993336,1.733844606602,1.527751628794,9967266862.409763774937434129744,9734982486.945297321004944,8782510338.982781271077263973952,5748650614.0505012369033875693344,0.22827712,0.07142707471471644000768,0.181957,0.056933678828021219448,3187.889976,997.479096889112666144064,0,0,0,0,0,0,0.48709395449,3.061875829485,11.236490702427172,2.697926773742,9.900868224982167,0.000010085963031618571,0.312896337200664,588.292952554313,100.01593475453794,0.373755061241224,0.0000105237226444894,0.000273248110597327,0.308235854551117,0.373755061241224,0.012151197093,29431705214.776467,26456928649.501725,3086180861.443028,26858792900.739749,27936960861.884311,13092586084.772998,28759353629.521689,29431705214.776467,29431705214.776467,5577460855.797678,21071807473.644442,29431705214.776467,84.3161724902,24703894280.439381,31839329716.69966,31854770938.980669,15516306374.49756,31583095344.410312,31854261018.586855,8980510793.010195,29905056291.206911,31854853114.882827,31854853068.783538,31854852351.965655,31854826391.41725,31854617607.156772,31851607080.193465,27882390270.505762,31067258059.095169,31779750453.643178,20103173882.35799,31854770897.506584,31854259997.420956,31839249652.818621,24695601728.724407,29901355355.105715,8948605527.165489,31582272127.595881,15513115449.011122,7644883225.681077,29952078875.795544,22364691364.506253,31854853117.112846,28044116753.873068,13965,0.161631944444,33149,10403705078.554327,3255281212.395595249683224473128,390437.05900739,122166.32567081184893908890696,9996.401961,3127.837558782434860102104,79.286317471644,0.0612297332282996,0.09479678720943156,,
2021-01-22,31264,12356,421900,566077,1002,219834,523468,128,66487,682876,672454,664143,646369,485714,30909,543005,132085,600728,327206,3826,430060,13695,525536,71800,133,569197,230448,1148,1614776933,4340,1766.176036866359,9427020965.095040822194219667652,1.84267018718,1.623490453968,11149615317.886260382740065501136,10889070962.834895139076316,9823404188.08516019979088465119,6050792700.4278260341462315173366,0.22723478,0.07952999166726131401788,0.181969,0.063687403194616044474,2882.700454,1008.917486512541816248284,0,0,0,0,0,0,0.485637205177,3.351582414014,12.083339335581396,2.952922390938,10.646064716222645,0.000010610130876606851,0.349990400533146,712.6848680270181,151.89351195789618,0.312896337200664,0.0000100859630316186,0.000276240730408397,0.257305682172727,0.312896337200664,0.012242138638,29500235247.674722,26534334136.912475,4110975788.402417,26935084364.413162,28007292240.762281,13134082889.726449,28822982609.163474,29500235247.674722,29500235247.674722,6552475238.231695,21168951893.76306,29500235247.674722,84.5501902651,24700151311.248293,31841255700.604809,31856835158.658973,15470904383.44876,31583112847.714987,31856321817.278676,8948863234.873961,29900322149.346367,31856917504.369797,31856917458.270508,31856916741.452625,31856890783.700242,31856681232.968166,31853648381.73925,27877146807.490343,31065667218.806293,31781217078.573117,20089433965.546932,31856844524.43957,31856383859.372171,31843716064.809333,25104335245.754498,30060484825.474235,9101575226.779912,31615141825.931557,15911303231.4117,7653685200.201122,29956227799.550361,22365753810.521688,31856917506.599816,28043331337.698981,12686,0.146828703704,32032,9505037791.52194,3326671983.73745326777475622324,388832.43438153,136087.61944946989437277519338,11207.540889,3922.531724732721194806794,79.632113913582,0.061725283380380164,0.09222677407575272,,
2021-01-23,24492,12309,423351,568683,1005,220083,525858,128,66428,685578,675157,666846,649073,487786,30890,545532,132153,603436,328048,3830,430884,13570,527747,71349,134,571728,229941,1139,1614776933,4267,1394.119990625732,9313684892.188725935929223494491,1.811741755928,1.596245735598,11011160239.239332458358479240965,10753639108.863901651343154,9701447526.036886230215242028814,6077665430.6325014079938868546647,0.22719343,0.07852655234460804880557,0.181969,0.062895296768027059731,2356.677438,814.555923533809008355962,0,0,0,0,0,0,0.486314034933,8.505427910739,11.761422087926674,7.493757312556,10.362470142880621,0.000010788936838578048,0.345637425979299,671.1676446638697,126.07721030891608,0.349990400533146,0.0000106101308766068,0.000283307689469707,0.287632648295623,0.349990400533146,0.012298159711,29502880085.656862,26544367144.210226,3939304790.010229,26946401610.879209,28017016914.616562,11290291601.329924,28826731018.44808,29502880085.656862,29502880085.656862,6490851887.737795,21175356887.182278,29502880085.656862,84.5840464568,24691025862.816532,31841738205.495238,31857463606.152852,15492771797.099305,31582126649.648322,31856946936.853712,8950827314.071948,29896334074.81916,31857546118.654632,31857546072.555343,31857545355.78146,31857519400.915342,31857309131.340956,31854251557.691369,27876357414.258745,31063701970.903902,31781313421.899893,20114378610.283754,31857472758.580013,31857003853.207518,31844018943.432105,25072948849.406887,30045271769.455511,9134497569.39104,31611989788.20821,15898633394.944836,7655649279.399109,29962221184.1842,22395177629.052874,31857546120.884535,28043970899.534285,10373,0.12005787037,24315,3745554774.576647,1294603911.149145779402110830453,212987.99451624,73616.62218908624432375931576,7864.303792,2718.197719786120439201808,79.750636830961,0.06150898043774926,0.0917176991730228,,
2021-01-24,24498,12305,424878,571175,1004,220498,528141,129,66501,688125,677704,669393,651620,489776,30887,547926,132343,605987,329004,3824,433397,13705,530289,72034,134,574339,231603,1161,1614776933,4336,1381.503459409594,9488649965.47458217762847787867,1.832914063777,1.614920386677,11205504548.40070657366448357859,10943164545.50995071447702,9872802056.48007797296251314379,6113491499.6010442377005755850456,0.22942096,0.0806940154100367758352,0.181969,0.06400378278492506553,2352.023639,827.27503088748636839343,0,0,0,0,0,0,0.486199288917,4.519367640166,11.64302046745079,3.981866406737,10.258282964250261,0.000010917801944705635,0.35172904607337,713.8456368390185,123.8227393307499,0.345637425979299,0.000010788936838578,0.000280376501389557,0.284023249241314,0.345637425979299,0.012360489157,29510039134.12222,26573048979.164285,2730551303.873614,26977157762.214691,28036265198.036699,11336460172.974418,28833691974.814094,29510039134.12222,29510039134.12222,6342203770.504825,21229891547.690183,29510039134.12222,84.678471411,24683286669.378022,31842419679.641744,31858260263.794029,15489503651.202645,31581437473.382987,31857740776.200985,8976148724.547995,29892109850.229888,31858342871.344604,31858342825.245315,31858342108.471432,31858316155.52774,31858105154.368984,31855024571.174372,27868829782.917345,31061635033.966771,31781634639.285669,20103545516.30395,31858269757.837954,31857805134.75317,31844984119.998365,25105152200.995932,30058612522.260231,9128860716.453946,31614886409.777451,15961724954.532153,7641628656.53446,29963483916.152065,22402462934.375244,31858342873.574507,28045033717.174333,10252,0.118657407407,24371,7049292159.910203,2479440806.89770171262894959411,342072.10617402,120316.6955928965950149078474,7667.4369305,2696.860277392493150590785,79.975247230778,0.0613205935959924,0.09173480915148371,,
2021-01-25,27290,12288,426978,574371,1009,221209,531118,128,66627,691384,680963,672652,654882,492438,30915,551018,132666,609254,330364,3808,434314,13509,532747,71320,133,577387,230839,1139,1614777162,4301,1506.692862125087,9285330423.442136681716613276058,1.789642052453,1.576974455072,10968173920.444174619574754828584,10711104968.033207814359844,9664798649.326823674420051829724,6128697023.7473687035017779304154,0.2269616,0.0781361420977128635424,0.179009,0.061627485269620420326,2582.596092,889.111176628601153334888,0,0,0,0,0,0,0.486717985062,7.959987787252,11.237399141835137,7.014082724517,9.9020311708876,0.00001061916841857861,0.344270317523814,674.7380552173898,117.5938226172622,0.35172904607337,0.0000109178019447056,0.000253547696447336,0.288910810650745,0.35172904607337,0.012436259748,29496417743.023979,26567772112.030459,2904216906.29257,26971045573.221247,28024691970.843556,11320467149.366791,28804798956.922792,29496417743.023979,29496417743.023979,6104111748.824575,21248223696.484608,29496417743.023979,84.6570312505,24666007251.426758,31843136328.159254,31859108606.931972,15506441417.196611,31580487837.559505,31858585824.653662,8940013012.11422,29885981872.163735,31859191342.912653,31859191296.813364,31859190580.212546,31859164630.594242,31858952724.473935,31855847679.893701,27858215738.691166,31058557800.892184,31781912404.655532,20082237855.120075,31859117676.173076,31858635246.05068,31845361060.688702,25036617928.062006,30028287785.080022,9092725004.020171,31609708785.676948,15900685275.30248,7643893273.452771,29963348774.065761,22410556970.607396,31859191345.142556,28049148348.746367,11379,0.131701388889,26914,4002417113.775799,1377913410.622341506693639377386,208705.60610718,71851.14528351891293348638452,7980.374337,2747.406006957886631961318,80.103163722368,0.061115935178043854,0.09209173166035778,,
2021-01-26,26161,12306,428848,577306,1006,221897,533826,128,66689,694376,683955,675644,657876,494879,30914,553849,132942,612251,331634,3800,436422,13545,535665,71567,133,580350,231818,1141,1614777162,4160,1551.417067307692,9304953053.20977016418384061579,1.789596005181,1.576943076889,10993234326.35909854713361476156,10735113724.70992481618202,9686937562.09644678603360158526,6142858105.702406616096505886561,0.2252006,0.077703663959340018522,0.181969,0.06278694651354012303,2669.753125,921.17694037847984146875,0,0,0,0,0,0,0.486478482884,9.124200286304,11.130605676818583,8.039995860505,9.8079854407477,0.000010570932510953116,0.34504199349087,621.0605511086563,121.79862644473107,0.344270317523814,0.0000106191684185786,0.000259707562881169,0.284016288232186,0.344270317523814,0.012504069191,29488296692.839151,26470983439.860638,1701919856.759214,26967595912.223317,28017978453.421719,11276344935.388095,28791390555.683989,29488296692.839151,29488296692.839151,5879452471.437127,21239153237.01114,29488296692.839151,84.6425426492,24662947409.489329,31844375463.142099,31860486399.289035,15499481390.558899,31580290515.546379,31859960588.371691,8944319697.362311,29879665249.055437,31860569243.669685,31860569197.570396,31860568481.050458,31860542533.47939,31860329838.067138,31857202906.784009,27848290978.366293,31056159039.221936,31782796108.621604,20063756141.847409,31860495549.862671,31860016112.230115,31846669803.741329,25038615279.940922,30027389803.808857,9097031689.268262,31610363255.466247,15908579607.670095,7647699958.700862,29964169703.793929,22415001554.064575,31860569245.899588,28050526825.775873,11855,0.137210648148,26050,3491875259.876273,1204843600.68915897814755512751,185647.91503031,64056.3266894818098587582697,6959.132128,2401.19282241148029167136,80.214544932887,0.06111467059316798,0.09185086553446288,,
2021-01-27,25910,12320,430435,579958,1005,222226,536260,128,66724,697092,686671,678361,660595,497043,30932,556400,132954,614976,332586,3804,430125,12294,536176,66588,127,579945,221905,1003,1614777162,4392,1386.948998178506,8433151824.59848178288789885388,1.625387049644,1.432254836887,9962059075.081828286024012738544,9727737268.135714601704272,8778344394.191826082002170868864,6129038051.129229179239195043411,0.22557014,0.07052754167413308304848,0.181957,0.056891306182636732824,2452.624152,766.845966807332358560064,0,0,0,0,0,0,0.485935069226,9.634022952118,10.007456211680216,8.48928627484,8.818347339021535,0.000010298894486770545,0.312663465448632,491.68775080393493,77.57624425193056,0.34504199349087,0.0000105709325109531,0.000253362885863613,0.28361902919604,0.34504199349087,0.012576987624,29487863429.973965,25984582364.130023,1573436626.368145,26971977082.445465,28019492020.464699,11253782285.549571,28789798829.521294,29487863429.973965,29487863429.973965,5826575309.221533,21227363293.834639,29487863429.973965,84.6526984134,24657810182.931318,31845588841.277144,31861839433.069548,15482825469.684008,31579976522.200989,31861310491.476627,8949594994.399218,29878803382.459094,31861922403.023139,31861922356.932287,31861921640.478539,31861895696.037895,31861682158.916353,31858534733.595219,27846234125.40753,31054189696.401267,31783602333.791522,20054173544.726016,31861839391.579432,31861307807.606991,31845489902.899818,24649511034.661596,29874461889.633335,8917689728.554512,31578951708.920091,15476436956.231384,7649975255.737769,29970408843.746073,22417600420.512911,31861922405.253042,28051879985.129327,10873,0.125844907407,25544,3307229239.914689,1034049755.184771835498791755448,179403.06107647,56092.78278826169426540888904,6694.512815,2093.12957622817664821908,80.161889422987,0.06158849500405707,0.09269855364862456,,
2021-01-28,27067,12336,432388,583033,1000,222759,539158,130,66765,700262,689841,681532,663768,499677,30955,559401,133219,618153,333854,3809,440798,13647,541256,71992,135,586169,233523,1144,1614777162,4310,1511.835034802784,9447572293.55535783425570131782,1.787641011856,1.575737206451,11107495881.780326694031541975963,10843136695.417862726432002,9790832955.466799910538094142953,6213493541.552522378667833390379,0.22686021,0.07906396084304562989127,0.181969,0.063418745361507733003,2593.465897,903.859192090945392045139,0,0,0,0,0,0,0.485295297251,8.540088068593,11.015467725380443,7.527761125865,9.709713654041824,0.000010399899022973887,0.348514007119387,548.582449960528,83.4868384854598,0.312663465448632,0.0000102988944867705,0.000250946216960528,0.258443730763827,0.312663465448632,0.012658464949,29619520824.941027,25891016619.429165,1695498083.642133,27108156632.33586,28156348936.151019,11337091814.004306,28919173945.151807,29619520824.941027,29619520824.941027,6002623595.153876,21354583898.124728,29619520824.941027,85.0558253103,24655523808.620157,31854523711.52986,31870933940.587824,15466854719.041726,31587156301.51787,31870402444.666246,9017817328.574901,29880403058.946499,31871017101.468146,31871017055.38278,31871016339.080976,31870990397.177002,31870776135.200907,31867608530.40312,27845940286.793616,31059957886.649873,31792108953.262324,20046539327.622625,31870943358.561976,31870465467.840401,31857063089.558298,25052021180.134795,30038218222.566273,9167529320.145714,31619684564.706937,15901420176.72798,7650677513.66674,29980306969.027338,22424583337.513429,31871017103.698049,28068947412.264734,11432,0.132314814815,27216,3731930730.422516,1300630133.151531868294564917692,202094.01242436,70432.59408484888587182706732,5667.647484,1975.254535588951818172308,79.903269644688,0.06201491525092381,0.09357734819628959,,
2021-01-29,32616,12313,434496,586661,995,223324,542530,130,66787,704008,693588,685279,667517,502646,30966,562958,133357,621908,335113,3799,443097,13640,544652,72092,135,589816,234282,1140,1614777163,4312,1797.352736549165,9467258902.82975634284034479204,1.783304776622,1.572050476632,11127585070.824089267169573107838,10862377214.094924293762702,9809386283.079829290516219335319,6239867249.1094270417217789408795,0.23153972,0.08083802394127564222564,0.182221,0.063619259626828557977,2863.451693,999.723833618785883954041,0,0,0,0,0,0,0.485231190055,6.935309259717,10.854582637382691,6.113736905913,9.568724332728266,0.000010218664699589054,0.349132425059837,521.5766481162101,90.1928409627156,0.348514007119387,0.0000103998990229739,0.000259741077481049,0.287204229100494,0.348514007119387,0.012733462314,29620575547.99135,25605928164.956949,2938793687.356972,27116527206.56692,28157348916.798868,11318130485.83292,28913099466.094745,29620575547.99135,29620575547.99135,5954044477.810045,21364876908.294963,29620575547.99135,85.0791869267,24648225254.568465,31855406951.240155,31872020953.426122,15465339105.725679,31586236848.031558,31871485743.942673,9039018071.789411,29875053286.964548,31872104311.533009,31872104265.447643,31872103549.230485,31872077611.195305,31871862706.732108,31868663546.104483,27840947132.431444,31056587883.244158,31792480868.978617,20050950942.041344,31872030427.310304,31871549459.310162,31858002099.206346,25049231060.830275,30035097873.919519,9188730062.190675,31619333279.803667,15902821744.772427,7653263240.496197,29985506567.38585,22450097128.818789,31872104313.762774,28072327393.472502,12367,0.143136574074,32751,4595628416.873629,1604482893.856989628900792338473,224752.39296686,78468.34799452128537345800182,7220.840774,2521.029650397570399393838,79.938487656657,0.06167466614118709,0.09308657604974058,,
2021-01-30,33155,12300,436624,590330,989,223932,545957,130,66858,707756,697337,689029,671268,505643,30949,566552,133545,625662,336499,3774,447706,14019,548781,73746,136,594665,238274,1165,1614777163,4276,1833.033442469598,9878275482.681351555718751885076,1.848303311394,1.629640210561,11614386635.45924007508059189834,11337272114.965782515950716,10240349278.96733647870743402051,6283809894.112649839816261548438,0.22513094,0.08203686582152101275324,0.181969,0.066308817600443356074,2986.36193,1088.21902909439514258378,0,0,0,0,0,0,0.485695276877,6.855802521028,11.136236982999257,6.044728370641,9.818767011862668,0.000010608358358447597,0.364396230129546,575.4710667346895,100.55855379605448,0.349132425059837,0.0000102186646995891,0.00025237110027634,0.287763622299394,0.349132425059837,0.012817482171,29634502735.500862,25418308757.346431,2921995795.386864,27108610534.114306,28173430879.32743,11297835895.749928,28917319502.405014,29634502735.500862,29634502735.500862,4936695195.910369,21393319350.140593,29634502735.500862,85.0520633825,24639131057.207724,31856059963.239844,31872876955.526821,15480546356.525006,31585012938.280816,31872337842.365669,9082614706.27131,29869446716.359152,31872960459.875653,31872960413.80021,31872959697.640012,31872933761.398194,31872718105.905629,31869487203.538092,27830479054.568615,31053002574.777207,31792698562.523624,20029815640.624657,31872889753.013214,31872421259.23892,31859352674.992947,25149942125.296679,30073891678.55435,9259830325.146517,31627615818.059525,16005769025.776869,7692062261.603543,29988999102.778407,22465217426.651702,31872960462.10529,28075105826.35551,13265,0.153530092593,32598,4649048796.890356,1694095855.275147125199838058376,224025.60709983,81634.08667966090693825457718,6871.944831,2504.110790074620095076726,79.985308561999,0.061723998105791135,0.09296743463231277,,
2021-01-31,35654,12303,438912,594446,989,224625,549740,131,66941,711982,701566,693259,675498,508919,30967,570576,133805,629894,337904,3766,447339,13582,551804,72082,135,597561,235335,1136,1614777163,4263,2112.825005864415,9399357569.641480359180960039869,1.757186574024,1.549315893245,11059331869.344395713566221398539,11058639592.8109404183364288393,9751041174.073925002607114187294,6293772120.0633673541238956994638,0.22568646,0.07830420636485040273474,0.182177,0.063208157914876026763,3557.947059,1234.465819274885039115921,0,0,0,0,0,0,0.485462764204,7.008775775642,10.44237363436093,6.179655514053,9.207067521498798,0.000010463896936281116,0.346960142690219,518.0381514810093,97.50230979105658,0.364396230129546,0.0000106083583584476,0.000264080395298319,0.300127619186501,0.364396230129546,0.012903799515,29591639934.715244,25187042662.805723,1787059751.298906,27090597486.967351,28153402100.044227,11219707954.754535,28870089574.145927,29591639934.715244,29591639934.715244,4981528819.549736,21398979824.81876,29591639934.715244,84.9902840487,24622955760.993936,31857798789.068532,31874850942.61095,15474093876.91749,31584966293.195156,31874306499.300872,9115381741.576434,29863917136.864743,31874934633.183874,31874934587.115554,31874933870.955356,31874907935.984003,31874691428.193758,31871422012.90429,27821910630.852195,31050676607.624914,31793954023.370809,20010341078.752506,31874860303.485115,31874368608.751926,31860347577.765412,25010248694.553723,30019341519.473679,9236287208.774653,31617376710.496915,15918239964.883639,7690865302.536468,29993582459.130208,22471547382.151466,31874934635.413281,28077092724.410343,15765,0.182465277778,36513,4547860518.835671,1577926334.550437824275520001949,190150.69765377,65974.71319059673041922747563,5328.71594,1848.85204289804446739086,80.126680798628,0.0617839696466343,0.09333292707728892,,
2021-02-01,35440,12259,439849,596625,991,224540,551698,132,66748,714257,703842,695535,677777,510544,30850,572650,133661,632175,338227,3755,458044,15228,556306,78852,151,602367,248202,1296,1614777163,4265,2116.067057444314,10921471726.686916883381762271802,2.015471416849,1.775988623827,12867588668.868928948253233840123,12867060861.7307906990007535578,11338633185.737556493587917887833,6384406427.844303689804039043772,0.22580594,0.09115185959417165472362,0.181969,0.073456051415174560237,3680.185178,1485.592994699818875010994,0,0,0,0,0,0,0.487547395661,7.106510723513,11.938777539555927,6.262099325522,10.520185459040329,0.000012024729424589749,0.403673435668573,623.353448700876,126.99136884644628,0.346960142690219,0.0000104638969362811,0.000263378069827546,0.286360120582858,0.346960142690219,0.01292555705,29548433490.463533,25082140206.439501,2003542984.138934,27055215334.143874,28116242329.419328,11167902439.804695,28828065129.63793,29548433490.463533,29548433490.463533,5103088541.38749,21374949809.520501,29548433490.463533,84.8758225627,24643491290.158964,31858935117.017519,31876149580.106892,15541174597.132055,31585070347.477154,31875602106.211422,9167961813.547563,29862452071.008905,31876233437.698076,31876233391.629756,31876232675.593962,31876206742.051715,31875989363.90195,31872695033.939216,27825808898.653582,31050249502.55695,31794722163.316823,20057388977.959422,31876166083.497506,31875731944.882101,31864081617.071806,25476463914.396068,30201825778.101171,9682820482.048167,31651877035.637569,16401413173.275208,7700334281.758183,30004419073.765771,22526154294.275852,31876233439.927351,28079832714.791534,16298,0.188634259259,35399,4485497127.93087,1810676036.31337100675057554851,191769.28060754,77412.16435853632194352484042,9333.878693999999,3767.838880520672766410226331427,80.25936216667,0.06273510176428794,0.09620947014230886,,
2021-02-02,53615,12257,442891,602144,991,225151,556746,131,66684,719955,709540,701233,683478,514969,30801,577965,133822,637886,339886,3786,465179,15825,562401,81333,149,608431,253569,1356,1614777163,4296,3135.60800744879,11593649029.387435249012444097136,2.100898847772,1.852044035512,13674310980.012191298152569747422,13673058761.9534673473403305064,12054567080.720209167781185248904,6508790746.6446345621654956190406,0.22619296,0.09702375203091619226976,0.181969,0.078054220313991154239,5030.757519,2157.905224155177750536289,0,0,0,0,0,0,0.486474052761,4.921919818828,12.37235114218591,4.338910582677,10.906826457852898,0.000012050247488695099,0.428942404002831,654.1791386556686,107.33979532074041,0.403673435668573,0.0000120247294245897,0.000294661822879547,0.334580743104669,0.403673435668573,0.01304357833,29511256559.674721,24995172019.387563,2354753442.226403,27028451655.040656,28084168705.850841,11236745061.962273,28785862465.838401,29511256559.674721,29511256559.674721,5406023206.098996,21383753432.41513,29511256559.674721,84.7841550944,24643053869.907633,31861518605.801838,31879046550.15176,15508369932.834159,31584958691.068601,31878492312.585993,9132112632.987357,29856601939.222692,31879130744.475687,31879130698.407367,31879129982.547047,31879104055.43988,31878884992.253379,31875542002.565132,27820796858.787511,31047901284.366348,31796465442.016763,20076657454.786803,31879064375.035773,31878647609.328142,31867658902.288061,25619680409.131636,30257115480.74889,9619026869.116611,31663262422.544096,16512137344.181031,7701287162.91229,30016902582.663635,22553017905.849497,31879130746.704962,28094201147.031097,22241,0.257418981481,56337,6476970759.409185,2778247408.197017737800627402735,246093.55008646,105559.95898367725109013476826,7661.686282,3286.422132516592161864342,80.620888675909,0.0628685125599125,0.09357110232325705,,
2021-02-03,43184,12243,446729,608589,998,226200,562758,130,66740,726530,716116,707809,690056,520277,30801,584242,134209,644471,342350,3789,471303,16138,568966,82806,150,615193,257645,1411,1614777163,4331,2399.109212652967,11976361739.6111160866806943803,2.147859387865,1.893453431319,14129614436.4450354767850127352,14128975081.12817056089911362,12456014154.8620182741527794158,6578463430.2761439109588874961582,0.22729637,0.100738822301073667613,0.181969,0.0806495183152466281,3843.12707,1703.292027871698532043,0,0,0,0,0,0,0.486730743051,5.381691754284,12.50137634593037,4.744250380645,11.020634810707818,0.000011794143136125981,0.4432047124249,694.4293468092869,100.96543675126998,0.428942404002831,0.0000120502474886951,0.000281427200355517,0.355659868169363,0.428942404002831,0.013195088113,29499586504.933346,24951062453.957023,2265278257.341007,27022189529.720947,28076247196.130255,11091256643.845167,28771733303.825725,29499586504.933346,29499586504.933346,5424954881.232799,21200645989.596035,29499586504.933346,84.7607115784,24628320550.885716,31862604599.613551,31880475609.350691,15517248668.342185,31582613633.396121,31879914717.07495,9090550015.907522,29845096311.932203,31880560019.657396,31880559973.589076,31880559257.884137,31880533334.419876,31880312864.709986,31876915110.760466,27806660553.291912,31041913333.034134,31796689544.530601,20076400403.943453,31880494169.45252,31880083145.747867,31869289392.386563,25679519267.093829,30278362127.376172,9626027502.036776,31668008681.706245,16630212457.471646,7709292089.183638,30022561688.854615,22580098438.004807,31880560021.886648,28095802487.268292,16908,0.195694444444,45600,5923891868.482889,2625496792.0071623510913475361,250102.29146623,110846.514166098988519761127,5729.401468,2539.2977299917398997532,80.887812685738,0.06283853876660118,0.09328832642116575,,
2021-02-04,45132,12356,450840,615527,1090,227466,569141,124,67027,733606,723192,714885,697132,525890,30970,590981,134822,651557,345023,3889,476031,16264,575498,83246,145,622156,259427,1509,1614777163,4413,2451.81441196465,11996773692.657140520297664100304,2.039458036029,1.803897880064,14159508632.055868673460300478572,14158926571.060150884424494236,12524066272.9418501073544560933,6942780082.7058048454784578328028,0.22510892,0.09997632521504527358608,0.181969,0.080816841567435770156,4077.397931,1810.871206617706346737444,0,0,0,0,0,0,0.485287865965,2.220084140005,11.973743487807596,1.963661425227,10.59075995313935,0.000011961587980204274,0.444124227574124,647.8463395779597,71.63551342133789,0.4432047124249,0.000011794143136126,0.000267068006356439,0.367746977658918,0.4432047124249,0.013387500848,29480799141.840006,24845430879.295114,4143795952.527779,27012202775.303196,28062496140.683805,11395477136.131543,28750573335.592894,29480799141.840006,29480799141.840006,6486187395.838152,21160433984.430743,29480799141.840006,84.7259181402,24604693689.020089,31863549509.648134,31881780276.083756,15471882190.928422,31580161168.678347,31881210852.379846,8724664765.466553,29833370465.52351,31881864919.658301,31881864873.589981,31881864157.885042,31881838241.171661,31881616155.614999,31878158669.80961,27788708846.698069,31035855561.85456,31796772200.159774,20043451523.417826,31881798899.990896,31881383241.115376,31870396618.39522,25657809232.176598,30270330558.545136,9284698928.536889,31666865181.604954,16598911569.190724,7638033858.182424,30022647157.261079,22536226636.291773,31881864921.887553,28126854851.946964,18113,0.209641203704,47734,14360656133.425903,6377915312.715385373598994133972,425260.99682486,188868.71173224294642429592264,4388.471529,1949.026528048159911115596,81.453669825956,0.06276646476075007,0.08970212153158054,,
2021-02-05,71551,12361,456663,624771,1093,229151,577849,124,67108,743084,732671,724365,706613,533676,30975,600025,135398,661048,348596,3915,498131,19270,589211,95381,168,635140,283968,2040,1614777164,4262,4251.289066166119,14545767828.45513652084228271304,2.339527246661,2.069331052879,17203325540.263212384802406635188,17201892907.5816564992977662744,15216482647.958585191581846572325,7353334125.4370231864159660690151,0.2255738,0.1217086716688586970258,0.182177,0.098293865150197721757,6649.690072,3587.849943888507216632952,0,0,0,0,0,0,0.483795999526,1.024665772582,12.58229802024229,0.906325286466,11.12914587638101,0.000014181773894900849,0.539551453532541,801.89045637898,62.84695021163412,0.444124227574124,0.0000119615879802043,0.00027612839554298,0.371260780814147,0.444124227574124,0.013605705266,29395289659.474208,24704428644.977838,4825987967.709395,26959000357.09544,27982231229.335782,11292479421.604991,28662382704.729328,29395289659.474208,29395289659.474208,6750177675.597541,21073147574.502149,29395289659.474208,84.5520698566,24586277121.01236,31865723998.033664,31884409813.39282,15425591054.257806,31577529757.844155,31883832558.29218,8628106057.872531,29815937595.198613,31884494845.537217,31884494799.473456,31884494083.783252,31884468173.285185,31884244399.847689,31880717875.315289,27766868639.293918,31027158539.087623,31797580753.782174,20035594491.853339,31884436016.122772,31884106202.310026,31875921527.793247,26249912038.653413,30499122514.063817,9658757180.8495,31711122529.834173,17616504585.615995,7527086428.280307,30029318388.951954,22561497836.185834,31884494847.766468,28129486665.031051,29479,0.34119212963,78519,31116970724.442861,16789206783.902670974592558639801,556979.48988815,300519.09335696455450647528915,6249.226799,3371.779402854958435766259,82.738313623082,0.06430870944369892,0.08548540933764413,,
2021-02-06,66489,12345,462054,633859,1083,230612,586274,125,67243,752384,741975,733669,715919,541113,30989,608866,135923,670363,351989,3919,512394,21170,600124,102751,193,649848,299202,2306,1614777164,4259,3803.525710260625,16892646085.691883865933057020372,2.563763772597,2.267977568256,19931972898.37137584276225940649,19930532434.0094152066648103236,17632384039.34311567664390851767,7774496664.4010254679459697959254,0.22450953,0.14033772194739339476994,0.181969,0.113746240193212415762,5989.240623,3743.789340375026347068654,0,0,0,0,0,0,0.482341719012,2.558026791399,13.723569839589976,2.26290247327,12.140256011594756,0.000015888621541462132,0.625085812381298,944.3152588735884,109.85337898980768,0.539551453532541,0.0000141817738949008,0.000313605467400439,0.448199715050776,0.539551453532541,0.013821218467,29448376390.633255,24722185231.339528,4064583185.539317,27024523275.193914,28042910028.699925,11344722154.289855,28705303220.878986,29448376390.633255,29448376390.633255,7023997654.45507,21181410249.567324,29448376390.633255,84.7515003749,24556369169.019628,31867546103.039828,31886693169.67594,15380323598.257251,31574595587.533674,31886106087.950902,8655092286.088406,29800993508.591335,31886778586.521038,31886778540.457277,31886777824.81147,31886751920.078725,31886526157.743122,31882925484.909665,27746001320.693037,31018730681.612072,31798190503.952251,20017899039.443944,31886729176.741487,31886424563.147135,31879342545.199022,26551745095.119667,30609378213.482782,10082938012.012569,31732512484.310591,18053735724.816849,7519480022.301408,30035938025.969966,22587227164.827249,31886778588.750005,28135336842.650723,26677,0.308761574074,70736,12465381010.070021,7791932815.322024102019730867258,306114.79541221,191348.01557217612182560484858,5206.339282,3254.408819621633739548036,83.336883380272,0.06513639455204755,0.08547214244365325,,
2021-02-07,73529,12295,467088,642899,1080,231774,594431,124,67297,761767,751359,743054,725310,548082,30939,617559,136283,679769,355018,3962,521366,21802,609127,105503,196,659903,306156,2455,1614777164,4226,4231.765735920492,17806663261.117230547990091504124,2.584741409574,2.286564044965,20995546356.043481194570086581961,20993509732.9609898557186337847,18573487167.535238834671190271978,8122880795.0673533795941277024652,0.22180982,0.14603449236883650243474,0.179552,0.118212913990053874464,7018.728027,4620.969371409572312981289,0,0,0,0,0,0,0.480592362128,2.195115053266,13.487734941775015,1.941885225643,11.931781512704736,0.00001688015877550901,0.658377038351307,993.7285517117847,116.58633604134805,0.625085812381298,0.0000158886215414621,0.000371255519919372,0.519150226633064,0.625085812381298,0.014020713294,29430941015.320949,24716482868.105113,3903907948.380406,27046300560.098932,28044970647.043042,11386977438.685538,28694938708.258956,29430941015.320949,29430941015.320949,7274688105.055909,21208378212.498745,29430941015.320949,84.8116212798,24534579655.526816,31870155862.231944,31889766023.16885,15326019331.86522,31572622938.671869,31889165653.017463,8586514316.648896,29790123337.03005,31889852062.812993,31889852016.754704,31889851301.468394,31889825406.16177,31889596589.913156,31885906397.57593,27728666417.557803,31012503979.665448,31799599306.983696,20031604252.562672,31889803735.577828,31889500389.480316,31882658087.083525,26639739166.455546,30641167344.584988,10072864719.856019,31740313635.363743,18237303089.580798,7504118839.84051,30048518762.679156,22625748042.641832,31889852065.041723,28138419369.008571,31643,0.366238425926,76631,14527644925.762114,9564667840.442653863873042982998,309437.69713582,203726.67459452988436885351674,7197.612815,4738.743008339113735199205,84.007728270851,0.06509082916449122,0.08561045080370884,,
2021-02-08,66006,12346,472699,653178,1074,233096,603806,123,67505,772357,761950,753646,735905,556139,30984,627507,136830,690377,358428,3951,532002,22687,619579,109051,254,670930,314093,2553,1614777164,4272,3684.945224719101,18548217464.2779030130730678895,2.596718441925,2.297419203423,21820984827.1920026455655588013,21819844360.00953303329611449,19305885755.7278146179108191346,8403292584.5501177171617243800765,0.21764355,0.14891725439333402617125,0.178233,0.121951553364605123775,5917.72809,4049.06012334897439150575,0,0,0,0,0,0,0.479628950207,2.232980347058,13.121095157520037,1.975605767406,11.608750297349097,0.000014835142035154894,0.684225442901175,1006.5120258278607,104.77941084176561,0.658377038351307,0.000016880158775509,0.000407400778395077,0.546916571111976,0.658377038351307,0.014259079185,29474102683.232063,24742704751.094,3870314483.998215,27108342223.62714,28100935687.800714,11458488743.701783,28744444649.158671,29474102683.232063,29474102683.232063,7413370035.225344,21314589462.581133,29474102683.232063,85.0017430981,24519602423.723906,31871251088.582956,31891426782.764687,15296093054.915919,31568684537.054264,31890813350.503936,8553310151.255948,29776049642.444402,31891513319.271851,31891513273.221861,31891512558.095991,31891486671.287039,31891255131.245594,31887465101.645296,27706266613.044309,31004238057.551451,31799358967.822509,19977258973.671532,31891465704.451519,31891167050.56401,31884625780.903174,26743875373.437335,30678190571.216423,10945050940.292183,31747080467.083856,18350734577.525834,7505173299.321642,30056695388.41898,22640226641.326865,31891513321.499916,28140081311.304578,27190,0.314699074074,68769,14282039411.37347,9772134741.77904920436822682725,315148.10186578,215632.3495785779358736542915,7080.768771999999,4844.842149102508337881657098825,84.624847173184,0.06512207803645113,0.08466343210474353,,
2021-02-09,74492,12363,479757,665842,1075,234957,615429,123,67762,785275,774869,766567,748828,566061,31009,639876,137594,703318,362462,3929,542593,23085,632020,111193,257,684427,319879,2588,1614777164,4258,4040.682949741663,19110307593.890424090021756525877,2.591699703096,2.293269346235,22489324327.429847831317792405365,22487941895.801570974151794252,19899712160.334990181828661765262,8677442182.2728884514963192564456,0.21668726,0.15279463003086822470222,0.175797,0.123961314456311558409,6174.06998,4353.57730943106659556206,0,0,0,0,0,0,0.479457715987,1.645435847831,12.405150324902378,1.455966363124,10.976715759759566,0.000015148588770147392,0.705138964011397,1069.4570383062994,131.7276101130372,0.684225442901175,0.0000148351420351549,0.000392433533279839,0.567552582463112,0.684225442901175,0.014518913194,29419184028.879962,24646006565.610535,3848280035.625652,27101477253.753841,28070982039.925822,11610704079.838806,28693511498.499877,29419184028.879962,29419184028.879962,7609284321.803812,21329115857.536273,29419184028.879962,84.975018883,24490989519.994177,31872531070.373645,31893377002.236905,15291567515.686483,31564303268.397599,31892746547.84978,8524003111.422133,29756032038.460207,31893464229.974948,31893464183.935791,31893463468.972328,31893437591.66904,31893203453.958858,31889281638.848629,27673325963.251018,30993629955.038774,31798783105.025728,19931507349.471729,31893417419.181711,31893116891.024747,31886563208.232157,26765015768.598526,30687758825.910035,10965050451.379365,31749248773.516607,18388763818.32482,7475866259.487827,30063322344.013679,22671184778.75391,31893464232.202545,28145515682.26065,28493,0.329780092593,76110,19382988570.623454,13667700480.134171108401051505238,357810.82872757,252306.35708101811805248811529,5276.304226,3720.527695730595903263722,85.378564866481,0.06513491771862946,0.08170851023046015,,
2021-02-10,103629,12383,485817,677873,1073,235496,626216,124,67546,797551,787147,778845,761114,575186,30944,651441,137557,715624,365492,3902,566349,27796,646694,128174,288,701644,350868,3393,1614777164,4300,5951.419069767442,25233259300.97066815740459341545,3.09766157349,2.741045480483,29667186603.962872315213442110445,29661029905.9811297391198079878,26251772774.457040715887139500377,9577284638.7921389585915919068114,0.21754238,0.20231541228672855854146,0.178525,0.166029069731094308675,9850.536734,9161.044393210989999279778,0,0,0,0,0,0,0.479950837714,3.040201907465,15.455458934783675,2.690200817781,13.676160179836398,0.00002063094954745478,0.930004591687967,1363.1178652271785,240.37001136687624,0.705138964011397,0.0000151485887701474,0.000398196236154763,0.582438161549835,0.705138964011397,0.014765018378,29421241070.522692,24616804951.118497,4330939418.231946,27132402921.98135,28092066957.964123,11783560251.003157,28704947785.852806,29421241070.522692,29421241070.522692,7768777557.448924,21428997310.12782,29421241070.522692,85.0544395659,24512455910.625952,31878394478.196456,31899955467.204387,15310452432.65835,31564253185.984263,31899307397.79143,8580191224.671786,29749969894.345339,31900043147.147783,31900043101.108626,31900042386.687549,31900016523.05941,31899778725.999961,31895728999.830828,27676212553.361331,30990403654.823802,31802815483.751714,19906263343.140017,31900002500.048418,31899730979.853767,31894830770.919456,27354873777.905399,30894410407.464891,11356303478.26504,31787862804.60523,19386324415.005507,7486568793.982072,30093490514.518265,22742265183.109867,31900043149.374835,28152123845.895118,45281,0.524085648148,106951,10492738351.043681,9758294845.851050696691939086527,164232.19752133,152736.69779784205265818683611,5801.166402,5395.111391005962628084734,85.857131974363,0.0681115061272812,0.0894746336368935,,
2021-02-11,94281,12065,490512,689097,1057,235378,635915,130,67156,809062,798660,790359,772636,582952,30565,662137,137133,727161,367332,3714,573784,27433,657255,127792,292,713103,352387,3235,1614777165,4335,5257.519261822376,25235220490.247343401387798695038,2.864831691337,2.537144242126,29684689849.619628083126645753978,29679308096.2800208843714428839,26289272126.879593348403766129056,10361757006.3132502156696903797144,0.21728265,0.20215719132396715280145,0.178233,0.165825861757690443969,8948.568654,8325.641764136866070460222,0,0,0,0,0,0,0.492623413019,2.287408622597,14.394643242894812,2.025768436506,12.748143750158107,0.000019426454549955252,0.930388097365193,1250.9518760107437,225.90739709081024,0.930004591687967,0.0000206309495474548,0.000531974780468041,0.768045936228548,0.930004591687967,0.014859749592,29381012452.140919,24608825796.738586,4762957437.411078,27123326880.161166,28075083846.186856,12047596347.399188,28673744345.315068,29381012452.140919,29381012452.140919,8172426905.919652,21451438474.502297,29381012452.140919,85.0108949027,24528349101.17604,31883341956.293127,31905618604.124123,15717498181.195214,31564350489.563853,31904946884.433005,9092085800.437507,29748179467.942102,31905706803.013934,31905706756.98252,31905706043.061188,31905680189.650502,31905437966.45112,31901243158.104625,27675414468.959573,30988391544.102711,31806040141.51726,20051088197.364839,31905666088.340526,31905388865.236075,31900311162.229814,27355750675.592303,30892827977.402886,11836333299.459312,31790763644.1911,19562363834.224973,7783469973.687223,30129569319.439435,22971875370.708264,31905706805.240746,28180793837.383432,41184,0.476666666667,95494,13948407158.235229,12977431997.225513243006610984197,196493.69717218,182815.39705627695429285993074,5207.9381255,4845.4036437795947213657215,86.327987450019,0.0681090915036802,0.08977504832764058,,
2021-02-12,80491,12051,496167,701159,1053,236492,646520,130,67290,821356,810954,802654,784935,591432,30599,673666,137534,739470,370425,3710,581817,27432,668656,128003,291,725353,354970,3221,1614777165,4245,4518.985865724382,25221206399.18291223597194958531,2.786362471227,2.467750900347,29624406922.870308230205728282364,29623242192.733239789016298403,26236951441.556343811141685253714,10631928626.9398313154156546097759,0.22000574,0.20426704526473468191054,0.179552,0.166707270961992362592,7382.732764,6854.589374265543207682044,0,0,0,0,0,0,0.49189956747,2.17930039049,13.394586663710447,1.930104412578,11.86295883628913,0.000019536207450683907,0.928462344958521,1248.7527923910814,197.09884661022065,0.930388097365193,0.0000194264545499553,0.000521055616441059,0.767632879434962,0.930388097365193,0.015084329958,29389026727.389389,24614285896.606485,4365090144.629721,27164490338.38811,28105091040.952301,12162834641.666752,28675017343.858257,29389026727.389389,29389026727.389389,7349584492.701274,21524098443.786747,29389026727.389389,85.1365783114,24495943096.145431,31883915126.504043,31906867080.346508,15695017715.078826,31559978682.779417,31906173316.069133,9117910761.406164,29735543200.534603,31906955711.947872,31906955665.920598,31906954952.315456,31906929104.92471,31906682389.981469,31902330143.056761,27656645984.432472,30980103097.751627,31805087440.616102,20029849629.938429,31906914942.337597,31906631990.06624,31901351641.299722,27333194047.038692,30882533332.769069,11835156839.791831,31789276623.74477,19530251673.349953,7807126381.324672,30143186107.266962,23002482202.612141,31906955714.174684,28183049569.256607,33557,0.388391203704,82813,14640916806.793642,13593539950.778246194181496523482,230181.08834417,213714.47304913256391522217257,4262.964176,3958.001715323129228943696,86.847739421983,0.06811326667474811,0.08954856199315453,,
2021-02-13,71512,12098,500527,710870,1046,237363,654899,130,67375,831332,820931,812631,794917,598212,30649,682867,137800,749465,372793,3707,586592,26976,677125,126352,292,734781,353864,3157,1614777165,4413,3848.593247224111,24726975800.493641835464888509494,2.674950649863,2.369104851773,28971081311.208774630862864272096,28968754851.6415334644058153412,25658615159.503278015413533172859,10830510578.8371157961511721466213,0.22002907,0.19976738281880865517257,0.178233,0.161820162862774100883,6616.494143,6007.204949705447090182293,0,0,0,0,0,0,0.490587896522,3.525225533687,12.586270631343808,3.122161867128,11.147194367856153,0.000019231943089777146,0.907913589867051,1179.9476029966388,193.48743495818485,0.928462344958521,0.0000195362074506839,0.000502835296247607,0.765826209171259,0.928462344958521,0.015264236887,29425923345.827109,24683406635.955103,3628894065.797019,27234944026.021794,28161184680.894348,12308869608.632752,28721688932.958602,29425923345.827109,29425923345.827109,7191091727.436117,21602883217.183412,29425923345.827109,85.350545031,24484024684.670885,31885908577.777738,31909424788.201704,15654421300.715235,31558182281.043382,31908711464.692751,9081131884.51593,29727862842.578597,31909513892.648507,31909513846.621233,31909513133.21659,31909487292.97485,31909236241.855131,31904761505.463125,27646874549.978167,30975150087.747294,31805891891.427876,19991116760.726763,31909472517.847978,31909177936.739892,31903566166.918427,27268311952.057866,30856695128.502939,11833123426.134857,31786302266.916378,19424530032.885363,7780319500.535742,30156875740.998182,23016651040.779917,31909513894.875296,28185629511.650304,30071,0.348043981481,71825,9051765224.649737,8218220659.745476077373872115587,175000.68022728,158885.49581432563529966335128,4000,3631.654359468204,87.171836017714,0.06815527025105696,0.08979480320416265,,
2021-02-14,54818,12122,502866,716056,1043,237747,659409,131,67434,836730,826329,818030,800320,601810,30685,687829,137908,754878,373946,3696,586365,25930,681435,122835,280,739077,348204,2950,1614777165,4219,3087.580469305523,23310554860.077445976582869953042,2.507190674544,2.220540793257,27272378288.120570362502241309967,27270772923.3751206570702598197,24154297131.35717778636120798751,10877664217.9700681049631121940897,0.21759296,0.18596109666078861681856,0.175621,0.150090672771142768931,5600.625209,4786.452676831541099373199,0,0,0,0,0,0,0.490204355224,7.915474685964,11.661933345964762,7.010489715295,10.328611615335845,0.000017502176873476128,0.854628277775111,1230.1638185287077,182.85405593957236,0.907913589867051,0.0000192319430897771,0.000499014620830114,0.75074498702516,0.907913589867051,0.015353412634,29424592728.21123,24715453581.571182,3468897938.375938,27275665299.494622,28187257539.256568,12363965543.454348,28733647314.344411,29424592728.21123,29424592728.21123,7057755439.549482,21654684396.258004,29424592728.21123,85.4731282098,24478393585.276812,31887491217.317665,31911302865.212813,15643103512.751904,31557880312.924796,31910579998.572592,9125585896.10694,29724830330.846505,31911392350.855508,31911392304.835083,31911391591.555449,31911365756.171604,31911112847.504017,31906567068.961226,27642175400.728779,30973299485.092866,31806774797.705786,19959431246.912332,31911349723.467446,31911047255.290008,31904938898.92815,27141032441.773129,30813707471.355048,11700051754.121146,31779466048.133797,19169882082.216481,7783539198.003714,30164907980.941392,23024981388.98706,31911392353.082297,28187481107.042072,25739,0.297905092593,51615,4031519728.016808,3445450761.971388535982652065688,128710.13229435,109999.31869492703668775592285,4955.025567,4234.704966656852881262937,87.306131966447,0.06829662882735327,0.09088373515364653,,
2021-02-15,73833,12132,507835,726231,1046,239037,668388,131,67540,847050,836652,828353,810644,609171,30735,697551,138417,765212,376680,3709,594188,26198,691183,123931,278,749573,351831,3011,1614777165,4294,4165.862831858407,23630573478.410338343464501074036,2.510799556012,2.22493520167,27615495671.160265915186525588448,27613719661.5331800711053541268,24471363428.120617116944311991396,10998685898.6940431512992470204554,0.2189215,0.189438508956251731834,0.178233,0.154229684004538681308,6850.710418,5928.099190243900418669368,0,0,0,0,0,0,0.489297987454,2.595318979488,11.249659221830568,2.299831758055,9.968841498920591,0.000017986319865670694,0.865326196633276,1285.4749150300063,146.82308758488622,0.854628277775111,0.0000175021768734761,0.000471761976836556,0.70558072977459,0.854628277775111,0.015525484135,29431157627.673753,24740534862.781359,3559553982.438523,27308283940.033011,28217465171.60532,12451521589.13004,28738706006.367219,29431157627.673753,29431157627.673753,7085152789.464727,21703988556.562872,29431157627.673753,85.5699776669,24455843398.2282,31888926569.858931,31913304022.116958,15615159354.945073,31555584159.223743,31912563056.564572,9105143999.155694,29711311250.560641,31913393789.1602,31913393743.139775,31913393029.931689,31913367198.442488,31913110381.389156,31908444709.484048,27625258665.896544,30966695656.893037,31806876752.891337,19945170875.677521,31913351360.554201,31913045267.160514,31906873611.583754,27149356597.096273,30814018033.018692,11662388901.907122,31780646565.118879,19211626682.164715,7768897322.613549,30172905347.616726,23046600611.718198,31913393791.386248,28204482546.228533,31293,0.3621875,75286,12296520791.321225,10640501568.1759969439548400831,223950.7702739,193790.4682742064130803742964,4865.294568,4210.066844027977610844768,87.772755070914,0.06812290879672912,0.08835767968994677,,
2021-02-16,69305,12116,513904,738064,1054,240581,678825,140,67715,859051,848656,840358,822650,617824,30747,708836,139044,777222,380156,3700,602938,26346,702404,124968,293,761678,355845,3045,1614777165,4194,3946.261087267525,23837309551.395499364476539109652,2.492045683566,2.209248694357,27850273369.796275306964826197166,27847966435.8386269203605438594,24689828314.73199496994620613371,11175667265.433742715796697407337,0.21835373,0.19054107984577862177107,0.175929,0.153520169479990047111,6093.160781,5317.048785407457095345779,0,0,0,0,0,0,0.489173844778,2.003742744306,10.684294541219602,1.776358303091,9.471842318532683,0.000017757812784048506,0.872625715373759,1357.0428523538626,127.3076657155039,0.865326196633276,0.0000179863198656707,0.000484090278523604,0.71410993465046,0.865326196633276,0.015744370417,29416611670.579517,24742979205.248345,4120847226.198497,27316762652.571628,28222022038.546259,12555293864.205237,28739349168.723167,29416611670.579517,29416611670.579517,7127085711.513619,21748954443.963922,29416611670.579517,85.5909356252,24424996111.896225,31890397826.774444,31915395417.139669,15612220752.150934,31552183913.997528,31914634079.022879,9072514244.253367,29694867834.723112,31915485502.195719,31915485456.184312,31915484742.999603,31915458913.982494,31915197766.410391,31910398852.323535,27599721187.857518,30958069977.54364,31806760514.483879,19914744361.376702,31915443188.167046,31915132096.14328,31908842808.346844,27139651684.154381,30810182851.553978,11720960075.052464,31781186062.263584,19230287055.668189,7468906008.579267,30179689415.277944,23075015436.69077,31915485504.421074,28218293001.994594,27905,0.322974537037,72378,15927935656.970916,13899126247.091449611918732593244,258530.9266221,225600.7347898508079048494739,4224.675849,3686.560784955867655646391,88.290545461481,0.06810240738171545,0.08768522143544197,,
2021-02-17,70858,12064,519222,748840,1056,241823,688266,141,67825,871330,860935,852637,834929,625673,30694,719023,139519,789504,383136,3702,611755,26600,712636,126578,295,772950,360651,3102,1614777166,4256,3908.771616541353,24334274891.6376564752022138346,2.488818083987,2.206638232395,28395245251.158741485825403056245,28393833786.299680644840317317,25175819073.55729149484808445282,11409128466.9852939100471592314072,0.21705945,0.19310848932763298478525,0.179361,0.159569794147610619045,6148.643091,5470.184222422925089340895,0,0,0,0,0,0,0.489513016247,2.501172629626,10.401676161033967,2.21759203128,9.222343909188066,0.000017035101511145503,0.889657139219845,1310.3939156667832,140.2590001109298,0.872625715373759,0.0000177578127840485,0.000490068496566882,0.721454093419734,0.872625715373759,0.015920138645,29413205496.163297,24724004697.242691,4178617741.837994,27352419059.97268,28228935244.664207,12694269011.990299,28740299121.720573,29413205496.163297,29413205496.163297,7103562597.231769,21846090776.31335,29413205496.163297,85.6984142112,24403762178.847872,31891392249.887186,31916973827.257671,15623819039.057735,31548840983.536397,31916193771.046519,9105227663.02752,29681002128.672734,31917065572.113766,31917065526.102359,31917064812.91765,31917038986.256835,31916771743.02867,31911852519.522783,27576365382.576323,30950469649.195882,31806348895.316883,19927956865.124272,31917022291.991913,31916706718.140803,31910408413.446811,27151207129.749145,30815514930.79865,11748504081.159487,31782878560.795457,19306380712.859219,7469195360.575342,30190445454.326338,23129483920.450651,31917065574.339121,28222924089.735323,28327,0.327858796296,72081,12760840733.775177,11352773061.250491670155406787565,209866.44633238,186709.1822623003227547620811,3241.756361,2884.051690174995106184045,88.716594184068,0.06770004953487799,0.08688241183007153,,
2021-02-18,82604,11940,528877,765829,1052,245035,703616,142,68213,892982,882587,874290,856584,638843,30689,735432,140918,811169,389454,3700,626235,27114,729441,129807,302,790783,369864,3172,1614777166,4282,4243.45889771135,24986053106.546530900692130093149,2.477117392178,2.196662662762,29073647799.491173514348415736649,29072578018.3380903255506567604,25781982231.885161191287347521937,11736887355.9612827818605621914631,0.21067898,0.19190301980752169591126,0.179361,0.163376135273186242407,7060.063265,6430.862066000373155374055,0,0,0,0,0,0,0.489093859766,2.323506981784,10.142962167205877,2.060443743872,8.99459442368845,0.00001763557758324661,0.910878815758087,1470.3649029579308,145.10474350494937,0.889657139219845,0.0000170351015111455,0.000482136289804292,0.739084990099853,0.889657139219845,0.016236788396,29477154567.001353,24833310259.51588,3871084509.176696,27430710511.970427,28296254800.441992,12823313347.493798,28803784101.81096,29477154567.001353,29477154567.001353,7072897447.999227,21938168856.088175,29477154567.001353,85.940550972,24327905271.043764,31891741794.72565,31918142474.210155,15611014740.624793,31541550859.228492,31917337802.799543,9122219563.290933,29645156207.669275,31918239061.545572,31918239015.543358,31918238302.446697,31918212481.292783,31917936269.20646,31912851833.57141,27519681504.012438,30932796551.969466,31804671606.753394,19927144690.863389,31918192023.192286,31917875717.923228,31911556016.570403,27152186865.50886,30818200926.5629,11813761110.056896,31784446760.295062,19385200787.772926,7450980652.542583,30193633485.088267,23199674428.634822,31918239063.770927,28229099418.553828,33511,0.387858796296,82774,13737096257.514732,12512829970.999868019773150637684,186201.11226196,169606.64863001273696873247052,4009.735725,3652.383328690894401558075,89.158388125365,0.06770187865795134,0.08675582307296084,,
2021-02-19,78499,11820,536645,780097,1056,247439,716498,141,68531,909498,899104,890807,873101,649771,30687,749037,141938,827697,394069,3680,638516,27457,743315,132151,302,805562,377110,3202,1614777166,4324,4081.212072155412,25582422611.619766869344660191431,2.467026965951,2.187627103435,29689696535.280585911058645548091,29686632199.4739452545753422651,26327229385.720815117849923430576,12034605598.1760705732149176501283,0.21455486,0.19955401461582106930098,0.179361,0.166820773090426769223,6878.199612,6397.302516958053562279716,0,0,0,0,0,0,0.490194528187,7.660328994196,10.21893009253492,6.792768607811,9.061598736892226,0.000016662047045215716,0.930083870464743,1496.7184849365303,148.84850184395515,0.910878815758087,0.0000176355775832466,0.000471368962161084,0.754119822954204,0.910878815758087,0.016481342568,29520518394.041799,24904890229.278416,3856180984.53613,27505500766.115617,28360869413.26764,12977837648.684909,28856264162.158758,29520518394.041799,29520518394.041799,6945845742.801702,22030464945.057721,29520518394.041799,86.1659956046,24268608166.007416,31894300507.763462,31921427048.300834,15647757419.81277,31538191440.537648,31920602640.239379,9129052669.673873,29621447036.188998,31921526086.002905,31921526040.000691,31921525326.90403,31921499513.665999,31921216124.668967,31915990350.002612,27477756427.842838,30921436033.537868,31805262801.339763,19926254027.544495,31921477332.975449,31921158537.366913,31914843468.834115,27147981447.822475,30821278075.39689,11827484106.086524,31787915268.420391,19438520332.988245,7492874502.978899,30198369107.909386,23258702748.185293,31921526088.228237,28230883385.512119,32058,0.371041666667,77486,4167122079.536523,3875773032.434417934794052308589,72939.44725734,67839.80341466577064251796362,3681.8286385,3424.4094304840150819424055,89.134749388846,0.06763730271927333,0.08665423530354392,,
2021-02-20,122873,11763,546962,800206,1055,250129,733925,139,68674,931446,921054,912757,895051,664142,30585,768153,142858,849658,399910,3690,683974,34181,776353,154580,365,852249,422872,4271,1614777166,4258,6839.909581963363,30692498899.23400501763031307388,2.73997802544,2.432234775252,35596497992.70606839774457874188,35592197747.944550697744614644,31598443305.447721581111026228,12991526815.9819335374718225401163,0.21618328,0.2410423623550950747104,0.179361,0.19998585993501536148,11047.181677,12317.50563128656793871236,0,0,0,0,0,0,0.489797514402,1.5208862332,11.263929477381579,1.350066442594,9.998810474573478,0.000019959800112448382,1.11499077243668,1794.7545449117854,256.3451021549107,0.930083870464743,0.0000166620470452157,0.000474284727181432,0.765585821091981,0.930083870464743,0.016824292372,29522386083.489584,24924471213.116901,4114433824.977402,27527132652.550291,28375830199.455921,13216960335.588466,28863916153.669541,29522386083.489584,29522386083.489584,7303341708.998208,22109327223.387607,29522386083.489584,86.2233664264,24233084285.433318,31897152647.865178,31925273383.205785,15636969084.621881,31532771777.620057,31924409881.323374,9056634046.017604,29593152485.696964,31925374514.475583,31925374468.473369,31925373755.376708,31925347947.475438,31925055227.077127,31919589656.36261,27437244349.819253,30906276545.227579,31805438955.9987,19931947820.146433,31925350402.79339,31925131410.342568,31921512453.294377,27783094656.076048,31019034222.484259,12443351186.452212,31827689899.781352,20488744884.629538,7512109211.678463,30212564479.898836,23335468166.856613,31925374516.700391,28264733233.236096,51101,0.591446759259,127002,20991296929.237825,23405102377.578591411410473421,185815.60506437,207182.6850215109744131490916,4656.839468,5192.33303553893795488624,89.819437057109,0.06881320935696598,0.08156475481898597,,
2021-02-21,91002,11760,554843,816707,1049,252273,748223,139,68909,949197,938807,930510,912804,675508,30614,783760,143676,867418,404560,3695,694879,33804,787583,154117,361,869758,425987,4200,1614777166,4251,4873.213126323218,30386490515.91855240387171101865,2.648002569664,2.352682972119,35206501686.9441664504061022455,35204145449.42539128701597816,31280081815.5062200037877353713,13295493777.1873787093639921369111,0.2196992,0.24226255875194223872,0.178233,0.19653773265462469155,7794.708066,8595.2334864831690844431,0,0,0,0,0,0,0.488113138837,3.59191147876,10.780761550352862,3.191322044113,9.578432595407673,0.00001917717233217355,1.10270114207035,1792.6744338714377,215.0661104963415,1.11499077243668,0.0000199598001124484,0.000582909501685549,0.920586614545689,1.11499077243668,0.017114849799,29534803573.64394,24953034235.982834,3904213577.09042,27556415203.186539,28396140874.462748,13368939602.08289,28880995363.367881,29534803573.64394,29534803573.64394,7374560625.453164,22161290709.625773,29534803573.64394,86.3093152115,24192621203.53801,31898411590.351862,31927407292.127762,15584237097.657641,31527583798.418969,31926511250.035947,9059587586.600323,29570236738.61014,31927509949.241585,31927509903.239371,31927509190.092365,31927483385.500666,31927182519.315357,31921492359.309798,27401394849.591985,30893599385.814656,31804720791.05797,19896301774.484222,31927485614.487183,31927219350.704324,31923377832.805877,27710763366.942483,30994901065.966967,12395391840.719964,31825616562.767167,20384620547.213856,7511374661.035316,30221452036.023264,23367202035.042828,31927509951.46613,28291869759.395186,35479,0.410636574074,92095,8888724051.320688,9801606162.9395110028361064008,108826.97441294,120003.628973209695227430329,3062.165437,3376.65332458825239249295,90.094786435894,0.0683734656391716,0.08103370647350844,,
2021-02-22,91987,11719,561700,830863,1044,253833,760675,139,69069,964225,953836,945539,927833,685512,30604,797262,144184,882458,408400,3687,704558,33511,800919,153730,358,884485,428609,4139,1614777166,4302,4739.413528591353,29935594953.12429294286877505895,2.55296798364,2.269483557087,34712928069.6916597687684500998,34708477714.298203338038220265,30858365626.7257820123854067196,13597087112.7777187625990430870401,0.22098418,0.240232469648585832979,0.178233,0.19375755206945763615,7450.923528,8099.9181040660651584684,0,0,0,0,0,0,0.487823784752,4.506624981194,10.37551775177007,4.006204291756,9.223408630580229,0.000020149382389861555,1.08710256837655,1661.176007217713,214.52108095541115,1.10270114207035,0.0000191771723321735,0.000570200295907123,0.909149719911813,1.10270114207035,0.017360775799,29495394016.982957,24981607724.147372,3529254840.097465,27537047399.151409,28368103582.39446,12606369971.776969,28844645841.189036,29495394016.982957,29495394016.982957,7566425113.200214,22245292290.099298,29495394016.982957,86.2375968199,24169360014.601131,31901735094.186752,31931499620.721091,15576995624.320481,31525026314.527762,31930578548.246445,9092335023.312977,29555201055.704073,31931603398.851974,31931603352.84976,31931602639.702754,31931576841.322595,31931270178.34797,31925393982.430944,27378060114.33219,30885140583.295662,31806216771.295293,19882014137.150784,31931578784.425582,31931305511.247486,31927252745.904413,27661653716.07523,30978312476.4738,12393573285.532679,31826017437.561977,20321846390.255173,7543407526.397082,30234118095.034513,23419292505.008074,31931603401.076516,28310986291.738833,33717,0.390243055556,90691,7085480494.677714,7702644043.9460909020404452067,93714.47591142,101877.247457367008431005201,3926.523414,4268.5336881500595435417,90.304282997401,0.06840228189188817,0.08107171917825691,,
2021-02-23,87632,11713,566480,841396,1043,254673,769787,140,69053,975492,965104,956807,939103,692646,30509,807234,144382,893733,410791,3690,681762,27707,801349,135844,303,868141,395344,3262,1614777167,4259,4524.332002817563,26154207807.859532760196655120665,2.23319159609,1.987201320137,30298727252.594169725414842521775,30295680219.9881083398126083065,26961265168.75541906289491411707,13567455343.1248840312240735209809,0.21936904,0.2081303888631874138892,0.176149,0.167124585437678898395,7036.26206,6675.7823195611018356013,0,0,0,0,0,0,0.487535620467,3.519259400016,8.811892381222862,3.131606324267,7.841245777356661,0.00001953786521537534,0.948768289559855,1511.5664809237448,169.74408288189647,1.08710256837655,0.0000201493823898615,0.000613763149811494,0.894715381598881,1.08710256837655,0.017529666239,29507589644.556595,25020017461.424296,3725888655.653035,27566486038.432823,28392174243.002362,12790176887.521968,28860805213.461308,29507589644.556595,29507589644.556595,7659322186.252531,22308124412.369653,29507589644.556595,86.3211434257,24171682924.087051,31904332217.080582,31934697098.259082,15569353395.342779,31523425137.394075,31933754900.061299,9090923821.447071,29547151583.528337,31934801767.6051,31934801721.602886,31934801008.548467,31934775214.54174,31934463421.929067,31928439463.159662,27365149004.12366,30879815851.118178,31807359748.213778,19887324246.599336,31934749595.637044,31934404334.282829,31927337423.736858,27080952712.296647,30793075150.7573,11842806457.134826,31791668199.026019,19453436593.9069,7497844269.365758,30248458512.656663,23467453790.344141,31934801769.829505,28328322972.020763,32075,0.371238425926,84458,9074296077.657818,8609404368.55910914189051969639,124085.30614115,117728.20366704985706200353325,6043.67114,5734.0435301600589660847,90.587959529584,0.06901714035254931,0.08705364363094498,,
2021-02-24,93646,11673,570827,850486,1041,256107,777518,139,69350,985475,975087,966791,949087,698790,30515,815778,145081,903726,413524,3654,716401,32880,818534,152770,345,905002,430739,3993,1614777167,4304,4851.995585501859,29092600025.17215255406889151936,2.399152554071,2.138335308597,33668439037.79469716235841601004,33666656004.092131415504629674,30008267651.70600769615074901932,14033471519.2080327319690275600118,0.21797023,0.2297909606473616419146,0.175885,0.1854234090291192627,7068.556629,7451.89110535042452960558,0,0,0,0,0,0,0.488095584011,2.804520688676,9.439564636923931,2.499634965734,8.413368431557272,0.000021268658351207043,1.05423094083702,1764.8646060999884,206.22185160185833,0.948768289559855,0.0000195378652153753,0.000606999741320829,0.780886156912228,0.948768289559855,0.017683409451,29520159654.224035,25033981017.984147,3838179694.010429,27596040770.795168,28414429312.153751,12865084197.890695,28879550278.985318,29520159654.224035,29520159654.224035,7318583105.286434,22348562604.26877,29520159654.224035,86.4091144603,24133120186.839618,31905563879.300393,31936387234.942306,15588061190.702576,31521215985.699288,31935425689.872998,9174713798.261817,29533816398.158981,31936492974.412397,31936492928.419376,31936492215.364957,31936466426.029495,31936149587.076031,31930007922.803425,27334133053.984175,30873124534.1787,31807599547.614321,19850367323.781224,31936467668.077147,31936176506.547635,31931735374.326481,27567310514.533412,30949011467.843129,12323015270.805025,31824622938.021816,20184655171.029953,7638312130.976827,30249078913.501823,23483988881.102694,31936492976.636802,28375824309.990233,32429,0.375335648148,84406,11387504861.556228,12005059963.98456142651411396056,165143.62298823,174099.5170361158371498082746,4309.32348,4543.0221466914611392296,90.980296482115,0.06936191266472731,0.08739428435505742,,
2021-02-25,106277,11684,572294,853759,1029,257383,780036,139,69476,989326,978938,970642,952939,700591,30483,818733,145736,907582,414828,3622,720884,33528,822526,155705,353,909678,435944,4076,1614777167,4317,5846.615010423905,30096735292.80936588025750605119,2.390238943785,2.134947731431,34835358021.40728977506993854564,34833286510.315146759765518297,31114742220.54887600234915164745,14574006549.4214538920291619456434,0.21804388,0.2378217378049978211036,0.178233,0.19439977766951393751,8141.104189,8879.55005148288237451283,0,0,0,0,0,0,0.488705486286,3.671690527539,9.505140242711118,3.279532944884,8.489936811913209,0.000022929340166775516,1.09070586069647,2102.121714038145,216.10814952161195,1.05423094083702,0.000021268658351207,0.00065214309311424,0.867524686245622,1.05423094083702,0.017705716662,29499843072.043801,25010634109.093877,4176470829.632776,27593814590.480977,28402674277.435915,13119107525.322436,28860928321.217435,29499843072.043801,29499843072.043801,7577808733.576894,21972472029.426487,29499843072.043801,86.3970890562,24113843054.352319,31907318925.380024,31938255053.47731,15608452466.661853,31522704053.776466,31937282465.902112,9262051121.327608,29521536901.634785,31938361454.056007,31938361408.062986,31938360695.03776,31938334907.0246,31938014900.958801,31931814265.203008,27313256675.338535,30870520401.363353,31809231434.557719,19813342717.906055,31938336913.497809,31938051519.975767,31933792412.335878,27609818559.522673,30967681172.40769,12479060133.98074,31829892443.162226,20254562244.195082,7736742115.183002,30242931325.106298,23475886937.611621,31938361456.280412,28429196503.304221,37337,0.432141203704,94191,8698543958.628197,9487552875.20164694000020036459,129012.62348463,140714.8245385129828101402561,4237.403505,4621.76083703926371912735,91.261855878216,0.06926185166912611,0.08714685240612252,,
2021-02-26,103886,11671,578532,865142,1028,259641,790062,136,69742,1001240,990852,982556,964854,708805,30472,829558,146662,919503,418914,3623,738262,36356,841400,165715,368,928806,455529,4534,1614777167,4128,5751.698643410853,33979691445.15517387263704220616,2.549685369414,2.278665898235,39361960985.00870008566922966912,39358412277.160515743124539512,35177971078.37503519594765015696,15437967938.0022743310178297054321,0.21866565,0.269467153877607029988,0.178233,0.21964098721983783816,8583.719919,10577.93291381363991720888,0,0,0,0,0,0,0.487666169309,2.508973400512,10.274184321201512,2.242281418683,9.182087219759516,0.000026655373466681403,1.23232503082952,2378.388291458521,294.1378405248888,1.09070586069647,0.0000229293401667756,0.000731298888310767,0.896981570788802,1.09070586069647,0.017912817082,29465924654.573942,25001374132.974368,4407491696.693656,27573643799.381633,28377295536.791851,13391529517.189312,28832062368.924605,29465924654.573942,29465924654.573942,7729089484.438699,21909642167.875667,29465924654.573942,86.3262159578,24079456695.730153,31909662029.700381,31941109702.766789,15576650842.79316,31520389375.27857,31940117034.831539,9248370954.247474,29501056443.918451,31941216803.631451,31941216757.63843,31941216044.706928,31941190260.957081,31940865457.806522,31934523849.10796,27275530531.244064,30860950382.854045,31810227912.622187,19790822048.352728,31941198319.190118,31940973700.794223,31937300871.730392,27818109228.921654,31036790458.212595,12606482993.392262,31844330309.744617,20627609768.550235,7862481873.244863,30240937531.365133,23493090375.368145,31941216805.855856,28448052167.524799,39255,0.454340277778,100285,12730791326.581426,15688472814.01364161411860449552,159964.99203444,197128.8637404851942256086688,4106.015231,5059.94534612855368441912,91.683906209487,0.06973787530364546,0.08446300071431696,,
2021-02-27,108499,11582,577664,864798,1024,259774,789396,135,69452,1001535,991152,982859,965161,707599,30292,829043,146476,919824,418672,3562,741130,37728,844826,170654,390,931172,463032,4735,1614777167,4173,6591.675053918045,36223963042.125355048595870364,2.558942088989,2.29600148635,41794165385.6609620484648447832,41787044729.41612397260321072,37499662950.2227926212106888068,16332595241.4071106233970092270432,0.21649526,0.283229887472097251912,0.176589,0.2310225295408785468,10737.732122,14047.6362421033330732664,0,0,0,0,0,0,0.491451106661,6.783065640471,10.736170291371058,6.086080986179,9.63298976274659,0.00002854289782574378,1.3082498317612,2561.0756201858594,275.37941231528333,1.23232503082952,0.0000266553734666814,0.000854414728363403,1.02206489551695,1.23232503082952,0.017840503006,29548187728.515435,25162017080.27409,4677153998.251273,27688872692.88597,28473695968.134108,13709909058.482371,28911573686.424058,29548187728.515435,29548187728.515435,7965436433.229448,22111864660.292643,29548187728.515435,86.6722967377,24101490610.811294,31915093734.560717,31946515913.345692,15700203685.95,31526478628.372049,31945518257.600468,9347695753.727344,29503738060.981757,31946623930.757714,31946623884.775887,31946623172.099301,31946597396.181628,31946270702.147801,31939887877.109368,27285358859.40728,30865283581.543579,31816075313.88171,19822781856.147007,31946607071.099476,31946409779.801023,31942987608.048547,27949562004.892682,31081652797.526343,12921918110.035114,31856260435.4701,20865523074.364302,7995890682.257715,30249663569.578558,23550081769.653918,31946623932.981186,28509383168.040721,49598,0.574050925926,97227,4709761872.621631,6161545177.4925630201339465172,74646.47513574,97656.238537898453933265288,5224.26267,6834.640759103817514404,91.813394151814,0.06978552989674046,0.08367767186023443,,
2021-02-28,91361,11583,582291,874844,1030,261369,797787,135,69737,1012212,1001830,993537,975841,714076,30374,838525,147238,930510,421598,3548,748534,37898,854779,171904,395,941943,466722,4740,1614777167,4145,5081.1876960193,36413548750.8892830809979887126,2.503937671075,2.249247441596,41955547824.22180433458137431902,41953574786.728094416971456125,37688002259.19869946272806101623,16755827554.6865457759774792813897,0.21742632,0.2855328847792931794536,0.175137,0.22999686901563283401,7741.899051,10166.96952651409548973923,0,0,0,0,0,0,0.491062465968,5.317834234597,10.5668659704088,4.776926033411,9.492047874905884,0.000028951835477551706,1.31323974383273,2666.204080796912,276.1437350333922,1.3082498317612,0.0000285428978257439,0.000899739262814628,1.08759664372768,1.3082498317612,0.018009621627,29559182986.746609,25204971002.957768,4510541113.513726,27728028276.55462,28501379997.736865,13663113846.826104,28927390397.433062,29559182986.746609,29559182986.746609,7783125846.039435,22180378170.768642,29559182986.746609,86.7907836729,24063041552.507029,31916078557.964073,31948016482.263657,15688525170.167596,31523946553.818618,31946992240.100081,9303966212.725214,29487564085.922712,31948125251.565633,31948125205.583806,31948124492.970631,31948098721.025287,31947766982.207256,31941231768.61834,27259189570.098494,30857750767.432225,31816093682.087959,19780317141.814251,31948108460.610951,31947909978.942178,31944412947.090688,27930348386.988551,31078116380.14951,12907020831.249433,31856900539.096716,20837950427.925163,7983954790.787913,30249158232.864706,23552893489.953117,31948125253.788974,28543894868.59817,35607,0.412118055556,83723,6007732442.266977,7889593013.49826624951589075721,97629.37872682,128210.7803097576765544448186,4355.443168,5719.74107022233401328864,92.003888935087,0.06978613665469402,0.0836430159079435,,
2021-03-01,82431,11597,586032,882907,1030,262901,804269,133,70023,1021132,1010751,1002458,984763,719190,30480,845939,147940,939437,424186,3546,753296,37696,861717,171744,389,950442,467920,4657,1614777168,4268,4210.059278350515,35923228686.89348227500529189188,2.414019232655,2.170131579538,41369381573.38929239074260606354,41367171517.551034506800414658,37189845119.67580712600413951512,17137138351.5829017149506985415106,0.21339193,0.2763048381861191656386,0.175137,0.22677146434451552274,6410.720494,8300.75012092119847964988,0,0,0,0,0,0,0.489750022538,12.787469323641,10.345998369545317,11.49555505864,9.300745197005993,0.000026087190507207177,1.29482327746002,2724.9025537936104,255.3338839426794,1.31323974383273,0.0000289518354775517,0.000921322271022661,1.08660063877393,1.31323974383273,0.018148665267,29552048822.32157,25218254704.163993,4170302004.905581,27743730988.032594,28510315590.722741,13759266770.348801,28927916135.565872,29552048822.32157,29552048822.32157,7959373109.558099,21909149271.360729,29552048822.32157,86.8353050508,24024630997.549637,31917399623.429969,31949718571.483289,15647429197.984904,31522557186.420036,31948670282.553634,9238011453.23132,29473407647.468988,31949828436.55948,31949828390.577653,31949827678.048542,31949801909.248711,31949464441.559127,31942819005.350863,27234965817.475562,30851594626.447219,31816729040.452015,19732758542.088394,31949811319.959559,31949604099.068998,31945979951.244525,27882706466.826575,31065559193.932614,12814934218.019982,31856504330.560542,20727161307.362201,7990002872.109285,30247450106.122252,23542847149.651856,31949828438.782177,28606103215.714446,30042,0.347708333333,70794,2498526301.816052,3235150014.93752357120382424104,69346.61273802,89791.6083861938276832839604,3334.3705495000004,4317.420603169758369610300984008,92.081781841419,0.06946206611725318,0.08431785694376012,,
2021-03-02,74425,11550,589220,889551,1032,264168,809828,133,70257,1028811,1018432,1010139,992444,723517,30543,852140,148532,947120,426333,3528,754286,36248,864391,167557,379,955959,462625,4409,1614777168,4155,3998.081588447653,33984411489.0116912194388504708,2.265677102699,2.038086469326,39130228910.79160164366141862,39127429965.86808582269493796,35199539241.3656622244187688664,17270876271.017276987987241160819,0.20737639,0.253964412483468979006,0.175137,0.2144823010426466898,6112.833972,7486.1091385956234616488,0,0,0,0,0,0,0.489513091975,15.838125080468,9.73467851802384,14.247161869422,8.756815588235911,0.000025352694048866976,1.2246544193554,2394.4519555766565,252.9668883174355,1.29482327746002,0.0000260871905072071,0.000828296747084772,1.0745150554911,1.29482327746002,0.018263963554,29546030882.683855,25226383693.253509,3570028751.394595,27750205243.124402,28512806070.170965,13856180214.209809,28923918994.40677,29546030882.683855,29546030882.683855,7986173010.363004,21906467311.382622,29546030882.683855,86.8495085129,23981952771.750772,31919307587.503322,31951946684.091045,15640950656.021436,31522007256.13321,31950882492.349759,9195460116.476163,29462451143.788244,31952057894.557783,31952057848.575956,31952057136.046845,31952031368.455093,31951689492.551817,31944947135.970021,27214743370.718133,30847286249.014066,31817987134.466599,19701759003.852288,31952039049.041921,31951801544.967488,31947849778.241142,27742219410.750038,31023319438.255946,12708628993.235664,31851871965.984892,20513318507.153669,7946004960.225803,30247292757.841181,23546402695.271748,31952057896.7803,28626583114.056057,29477,0.341168981481,63579,2017414165.783092,2470635173.7964512078028588968,59480.58430603,72843.160436221087508933062,3499.826579,4286.0780869498409671766,92.161253449753,0.06812298732666382,0.08457583201487735,,
2021-03-03,106666,11646,595547,903580,1030,266309,821391,133,70827,1043895,1033516,1025223,1007530,732488,30885,865213,149537,962210,430316,3512,764045,36592,877887,168617,379,971011,466901,4394,1614822510,4284,5314.534547152194,33944416954.6745205183756935152,2.24542998676,2.021853274184,39066486105.12261988879748222628,39064316587.01571534070519172,35176649153.2722471992652750294,17398220534.8057525427934686904227,0.21993809,0.2688945187694014483924,0.175157,0.21414552260634822052,7668.141399,9375.00726381605742265164,0,0,0,0,0,0,0.485038863106,10.036992962987,9.629193447044017,9.037612931524,8.67041787695465,0.000024118772798564303,1.22259186105236,2407.3279859899862,202.86656317314416,1.2246544193554,0.0000253526940488669,0.000821982527648027,1.01447143872,1.2246544193554,0.018542987758,29549700976.093718,25227688925.102214,4236030614.566518,27764307972.29132,28523844839.421382,13907012626.931371,28933261590.626213,29549700976.093718,29549700976.093718,8028753422.198194,21579357110.673096,29549700976.093718,86.8888408938,23904619782.422204,31920356751.019658,31953712138.319038,15498846843.028488,31518265257.433453,31952610789.045891,9018879501.83216,29445041159.362558,31953824777.451456,31953824731.469629,31953824018.974508,31953798253.971404,31953447609.940774,31946496806.002754,27184699068.740205,30837326080.489906,31817602488.300108,19554303203.355262,31953805903.430433,31953563504.753815,31949475105.551748,27712858107.818182,31013986303.630639,12574293712.638273,31851784317.499095,20366379308.583982,7781875624.031951,30247715746.888482,23489177037.218017,31953824779.673973,28656354610.714289,34865,0.403530092593,93696,3183605378.374794,3892250024.40354212956333821384,47787.48500507,58424.5902273602784501354652,2799.318427,3422.42392534409495983772,92.234006270753,0.06805162661053386,0.08233889210189686,,
2021-03-04,117976,11810,591215,897767,1033,264876,815823,136,70781,1038254,1027875,1019582,1001889,727286,31162,859203,148838,956569,427302,3506,751684,34832,869244,161254,365,959119,452172,4067,1614909332,4247,6141.033435366141,30914115699.27837776935478677512,2.057219054651,1.853747095281,35561960656.58728305062805665952,35559973411.043683239256120344,32044658112.90794146628915309208,17286423911.0482890879896856497193,0.22459773,0.2499448082597209523304,0.177909,0.19798700054839688232,7842.503396,8727.57265885737321861408,0,0,0,0,0,0,0.483102377623,10.539878957446,8.695910536100666,9.497418351151,7.8358300544985,0.000022958350983176722,1.11285545165448,2174.1815910566775,159.44169689670855,1.22259186105236,0.0000241187727985642,0.000771805647736235,1.01507912475925,1.22259186105236,0.018444089687,29559466304.130071,25230943893.36758,3772456573.446695,27779093550.126769,28536255034.147179,13952921221.396355,28944437812.774312,29559466304.130071,29559466304.130071,7867851243.306764,21594344027.057252,29559466304.130071,86.9302904803,23908675675.614764,31922333525.211054,31955484227.435884,15437825029.813153,31523793678.098806,31954390644.858756,9030739050.435391,29466420359.184912,31955597289.157407,31955597243.17558,31955596530.680459,31955570765.353252,31955218126.181716,31948295726.332009,27222991341.24997,30847327661.932425,31820375158.238969,19470921354.29216,31955573183.851437,31955311177.322202,31950659160.574232,27576218067.09081,30966822556.845442,12384221690.312252,31844489047.792829,20008148968.338005,7650362788.400617,30258350002.68174,23411489566.85316,31955597291.379924,28679153098.521269,34918,0.404143518519,93191,3031875168.623808,3374038810.13885056153831785984,50890.19522653,56633.4311936047052868893544,3110.7048409999998,3461.764840794832172766589669104,92.324976954515,0.06765362203548606,0.08558186249216769,,
2021-03-05,97603,11819,592092,900254,1028,266161,817991,136,70985,1040666,1030287,1021994,1004302,728343,31249,861514,149440,958986,428471,3485,756949,35848,873482,164901,371,962480,459012,4166,1614996082,4416,4930.300951086957,32568148022.99098755073374764627,2.096080218522,1.891731388237,37223291623.00753341239912083789,37220551841.237205505421774291,33594357942.27300206476210821779,17758524360.8951264043491471015876,0.22233066,0.2589615188430237348522,0.178233,0.20759839595649403161,6977.625289,8127.24813913174383385513,0,0,0,0,0,0,0.482457512271,7.35649768372,8.988086751465506,6.639305811301,8.11182972755426,0.000023867601622842206,1.16475846760417,2189.1484817531286,162.80371912822014,1.11285545165448,0.0000229583509831767,0.00072356240017826,0.931787256031357,1.11285545165448,0.018466719506,29541943152.983425,25402404320.589041,3745123715.793593,27961288909.950131,28542304206.476163,14275810744.549591,28941520255.982576,29541943152.983425,29541943152.983425,8100357049.868852,21751660885.854656,29541943152.983425,87.4940033591,23877385626.864476,31924571589.293414,31957835878.709144,15418352537.865905,31526095653.86626,31956737917.125843,9036329082.631859,29457530828.352574,31957948927.3726,31957948881.390773,31957948168.967661,31957922406.370821,31957568239.726842,31950568714.389365,27208286694.910068,30845907647.563835,31822846218.621054,19423542889.356717,31957925654.004778,31957678245.307871,31953304179.323076,27643189823.351592,30992152474.971879,12444921550.2595,31851944929.265535,20065772265.192918,7649424033.679186,30251386470.639982,23385489533.666395,31957948929.595117,28726505997.835924,31384,0.363240740741,84986,4344179839.86013,5059920253.2724136470690047421,108649.31709557,126550.2120864756636008205269,4046.7242855,4713.456377595559740070535,92.552387177328,0.0676780758053867,0.08561896536611632,,
2021-03-06,77058,11817,593266,903386,1029,267071,820498,136,71217,1043861,1033482,1025189,1007498,729984,31344,864329,149963,962184,429540,3466,756394,35359,875410,163594,363,965088,456897,4087,1615083884,4175,4210.930299401198,31674412712.57505434254291830622,1.94239499349,1.755237954846,36221868752.88580378148821230872,36220365574.546359006774275322,32731755921.74121694060126150778,18648044745.9357328133847418153143,0.22026045,0.249638343962127704967,0.178233,0.20200535756374740558,6100.333381,6913.98352654653814788406,0,0,0,0,0,0,0.482249098089,9.462452409065,8.666112879144778,8.550709649676,7.831100418523435,0.00002314408498135668,1.13337798030526,2097.0856843378288,155.1939097076392,1.16475846760417,0.0000238676016228422,0.000760862170815474,0.97675077103886,1.16475846760417,0.0185122076,29525200557.882042,25379114382.719864,4531109057.031283,27946910265.579697,28526903046.217919,15181804242.509809,28923130032.702357,29525200557.882042,29525200557.882042,8787896338.939114,21717211024.998511,29525200557.882042,87.4455509976,23845874800.970578,31925695092.525933,31959100085.15711,15412301845.194138,31526637827.503497,31957993339.080161,9047341115.91467,29451129322.815023,31959213413.173055,31959213367.191228,31959212654.856164,31959186893.442982,31958830186.636847,31951768383.342208,27195004913.022202,30844343134.946221,31823917868.757592,19386339464.024172,31959189627.312861,31958932472.993514,31954313945.242804,27579031497.001536,30974705130.720905,12369198650.325295,31850243423.782144,19977835736.562519,7647507741.520281,30247190314.584582,23367044992.364295,31959213415.395572,28747746013.803527,27696,0.320555555556,67420,3377476792.884942,3827957826.04782250217321739492,65992.01344633,74793.8949160790558380266958,3073.80893,3483.7873569276723139718,92.624072161581,0.06774587651100569,0.08614206677405553,,
2021-03-07,78035,11792,597095,912287,1025,268447,828014,137,71393,1053007,1042629,1034336,1016646,735648,31371,872801,150586,971337,432057,3460,762265,35365,883335,164139,366,974201,459252,4063,1615194959,4213,4309.633990030857,31587266461.38772575271472044292,1.933938584109,1.749208637776,36123099878.81262493983230243814,36121396778.811724014711095768,32672618898.2783113195244228131,18678514496.5980935763645517851096,0.21912307,0.2476604076905443115974,0.179845,0.2032669860873432529,6943.352627,7847.61523440700173190214,0,0,0,0,0,0,0.481720215401,10.233679646085,8.570850874672848,9.256157863675,7.752162610673657,0.000022123946544027713,1.13023429112482,2207.0357789873037,109.47664652276843,1.13337798030526,0.0000231440849813566,0.000682824314210446,0.950672859774806,1.13337798030526,0.018640513066,29517628813.757096,25350549821.948455,3786173865.243609,27947538585.076706,28526119796.886017,14195713694.544953,28918558796.690933,29517628813.757096,29517628813.757096,8336674881.259061,21669207015.122639,29517628813.757096,87.4433992857,23816377686.614634,31926729091.610521,31960604427.133381,15396124141.00439,31524885647.567888,31959475664.516525,9063533540.059986,29437364117.404961,31960718374.905047,31960718328.92322,31960717616.667519,31960691858.205006,31960331385.064681,31953131224.325023,27172357379.537768,30838206087.158234,31824204294.226945,19373152810.55945,31960694556.730908,31960428887.729249,31955697610.396203,27554664589.604752,30967952999.315037,12391888376.852722,31850394225.148831,19947974105.667784,7618861993.238573,30247766438.094758,23380940643.128173,31960718377.127427,28775755393.175866,31687,0.366747685185,73956,3123091545.019729,3529825158.50329227397650157378,55677.06377914,62928.1267123276895906522548,2897.777514,3275.16751437323316329748,92.715269608666,0.06769869539861303,0.08059033524799399,,
2021-03-08,78060,11727,599696,918222,1029,269613,833083,137,71343,1059132,1048754,1040461,1022771,739318,31192,878444,150912,977466,433772,3462,765109,34967,888815,163865,363,980110,459649,4027,1615275574,4224,4187.888731060606,31244408102.10951477071259650568,1.913078314413,1.731304859477,35732581403.59521377646651392184,35731341894.394623547033897824,32337406869.14835697010461737192,18678054700.8408272517001111528244,0.22273847,0.2490165300760316735688,0.181969,0.20343719233325705976,6345.373551,7093.98292852710804964104,0,0,0,0,0,0,0.48317997477,12.308938782083,8.420886604526125,11.139390043721,7.620765856623058,0.00002146304327255899,1.11797719574904,2483.4027397225386,78.85179500236069,1.13023429112482,0.0000221239465440276,0.00065743378877112,0.946221143661076,1.13023429112482,0.01868308193,29506776882.874116,25316307655.029768,2892073555.083381,27947267816.295567,28518969221.318493,14151803781.716257,28909828288.816041,29506776882.874116,29506776882.874116,8130388479.400452,21352808835.643083,29506776882.874116,87.4395492148,23819018198.4688,31927527731.592061,31961701615.701665,15443309440.198922,31524070705.537872,31960559590.558643,9075716548.905315,29424751605.638844,31961815980.664941,31961815934.683114,31961815222.427413,31961789465.033691,31961426503.853189,31954129336.617362,27152568092.946386,30832514506.654203,31824496165.383906,19414406912.455147,31961791967.806818,31961522584.657365,31956623254.219807,27515331915.864897,30957000163.006302,12390493335.454082,31849515863.447182,19955127204.788029,7633058737.543827,30248197303.46388,23430035739.696917,31961815982.887321,28788836024.336427,28488,0.329722222222,70836,2596634571.731782,2902978236.88970709232146398928,46099.50201875,51538.1919923493333983745,2723.7994085,3045.14562449772386644284,92.724597454402,0.06771984479246898,0.07740925350600376,,
2021-03-09,80588,11644,604385,927434,1030,271419,841215,138,71506,1068401,1058023,1049730,1032041,745758,31108,887350,151708,986739,436978,3456,777435,36307,900161,169334,375,990720,470916,4241,1615341916,4257,4263.617101245008,33306958461.6198536790230539216,2.022165267884,1.831749866266,38091534614.5144620396554169272,38090262250.47552557867596288,34504678991.4462725869412208128,18837003690.7854837211238070326481,0.22048521,0.262761731944582833732,0.181253,0.2160070156186506676,6458.232401,7696.5540273081427694692,0,0,0,0,0,0,0.483901749039,8.511453730451,8.88110321724382,7.709980227676,8.044821997907443,0.00002177131797669289,1.1917431193892,2790.238961304473,81.01225437228742,1.11797719574904,0.0000214630432725591,0.000612212836890376,0.94172616855197,1.11797719574904,0.018817088637,29501610330.994169,25312772151.73635,3586659718.519794,27948102170.449748,28516263651.895437,14079144089.957819,28901729994.833189,29501610330.994169,29501610330.994169,7816502688.339965,21342532657.130284,29501610330.994169,87.4392664897,23793185768.037867,31928133913.455782,31962758967.711386,15466890409.23099,31521279037.467785,31961599760.624778,9111473194.549525,29404453684.237991,31962873535.522386,31962873489.540559,31962872777.314051,31962847021.959487,31962481512.924205,31955061770.084338,27120156063.763613,30823887847.727277,31824242313.155446,19422122176.437195,31962850682.857423,31962598922.777771,31958069064.274704,27606222022.322432,30988883080.672701,12498496606.814183,31856257374.391687,20153570011.300032,7633135438.864735,30243344272.044058,23467737693.404127,31962873537.744766,28817028586.226488,29291,0.339016203704,76887,3755277835.01825,4475326521.2777708103108529,58859.93389642,70145.921228761680006466664,2997.105626,3571.7800078681610036392,92.779923639378,0.0677944190555663,0.07761390814945227,,
2021-03-10,66203,11628,610245,939210,1031,273278,851409,136,71780,1080672,1070294,1062001,1044312,753965,31090,898639,152489,999013,440616,3445,782030,35235,910463,166843,369,1002018,469104,4063,1615428387,4216,3425.96679316888,31725044158.37808783593530154952,1.943698592257,1.761237375323,36370994242.78841426910665466552,36367250284.197779986993922712,32956732434.36253258476175449384,18712260423.3403123745726292381828,0.21971804,0.2499953320979175802464,0.178233,0.20279362598450333928,5435.384872,6184.38452370882808882752,0,0,0,0,0,0,0.483395557278,11.287000077135,8.415335176729638,10.227453202012,7.625360690268965,0.000020275854226988385,1.13780066533416,2645.2840881568522,66.29031807262044,1.1917431193892,0.0000217713179766929,0.000640024055369365,1.00163160559757,1.1917431193892,0.019024802507,29431761990.419559,25233438343.531288,3439159500.565228,27882778701.892197,28449682435.598872,13929421015.736446,28833666725.865615,29431761990.419559,29431761990.419559,7620169024.072714,21266374187.890612,29431761990.419559,87.2262219355,23762627100.439545,31930709427.744574,31965935645.917929,15452247099.534846,31519229850.919126,31964750924.801137,9012368180.026862,29387737941.013977,31966051126.871167,31966051080.88934,31966050368.662832,31966024615.738384,31965654697.029271,31958081450.299994,27086701560.109395,30815408476.706858,31825460671.009108,19397466450.073841,31966027438.550224,31965763705.912647,31960781726.82037,27482350589.05152,30952410212.550934,12417380264.272947,31852821685.618887,19985574254.076468,7614017373.195774,30244390510.639076,23486250540.78375,31966051129.093547,28829206178.587353,24738,0.286319444444,63942,2832112245.117335,3222379196.7955253938561836636,60851.23963923,69236.5809479243043257950968,2322.710752,2642.78183900440710488832,92.79840238094,0.06793593548901693,0.07844878354837802,,
2021-03-11,59831,11561,611693,942466,1034,273907,854033,137,71738,1084049,1073671,1065378,1047689,756026,30972,901695,152667,1002392,441610,3440,783087,34887,912428,166246,370,1005160,468699,4030,1615514851,4183,3335.291895768587,31311178137.25914731724471435996,1.920264842265,1.740856019841,35944564120.39886622687230640702,35942239718.961764519468599395,32586291980.30959475406128379165,18718545134.639008133557735240395,0.22003712,0.2474070896704792510464,0.178233,0.20040304023811313451,5615.56739,6314.0763922394054596233,0,0,0,0,0,0,0.48506444477,12.452319185031,8.279391681722627,11.288908871902,7.505854678227941,0.000019437187929748522,1.12438796540547,2734.7241450569513,59.4562239206082,1.13780066533416,0.0000202758542269883,0.000630911175527914,0.954522929091757,1.13780066533416,0.019043985784,29391314678.548955,25187335394.937507,2686610789.945456,27847308136.180468,28412083965.913006,13864653946.583292,28793307451.381955,29391314678.548955,29391314678.548955,7434813864.911478,21281910375.55533,29391314678.548955,87.1096336914,23769064137.085417,31932614189.989889,31967999522.747547,15506596098.507156,31520046632.226338,31966805073.72076,9099629530.603742,29382599373.941817,31968115298.119486,31968115252.137659,31968114539.911151,31968088787.926703,31967717258.333775,31960097571.932631,27077733842.726336,30813664166.843752,31827043309.098817,19435603595.726166,31968091401.28251,31967816673.014337,31962709912.084032,27453071651.367314,30943835921.277133,12469678996.38483,31853171294.381334,19999127228.827033,7664508441.852223,30246105147.81876,23528092973.779262,31968115300.341866,28845270467.33922,25521,0.295381944444,54013,2567241878.827802,2886575872.83890844081123887694,66773.90981743,75079.7806017884564436233421,3239.754637,3642.74112470936701766439,92.805676262199,0.067959158082126,0.07858016230225516,,
2021-03-12,87526,11558,617441,953288,1030,275660,863700,134,71965,1094966,1084588,1076295,1058608,763939,30969,912135,153371,1013313,445013,3447,781697,32947,914502,160163,340,1014139,460935,3718,1615601091,4217,4639.75219350249,28812781132.07849084218149288353,1.762219043438,1.598989914078,33101469053.84956310568997362568,33099905772.306443924217285823,30035378039.62114969665840552146,18783969664.3313621352437606430367,0.22381817,0.2317423135638388406431,0.181969,0.18841149964231317767,7227.088639,7482.95923218742824337577,0,0,0,0,0,0,0.483653392768,8.211921618,7.553118932676916,7.451275646622,6.853495902315188,0.000018058966662788487,1.03540438009943,4171.285805776954,11.333254626212256,1.12438796540547,0.0000194371879297485,0.000615188315518531,0.93740860159061,1.12438796540547,0.019238882127,29368666088.236355,25148026648.560253,3125292147.133375,27827563496.796871,28388302750.544484,13990710552.534434,28769424050.537312,29368666088.236355,29368666088.236355,7638731514.721743,20475101504.640326,29368666088.236355,87.0438139323,23744655169.542673,31933571919.042472,31969488956.860604,15462207926.888916,31516671191.256226,31968276001.036713,9051975493.976012,29365192375.921906,31969605004.345996,31969604958.364169,31969604246.167286,31969578494.942451,31969203954.801929,31961452373.885434,27045966477.195053,30804286430.252261,31826591849.435976,19414811705.494388,31969579306.20176,31969227209.664881,31963198784.776902,27242262917.434481,30871743301.913787,12177114571.070572,31842404163.921367,19683577199.911716,7767890185.166863,30244768947.444499,23542626454.413105,31969605006.568376,28872267740.067298,32290,0.373726851852,83676,3893072351.84659,4030904165.1459485580083064437,59881.82724147,62001.9062141754057212193621,3129.3557625000003,3240.148663381891904086689029829,92.526124352404,0.06827283194442638,0.06327978267313411,,
2021-03-13,86987,11508,618814,957825,1017,275212,867505,137,71622,1099704,1089326,1081033,1063346,766729,30808,916380,152943,1018054,445352,3437,791856,34064,920923,164309,353,1020338,468938,3914,1615688126,4088,4714.93175146771,30629987100.55916949809698052637,1.801039549207,1.668735900811,35167463485.22254081570186112924,35151504071.112639319900821434,32584075615.71384350390542712333,19526202798.1016238778366971658475,0.22346216,0.2457031388546302033112,0.181969,0.20008020362032750183,6488.447329,7134.23639612291164623703,0,0,0,0,0,0,0.485474752681,7.431911401102,7.936567643796168,6.885966147788,7.353550543767508,0.000017940132061761684,1.09952906055607,3729.5434873264066,18.17961382673259,1.03540438009943,0.0000180589666627885,0.000585469180851738,0.864712547345091,1.03540438009943,0.019274492335,29397813794.163328,25170326312.867773,3663378638.346386,27857369304.153291,28412619384.401548,14578467409.039152,28797928765.254936,29397813794.163328,29397813794.163328,7792039598.263901,21121128317.345163,29397813794.163328,87.0975158997,23791639908.615744,31947735177.573422,31983998049.223755,15527480127.982654,31528792846.54393,31982775070.313617,9277701780.171746,29379247072.922806,31984114603.568152,31984114557.586325,31984113845.389442,31984088094.736325,31983711087.742917,31975888157.442693,27069886824.666579,30816377097.546343,31840130214.148713,19480608458.009992,31984090272.858819,31983754827.196338,31978329519.741943,27385937816.098871,30926707554.208495,12450539497.630117,31863132745.942293,19942660082.296971,7834282957.539366,30272321380.356445,23623022144.416646,31984114605.790532,28862638502.553601,29036,0.336064814815,78107,4303618931.873581,4731954081.15427593521080218667,74153.51969055,81533.9498422764800773241385,3026.573705,3327.80574256235414013935,92.218579961745,0.06836175954085258,0.0641093852033989,,
2021-03-14,67394,11501,623819,967813,1021,276892,876070,135,71949,1109979,1099601,1091308,1073621,773645,30878,925804,153701,1028329,448500,3444,796672,33570,929705,163042,344,1029939,468957,3832,1615776655,4215,3456.923606168446,29822132121.07783371129252793715,1.76023115845,1.631919643646,34217807584.6256492688614346207,34216772165.011690511805531935,31723510910.36345174917596888945,19439382958.5201920804777152473904,0.22111414,0.236549109764851612001,0.180549,0.19315230233097799035,5369.09344,5743.885368327438184496,0,0,0,0,0,0,0.483934213273,8.292073193533,7.650496647429527,7.687625040675,7.09281602172189,0.00001785818203711948,1.06980543969215,4073.153479061869,15.22335240638579,1.09952906055607,0.0000179401320617617,0.000570529651188601,0.902894987107535,1.09952906055607,0.019459574511,29402604133.527939,25184605934.22645,3771301215.200892,27876220305.684301,28421485906.180246,14402848759.009974,28805661794.143796,29402604133.527939,29402604133.527939,6686075786.353635,21127520379.944077,29402604133.527939,87.1538366312,23745983559.747234,31948213674.559713,31984958210.977079,15478672269.761186,31525553344.287615,31983714410.811042,9170159513.193535,29363781345.754583,31985075334.908318,31985075288.926491,31985074576.729608,31985048826.076491,31984667319.59088,31976718185.051001,27039355468.773603,30807703640.37866,31839482837.45365,19439965103.619048,31985050382.653261,31984705153.624909,31978967452.03542,27303491798.605843,30899390221.506532,12296485242.791414,31859611142.403149,19819796161.690971,7806681399.421962,30269368514.887098,23614185015.836887,31985075337.130698,28881625896.040512,24282,0.281041666667,61948,3857307405.592645,4126568445.06782596017710423675,69535.14170497,74389.0728457413876629249855,2388.2019415,2554.911428100053792309225,92.145037004564,0.06833277787024662,0.06437975823961883,,
2021-03-15,78042,11491,628955,977863,1017,278267,885121,135,72134,1120160,1109783,1101491,1083805,781105,30889,935462,154271,1038514,451492,3449,799876,32925,938112,161354,336,1039412,468109,3729,1615861294,4169,3930.326457183977,28953089857.56314388518705748819,1.713953288288,1.590010389742,33224713652.93821291421113361313,33223677610.036554336590823558,30822100150.20556137770530741377,19384841979.055691800301402876946,0.22285919,0.2314892776506873014841,0.180021,0.18699220459319796819,5834.899207,6060.85215778177313861073,0,0,0,0,0,0,0.482758187288,9.43791270923,7.3724878629683746,8.755419046541,6.83935342956645,0.000018508617806441154,1.03872439656039,3751.7607058770996,14.407847635863035,1.06980543969215,0.0000178581820371195,0.000570821959368517,0.892564338836552,1.06980543969215,0.019653420802,29394451115.350328,25171186884.668242,3255443637.401364,27873697732.948021,28408106542.839112,14338545381.122382,28796147526.499157,29394451115.350328,29394451115.350328,6537508169.841472,21133790116.882353,29394451115.350328,87.1432336784,23720258929.521461,31948668606.494226,31985954844.782127,15441538284.245018,31521744110.375497,31984696918.285946,9134331061.965225,29349242113.695784,31986072302.383118,31986072256.404853,31986071544.237163,31986045794.406648,31985660964.983748,31977595796.748739,27015856516.8253,30799484598.155939,31838652756.791095,19418745873.936451,31986046675.090661,31985686959.58027,31979440729.735987,27217738957.863602,30869761737.571289,12204515336.517093,31855143496.503983,19696185350.855209,7768201617.378613,30269745550.567417,23625820609.269581,31986072304.605367,28897293815.68572,26182,0.303032407407,71820,3389104486.347168,3520345512.46107259021461747552,59638.61439692,61948.0837511385143822099988,2999.830473,3115.99709785039430676447,92.113398532474,0.06836341495947512,0.06449582705336902,,
2021-03-16,103336,11463,634906,988961,1020,279922,894830,136,72255,1131960,1121583,1113291,1095606,789368,30855,946135,154931,1050319,454977,3460,827064,37142,960501,176504,378,1059821,496541,4385,1615947380,4228,5501.386234626301,34566871881.7445430534128700096,1.984105584463,1.848447223044,39721877961.2880538692476993664,39719602999.79810816501479776,37005991811.4313761628999625088,20020042417.2728481250767175800655,0.22159861,0.275179538553336895008,0.178233,0.2213284401692632224,8009.460151,9946.0892304943611724128,0,0,0,0,0,0,0.482069705135,4.540903700377,8.632941961483146,4.230430527892,8.042685691914052,0.00002197845854044416,1.2417927104928,5051.4326502671565,45.30208545469734,1.03872439656039,0.0000185086178064412,0.000578063021201444,0.872730619348225,1.03872439656039,0.019862715354,29368116219.684655,25131016524.568167,3767037016.36679,27836265738.769582,28369876469.189539,14250242804.261753,28760920948.309621,29368116219.684655,29368116219.684655,6453125876.41614,21036797664.900337,29368116219.684655,87.0222498429,23693070680.080324,31949567280.60043,31987408765.24733,15420217750.031654,31517840657.202027,31986128563.024649,9070440438.493389,29329979478.969912,31987527083.135366,31987527037.157101,31987526325.008738,31987500576.670396,31987111770.101352,31978929627.205479,26989145483.362745,30790055229.436552,31838057204.805329,19415146800.011025,31987508795.287768,31987242825.207172,31982462964.761159,27565688036.001522,30988210821.28259,12532817061.374023,31876589918.514655,20261925058.115643,7650688503.27585,30269979821.343591,23646637419.683342,31987527085.357588,29025205170.208048,36144,0.418333333333,103803,7044308621.366354,8747571096.4743239250886792512,91033.26342864,113044.442938055949432033792,4896.0495295,6079.8786159448031531376,92.164411093308,0.06945347967362134,0.07066392935986057,,
2021-03-17,119779,11483,639473,998246,1022,280764,903074,135,72367,1141561,1131184,1122893,1105208,795814,30871,955010,155168,1059924,457332,3453,842708,40061,975540,186062,404,1072386,514708,4853,1616034173,4182,6966.390961262554,38346548015.29387360416832487048,2.114841999234,1.982522262692,44042952158.00653769596132176448,44039995144.211260894239011168,41287308082.370307749869861865,20825646631.7338254681074857429692,0.22133665,0.304733368703967452798,0.180549,0.24857747230805480988,10100.919426,13906.81210586825673578712,0,0,0,0,0,0,0.481951186475,5.178225330286,9.38871656535423,4.854238284583,8.801290883980078,0.000023461397842905526,1.37678675765612,5164.804103536596,59.1060992967488,1.2417927104928,0.0000219784585404442,0.000691055130187936,1.04350793328237,1.2417927104928,0.020036109791,29381641163.597732,25154575927.342317,4294401419.020769,27852205726.162054,28381572405.713987,14401772636.454645,28775424611.154982,29381641163.597732,29381641163.597732,6756727544.097622,21218064384.601306,29381641163.597732,87.0662526838,23682793415.425853,31951202454.572215,31989549612.510922,15417458753.409497,31515594651.009913,31988254043.879233,9100643956.185478,29322540605.249439,31989668632.437282,31989668586.46714,31989667874.318777,31989642126.735971,31989249748.650286,31980932983.098911,26976690221.815776,30784736088.115116,31838314133.709084,19395038686.929841,31989652629.734867,31989428856.218161,31985180838.733817,27776195374.598843,31054414439.182022,12746220083.790005,31889058037.009315,20602571577.698934,7753603840.133795,30276496397.873629,23660979531.260541,31989668634.659504,29093690169.850536,45636,0.528194444444,121881,6177728197.257045,8505414374.3823143057373573654,66402.30354916,91421.8122043454658787948592,4195.9322415,5776.90394611956087779298,92.332642880104,0.06965081611873838,0.07257998926993478,,
2021-03-18,131626,11455,640312,1003037,1031,280347,906883,134,72082,1146385,1136008,1127718,1110036,798093,30712,959549,154880,1064757,457224,3445,836294,36850,974075,176004,380,1074121,498696,4359,1616120756,4036,7760.98017839445,34420140820.97620349340196721224,1.891953224315,1.780834364321,39529379741.87987700490186303576,39525675538.973205699666185429,37207726353.87087592063771663398,20893423385.8704873176477231232419,0.22550538,0.2786291870787303906606,0.181209,0.22389761326913644083,10732.477356,13260.79866051604492537572,0,0,0,0,0,0,0.483811103992,3.546239467652,8.21729220745039,3.337960488105,7.7346713209537805,0.000021402130623066386,1.23557667262187,4653.110565929376,41.59297060053445,1.37678675765612,0.0000234613978429055,0.000756947294691782,1.14847930205036,1.37678675765612,0.020046012837,29366409150.329119,25182919813.141601,4234416938.731758,27857551525.262552,28374435717.382559,14608744956.49227,28768572525.953014,29366409150.329119,29366409150.329119,7214352089.016991,21380388376.395628,29366409150.329119,87.0748315449,23721153034.851154,31953794953.294145,31992536943.565196,15478402333.763195,31517090410.738521,31991223694.033258,9040858224.723087,29325827616.669077,31992656234.965626,31992656188.997012,31992655476.983868,31992629732.883251,31992235280.868151,31983805287.868816,26988857188.665384,30787047774.303004,31840418396.981209,19435358934.645613,31992637839.977959,31992367865.684675,31987390785.469085,27552718512.833994,30981525070.469003,12572806723.013531,31878935975.080601,20273046263.959175,7758496111.816229,30291415683.810156,23723711558.257027,31992656237.187848,29201249672.567332,47593,0.550844907407,128409,9021572437.231415,11146844453.81156589109198004605,85282.11297126,105372.5893791918500401574562,3997.493949,4939.21027233147929006463,92.557202578877,0.07025446772604838,0.0760137727465216,,
2021-03-19,101410,11446,639684,1004842,1040,279627,907640,132,71780,1148347,1137970,1129680,1111998,797963,30648,960923,154342,1066722,456393,3454,840868,38155,979987,180152,398,1077752,505590,4560,1616207193,4109,5892.81917741543,36158948118.27520739357734853655,1.962755445452,1.85005875271,41515988559.6843300618362739561,41514555032.01896373941880123,39132240437.91155519534998313415,21151890652.444046210399810898765,0.22521915,0.2922507262398788774775,0.180021,0.23360033100395430585,7866.904859,10208.31780202874374048215,0,0,0,0,0,0,0.485145333405,4.230521755289,8.44655319340823,3.987615380224,7.961572442406841,0.000022308236605316574,1.29762822672885,4130.306849586255,45.85711388398023,1.23557667262187,0.0000214021306230663,0.000693503211526747,1.0381677844758,1.23557667262187,0.020017245354,29369620622.882589,25196499586.12116,4111026460.408481,27865414279.271003,28381316406.743815,14146435034.119948,28771398123.926568,29369620622.882589,29369620622.882589,7180136819.151465,21368944533.707831,29369620622.882589,87.0964401252,23747648453.166955,31954700024.166546,31993626864.379681,15521616821.035162,31518147702.693133,31992298904.433967,8907557384.04661,29332440137.120095,31993746515.099364,31993746469.13075,31993745757.117606,31993720014.430279,31993322089.349109,31984823399.531402,27009634720.452729,30789156234.294259,31841228633.503799,19478790996.334511,31993729443.599459,31993490509.815197,31988783877.944098,27681684051.926713,31020762029.843252,12701826751.61012,31885860233.577046,20467206503.444831,7702882711.916889,30304952234.321483,23759453721.454669,31993746517.321586,29245148128.324978,34930,0.404282407407,98531,7562600636.038297,9813444052.80084847774763476845,90507.95600161,117445.6784512219611756334485,4423.174208,5739.6357040398255295008,92.617960315433,0.07024709320623058,0.07631035440074839,,
2021-03-20,91818,11293,640983,1010371,1040,279551,911697,131,71536,1154150,1143775,1135486,1117805,800514,30380,965858,154058,1072532,456694,3465,837645,35970,980359,173541,387,1080025,495489,4297,1616292725,4218,5274.341394025605,33730311202.90100646278612283342,1.838481680848,1.691114782398,38725735999.01478390977268630546,38724519298.570730564812202673,35621603026.76526429683382863166,21063977086.3239573805206476274825,0.22226806,0.2690283733618795435926,0.180021,0.21789346072026235941,7887.626578,9547.00980413140916457138,0,0,0,0,0,0,0.487847326709,6.28236090118,7.776458509039174,5.778786647164,7.153122098703346,0.000020779776322383326,1.21037801545521,4033.6073633082883,32.88024647360604,1.29762822672885,0.0000223082366053166,0.000716773630909118,1.09140461659897,1.29762822672885,0.020010025801,29361377391.9694,25196566170.354184,3387185535.918216,27867584153.216302,28381780555.61802,14090309381.777537,28765178954.444566,29361377391.9694,29361377391.9694,7187445228.170336,21375662113.99631,29361377391.9694,87.1005039227,23767720023.498484,31955349224.921882,31994624820.862106,15608550833.474149,31517590815.670544,31993275976.975403,8922695375.909358,29331461501.362606,31994745031.584806,31994744985.618644,31994744273.656507,31994718533.067862,31994316066.232744,31985699843.472377,27008285035.202261,30787437401.731959,31841297996.78589,19580725700.738574,31994725107.931216,31994448743.901184,31989205798.510744,27527001480.497467,30968500069.605706,12683812330.364284,31877647639.160239,20350817908.178476,7765359369.305019,30316719497.971247,23845757266.298486,31994745033.807026,29258649120.159318,35487,0.410729166667,92197,5092790041.367466,6164201103.40041033739087419786,63368.24950397,76699.5360774858040762521837,2332.071868,2822.68851948876445503228,92.561730200771,0.06994714527652586,0.07773060548025802,,
2021-03-21,70793,11235,642880,1015840,1040,279856,915892,131,71389,1159755,1149380,1141091,1123410,803518,30222,970796,154051,1078138,457728,3477,839281,35432,985030,172147,385,1082061,494320,4243,1616379842,4182,3954.499521759923,33125941764.14354957384289010214,1.805160352959,1.651931495384,38036783395.43804074763921416936,38035372788.463752520475615494,34808076950.6252964364103995448,21071138269.2845463088517743031972,0.2170616,0.258042983992350588752,0.175181,0.20825529701598057182,6585.866058,7829.28223960506636870876,0,0,0,0,0,0,0.488513642085,6.031302389421,7.538161784949231,5.519342566403,6.898294021051356,0.000020693533197460915,1.18880070907222,3934.267995210929,27.816506319822714,1.21037801545521,0.0000207797763223833,0.000667704523391389,1.01741006943226,1.21037801545521,0.020060690976,29347877045.796799,25200350198.678496,2783334920.472328,27865008416.756537,28372621162.945563,13951641523.166855,28760079957.988558,29347877045.796799,29347877045.796799,6808152040.737554,21387306713.100073,29347877045.796799,87.0892299692,23780531186.176715,31956224840.48899,31995808738.060046,15630447936.212808,31516604980.523564,31994442313.685284,8955631539.299425,29326105486.718887,31995929260.911568,31995929214.945406,31995928502.983269,31995902762.709645,31995496560.368335,31986787808.872555,27001277085.73055,30784782853.698565,31841677678.768587,19628624318.886664,31995906374.622264,31995627086.430119,31990183643.108066,27488474210.464673,30954308552.844769,12685470925.339907,31876206038.90556,20343212715.237791,7805211962.215146,30323022618.287029,23893707508.926869,31995929263.133788,29266846052.504412,30341,0.351168981481,68020,5304978460.24975,6306562155.157756661471986945,88234.08206822,104892.7393270363877749468484,2372.808311,2820.79620260925671522042,92.631953307024,0.06999039023681213,0.07785787023788918,,
2021-03-22,89446,11201,643691,1019438,1050,279539,918559,133,71104,1163794,1153420,1145132,1127451,805334,30158,974075,153689,1082182,457862,3479,833967,33638,979267,166080,373,1084672,484366,4005,1616463894,4309,5019.094917614296,30940851364.28712043495827446186,1.693849933208,1.550515468583,35546736666.79620069006114521016,35544867377.226610867139187298,32538753273.79962950507298389548,20985765013.7124238711610124434405,0.22120913,0.2457453148881126671174,0.178233,0.19800233701227876534,7946.274492,8827.66333932020581943016,0,0,0,0,0,0,0.490112469633,10.250113075169,7.016725189190935,9.38274316171,6.422966244730018,0.000020401368113139394,1.11091850000998,4007.555964529817,-0.3652292491892731,1.18880070907222,0.0000206935331974609,0.000666097176631808,1.00131631337053,1.18880070907222,0.020092947068,29329680297.403193,25176761821.209945,2812968744.78047,27851594301.480407,28338501859.973275,13718829007.778851,28740454435.034681,29329680297.403193,29329680297.403193,6789464609.253318,21323521394.350967,29329680297.403193,87.0427337798,23794972478.744523,31957647636.035282,31997487967.269344,15682427554.321542,31516769876.911774,31996106323.364074,8970838295.887742,29327293688.429966,31997609783.263282,31997609737.306313,31997609025.344176,31997583286.764679,31997173353.911664,31988391680.254022,27015210604.812122,30784788391.192529,31842661771.519859,19660594216.375005,31997585651.149364,31997223209.996029,31991166011.604471,27351247103.746127,30904494994.092381,12567564382.931703,31868397026.229784,20165934247.752797,7746769676.165114,30334573208.0745,23930780633.52795,31997609785.485492,29276807982.917798,35922,0.415763888889,87892,3121683590.301032,3467936051.64299142012320429936,45904.5316409,50996.193434169293875776182,2328.259443,2586.50648805163152924114,92.668155840789,0.07003093893558313,0.07180258074634145,,
2021-03-23,71497,11186,646727,1026963,1053,280142,924866,133,71104,1171571,1161197,1152909,1135228,810081,30143,981160,153825,1089962,459314,3477,840847,34045,993217,167813,378,1092726,488704,4059,1616551367,4230,3945.815130023641,31311213614.828031046494420056,1.713576247088,1.569357007142,35976186438.73518984379046853125,35975433653.461180242891133585,32948332689.50007616143675560415,20994797576.0480002056428596443624,0.21948033,0.2467653270081491790105,0.178233,0.20039027884021977105,6418.263188,7216.1583428054170123378,0,0,0,0,0,0,0.490038278779,15.486361077717,7.084451522138746,14.182986787865,6.4882048037960125,0.000020605607396340242,1.12431636588185,3741.9810465220007,1.9602068944008524,1.11091850000998,0.0000204013681131394,0.000657693117651355,0.932776600280585,1.11091850000998,0.020199202297,29324518811.715172,25175996135.738782,1801398869.324102,27849113083.28176,28330765540.65664,13533686120.843916,28734749344.094342,29324518811.715172,29324518811.715172,6726630800.173649,21263085439.406429,29324518811.715172,87.0331647523,23785886613.669817,31957877695.670543,31998154635.953385,15680380553.418382,31514508661.123575,31996754034.225343,8959242576.618373,29320359395.68547,31998276933.395915,31998276887.438946,31998276175.476809,31998250438.864449,31997836969.009616,31988936998.12122,27006574390.326354,30779832446.710156,31841912547.827946,19653966141.571795,31998253048.502937,31997948616.301956,31991904720.104764,27380423382.177388,30913893546.570076,12595717837.539087,31870251215.159485,20209462679.774219,7740273307.464807,30339706625.442036,23949870265.646893,31998276935.618125,29292067497.869131,29243,0.338460648148,72187,2066223096.248218,2323088442.6749404369140610433,36245.83255474,40751.782736307327758497469,1989.811179,2237.17727356435932320115,92.592033693245,0.06987773520236869,0.07180468332182069,,
2021-03-24,71222,11158,648500,1032172,1053,280256,928808,131,71020,1177090,1166716,1158428,1140748,813058,30096,985980,153826,1095483,459939,3479,838472,32749,990309,163411,366,1097133,481835,3860,1616636904,4375,4110.256914285714,29832784878.66675169796909042128,1.639335812604,1.507567350479,34292697695.56235201353522571333,34290849346.917613202754398842,31536278905.26519771181245765952,20918653415.5514754016617729333816,0.21766547,0.2332604978728513591751,0.180021,0.19291892318781005793,6436.8034,6897.979572936683050522,0,0,0,0,0,0,0.49041791575,14.594884474335,6.725211992209809,13.421759683617,6.184644992534606,0.000020375290221309794,1.07164677003133,3430.175861597965,-1.4217424183167395,1.12431636588185,0.0000206056073963403,0.000672537717964965,0.950200978132221,1.12431636588185,0.020257020057,29311348311.10367,25163224738.874145,1583002740.29664,27838263234.624016,28318630870.015573,13383547674.075235,28721281492.549079,29311348311.10367,29311348311.10367,5964297499.704811,20335388764.974562,29311348311.10367,86.994569933,23792481452.827699,31959282198.613723,31999878072.833586,15693373786.609143,31514207439.161206,31998455882.112983,8872995206.469676,29317770193.182383,32000000981.833191,32000000935.876222,32000000223.925578,31999974488.113218,31999557673.737272,31990571796.001254,27007281981.326232,30778896340.442179,31842624253.006255,19675213742.97383,31999976081.971587,31999599645.945559,31993053170.433163,27267520154.281622,30872926895.132547,12487501257.109002,31864154055.006699,20047955144.317569,7707795631.043272,30347174440.214393,23981491034.792117,32000000984.055401,29410356450.538574,29572,0.342268518519,73283,2192549111.322311,2349638173.28361757574319800363,41286.23656479,44244.2620614065970198748707,1497.654808,1604.95693761509168513464,92.548417415855,0.06926400706429457,0.07230828931950659,,
2021-03-25,72454,11170,648725,1034600,1054,279933,930522,119,70950,1181284,1170910,1162623,1144943,813925,30109,988132,153623,1099678,459735,3476,842245,33333,993245,165268,375,1101974,485184,3955,1616725898,4144,5296.248069498069,30638003787.0036362579105594319,1.695324626049,1.559349127939,35208602180.771878961503824423,35207838022.5969624676130286,32384654987.5748900634144065346,20768059190.4294303587921796912511,0.20960631,0.230618274273184027527,0.180021,0.1980671877336749157,7485.251047,8235.6093142457586609399,0,0,0,0,0,0,0.490215323347,9.468784940698,6.887240373741257,8.709329949586,6.334841189517999,0.00002134444754221882,1.1002449032817,3637.885692266376,15.965606712268691,1.07164677003133,0.0000203752902213098,0.000675315802299729,0.908869543705973,1.07164677003133,0.020274856178,29316531121.35715,25173383325.21791,3061296723.196606,27846530981.983807,28323142684.164489,13283510865.340751,28726762683.675301,29316531121.35715,29316531121.35715,6402995952.444281,20350400666.263837,29316531121.35715,87.0185178886,23790749141.92246,31959788977.649382,32000569841.193618,15687231316.560363,31514326388.524958,31999136719.363214,8444592020.527956,29320525582.63355,32000695548.15498,32000695502.202204,32000694790.25156,32000669054.4392,32000247613.295318,31991196926.854465,27013463901.088418,30779733960.528081,31842897252.785909,19663973501.376733,32000671243.351516,32000296818.648332,31993946566.690544,27326293195.761321,30892730511.274764,12553379664.59974,31867699993.546628,20126850339.094445,7661250464.472988,30357197496.389207,23988784807.267814,32000695550.37719,29416531655.288378,35711,0.413321759259,87257,3379598940.180022,3718386509.0693041293765781974,46653.17747181,51329.920735255578778238877,953.029044,1048.5653483404310136948,92.528795993971,0.06925399747521589,0.06773941938804817,,
2021-03-26,78850,11205,649528,1038376,1057,279973,933226,119,70981,1186558,1176184,1167897,1150218,815701,30160,991446,153667,1104956,459998,3492,854688,35722,1006549,173182,393,1112441,499795,4317,1616809927,4209,5332.014017581373,33701057838.81148204093086108832,1.837884112211,1.690451402837,38719038961.28530031283525716259,38717551063.748334944750053109,35613047250.22768837950279380836,21067181931.6809968072269815195239,0.20961156,0.2536084511342795457204,0.180021,0.21780691380591861489,8017.013442,9699.76255960462898623578,0,0,0,0,0,0,0.489473768699,9.273172464659,7.5131757187340735,8.529290447359,6.91047838604871,0.00002207122494548383,1.20989725535309,3832.5686571380884,14.765864715797157,1.1002449032817,0.0000213444475422188,0.000692442985253409,0.935529228319253,1.1002449032817,0.020316455576,29314885131.949975,25186937812.383776,3162493336.677589,27854479121.846048,28328774030.784521,13148955220.00595,28725563752.142306,29314885131.949975,29314885131.949975,5900203955.798691,20366474031.066844,29314885131.949975,87.0400163406,23787280432.634301,31960762367.006001,32001795003.462288,15664101920.173985,31514515252.082412,32000347205.866774,8384644112.552445,29320422290.062451,32001923128.007341,32001923082.054565,32001922370.133114,32001896635.618903,32001469992.113375,31992346680.116854,27013742800.418848,30779954623.861043,31843545430.525352,19652209706.908727,32001903203.848281,32001608162.237174,31996025165.943806,27529947343.12245,30961371136.443736,12666246069.32874,31880821943.158512,20415549047.41441,7611709110.559684,30364621303.70063,23990792897.963278,32001923130.229551,29417278317.435221,38247,0.442673611111,91602,3451022101.895904,4175382169.24670593930194474336,46642.54415653,56432.6861576709532413791777,1016.018394,1229.27786628885440473746,92.498115881623,0.06945083947443903,0.067232280475253,,
2021-03-27,68043,11216,653408,1047057,1059,280956,940186,118,71205,1195171,1184797,1176510,1158831,821097,30257,999463,154137,1113572,462251,3494,858067,35313,1014200,171728,391,1117353,499009,4237,1616896774,4206,3821.104612458393,32856898884.75532838927290065654,1.793540170071,1.649671612049,37779215008.3059872013021337386,37777373100.739482308662841606,34748760894.62640290238701968994,21064047317.5577236964956935915827,0.21360749,0.2521577887270332020998,0.178233,0.21039917260478697966,6598.548896,7789.40615997391374745792,0,0,0,0,0,0,0.488413792676,20.398406529912,7.337987108908486,18.762151383597,6.749371564212006,0.000021072403188468734,1.18047259825502,3916.5827157608114,8.230150840230152,1.20989725535309,0.0000220712249454838,0.000713522037549408,1.02649818138865,1.20989725535309,0.02047584949,29291964918.343352,25148565420.187626,3128154502.146965,27833681979.001077,28306302345.678524,13009347516.871168,28703065641.626801,29291964918.343352,29291964918.343352,5401831220.901489,20326176993.810386,29291964918.343352,86.9708353589,23758607598.836633,31961897839.22257,32003338189.398187,15630934351.031442,31512359533.270225,32001864990.379289,8308014528.212717,29311733737.143309,32003466290.98222,32003466245.029444,32003465533.107993,32003439800.611163,32003008840.263304,31993765533.423011,26997607719.274377,30775055409.328743,31843690219.291471,19618428022.995006,32003443292.517976,32003144080.30923,31997278906.037389,27471604779.935035,30940383704.05389,12606092836.984091,31878454415.784416,20313455669.384118,7571210692.548546,30365831913.126051,23984683037.316189,32003466293.20443,29418821473.896064,30891,0.357534722222,68959,1568919917.655044,1852066971.64830181588470132088,30110.93636427,35545.1352858213722650761354,1661.069374,1960.84687980761956375748,92.430767273261,0.06949568999951679,0.06719970626943735,,
2021-03-28,62820,11217,656988,1055020,1059,281947,946691,118,71367,1203177,1192803,1184516,1166837,826234,30286,1006773,154577,1121580,464263,3501,864233,35545,1021799,172812,393,1125514,502469,4286,1616982661,4112,3495.909046692607,33113977471.34422226356951016052,1.804657768221,1.65990104528,38082006050.09333345584733152644,38081050273.794207872668353852,35027340231.49244077248691554816,21102065289.4344582788077621358855,0.21388797,0.2545061386329425883852,0.178305,0.2121658223646090438,5649.636952,6722.52527961954668060832,0,0,0,0,0,0,0.487478265098,25.070125080549,7.381610657931228,23.059179174735,6.7895107109551605,0.000021357728489690662,1.18990394192316,3888.0745892107398,-3.442362026664734,1.18047259825502,0.0000210724031884687,0.000687072627221852,1.00015737312524,1.18047259825502,0.020607894287,29282344545.766565,25113043276.557416,2016612593.278336,27829118220.941747,28298997919.940989,12846703950.477897,28693564733.044383,29282344545.766565,29282344545.766565,5202877979.668988,20313578861.160314,29282344545.766565,86.9543937044,23736322942.812139,31962294479.183299,32004140948.496391,15601385613.333469,31509969279.548986,32002647372.305673,8287766314.541176,29301650680.032217,32004269173.106349,32004269127.153573,32004268415.232122,32004242683.821492,32003807417.45318,31994456164.913344,26979700384.882333,30769578854.618171,31843130099.90635,19596839287.62674,32004246304.742549,32003945181.792194,31998060197.139587,27471086536.340349,30940366583.929978,12587512140.472963,31879140201.394769,20327715251.550077,7543161117.674858,30366193731.689417,23985948728.490685,32004269175.328559,29419624356.020193,26414,0.305717592593,61588,1276589928.151561,1519019387.72694603727429605276,26921.42592326,32033.9108282794211229767016,1417.22802,1686.3652076019550389432,92.27288026298,0.06949535812683952,0.06332352773131443,,
2021-03-29,67728,11207,661383,1064058,1057,283219,954370,118,71649,1212148,1201774,1193488,1175809,832380,30350,1015341,155152,1130554,466875,3501,871758,35834,1030697,174162,393,1134721,506535,4310,1617068901,4234,3613.27798771847,33379567323.6884428052533389688,1.817267951643,1.671505048164,38409956833.0981262210680072364,38408531887.61742341165014812,35329097554.500451734567867456,21136099824.1165194187792923691275,0.2131319,0.25578113873703028172,0.178233,0.2138987157742089204,5984.104327,7181.5669971564567480076,0,0,0,0,0,0,0.486271001067,13.939471531715,7.415375550736682,12.821387739176,6.8205889262933255,0.000020845606074647464,1.2001072515988,4148.156927194343,-8.266202489536385,1.18990394192316,0.0000213577284896906,0.000706106346164116,1.00984952911002,1.18990394192316,0.020772643262,29263524447.461598,25094789697.612034,2487888113.336007,27813820205.835526,28280131846.459049,12623336894.198425,28672505712.628738,29263524447.461598,29263524447.461598,5082858876.817052,20302849400.28109,29263524447.461598,86.9034231638,23701720857.238362,31962985747.737969,32005308629.136582,15563315808.045631,31507280351.631321,32003793869.044261,8246712162.404748,29289722341.577997,32005436830.134093,32005436784.182896,32005436072.261445,32005410342.481195,32004971906.718976,31995499653.306252,26954866752.892903,30763037287.294297,31842772060.899463,19569986081.044495,32005414158.311714,32005112528.433856,31999223417.650306,27465471145.163005,30940374278.610073,12549232529.023746,31880025158.035232,20320867660.068726,7506568094.183514,30364661400.790508,23981371770.210078,32005436832.356303,29420792096.006125,28077,0.324965277778,67498,2296029426.907413,2755481565.1158232677838219044,40792.14687909,48954.951277879266832789092,1554.864132,1866.0037200640737742416,92.221586716497,0.06948637260180646,0.062305509856160256,,
2021-03-30,67658,11187,665258,1072767,1063,284085,961657,118,71712,1221125,1210751,1202465,1184786,838196,30382,1023645,155420,1139531,468933,3507,879060,36099,1039342,175345,398,1147073,510391,4346,1617154761,4315,3490.639629200463,33752805244.79834566981515146254,1.825198973249,1.679822918704,38815643722.66873636138336969952,38813750350.355740365511655134,35723999895.48728153468368199344,21266527261.7240967744983714237753,0.21412112,0.2596705203293895563296,0.178233,0.21614801870020149714,5919.378311,7178.59147217179284139438,0,0,0,0,0,0,0.486304604291,14.188959512794,7.4619956813062895,13.058817001046,6.867651992163959,0.00002066518868527961,1.21272726543458,3969.4000339413087,-7.653779812115737,1.2001072515988,0.0000208456060746474,0.000662624157257474,1.01790994588307,1.2001072515988,0.02091488962,29277945988.580528,25136221533.459748,2793467649.408696,27832148420.199863,28293074679.437869,12484305883.413076,28687713842.336196,29277945988.580528,29277945988.580528,5119118623.035244,20317921864.088833,29277945988.580528,86.9567061311,23683900789.551797,31963963665.817408,32006774078.54464,15565104206.743487,31505022526.321609,32005236679.651312,8208807084.278746,29280296954.294626,32006902810.141934,32006902764.190737,32006902052.269286,32006876322.489036,32006434531.42314,31996846023.424977,26943258528.110996,30757310811.184483,31842647740.212575,19566932129.495792,32006882937.501679,32006578086.856761,32000696815.029587,27473245164.419613,30942310003.885285,12558275386.527206,31881426871.174664,20342443144.468609,7468528031.057512,30368368433.169658,23996315312.403935,32006902812.364144,29376081710.174621,27645,0.319965277778,67688,2255761092.524378,2735622981.21080953335541419124,40679.57548666,49333.2303389767556998927028,1502.809193,1822.49768309683796409394,92.100660534943,0.0693948172122091,0.062341952880325346,,
2021-03-31,70323,11186,669613,1082438,963,285153,969883,117,71793,1231434,1221060,1212774,1195095,844769,30361,1032856,155899,1149841,471247,3516,884376,35719,1048376,174537,395,1153832,510749,4304,1617241111,4175,3790.872095808383,33183571995.7287405675807963748,1.776767969596,1.635958109793,38180226123.450650324719322572,38175933001.0749542427395544,35154421752.9829301526431200576,21488583077.1305589293412428335678,0.21528527,0.256779776112879780476,0.176589,0.2106251109701900532,6471.259877,7718.5432258524791144276,0,0,0,0,0,0,0.475488103499,17.160818504926,7.323153023226812,15.800813997223,6.742789031886445,0.000020287420279794474,1.1927419656388,3805.5616216459816,-7.8838026469115405,1.21272726543458,0.0000206651886852795,0.000658777986734679,1.03459086261147,1.21272726543458,0.021062946745,29266184497.143933,25112859630.050785,2967491726.880481,27821249651.391721,28281756520.558747,12532316724.474804,28671867945.845162,29266184497.143933,29266184497.143933,5225495440.077585,20491595692.023178,29266184497.143933,86.9129792171,23673465145.383676,31966993491.944985,32010336148.079081,15220595764.727049,31504606916.32623,32008775401.010757,8198533871.584546,29269672310.6916,32010465985.70198,32010465939.750783,32010465227.829332,32010439498.679636,32009993269.650908,32000276285.498153,26927265080.694163,30753648445.201234,31844446332.132663,19558982295.370826,32010443167.460079,32010135477.260659,32004027117.918795,27427370341.546006,30927994110.258609,12513984284.247419,31881634315.000381,20292192093.379499,7518650577.416478,30373080358.460332,24016538508.445192,32010465987.92419,29379650731.155201,30059,0.347905092593,71983,1865322797.903551,2224848780.5223475035185033788,34658.83212457,41339.043555004808541225316,1442.336191,1720.3349035653196738108,92.030198914038,0.06926266614316987,0.06235943420603173,,
2021-04-01,83953,11210,673866,1091958,969,286225,977808,119,71864,1241469,1231095,1222809,1205131,851020,30421,1041735,156279,1159880,473639,3523,890271,35636,1057165,174417,397,1163723,512423,4275,1617327615,4207,4716.102923698598,32943185158.199918641514493712,1.762236385507,1.632387964142,37922702653.6217142599687533872,37919622828.2957812942525076,35128410631.30229654293895344144,21519645698.7876334751234120788682,0.21161403,0.2506783704842876320656,0.178233,0.21113514073960992816,7849.187599,9298.16211591829760039248,0,0,0,0,0,0,0.474600150138,8.750900309167,7.2164733479177645,8.106099986116,6.684735563046531,0.000020139789979240733,1.18460184555952,3734.3119155741833,-3.2705204964647816,1.1927419656388,0.0000202874202797945,0.000622230892720386,1.01492680328547,1.1927419656388,0.02122439078,29252876146.086643,25109673835.396945,3134285453.972141,27809500113.2131,28267935658.466988,12337280419.323454,28658610847.013359,29252876146.086643,29252876146.086643,5369962043.782053,20400961543.449402,29252876146.086643,86.8692968935,23655544797.226928,31969066992.357126,32012906132.20985,15193392143.103331,31503207806.858819,32011321291.262838,8134480473.568801,29259317707.08913,32013036948.3574,32013036902.406203,32013036190.527945,32013010462.855408,32012559096.444583,32002713260.194184,26915850723.193806,30748448024.382813,31845417028.829528,19533783701.803639,32013014007.118975,32012700620.225586,32006438147.898511,27404024000.670386,30918629197.121518,12462860293.390577,31882029010.891973,20236396795.857932,7378097180.237807,30376998617.558523,24020908256.670821,32013036950.57961,29369659808.337531,37092,0.429305555556,84921,3658256387.29366,4333577267.9179718066212486432,51287.98431122,60755.8408700989191827138144,1901.8909275,2252.9835027694072492548,92.086618071487,0.06927826172452772,0.06156098156307695,,
2021-04-02,80629,11200,676365,1097564,975,287037,982413,121,71997,1247413,1237039,1228753,1211075,854575,30449,1046881,156563,1165824,475070,3536,894853,35834,1062542,175251,402,1169813,515119,4318,1617413398,4126,4716.146388754241,33163009716.21100835906550153879,1.767671112193,1.637404615539,38164769277.8459663406336105984,38163775744.444337490821665543,35352260347.23730439279342850653,21590424267.6090976388869293398615,0.21499601,0.2563038066966886173763,0.180021,0.21460894825603778223,7260.84519,8655.8920885663940293797,0,0,0,0,0,0,0.474094650121,7.073381373568,7.207745242203529,6.552116640171,6.67657871750461,0.000020194847929943907,1.19213285258963,3631.5773209135755,-2.491347229852499,1.18460184555952,0.0000201397899792407,0.000600942237004204,1.00625559212343,1.18460184555952,0.021310674483,29260253260.301609,25123925408.952784,3363322191.341758,27818216438.018733,28273708773.025351,12221487876.224057,28665433099.138289,29260253260.301609,29260253260.301609,5563341682.929293,20396232579.720439,29260253260.301609,86.8943015868,23638095392.588054,31969599811.545156,32013724354.221867,15177597780.66126,31501898478.995663,32012126217.430669,8063278315.291636,29252730097.278782,32013855831.83347,32013855785.882273,32013855074.004015,32013829346.331478,32013374425.800767,32003448267.659441,26902948243.626828,30744295833.190404,31845250347.580552,19528571426.483047,32013833013.434778,32013517919.183407,32007262798.458592,27405742182.275079,30919108819.611843,12443714591.874069,31882954313.029302,20256365229.555227,7189467077.224959,30377402273.95039,24023517203.647705,32013855834.05568,29370099178.103415,33772,0.39087962963,78515,4525962074.332344,5395548078.38629626645366799272,65984.27112038,78662.0173567861505044696594,1802.2012690000001,2148.463339753621241453755258963,92.130281446449,0.06925661092358193,0.061575812163573475,,
2021-04-03,75059,11191,678028,1102317,975,287300,986296,121,72098,1252490,1242116,1233830,1216152,857339,30517,1051297,156691,1170901,475860,3534,895782,35365,1066421,173767,405,1174469,512766,4230,1617500274,4243,4209.166156021683,32523800150.55406920965993149456,1.733298561548,1.607736399158,37429374203.78187417585540716047,37427741260.402376724309519865,34717946832.76895414248769508497,21594302928.6098792932693724563259,0.21755907,0.2543506577175642849531,0.178233,0.20837412467783869089,6663.181642,7789.99759988999752781786,0,0,0,0,0,0,0.473846270317,16.019646204455,7.066528943852475,14.859164413971,6.554621373822072,0.000020409602403747552,1.16911079697833,3512.3543127029056,5.055045130993016,1.19213285258963,0.0000201948479299438,0.00055861968007929,1.0128014021539,1.19213285258963,0.021377360001,29256187645.534999,25123480722.557624,2240017328.323027,27819262498.143632,28270893000.953294,12042985854.694057,28660982799.47348,29256187645.534999,29256187645.534999,5438243080.058942,20389802404.493076,29256187645.534999,86.8937855426,23622116898.287944,31970708666.54324,32015117808.353428,15170306708.837898,31501666082.234691,32013506200.567549,8009548941.467095,29251196797.847875,32015249793.196149,32015249747.244952,32015249035.366694,32015223307.694157,32014765659.485092,32004750903.234686,26901022596.45184,30743318665.606551,31845880888.825378,19515657001.154638,32015226618.313892,32014904635.296196,32008413598.509797,27358115594.229964,30904482678.734079,12448072325.535467,31880924870.788636,20170500330.286933,7139537108.368867,30381807014.088743,24024655671.132531,32015249795.418359,29375643762.095604,30627,0.354479166667,73520,1998499179.495887,2336466968.50097503157226312871,35505.54219221,41509.9127294823551920648093,1753.536196,2050.07809963590908263268,92.161867341933,0.06929485238693328,0.05914098023914377,,
2021-04-04,82967,11188,681760,1110592,979,288424,992966,121,72277,1260558,1250185,1241899,1224221,862633,30586,1059031,157168,1178974,478117,3535,902535,35757,1074541,175148,405,1182760,516982,4276,1617586238,4166,5024.755160825732,32846652007.875561222317258577,1.747181486094,1.620619149306,37802127940.30019171462513766288,37800478697.116643311317268116,35063817303.56144659625613497688,21636062561.9991603403149425838323,0.20259353,0.2392026466608269741028,0.174257,0.20574564054032587332,8658.23982,10222.8036619341305781432,0,0,0,0,0,0,0.47318863324,14.162965372335,7.111384487734803,13.137028451851,6.596250000717125,0.000020286214463867694,1.18070229913476,3541.887950815427,1.3688530261029457,1.16911079697833,0.0000204096024037475,0.000577296222232594,0.998105992837278,1.16911079697833,0.021522349783,29248142834.715455,25110707116.807482,2518182898.684664,27819588419.490825,28269328152.400188,11941404755.150539,28654578083.1741,29248142834.715455,29248142834.715455,5345377013.601755,20273765208.347336,29248142834.715455,86.8910132777,23593278627.257944,31971700222.667836,32016514542.788269,15149913120.971087,31499680924.058496,32014877873.821564,7970363669.749314,29240071297.093061,32016646334.456015,32016646288.504818,32016645576.62656,32016619849.804222,32016159002.501096,32006034522.246923,26882893176.120003,30737816094.136636,31845999049.706288,19490477871.022882,32016623345.872653,32016301328.078547,32009823780.131097,27367772677.929645,30906744765.600254,12409495410.416277,31882735805.607869,20183628103.354812,7103251837.364677,30381119123.939677,24019933596.341727,32016646336.677988,29377040384.800998,42737,0.494641203704,95739,2260589184.184326,2669082847.16560514642615377176,33000.09450125,38963.28744929022610873845,952.740978,1124.90346320449979619528,92.214488619999,0.06913577109502549,0.05858277337448435,,
2021-04-05,86393,11212,684772,1117669,977,289370,998554,122,72509,1267936,1257563,1249277,1231599,866866,30672,1065772,157747,1186355,479878,3530,910066,36416,1082070,177906,405,1193859,522857,4374,1617672722,4101,6447.041453304072,33696630304.52239765498749006148,1.784684241208,1.655409745016,38777512472.88603774022296135422,38776148039.804821895095468726,35968643949.95101948829964116472,21727940202.2664566505091247229379,0.22219472,0.2691056657097723161104,0.181969,0.22038727510510402133,8854.459717,10723.86092992509986844569,0,0,0,0,0,0,0.472121901945,7.798797063424,7.24818939271377,7.233887295075,6.7231631665549685,0.000020612846762170352,1.21112538457157,3691.1213810434915,6.85979484490865,1.18070229913476,0.0000202862144638676,0.00056835698969979,1.00522120195439,1.18070229913476,0.021637947473,29248898078.775827,25105830938.56274,2392412274.131439,27822577855.093364,28254664161.161233,11694142555.912079,28655912106.887928,29248898078.775827,29248898078.775827,5398091604.214705,20262361053.610957,29248898078.775827,86.8973488902,23564519208.295635,31972455908.366696,32017619862.359321,15116282075.02663,31498327382.407957,32015957851.830871,7988608984.378613,29230130595.88169,32017752219.694673,32017752173.743476,32017751461.865218,32017725736.748343,32017262010.987671,32007019941.422158,26865583637.223337,30734258295.054829,31845999391.180105,19445712711.81928,32017732320.399932,32017410990.665969,32011089724.540761,27398412531.572625,30921478799.47537,12388085406.008229,31886197416.129207,20225902978.155566,7109033561.349239,30380046481.161356,24005273150.676986,32017752221.916646,29355126992.045125,39850,0.461226851852,95403,4105473185.355596,4972242790.46206469060256200572,54957.70919363,66560.6766823076419477230991,1010.1211814999999,1223.383404408076038597416542843,92.342031145108,0.0691404556133965,0.05851231755320124,,
2021-04-06,106638,11164,679880,1112197,968,287117,993113,121,71875,1263060,1252687,1244401,1226723,861418,30432,1060246,156350,1181481,476079,3519,908927,37224,1077836,180398,415,1191689,525488,4510,1617759658,4220,6747.740047393365,34925177982.54002010533793372496,1.835637828253,1.702680202634,40164300232.06352653227347560352,40161821235.266741141902962576,37255147941.05357269367960121152,21880296654.3123216730518135198431,0.22010372,0.2760905456649503013184,0.180021,0.22581215856392621712,9758.518492,12240.75038503569113541824,0,0,0,0,0,0,0.475395028151,11.652275844052,7.481416711169296,10.808286411363,6.939528008028803,0.000021595692702102217,1.25436564936272,3412.863214880284,10.982798806640638,1.21112538457157,0.0000206128467621703,0.000576856224293191,1.02445102523263,1.21112538457157,0.021418406577,29262942016.331157,25127341106.655037,2777076986.876594,27842900513.326193,28272701979.537489,10706324204.637262,28669232110.587879,29262942016.331157,29262942016.331157,5747196058.340167,20264816215.444438,29262942016.331157,86.9557736118,23642996525.806125,31974418755.230446,32019477612.728595,15221963905.959116,31503783389.339449,32017815941.951416,8152197651.196938,29254387368.672266,32019611067.699293,32019611021.748096,32019610309.869838,32019584585.066613,32019119733.591656,32008874516.453718,26913456981.659636,30744356630.410246,31848640765.846174,19549049974.048664,32019593368.311744,32019279067.891012,32013294692.559308,27530236723.251564,30962951855.073244,12629735080.619791,31894022549.050193,20446699699.129733,7291266582.343581,30402042341.542823,24083382614.317943,32019611069.921266,29356985841.049745,44336,0.513148148148,97321,2747927657.949075,3446906061.065069791415963484,50181.1422814,62945.501123571355556909408,1911.515105,2397.7388859499729038856,92.382938108341,0.0691536222685718,0.058808489594716344,,
2021-04-07,92755,11083,677317,1110986,963,285719,991504,121,71396,1262074,1251701,1243416,1225738,859199,30209,1058833,155480,1180497,473845,3489,899879,35348,1074396,173550,400,1184317,512969,4231,1617846009,4091,5942.342459056465,32968106830.767452696917477011,1.727671105919,1.603081683361,37881342482.775364188852990039,37879448137.27550290708323804,35149564096.5642841433918044728,21926246467.2826972303359768496937,0.22252218,0.263245526515545909588,0.179581,0.2124457656184576746,7577.992843,8964.8264091542408540838,0,0,0,0,0,0,0.479198745608,12.483775356259,7.03509071321043,11.583519307729,6.527761577129228,0.000021024961508039604,1.1830080332466,3257.8038930413722,5.816830409853709,1.25436564936272,0.0000215956927021022,0.000592548019066034,1.05840676676346,1.25436564936272,0.021286623612,29281438979.820852,25169548599.271537,2123866376.947696,27868032933.209335,28295576174.959338,10828729820.074154,28690759576.350819,29281438979.820852,29281438979.820852,5922338798.469983,20285570921.2972,29281438979.820852,87.0299326001,23694193069.89138,31975899003.636784,32021070919.547159,15344521160.907734,31507048943.729517,32019403095.717681,8311815666.227358,29267841421.301947,32021204772.537942,32021204726.590638,32021204014.71238,32021178290.195125,32020711841.846524,32010420494.145813,26939078015.924846,30750844847.903983,31850366297.374594,19628014467.728282,32021181815.181331,32020854611.401966,32014282655.874937,27420685599.352355,30920481835.723037,12655309305.426857,31887320510.038348,20322626559.545365,7455376048.193603,30418763062.29071,24153940071.185947,32021204774.759915,29358580641.935958,34055,0.394155092593,84368,2565025712.250203,3034446023.0760719955215990598,42988.45809524,50855.691263553752829206184,2123.880728,2512.5679628816370115248,92.368503408371,0.06927743124994927,0.05984509234018229,,
2021-04-08,81405,11027,676126,1117093,964,285048,993420,117,70964,1268868,1258495,1250210,1232533,859190,29972,1064567,154835,1187299,472473,3481,903708,35681,1080959,175273,408,1195473,516000,4331,1617932264,4214,4933.681537731372,33950844861.86803883388521829112,1.749727617136,1.623550534915,39002602957.47862189384039921045,39001696285.066700268112803533,36190031108.01850630377836069964,22290671173.9106376302611701432747,0.22094006,0.2691041203468408347898,0.180021,0.21926486690081750643,6656.261037,8107.29965023470879229371,0,0,0,0,0,0,0.48201117759,14.056603486908,7.24454826483909,13.042947877579,6.722126401509722,0.000021013212027832364,1.21799604990983,3237.3939632033603,2.202901790956859,1.1830080332466,0.0000210249615080395,0.000595854381852377,0.998494369564758,1.1830080332466,0.021181442377,29285664110.221565,25183169993.822872,2213335655.108549,27874347264.411464,28300847860.251852,10979194591.962844,28695430815.719918,29285664110.221565,29285664110.221565,6311318835.972809,20489101213.247149,29285664110.221565,87.0476385868,23744973989.042897,31976204375.595352,32021810259.946929,15434935591.117446,31508538695.230565,32020062863.545183,8232499003.205099,29273395008.554948,32021945356.604142,32021945310.656838,32021944598.799649,32021918879.172228,32021448773.359889,32010948105.317703,26958504336.146242,30752451895.512089,31850624172.303231,19704566858.567615,32021926013.725833,32021598516.367559,32015134281.076294,27486894170.567793,30941820375.818179,12798027311.502608,31891239274.210383,20488504355.184228,7569567929.851672,30438010023.116693,24238512867.388485,32021945358.826115,29359538948.736535,30127,0.34869212963,77261,2278071327.020778,2774681877.72415218036943644774,36933.84345165,44985.2754320977413184647195,1568.37253,1910.2715463270863489699,92.362058983979,0.06927598775166777,0.05893279684021167,,
2021-04-09,68829,11024,678222,1122984,961,285317,998339,117,70900,1274928,1264555,1256270,1238593,862754,29954,1070027,154771,1193359,473363,3477,906140,35366,1086193,174219,405,1197638,515063,4273,1618018926,4268,4468.904639175258,33504869179.78744619343914718328,1.725331995638,1.600922803904,38486013940.30922704057621546896,38485024739.14275853890115294,35710887819.96034108269835509212,22306439594.0133863000634513264608,0.21850165,0.262602495241134433423,0.180021,0.21635517990735658902,6334.581241,7613.10882638315066966542,0,0,0,0,0,0,0.48152965794,11.746133590859,7.138744302408429,10.899150523408,6.6239880636659185,0.00002070278239509071,1.20183300785662,3224.921637995413,5.627729397016517,1.21799604990983,0.0000210132120278323,0.000585983511990234,1.02284115523914,1.21799604990983,0.021257635668,29289670883.676301,25187269871.08516,2610615068.000211,27878140274.696644,28304950288.629879,10927765171.652115,28698626918.794175,29289670883.676301,29289670883.676301,5772559012.162358,20428134354.583336,29289670883.676301,87.0572598964,23743793841.752506,31976646319.60533,32022627866.917024,15419910259.581394,31507158759.922018,32020866867.694261,8224624550.081508,29269999305.487291,32022763300.764835,32022763254.817531,32022762542.960342,32022736823.211998,32022263308.551705,32011659133.559095,26958410974.837682,30748869718.926353,31850342159.301484,19697488273.805857,32022740732.259189,32022411289.290228,32015756315.109609,27462123096.837644,30930152262.656579,12768400814.42786,31889465146.585049,20436192232.825198,7561818487.069079,30443352874.544681,24255027751.435367,32022763302.986808,29360458916.56711,28991,0.335543981481,68769,2726238643.148758,3276483588.63042232194939507796,51347.93705121,61711.6456334880971252775102,1499.831507,1802.54701133593721452634,92.402057461566,0.06930505793517665,0.058329621911404776,,
2021-04-10,85975,11030,679523,1127866,962,285281,1001933,118,70795,1285608,1275235,1266950,1249273,865180,29882,1074098,154670,1204042,473826,3466,910305,35566,1090665,175087,406,1211887,517576,4299,1618105078,4247,5011.374146456322,33909716234.24609259791719887668,1.738566702759,1.613211289122,38945042361.85222390566051300504,38942526306.323220841478126072,36136998306.58289197495402490896,22400660440.6062513081494275729451,0.21904901,0.2663830666239997089244,0.178569,0.21715577634421175436,7447.66623,9057.0241314462126064212,0,0,0,0,0,0,0.482623954462,11.122724196041,7.188038246451209,10.320745364772,6.669761032128109,0.000020386539882162245,1.21608888633644,3567.3488264547923,8.155629885090544,1.20183300785662,0.0000207027823950907,0.000581704659263811,1.01167921254871,1.20183300785662,0.021298118732,29293023511.802391,25158957838.824207,2291705928.731779,27884241534.680647,28308498382.093642,10944064941.568613,28703357876.338792,29293023511.802391,29293023511.802391,5558965702.066319,20444511712.514768,29293023511.802391,87.0706877635,23757609248.362703,31978394047.653378,32024685109.408851,15455951092.522381,31507368049.592245,32022911415.915305,8286843093.046517,29270442142.917226,32024832063.448093,32024832017.500789,32024831305.6436,32024805586.891064,32024315910.91941,32013629477.660957,26959765848.219814,30748662968.734245,31851560975.04452,19705143903.843769,32024812451.253006,32024467291.725689,32017873721.399489,27486385979.960482,30937914625.165641,12818209298.298825,31892397171.96762,20473568495.806654,7575537032.721688,30458624032.094274,24296231164.877456,32024832065.670066,29362527679.250368,34000,0.393518518519,87361,2879225583.698997,3501394233.59189967642703255068,44380.97850174,53971.2147207024820687654056,1511.216225,1837.773256073808936739,92.454311462872,0.06929398433704297,0.058298122418400336,,
2021-04-11,89558,11003,680454,1131888,965,285008,1005151,118,70549,1289522,1279149,1270865,1253188,867226,29787,1077743,154305,1207958,473861,3466,918262,36684,1096048,179190,422,1218419,525616,4459,1618191527,4282,5386.27043437646,35317360223.8646970195490490194,1.803300387829,1.673284956151,40578550144.365027246800321447,40576041882.52438829230262712,37652893526.3797320863918448528,22502379757.8303486044744446949504,0.21590956,0.273562539549024348236,0.180021,0.2280908818125279501,8559.950284,10845.6602760175705124204,0,0,0,0,0,0,0.483903481286,12.715218596036,7.462926960890132,11.798469148303,6.9248603819958365,0.000021140693980926352,1.2670237461881,3684.002274736198,22.369942656262246,1.21608888633644,0.0000203865398821622,0.000570883417825934,1.02056453736017,1.21608888633644,0.021317143401,29281546002.58231,25149141986.98834,1918962567.061497,27874268600.031074,28297163842.465461,10877060282.810094,28688403097.140504,29281546002.58231,29281546002.58231,4902411198.48083,20425363793.050864,29281546002.58231,87.0345542121,23778819288.27015,31979927031.466122,32026522414.140931,15497816626.945285,31507917367.165615,32024737077.226679,8312047243.316553,29272216056.336811,32026669005.716897,32026668959.776843,32026668247.919654,32026642529.967118,32026150505.168607,32015376365.913913,26970010915.184684,30748668033.474551,31852560187.97394,19742974896.319678,32026651513.863392,32026315967.682332,32020101342.50757,27593683532.982118,30973890394.878783,12974577641.74972,31899860705.861715,20639103234.292228,7615341174.891368,30468389563.044451,24334951030.30353,32026669007.93887,29364364621.519172,39646,0.458865740741,89903,2518766686.238836,3191337202.5721166530811810516,36640.09498624,46423.870410153625121951744,1732.1999815,2194.73850970708751552015,92.507338098287,0.06931347150412258,0.05641407925093769,,
2021-04-12,88976,11001,681411,1136813,961,284550,1008995,117,70261,1294692,1284319,1276035,1258359,869766,29644,1082220,153816,1213131,473832,3461,925698,37383,1106248,181801,435,1224602,531560,4627,1618278161,4192,5394.128101145038,36728967198.8026426602149213941,1.863940162297,1.729468314597,42212431748.04433933745896984475,42208183941.367345551459269965,39167063764.74278180742595324565,22646881376.2912384931218010806128,0.21740959,0.2865257377021264489295,0.180021,0.23725103307022705605,8003.499405,10547.87220387175699674525,0,0,0,0,0,0,0.48489913208,13.144274410969,7.78647890278716,12.195995650489,7.224732218901798,0.000021999615041772947,1.31790753895505,3797.2599923247953,19.861092010477524,1.2670237461881,0.0000211406939809264,0.000590860017509736,1.06437718912157,1.2670237461881,0.021343840037,29273098646.704085,25165697405.566653,1927544703.261286,27869153269.981682,28289291948.145354,10843190429.070772,28679892637.558902,29273098646.704085,29273098646.704085,4898085744.487276,20422062276.282207,29273098646.704085,87.0098349653,23814829560.35843,31982751777.488536,32029741654.728571,15531265215.954882,31509417957.472132,32027940263.643441,8319105463.727332,29278328225.005799,32029888666.230422,32029888620.290368,32029887908.462372,32029862192.138502,32029366761.276653,32018495942.730178,26984378609.510758,30750064911.389065,31854802191.884603,19777287197.349019,32029871957.82054,32029576871.040297,32023604824.251255,27672736480.756866,30999274661.506944,13119352150.242441,31906747103.397711,20808223237.314755,7658135745.85151,30482644789.287749,24385054895.753138,32029888668.452395,29365902302.206118,36813,0.426076388889,89433,2436793973.330492,3211469148.3324864562779823846,39450.88453189,51992.6181430229996590015445,1594.540619,2101.45710295015204017595,92.561559542762,0.06930161058590133,0.0558625039277653,,
2021-04-13,116371,10983,682721,1145367,965,283961,1013496,117,69939,1307766,1297393,1289109,1271433,872641,29526,1088307,153288,1226211,473852,3467,936369,39148,1115262,187749,453,1245779,543254,4921,1618364180,4200,6073.018571428571,39605710535.27306783480844088902,1.960017823828,1.818716112002,45487522015.51626484267571245806,45484989144.176020350729888504,42208233098.16120172528014764511,23207708349.6524353482317988776621,0.21821599,0.3098841055084951856841,0.178233,0.25310507161778393247,9017.121295,12805.03122966689444818905,0,0,0,0,0,0,0.48624177689,6.946488455241,8.297916281198818,6.445701830767,7.699702448209775,0.00002238262194065552,1.42007973617559,4168.346619438274,32.7418690808149,1.31790753895505,0.000021999615041773,0.000615031624262282,1.10472409301531,1.31790753895505,0.021370450624,29288149857.137889,25191742696.569564,2609180345.563508,27889779373.892778,28306255743.213846,10686501460.686879,28695049273.927685,29288149857.137889,29288149857.137889,5049132344.763663,20584314960.530955,29288149857.137889,87.0693956944,23846340850.151747,31984083028.167363,32031505263.068699,15575134950.31449,31509032965.970325,32029658869.920158,8354784235.159603,29282806800.623434,32031667556.121261,32031667510.181207,32031666798.353211,32031641085.84133,32031116107.399475,32020114436.070443,27000026309.535765,30750319513.864302,31855389115.702196,19820743938.688288,32031656662.181818,32031348247.906366,32025799466.280596,27825799278.143079,31046761469.113262,13275685128.793886,31915922304.658085,21061719177.709232,7706777639.961095,30505911653.100399,24455946276.741463,32031667558.343234,29369219461.244521,41322,0.478263888889,119036,4611202878.222153,6548275766.75783629497863584527,48924.66788921,69476.9294685876964832263839,1616.106092,2294.99951275912378069428,92.65592949729,0.06942859964981704,0.056854958456076105,,
2021-04-14,109094,10941,683301,1150080,965,283021,1017156,116,69398,1312119,1301746,1293462,1275788,874943,29296,1092566,152416,1230569,473271,3471,942046,39668,1121150,190241,463,1250647,548248,5079,1618450416,4061,6785.006156119182,40696087073.95910105585317022138,1.984538681968,1.841482416801,46747983688.9308533812015133486,46743659572.694583907891427428,43378136574.6527715682724275625,23556095990.3158479862483291881766,0.21631457,0.3156668812701627174754,0.177117,0.25846604327173805274,10040.889508,14652.62499964130267947976,0,0,0,0,0,0,0.488130696533,14.060948154483,8.493378685212821,13.047359079119,7.881130083363231,0.000023211503429085035,1.45929551241122,4308.9617543603135,40.48919205551541,1.42007973617559,0.0000223826219406555,0.000617992458705154,1.18791898015733,1.42007973617559,0.021366812255,29285538629.505394,25198824034.681244,2960777688.783731,27887488673.706829,28304004436.129419,10779811538.941557,28692545308.438537,29285538629.505394,29285538629.505394,5158099854.926177,20654782629.218096,29285538629.505394,87.0542082515,23902055683.214835,31986632102.637462,32034462845.945699,15637083541.700433,31510415003.870034,32032601906.763162,8378997855.087855,29290536530.904243,32034624439.052657,32034624393.112603,32034623681.404861,32034597969.990881,32034070718.692315,32022979049.841606,27025724874.969989,30752190441.742732,31857326803.849723,19897217343.110251,32034613900.942166,32034314446.427058,32028903215.408733,27902531866.886631,31072016522.896888,13398735534.222764,31921765191.50208,21245321057.250169,7757065444.470221,30523790323.349098,24533815860.892965,32034624441.27463,29372182684.933049,46418,0.53724537037,113053,2278269152.92779,3324667950.9324354481454458038,34147.74261574,49831.6475581227572773246028,1482.067382,2162.77427964364533282604,92.724910225065,0.06938064824335474,0.05645765861718982,,
2021-04-15,87722,10934,685208,1157402,962,282907,1022733,115,69137,1321109,1310736,1302452,1284778,878492,29219,1099213,152104,1239559,473739,3470,947475,39785,1132319,190905,467,1259896,550898,5127,1618537068,3982,5824.24811652436,41171419817.79214462167323641014,1.987487436765,1.844222641874,47313583511.8263871346043019452,47311367500.071950347979951364,43903060903.23930734943088407852,23805727088.6924041628337137738523,0.21872358,0.3230291095160418476028,0.177997,0.26288072098365846402,8449.729406,12479.26065251717820463596,0,0,0,0,0,0,0.488740111996,7.90966032425,8.527170087075532,7.339505342112,7.912502919411741,0.00002335688297618348,1.47688287433866,4532.886443728074,18.9315142422253,1.45929551241122,0.000023211503429085,0.000600459266627672,1.21901401516993,1.45929551241122,0.02141857815,29270861731.916277,25169044754.896269,2914916064.520248,27877241000.731679,28291592856.231177,10785839864.758874,28679306266.556977,29270861731.916277,29270861731.916277,5290184230.193475,20649398676.581461,29270861731.916277,87.0181811688,23926781685.094087,31987653534.766628,32035946014.285489,15657332416.998736,31509578505.059092,32034059880.974302,8359791060.303138,29290168954.278087,32036110872.862247,32036110826.922193,32036110115.214451,32036084403.800471,32035549575.186432,32024310113.563606,27036695985.623931,30750673714.603484,31857497433.556608,19924625432.619355,32036100511.040127,32035824555.770332,32030373302.421737,27925995227.839854,31077141484.392596,13454844330.708012,31923497763.745092,21305729253.06769,7775616596.706347,30536879728.303414,24582974945.373531,32036110875.08422,29373645601.625965,38632,0.44712962963,92092,4050251156.407431,5981746569.66848826686563458246,53519.23339486,79041.6392486024372091432876,1287.6620525,1901.72603327301851569965,92.832602457684,0.06938066974133743,0.04681065632508319,,
2021-04-16,107342,10947,687520,1164960,968,282807,1028897,115,68935,1328583,1318210,1309926,1292252,882831,29191,1106316,151836,1247036,474554,3466,948154,38604,1133868,186166,458,1266587,544844,4932,1618623514,4166,7479.778444551128,39510922410.66350206022745388261,1.89115796477,1.754846095823,45452030926.5538268139358077591,45448936988.945520715867653355,42175915764.06214532678611174704,24033968485.5832771081192889725041,0.21732122,0.3083091513660282923234,0.178233,0.25285549646473234701,10921.695425,15494.38498440227650428725,0,0,0,0,0,0,0.489268251275,11.272162354208,8.173994188811465,10.459681564024,7.584824777584135,0.00002304131693306569,1.41867946151797,4010.7803813948262,3.0427881172513223,1.47688287433866,0.0000233568829761835,0.000586161801691433,1.23436345094603,1.47688287433866,0.021515525438,29242790371.008473,25140337881.856955,3391328846.00428,27850492998.881713,28263878380.591201,10713046717.1737,28650265478.811417,29242790371.008473,29242790371.008473,5903452871.322036,20604358817.020431,29242790371.008473,86.9288381734,23943280216.759599,31989302880.432539,32038102060.380671,15675306714.13784,31508679676.082206,32036193698.770798,8347645668.237289,29289678540.807057,32038266681.304057,32038266635.364003,32038265923.656261,32038240214.595311,32037702610.539944,32026326386.33179,27046640512.377451,30748700980.286161,31858251586.725824,19928294467.617361,32038255778.662724,32037939718.837488,32032149176.669423,27855340231.095903,31044197493.483452,13376714584.003801,31919569546.852334,21178087870.488226,7760340246.139308,30547015951.908,24614179605.666579,32038266683.52603,29375840676.86339,50256,0.581666666667,116569,2842246738.183815,4032237072.02782132610078565555,33744.50814541,47872.6406449190113080880177,1385.909951,1966.16198299707618831947,92.856255906173,0.06950095388932545,0.04374104149216756,,
2021-04-17,87400,10974,691168,1174193,968,283711,1036328,115,69047,1338372,1327999,1319715,1302042,888210,29274,1114844,152140,1256828,476579,3466,951203,38019,1141477,184051,452,1269268,542898,4825,1618710140,4243,5441.555738864011,38341086939.33321749544059718712,1.837228494419,1.704807953026,44126838185.55905048232197576104,44125444458.266280723762837936,40946341137.842792742705104464,24018154693.1174029287689809197432,0.21946712,0.3022661975738110892576,0.178233,0.24547554636964786284,8775.173277,12085.81157619469060103196,0,0,0,0,0,0,0.488028719075,8.88786317656,7.907178289978182,8.247259322853,7.337258525926928,0.000022847598696986254,1.37727326796748,3886.720857533309,11.468053621062017,1.41867946151797,0.0000230413169330658,0.000584214713007919,1.18499261799281,1.41867946151797,0.021657336315,29229403068.024194,25127624334.36933,2429038877.772839,27838402030.350394,28250301866.638128,10604124837.016509,28636338110.884457,29229403068.024194,29229403068.024194,5885299869.953521,20568560639.784889,29229403068.024194,86.888362085,23916770153.819629,31989833702.012819,32039110323.17727,15636086764.631129,31506348581.056417,32037176377.463741,8291154944.674129,29280599354.15328,32039275871.243225,32039275825.303171,32039275113.630686,32039249404.926527,32038706262.773067,32027180125.480576,27036350192.002819,30742990183.098816,31857822491.003987,19885788162.352332,32039259889.019542,32038937109.020078,32032846653.791435,27797209813.037193,31021416752.494224,13293405314.721368,31916361163.715317,21059913672.852751,7701445154.134148,30549279622.942854,24607240921.256828,32039275873.465198,29376849865.302558,39984,0.462777777778,93849,3604834507.124713,4964842202.10959353890038833324,43997.73321635,60596.901810043709247604298,1279.643677,1762.41902885571242362396,92.921024275512,0.06957811702019141,0.03907955522266565,,
2021-04-18,101749,11084,693715,1181006,973,284046,1042297,115,69288,1345011,1334638,1326354,1308684,892650,29576,1121413,152350,1263473,477594,3474,947952,36473,1144919,178046,439,1274196,532745,4508,1618795776,4289,6899.0188855211,35658622488.74624226676019679515,1.72986473657,1.605186781087,41032293891.7183979532757527928,41030904925.46940123524410697,38074939826.3776719590190888241,23719943544.8789901251684422096134,0.21957181,0.2811933374027847076265,0.177601,0.22744366827450193565,9438.074774,12086.8145339699710377331,0,0,0,0,0,0,0.484934266612,4.794524017192,7.255864768341624,4.448964367736,6.732906894554592,0.00002271065992254091,1.28064407449565,3388.0158310217357,-1.3088611886946038,1.37727326796748,0.0000228475986969863,0.000588035363408345,1.15878539968429,1.37727326796748,0.021800993748,29234451989.57011,25134394394.667886,3154717157.10556,27844288041.382231,28255606735.762522,10166186542.202769,28640296470.604243,29234451989.57011,29234451989.57011,5776173623.038265,20557048348.278944,29234451989.57011,86.9037996824,23880890606.941206,31990444127.584375,32040192247.719899,15537467233.907941,31504882711.542298,32038243572.863748,8124895374.519384,29279481850.744845,32040357431.109339,32040357385.169285,32040356673.658803,32040330965.478497,32039786479.783588,32028140759.091333,27041079558.691717,30740808665.186575,31857549206.499095,19798867549.615607,32040340154.974697,32039993705.589311,32033237971.735219,27662166067.275769,30972489093.167058,13064743157.101694,31907720558.784323,20726768899.4474,7536881002.651105,30552442439.894648,24561940982.35975,32040357433.331312,29377931425.168672,42984,0.4975,110346,6682698286.303208,8558157961.9964380979955770452,71146.98796517,91113.9685558082834875165105,2021.1464735,2588.369254975554288590275,93.098508024168,0.06963789201153188,0.040499761481878276,,
2021-04-19,88717,11183,698727,1191570,975,285675,1051294,117,69805,1355859,1345486,1337202,1319532,899823,29874,1131354,153148,1274322,480656,3466,946579,35123,1148540,172702,424,1278503,524084,4242,1618882683,4297,5246.712822899697,33465215926.58384675490283098818,1.63202586168,1.514406140479,38486322128.36898064347231349718,38484158161.286022471678584194,35712621916.21643931496104238472,23581931531.8655800065880947176618,0.21617812,0.2596548127882688183924,0.175885,0.21125813633343032645,8502.717738,10212.74300309338669638426,0,0,0,0,0,0,0.481481054743,5.583513829263,6.7664947517907255,5.181111296718,6.278835061525426,0.00002152607958876975,1.20111513962777,3258.5875692732707,-0.765287844719845,1.28064407449565,0.0000227106599225409,0.000570828633002434,1.07395512826996,1.28064407449565,0.022026345923,29246827597.742675,25152894993.216154,3157755520.536473,27861788451.817234,28269842571.133759,9739649729.688926,28652939092.264484,29246827597.742675,29246827597.742675,5650586053.521412,20566678253.877147,29246827597.742675,86.9535306984,23818447110.430308,31991687493.298789,32041993196.646296,15427692450.284791,31502457725.084004,32040021815.711153,8014257076.471821,29267664907.659708,32042158870.486961,32042158824.546907,32042158113.036425,32042132405.784887,32041583186.31917,32029798790.1452,27016147790.002502,30733613893.692458,31857691156.822176,19681889480.005697,32042136233.179734,32041740522.043413,32034212332.452667,27504771748.984091,30915951961.694991,12812514804.62866,31898438323.990036,20401703141.432183,7348761423.233176,30548610475.148234,24502527541.342979,32042158872.708934,29379735218.331096,39332,0.455231481481,95483,5738708607.611636,6892849790.51453573475776073172,68012.30934577,81690.6144362516200500240329,1666.558637,2001.72880997812105854949,93.246659495517,0.0698610393197284,0.04018750591830098,,
2021-04-20,95023,11220,704667,1204738,983,287398,1062486,118,70192,1369293,1358922,1350638,1332968,908517,30104,1143702,153996,1287767,483982,3459,963268,36762,1163514,178865,438,1298146,537873,4457,1618969012,4126,5812.846097915657,35177528454.45100569063425122952,1.708273891287,1.585162480728,40462682852.168657773076850598,40461529595.39751507813532769,37546629409.94076061923975999628,23686297061.930494216820927237823,0.21211843,0.2678545354112744309902,0.175137,0.22115588809668433818,9317.938184,11766.31376757924412615376,0,0,0,0,0,0,0.480080270864,5.122338987804,7.0603066929317135,4.753183677658,6.551486461946839,0.00002235986497494153,1.26275937178714,3602.3560101374064,6.2212835297381215,1.20111513962777,0.0000215260795887698,0.000553860208338922,0.999772951042675,1.20111513962777,0.022258057653,29238267477.360942,25149945845.619474,2888497052.272217,27857665712.403668,28264059773.981803,9665849436.730714,28646216075.673728,29238267477.360942,29238267477.360942,5574099582.648632,20551376102.894488,29238267477.360942,86.9382007688,23764041258.276346,31991890992.819904,32042900690.718068,15383244169.515884,31498346128.144307,32040901394.10949,7951319073.216991,29250317251.900005,32043066757.918905,32043066711.978851,32043066000.468369,32043040296.838303,32042485014.174811,32030515320.149239,26989983174.671979,30724629422.021818,31856332682.943382,19606143138.223882,32043049215.502771,32042663812.180857,32035585566.466664,27592912676.286137,30950124098.822968,12852591538.252336,31905615249.475131,20506326804.449194,7234917860.914893,30545422774.950325,24472963476.28707,32043066760.1407,29380645375.852928,43928,0.508425925926,104707,6255553729.737964,7899259097.94461197828658498296,67996.5357769,85863.262801340033501329066,1874.452746,2366.98277198363950048644,93.39720069707,0.06987568906320869,0.04106257324909549,,
2021-04-21,88916,11212,709103,1215997,986,288366,1071337,118,70191,1381486,1371115,1362831,1345161,915009,30089,1154152,154311,1299964,486470,3467,964016,35509,1171938,174520,424,1307408,531702,4284,1619055184,4167,6476.862970962323,33648010954.04814254453998379682,1.640742334629,1.522503624551,38731983561.75521649328340313558,38730044682.247761230907431624,35940795891.11962504384975846722,23606377884.1425192115874268443843,0.21252492,0.2568762903710133387144,0.180021,0.21758919692279000622,9689.861249,11712.01763940414132926518,0,0,0,0,0,0,0.47975960889,9.492957199232,6.747528236603689,8.808855259291,6.261273315235022,0.000022372419616718056,1.20868785820982,3383.2346453935447,8.800767851013525,1.26275937178714,0.0000223598649749415,0.000542304746107085,1.05020437661807,1.26275937178714,0.022419078255,29217202146.425906,25124073952.287232,2957870707.038516,27838461953.182851,28243820069.160937,9632352865.898947,28625090609.032386,29217202146.425906,29217202146.425906,5334784305.583246,20521665559.832832,29217202146.425906,86.8739678679,23752446212.91947,31992892862.406924,32044485799.270016,15373730412.619175,31495530634.81077,32042449654.85374,7936797292.083197,29238480662.056396,32044653461.180174,32044653415.24012,32044652703.729638,32044627001.02592,32044064860.447954,32031905597.262968,26976487540.894583,30718250310.939981,31856178523.762784,19599165527.175464,32044633534.893483,32044227495.730181,32036519766.66965,27479839673.827968,30906126173.280609,12715306672.687452,31898494164.03539,20354471980.581039,7210201042.822392,30549396668.955292,24493550642.774708,32044653463.401969,29382232139.679851,45594,0.527708333333,101733,3375623927.388321,4080075654.91681065615103551222,40324.5636655,48739.81049009872344729521,1247.6405935,1508.00803677314367232817,93.424195378434,0.06994878353625812,0.03987322076462607,,
2021-04-22,86460,11158,711780,1223103,988,288441,1077807,118,69943,1390219,1379848,1371564,1353894,919673,29916,1161428,154047,1308704,487502,3464,962869,34286,1177406,170503,426,1312000,525200,4106,1619141513,4268,5418.213683223993,32112891547.18534907136295914034,1.579240065699,1.465438270185,36988166484.11620205620080428102,36986602057.768213740115930968,34322758070.2145769097076564681,23421497014.603881299826879463722,0.21206152,0.2447658112541190979408,0.180021,0.20778397753528209234,8195.117548,9458.97490010958757070392,0,0,0,0,0,0,0.481833106585,5.633996537538,6.4035944096492985,5.228004481093,5.9421442746169975,0.000022247011315169415,1.15422077166154,3048.6993362218473,2.659785687299382,1.20868785820982,0.000022372419616718,0.00051129031086808,1.00533527362702,1.20868785820982,0.022493089249,29200105902.119846,25108504857.432572,2864618068.090471,27822139694.261221,28226640624.517323,9545876506.950748,28606978841.276263,29200105902.119846,29200105902.119846,5056745572.263271,20488020248.837512,29200105902.119846,86.8193657584,23781731824.60141,31993727618.953624,32045836037.879844,15440826921.067919,31493636415.209961,32043785008.802658,7941859481.855784,29234980026.31888,32046006613.020868,32046006567.080814,32046005855.570332,32045980154.948041,32045416426.197336,32033121425.449768,26977480372.327813,30714496133.213229,31856035224.287112,19657105531.434805,32045983231.343776,32045563770.976278,32037248406.421151,27391719901.08005,30870638512.529961,12774752070.501412,31891993877.291958,20264175044.857371,7214880076.094979,30558423734.205043,24557329316.200643,32046006615.242663,29383588447.854302,38645,0.447280092593,90846,5687970590.987255,6565173804.7174551820353136727,76851.70874854,88703.8385752477633298491516,1436.436105,1657.9643895555968959017,93.591794541039,0.07008300367432872,0.040811988123608735,,
2021-04-23,103660,11085,717216,1233444,993,289286,1087742,118,69949,1400782,1390411,1382127,1364457,927902,29768,1171832,154258,1319275,490120,3475,971361,34121,1187427,170699,429,1322542,527978,4113,1619228043,4151,6172.196338231751,32064995766.4298566707061226974,1.58163770201,1.467667309442,36933374274.46144705687484848128,36932017370.423178324279869424,34272011840.08218741027270852744,23351349191.7453140970363629066163,0.21174087,0.2440247278026913515996,0.175533,0.20229629048652638964,9325.279443,10747.09279206280875839244,0,0,0,0,0,0,0.482753890286,4.886872756969,6.317990977853986,4.534732184046,5.862726215846186,0.00002261742216764431,1.15246871235908,2717.2565231785143,7.541845371809149,1.15422077166154,0.0000222470113151693,0.00047700883516429,0.9606493461377,1.15422077166154,0.022669066722,29197253578.068203,25111461166.405638,2984313008.354958,27822877465.188155,28225851162.919379,9496822236.898399,28604403002.843022,29197253578.068203,29197253578.068203,4976814201.25925,19537650508.32605,29197253578.068203,86.8184843555,23779556808.976913,31994253243.081109,32047010769.60781,15470901657.62251,31489540466.975024,32044950726.641372,7904271063.456091,29223613557.188427,32047181737.627421,32047181691.687367,32047180980.176885,32047155281.630188,32046592473.311978,32034174306.511127,26957792417.733981,30706802133.576641,31854925365.155373,19694208663.869671,32047158332.880718,32046736348.132455,32038327563.87796,27370567416.719242,30862866806.057617,12798222213.682346,31891048920.058789,20297726516.935691,7188010969.111589,30560122390.971982,24599216179.001879,32047181739.849216,29384778759.606641,44041,0.509733796296,110946,6557809735.100386,7557670541.30698136380267860488,70487.56515017,81234.7134459431813751630436,2278.400334,2625.78509916347779993272,93.751384467805,0.0700589016503956,0.039762238479125175,,
2021-04-24,73661,11115,719976,1241983,993,290173,1094281,118,70145,1410399,1400028,1391744,1374074,932712,29853,1179559,154771,1328895,491721,3479,971382,33539,1193101,168684,426,1331474,524144,4018,1619314739,4214,5162.557190317988,31016462104.32737953679155601075,1.534222479073,1.423670207594,35721010003.90133904293143741125,35720539179.5773744812511448,33147042506.15611192370310486675,23282809690.9981987458887262428955,0.21597191,0.2407273576469947980025,0.177733,0.19810537146554534075,7614.305535,8487.08358303372446234625,0,0,0,0,0,0,0.481445179027,8.44274356634,6.090322741935252,7.834380378144,5.651469171254922,0.000022168349306599814,1.11462346027775,2574.936086510316,1.3068505887337478,1.15246871235908,0.0000226174221676444,0.000488929810636736,0.954967098875793,1.15246871235908,0.022773189214,29201672355.859852,25113576184.585095,2714074082.46488,27826852035.393613,28230008064.470065,9544243186.803458,28607962963.108866,29201672355.859852,29201672355.859852,4870401873.288657,19468332746.757919,29201672355.859852,86.8297455781,23757011684.109496,31994158225.211114,32047429880.586656,15429163900.854004,31487543028.645713,32045342255.627961,7859021767.917184,29213840328.092311,32047602867.1814,32047602821.241346,32047602109.730864,32047576412.545445,32047006312.085393,32034455354.968868,26942423042.113261,30702609161.326961,31854180243.722648,19657759397.461085,32047578856.791377,32047132178.012241,32038188411.017508,27296442333.883595,30836352836.882234,12724247965.973828,31885516869.254299,20174227217.407402,7128878978.995907,30560869467.117521,24592947236.787281,32047602869.403195,29385204329.341003,35256,0.408055555556,80754,3795875430.490649,4230971807.11678108684431775975,53166.50189444,59260.63031244426346358071,705.272939,786.11376370843849880725,93.621830708036,0.07007299163571572,0.04001806033228421,,
2021-04-25,68370,11110,721679,1246015,993,290671,1097303,118,70212,1414599,1404229,1395945,1378275,935086,29893,1183179,155008,1333099,492887,3480,969671,32801,1189236,166116,418,1335118,520209,3903,1619401249,4288,4061.81296641791,30229101972.56624799577346816796,1.499434167082,1.391391527286,34836679721.33578192029399046278,34835753666.930523299853891696,32326501601.17595415628935874872,23233217226.9503995029001334653582,0.21226057,0.2307273016161406158729,0.176149,0.19147401447372704853,6316.2377,6865.752225611842493769,0,0,0,0,0,0,0.481020393291,14.352053959935,5.927762978089645,13.317907993162,5.500634415662928,0.000022207726892021712,1.08700029221697,2477.884815279614,-10.157636327578452,1.11462346027775,0.0000221683493065998,0.000498359194573425,0.925175503259458,1.11462346027775,0.022850079967,29183621873.549783,25096601800.775747,2281115550.202027,27809653952.266268,28211602626.980469,9494695464.364287,28590063607.024049,29183621873.549783,29183621873.549783,4802023030.749074,19464868291.913782,29183621873.549783,86.7737746949,23741431295.235011,31994838463.892679,32048281528.941776,15415960327.238679,31486594057.68687,32046179177.927937,7842337166.563902,29208769422.974931,32048454787.321393,32048454741.381339,32048454029.870857,32048428334.040648,32047855115.617905,32035248996.774349,26935084296.425147,30700296771.192282,31854482299.235631,19646102251.415342,32048430269.600419,32047913576.738729,32038612330.518806,27218637420.918982,30808632629.634356,12634915609.925349,31881202633.198419,20057559195.409109,7112091203.582625,30560567453.032376,24589005057.04335,32048454789.543174,29386056249.480982,29757,0.344409722222,66960,2233022177.80188,2427295759.7976183000666339036,41202.35692309,44786.9740154267269238828373,1364.307304,1483.00243812174652374888,93.629410132383,0.07011717016531381,0.036040843202514154,,
2021-04-26,80478,11116,725392,1254635,994,291401,1104719,117,70258,1423454,1413084,1404801,1387131,940798,29856,1191262,155270,1341956,494776,3473,994750,35806,1209868,177553,439,1351257,545255,4357,1619487215,4195,4773.651489868892,34252248760.09237424773797893175,1.689653855667,1.567914914656,39549614322.918263977071015171,39546278903.1352404371363379,36700079106.6335949534256347969,23406932840.2804572203464890681041,0.21162454,0.261135055602624600393,0.177029,0.21844573298671803555,7867.988841,9708.74031657843124528095,0,0,0,0,0,0,0.480724373502,7.956572992761,6.68213356312886,7.383304824867,6.200688289033746,0.000022875007034187117,1.23395451020295,2583.045868294588,4.530550901985135,1.08700029221697,0.0000222077268920218,0.000472494489554314,0.899934313362481,1.08700029221697,0.022986664953,29130825400.531249,25049524810.246154,2508177424.348117,27758113023.517265,28159235589.711613,9411590944.710427,28535880477.67393,29130825400.531249,29130825400.531249,4738584495.393645,19413009615.845221,29130825400.531249,86.6057718804,23736390013.149041,31997003605.805774,32050938394.488641,15407750780.462909,31485563121.739105,32048819552.381475,7791332453.336682,29201608988.504805,32051112089.757599,32051112043.824473,32051111332.313991,32051085636.714162,32050508182.991067,32037781114.453134,26921697909.042862,30696530857.232519,31855537089.54384,19633749248.640446,32051093691.860956,32050677714.861132,32042823856.214397,27469226177.383118,30901656719.809981,12799271090.533041,31902303428.501482,20444263611.177061,7092766599.455481,30563675275.119845,24603350307.42827,32051112091.97938,29408914062.168923,37179,0.4303125,82276,4028255898.756998,4970684534.5228356108137127441,56998.08318705,70333.0418215832820783117975,1658.644676,2046.6920787743106969942,93.600212438235,0.07052884225265174,0.04293497505672556,,
2021-04-27,75313,11095,728596,1262157,993,292078,1110940,116,70286,1431088,1420718,1412435,1394765,945505,29863,1198263,155554,1349594,496449,3473,1009165,37406,1224798,183870,456,1360906,558851,4619,1619573545,4279,4634.982472540313,36330647905.62366850568507692475,1.779803059455,1.651574315801,41955191025.65415721908152843341,41953405261.903692132866664199,38932462524.09674210803700669071,23572940164.7988409775144978219121,0.21181205,0.2772521175063757407115,0.178233,0.23329870354171949799,7561.690082,9897.90046015540669335646,0,0,0,0,0,0,0.48083450103,12.661640937889,7.05836461455727,11.749412867802,6.549833503788148,0.000023787463088977116,1.30895346844703,2705.793780381604,10.004969504635682,1.23395451020295,0.0000228750070341871,0.000488490003321929,1.02161810989698,1.23395451020295,0.02310355176,29125860152.402478,25029627856.986428,2667873655.751504,27755492293.188325,28155303431.136438,9416505422.765661,28529985581.952458,29125860152.402478,29125860152.402478,4711297624.42552,19416786946.45551,29125860152.402478,86.5939279919,23725041782.997271,31997946652.687352,32052295516.769261,15411933142.556977,31483789683.455038,32050156821.460822,7779692718.636972,29193118926.315913,32052469422.402366,32052469376.46924,32052468664.958758,32052442971.475017,32051861837.39924,32039018143.515859,26913626076.570003,30692584514.353395,31855574723.095573,19636401102.683238,32052452615.330333,32052093648.52188,32044831335.548054,27586648151.857637,30945421040.000697,12943080618.647533,31911779028.782912,20652752872.249997,7116335646.68622,30564968724.838647,24614386007.779503,32052469424.624147,29410271630.857187,35700,0.413194444444,78964,2531462515.945337,3313566640.49029385308175999911,37223.43438582,48723.7435468295308972531146,1402.0817725000002,1835.259799160234906551368689406,93.437558622832,0.07050212220204133,0.044193710778589,,
2021-04-28,74830,11052,731037,1268628,995,292558,1115961,116,70157,1437266,1426897,1418614,1400945,949318,29771,1204156,155538,1355776,497624,3473,1015824,37865,1231652,185901,465,1367506,563648,4717,1619660312,4269,5949.383462169126,37047860565.00531248627513833008,1.761469971175,1.668362145484,42766226148.72615409575555095208,42765184484.631239919679080272,40505687851.22353850322908822342,24278714283.269385643650869858184,0.21519921,0.2871240696280697084322,0.175841,0.23461137950956885762,7935.255653,10587.41292139736833287946,0,0,0,0,0,0,0.481797965503,10.590140542538,7.158177770667833,10.030366617453,6.779810623315308,0.000024352772186447986,1.33422455234882,2736.7279730146633,11.175442909068924,1.30895346844703,0.0000237874630889772,0.000494626105920711,1.08316513852917,1.30895346844703,0.023173280446,29135278916.445655,25035728416.568309,2469726025.45379,27767335340.805144,28167190451.020732,10076640449.912574,28539388658.670191,29135278916.445655,29135278916.445655,5298118468.040263,19402839875.116028,29135278916.445655,86.6287814037,23727947144.151309,31998368180.224211,32053071366.819529,15443188115.83473,31482207382.250516,32050911000.537328,7793868950.997352,29186820609.599039,32053244763.390493,32053244717.457367,32053244006.020135,32053218313.555227,32052633872.462157,32039699046.20944,26908403509.158291,30688301244.968159,31855219367.200446,19662924554.384174,32053228273.657536,32052873160.356736,32045730574.643878,27623140255.638397,30956672098.484168,13026966191.703156,31914206440.929302,20752177770.650126,7139001921.674993,30567545973.133261,24642060699.534287,32053244765.612244,29381046982.081663,36874,0.426782407407,78771,3026706268.614997,4038305816.33421171342462725354,44355.05704877,59179.6061353015264007919514,1002.2649655,1337.24652492914302126571,93.434245026028,0.070452679552732,0.044280135429479985,,
2021-04-29,77153,11040,732573,1274043,998,292461,1120250,118,70110,1443080,1432711,1424428,1406759,952310,29766,1209218,155378,1361591,498041,3463,1016980,37355,1236254,183999,462,1372972,561408,4619,1619746491,4221,4597.915422885572,36464201194.79959036495283039295,1.721953405602,1.630940932675,42090218841.76738496778321712915,42087194492.270328237571377325,39865573917.94717183133761041355,24443297190.7534909366104121456655,0.21391712,0.280881775253066506384,0.175885,0.23094407329523510075,7153.816448,9393.2484868383911292736,0,0,0,0,0,0,0.482683338294,8.365737593861,7.000414422117609,7.923573210203,6.630413105009992,0.000024512072671579632,1.31304018702695,2452.0145454732187,8.271680241016341,1.33422455234882,0.000024352772186448,0.000486902281677043,1.09975995472687,1.33422455234882,0.023229453431,29148001569.751818,25072263641.422378,3417519958.512636,27770818863.787881,28179409377.630449,10120882798.639106,28551826734.168092,29148001569.751818,29148001569.751818,5607686225.335074,19277251288.21969,29148001569.751818,86.6334321802,23732017208.704351,32000294909.440576,32055370725.670647,15472677486.025071,31482642384.993758,32053192530.123103,7820714975.99932,29189246776.484366,32055545028.026046,32055544982.09292,32055544270.655688,32055518579.010482,32054931001.073649,32041896053.515365,26913776639.971116,30688516429.076293,31856509994.233132,19671243670.622143,32055528275.426212,32055166966.812446,32047795015.662381,27590007792.203544,30943733342.731543,13010606505.322326,31913512059.09475,20692808897.444134,7063790669.027411,30575692529.377689,24662769055.248618,32055545030.247797,29435918958.612018,33442,0.387060185185,76034,3831765540.16822,5031262141.505901681564673529,62027.86826111,81445.0837424508902772069145,1499.885647,1969.41013045591790718665,93.352194820615,0.07047238262515314,0.044400794062703745,,
2021-04-30,78411,10827,733213,1278763,1002,291528,1123437,122,69211,1448640,1438271,1429989,1412320,954180,29271,1213542,154222,1367154,497627,3470,1022911,37472,1241812,185551,476,1379110,566521,4716,1619832769,4242,4831.307402168788,37470246753.5829203257887552114,1.761153175197,1.66807343189,43282870630.48658453152252158684,43281082057.806861632595200574,40995302152.8517635114736643163,24576437325.3035981272721246143377,0.2107398,0.284538816893115526428,0.177117,0.23914164116914765362,7556.075657,10202.13945252700534085802,0,0,0,0,0,0,0.488764463781,11.230121337269,7.170153493486364,10.636591582959,6.791199489914576,0.0000233833814427943,1.35019021984986,2715.032346267267,13.200529431085709,1.31304018702695,0.0000245120726715797,0.000475651778212687,1.08366806720361,1.31304018702695,0.023175248304,29128175724.007712,25056538152.519701,3129435808.87603,27751828003.72349,28159497838.823347,10095349035.979473,28531384153.306967,29128175724.007712,29128175724.007712,5620397282.768131,19260153413.317819,29128175724.007712,86.5706137504,23813633962.771187,32001279617.05979,32056693066.372335,15668258252.499154,31482046960.525454,32054491073.448375,8056984825.96545,29193026159.721298,32056868722.023343,32056868676.097288,32056867964.660056,32056842274.443956,32056250888.25531,32043113091.736809,26943571832.695703,30686777813.825989,31856848386.837543,19869468398.093593,32056852402.746855,32056496205.436912,32049322187.520036,27663569565.325633,30962351254.443545,13286834806.14188,31918039820.489173,20956194561.124695,7106522504.020433,30592013780.672595,24803262350.824267,32056868724.245094,29437672449.750523,35855,0.414988425926,80228,2854543398.196325,3854176578.3816625091363037645,44673.48173401,60317.6981239016668346557386,1075.313014,1451.87711478007558407804,93.362638668811,0.0704210308001587,0.04447853665600309,,
2021-05-01,91060,10774,734502,1283585,999,291445,1127333,122,69006,1455119,1444750,1436468,1418799,956624,29182,1217981,154072,1373635,498011,3454,1026517,37455,1246534,185781,473,1385703,567817,4717,1619919614,4245,8882.048056537102,37594626337.99629346897722877739,1.761346613806,1.668260741844,43442870503.13611156062110455721,43440885358.575239711012104376,41146946776.58761720141955949526,24664577751.2540495725987023581294,0.21592976,0.2926106567052127858576,0.181969,0.24658976414363108369,11024.941548,14940.11472293983576410348,0,0,0,0,0,0,0.490141164039,12.523583813505,7.171697070180022,11.86172162793,6.7926781593127945,0.000023419210972876888,1.35511963105601,2559.26986428577,14.394523031993916,1.35019021984986,0.0000233833814427944,0.000487382256543025,1.12131882466789,1.35019021984986,0.023209371159,29118527395.9128,25057359430.719963,2209462515.966813,27742662327.679339,28149505502.285352,10072762575.14367,28521753540.129844,29118527395.9128,29118527395.9128,5653888974.516607,19246615058.001591,29118527395.9128,86.5380807083,23825145373.058173,32002408979.888367,32058150689.268154,15713106525.521371,31481790709.49336,32055934448.876293,8126628286.991276,29191789164.563834,32058328655.65637,32058328609.730315,32058327898.293083,32058302208.306983,32057706114.854093,32044466768.096408,26948866668.288898,30686212844.382706,31857416962.902903,19899946913.277267,32058312419.450219,32057953660.745468,32050767620.178762,27673824293.691711,30964667089.182421,13326598162.283923,31919321913.395215,20998572255.68939,7173860987.356899,30599750665.099402,24840739735.090272,32058328657.878121,29439134748.089994,51058,0.590949074074,119246,2559836635.844465,3468884877.52920923416606348465,28714.74157819,38911.9100133055031236844219,649.2367724999999,879.793495618194563615761894399,93.395731149016,0.07022613455376177,0.044430437892350856,,
2021-05-02,86265,10755,734871,1286377,998,291279,1129082,122,68874,1461021,1450652,1442370,1424701,957325,29139,1220214,153905,1379537,497953,3450,1024325,36782,1247912,183518,469,1391145,563748,4621,1620005801,4261,7522.641164045999,36841423493.01730918380789196076,1.722450240325,1.631423243107,42556870333.96219044289465013061,42555341227.976228159817268293,40307850869.25132027331367651276,24707169668.910505211833970688566,0.21073348,0.2797350810359955662924,0.180549,0.23966713379368083087,9968.114971,13232.02867047421982614673,0,0,0,0,0,0,0.490935527169,17.405157140758,7.017267514196541,16.485340037462,6.646423250869296,0.000023464282581826317,1.32743539866563,2504.939310628261,11.349619782903126,1.35511963105601,0.0000234192109728768,0.00045946870996557,1.12433345566357,1.35511963105601,0.023207447992,29120254267.156772,25070335691.968201,1667592152.069041,27753835350.519652,28157881844.988443,9891024007.308607,28525233715.463619,29120254267.156772,29120254267.156772,5545441703.584227,19247400597.065669,29120254267.156772,86.5698609975,23837857551.846306,32003400379.034849,32059281560.962428,15739130953.61349,31482289435.698149,32057052938.179671,8153140993.316535,29192971315.667181,32059466226.222496,32059466180.296441,32059465468.859209,32059439778.873109,32058833627.700871,32045524251.407624,26955338225.808278,30686698532.413788,31858145117.664557,19921329985.530331,32059449647.198513,32059074842.050347,32051612010.184512,27632959467.838322,30949489483.005359,13325095208.211349,31917069352.009957,20950753156.029847,7200105812.682158,30608072063.49386,24870325808.467713,32059466228.444247,29440272818.229541,47302,0.547476851852,103362,1841952127.704151,2445072456.96196510370081203013,23724.08089967,31492.1847870291044879073421,496.825743,659.50407822655283331309,93.422996985167,0.0702754336985014,0.04466401413659725,,
2021-05-03,86663,10754,737522,1293664,1002,291787,1135021,122,68912,1470859,1460490,1452208,1434540,961553,29128,1226971,154084,1389378,499225,3450,1032520,37492,1255940,186136,475,1401493,570097,4730,1620092225,4201,7087.99785765294,37737635126.21398595364873792465,1.759129109719,1.666111206889,43599289194.70080245423339611656,43598161111.224511186829489349,41293878850.83646275801416035701,24784587415.3462789873800625562412,0.21812255,0.2966283982488372064095,0.180843,0.24593133275085252267,9423.112406,12814.64360062967609168214,0,0,0,0,0,0,0.490675293243,12.910384218076,7.181274819867731,12.22771865473,6.801548784016031,0.00002375688298081582,1.35991624088769,2673.9457393859934,16.320561267803985,1.32743539866563,0.0000234642825818264,0.000449600620126703,1.10415849930875,1.32743539866563,0.023297591339,29113274211.569563,25065664741.954983,1628201309.354177,27749970175.795985,28153118500.336168,9642555667.124845,28519950495.293344,29113274211.569563,29113274211.569563,5545414156.292051,19241151362.246479,29113274211.569563,86.5556201104,23827593972.810864,32003798011.363283,32060085555.354309,15731185030.05653,31480573564.462264,32057837228.720042,8116963163.612752,29187399203.707773,32060275391.093073,32060275345.167018,32060274633.750849,32060248945.403097,32059634134.242545,32046204682.672727,26946469229.106593,30683243810.50336,31857725970.946581,19903698349.826854,32060259191.004771,32059884992.744312,32052593577.099591,27678448229.124007,30964237802.641337,13336297177.06612,31920476409.684419,21015969439.368933,7163541636.858375,30612870417.745534,24882479068.765932,32060275393.314824,29440105097.164562,43201,0.500011574074,105413,2483293669.016164,3377071391.38866120315231862116,28274.04152232,38450.3282617358743957482408,727.819715,989.77385086674988280835,93.464353061076,0.07027767641259412,0.04459738488738251,,
2021-05-04,88238,10768,739551,1300196,1005,292068,1139765,122,68890,1477534,1467165,1458883,1441215,964953,29115,1232939,154122,1396056,500202,3443,1028254,36098,1259035,181061,461,1406865,561051,4467,1620178355,4154,5942.506740491093,35651769487.27838319460834281172,1.668453661391,1.58020570331,41200674778.29445567638558257892,41199743549.053043419918052236,39021486045.09124100149486842444,24693928115.4131457264252515020207,0.21572079,0.2772166864957541268252,0.178233,0.22904218774740137604,8771.854375,11272.461983199599149975,0,0,0,0,0,0,0.490775457943,6.934107576937,6.745259232053703,6.567348314187,6.388488548075238,0.00002391983310690779,1.28507171930788,2495.941905016507,8.839605059599172,1.35991624088769,0.0000237568829808158,0.000396402117684594,1.12750547511677,1.35991624088769,0.023375388546,29104140816.120669,24853692975.78468,2588243026.562655,27743019281.818669,28145556148.448767,9550693166.140449,28510505733.053123,29104140816.120669,29104140816.120669,5492211744.923909,19198512943.204519,29104140816.120669,86.5320038546,23828493206.68822,32004141410.836398,32060802859.995278,15734748285.319005,31479053921.832903,32058527595.372753,8073211370.931857,29183629465.552248,32060992516.144858,32060992470.218803,32060991758.802634,32060966072.316148,32060347614.99745,32046805686.24357,26943465184.693292,30680356483.267424,31857431829.007916,19892924026.875169,32060975328.302925,32060576956.319819,32052621190.342326,27570792577.203378,30922758860.465423,13220074593.711772,31912645251.420135,20811902007.571834,7119235070.58748,30616406493.894156,24895355017.836885,32060992518.366609,29441081287.179221,40663,0.470636574074,93313,4623665289.676756,5941741503.30907585664924363728,56640.25286026,72786.7871251673860375568488,942.857062,1211.63894572591641024856,93.5380444009,0.07047601097705168,0.0459792858946457,,
2021-05-05,103074,10720,742286,1307687,1007,292467,1146088,123,68715,1485312,1474943,1466661,1448993,969421,29036,1239970,154067,1403838,501383,3438,1052439,39464,1277775,194847,494,1424144,588315,5040,1620265208,4212,6612.239078822412,40955375565.45253713615617091756,1.887678399751,1.787841082687,47317466887.69435073633717648076,47314632213.586936281721466736,44814896034.02031895750433374644,25066487434.4777911261739923794737,0.21442889,0.3164478875984038208388,0.177026,0.26124979591133934792,10082.231887,14879.06309135125799869404,0,0,0,0,0,0,0.492328342185,9.896949305695,7.769252140208038,9.373510108675,7.358344599297691,0.00002573628591958092,1.47577076763492,2886.8636775485734,21.851196121776216,1.28507171930788,0.0000239198331069078,0.000392401307994175,1.07048679202161,1.28507171930788,0.02345173365,29111713669.901234,24823522341.017006,2916435804.280533,27751854463.879843,28154614739.86152,9558563219.14545,28516719618.201927,29111713669.901234,29111713669.901234,5648000474.843666,19224968772.507383,29111713669.901234,86.5544549599,23834296063.396403,32005580501.314308,32062693865.985605,15785466510.183687,31478275725.162827,32060401843.604421,8122661959.524866,29178464903.296852,32062883966.896052,32062883920.969997,32062883209.553828,32062857526.134171,32062235523.22645,32048562118.816959,26942676415.595214,30676848887.832759,31857978792.308358,19928316501.526713,32062873609.794311,32062548499.521927,32055821711.580795,27819771392.277997,31019705736.681543,13494786917.632166,31932171045.494481,21264794735.973974,7118420114.766506,30621348728.745763,24928146152.038181,32062883969.117803,29446409894.960909,47019,0.544201388889,108599,3239673456.816297,4781015384.25226147299160229124,39585.67788856,58419.3862449488703305245152,1389.677859,2050.84596074168211923628,93.617861326289,0.07069792886766096,0.052108600174885805,,
2021-05-06,140301,10708,741944,1310534,1012,291783,1147819,122,68481,1488613,1478244,1469962,1452294,969896,28959,1242247,153652,1407145,500545,3437,1068002,42417,1284645,205987,542,1431961,608652,5493,1620351611,4266,9453.53680262541,46134080105.472041775819096851,2.065439251198,1.956214919298,53424693448.80192554299356156694,53417519467.578972304799941455,50599494670.61350021843072892008,25866020226.8364784281998575929154,0.21650019,0.3606947431561046490879,0.178525,0.29742712476115417025,14070.996982,23442.63366407583139854062,0,0,0,0,0,0,0.493437983905,4.665193908519,8.858280854704498,4.418489636027,8.389838218313061,0.000029472900770703495,1.66602506517941,3236.864060915215,32.81813528820989,1.47577076763492,0.0000257362859195808,0.000418548648787332,1.22581600128802,1.47577076763492,0.023420906881,29047256489.690493,24741454699.481266,3352129074.516663,27691108056.9511,28092041121.871393,9648345723.434791,28453682316.669218,29047256489.690493,29047256489.690493,5339082645.866339,18844065126.376331,29047256489.690493,86.3534765055,23864765292.023149,32009611893.67282,32066969734.147152,15823155111.578535,31482414496.45899,32064662144.462974,8092086355.269606,29186668484.183572,32067160669.846983,32067160623.920928,32067159912.504759,32067134232.883283,32066507855.880158,32052746732.806757,26962202331.638068,30682468216.778305,31861761908.838934,19967617557.07021,32067153202.002299,32066850783.577935,32060977306.982381,28029534074.448463,31098736735.381702,13805716793.552312,31949446270.425311,21591752835.082891,7126366390.305096,30634487217.127279,24966846014.643685,32067160672.068734,29450811153.092697,64993,0.752233796296,145391,6873703708.974072,11451762669.76748056954171825752,65939.99803034,109857.6895164273655187232994,1833.289968,3054.30703842995847315888,93.849073544557,0.07083774899331184,0.0559662100719155,,
2021-05-07,109090,10675,744350,1319871,1021,291901,1154836,122,68356,1498545,1488176,1479894,1462227,974619,28881,1250773,153465,1417079,501519,3445,1072479,41904,1293363,204339,539,1441638,607660,5424,1620437260,4236,7230.808545797923,45528220635.8620415618062501473,1.992747059992,1.900943848126,52745163348.1372021916046987522,52741391943.550557176901158775,50315263687.0236184849642117968,26468569146.1197531240122179353916,0.21351629,0.3511822223358434181885,0.178233,0.29314981556481887145,11079.787176,18223.5476434882728151044,0,0,0,0,0,0,0.494669582918,8.784234503926,8.774503040895254,8.37955648059,8.370273333143967,0.00002868373668748742,1.64475610894065,3106.4758338360652,39.03169401367859,1.66602506517941,0.0000294729007707036,0.000475933309679891,1.38108289922732,1.66602506517941,0.023497489429,29030575101.903478,24775947285.211384,3616075113.23977,27680833886.785642,28075900883.728881,9890776865.343305,28437990950.422213,29030575101.903478,29030575101.903478,5378914308.760598,19014648168.715263,29030575101.903478,86.3173374502,23875167819.589814,32010523864.451903,32068491578.144926,15863402368.611107,31481127180.066709,32066148632.537585,8086611005.588443,29185542271.621152,32068683653.319837,32068683607.393782,32068682896.006806,32068657216.615351,32068024176.137115,32054087615.681593,26963619270.681765,30679452283.63455,31861836954.053955,20004480912.932261,32068676030.44645,32068369255.463313,32062326111.926537,28004750964.245523,31087159795.112697,13788209893.202661,31948421247.672039,21578792049.96536,7146113711.852215,30643329369.048166,25005074574.200361,32068683655.541588,29475278005.29962,51892,0.600601851852,120326,3650708965.159003,6004525872.40966876351714017195,42377.70480362,69700.988858637523534485153,1138.033282,1871.7871927472774627133,93.930152879641,0.07082796441372588,0.05465699016091077,,
2021-05-08,96017,10667,747923,1329443,1018,292731,1162414,121,68446,1509551,1499182,1490900,1473233,980101,28871,1259456,153837,1428088,503426,3446,1076833,41484,1302103,203363,534,1452299,607357,5377,1620524013,4221,7105.331201137171,44794889920.32348796306830490335,1.956876538759,1.866730032399,51891719628.09337984995745424075,51885592885.985251873633567225,49501248312.78805558067087398015,26517625716.4335675793897045552366,0.21200387,0.3430366268165212798045,0.180021,0.29128617603130064235,10362.325184,16766.9442878342183328544,0,0,0,0,0,0,0.4938111638,9.101045310083,8.694608986577506,8.681791758476,8.294078544935385,0.000027548084492760097,1.61806775893535,2994.918211090504,32.84671646144813,1.64475610894065,0.0000286837366874874,0.000472273821402254,1.35611222482222,1.64475610894065,0.023633129015,29032648176.238727,24776769022.451299,2871518969.155055,27684186693.020481,28078902368.890062,9850195598.224771,28440598043.454295,29032648176.238727,29032648176.238727,5151901507.209493,18982644121.907177,29032648176.238727,86.3237723501,23858029653.853984,32011484015.515705,32069982950.737652,15836611488.997963,31479026498.659691,32067612031.967858,8051052817.662983,29175591072.449052,32070177122.027294,32070177076.101239,32070176364.714263,32070150687.078106,32069509878.228568,32055418843.961415,26947355105.388808,30674599100.346864,31861819787.679435,19989589192.477412,32070169287.180424,32069856161.983328,32063607916.716225,27964191593.491494,31074405213.635047,13747560718.888534,31947164607.623582,21536429429.843027,7142892657.354707,30645776798.382511,25013641875.639012,32070177124.249045,29476771915.395827,48878,0.565717592593,113276,3523790513.241398,5701731818.7181556312060256193,37335.86935187,60411.9664500833094057316045,701.0059739999999,1134.275165350472067974124106465,94.009509324892,0.07083817915075934,0.05476690540824458,,
2021-05-09,117249,10630,750543,1338387,1022,293076,1169214,123,68448,1519177,1508808,1500526,1482859,984700,28833,1267610,154018,1437716,504646,3437,1095317,44281,1314606,214443,574,1463633,627923,5773,1620610609,4280,7172.303037383178,49281551279.0460907971297593143,2.117083577725,2.019562545813,57022025716.0603831806463414999,57011986465.837467085694168825,54395371365.6969370155311090537,26934234583.8537859879780715109475,0.21558192,0.383290830340505748744,0.177381,0.31537204407785796795,11186.114429,19888.19418518641238181155,0,0,0,0,0,0,0.494959272089,7.482234793861,9.592623147459156,7.137574211832,9.150749941355675,0.000030502382923342053,1.77793587857695,3341.720036084876,47.93535099753723,1.61806775893535,0.00002754808449276,0.00041630171306775,1.33134642183962,1.61806775893535,0.023728983803,29061341776.80777,24812995971.358274,2386446437.351821,27718407549.371674,28111111489.137603,9802293011.448696,28471482340.529797,29061341776.80777,29061341776.80777,5274443295.598609,18992214782.652799,29061341776.80777,86.4254657042,23853769094.263113,32012809455.345766,32071841932.797986,15874352208.960646,31477967571.633909,32069439428.310496,8123348302.186999,29170132877.534167,32072037242.282531,32072037196.356476,32072036484.9695,32072010808.370343,32071363690.00558,32057109693.114917,26941113980.026394,30672346405.654443,31862330467.078971,19998138678.001268,32072030417.434332,32071736479.961575,32066140816.387426,28124962942.513933,31136785359.760766,14000358300.421526,31959204236.033334,21783190918.410067,7147154097.494761,30651336338.049831,25035613737.603731,32072037244.504282,29478826483.60766,51888,0.600555555556,125655,4286424862.104001,7620988553.15895876943878137695,51042.03104943,90749.4583182202882635086385,1332.9562955000001,2369.910822344469261482312857695,94.16607818995,0.07107855239931114,0.0567083343904204,,
2021-05-10,118438,10484,753366,1350835,1025,292793,1178582,125,67999,1532588,1522219,1513938,1496271,990595,28518,1279100,153506,1451133,505343,3446,1092508,41688,1323306,205347,551,1475795,614482,5386,1620696565,4139,7296.547716839816,45863463909.59662656614884158177,1.957762974375,1.867592140703,53051732560.06217726626623105207,53035759528.492450432251232935,50608270805.33417581510860225411,27098138668.6986934517232404292889,0.21108037,0.3491134334470790142597,0.175137,0.28966539803592857697,10939.240204,18092.80373594553135923724,0,0,0,0,0,0,0.498770219362,5.471986320796,8.991479712093804,5.219957053286,8.577349282516591,0.000029585857434221567,1.65393605026881,3377.751846999373,36.00453625157432,1.77793587857695,0.000030502382923342,0.000454008916306005,1.46166465997174,1.77793587857695,0.023786860199,29063395298.29886,24808307284.666588,2898387340.765883,27729889497.325217,28116788013.930146,9928371152.570247,28475526482.882776,29063395298.29886,29063395298.29886,5546282844.314994,18961377485.379286,29063395298.29886,86.4504544836,23896695052.555928,32015986735.945566,32075851313.849533,15998577624.707037,31478273768.326438,32073399809.284384,8264502816.852027,29172033363.829615,32076048253.356096,32076048207.434541,32076047496.047565,32076021821.832856,32075366723.577074,32060859412.658636,26950242638.180166,30671672808.063745,31864271870.058866,20129345014.394095,32076040697.147272,32075724347.943104,32069412920.546385,27999869537.032383,31085724306.788709,13969262608.968365,31953021559.755167,21668735656.111365,7185420129.100295,30669192808.063745,25130449426.578834,32076048255.577847,29421152232.630716,51825,0.599826388889,128025,5861865577.710345,9695150800.80494413938156783945,56251.35459459,93036.1432404464625980717379,1375.918517,2275.68123749869850655477,94.308022250419,0.07137306340259778,0.058811895448310385,,
2021-05-11,110485,10481,758439,1365218,1030,293664,1189893,125,67996,1547696,1537327,1529046,1511380,998708,28504,1292460,153779,1466246,507900,3451,1111568,43643,1340294,213535,576,1491975,631589,5671,1620801742,4232,6858.291587901701,48753781615.6555294410191994873,2.043825908287,1.949701245827,56451981694.76665129672943257356,56427949139.42485473943730199,53852188972.34532395407570784772,27620738863.2586026070012799170422,0.2076659,0.365434356624853331166,0.175137,0.30819251940837151338,10969.120538,19302.60821128791504108612,0,0,0,0,0,0,0.49881152457,6.714770402051,9.592178297255055,6.405533937716,9.150428077321086,0.000031083856935947956,1.75972249957674,3570.354531320654,38.88630776423466,1.65393605026881,0.0000295858574342216,0.000418264444974135,1.36449922656797,1.65393605026881,0.023976113326,29036309731.339432,24770213982.535809,3157142602.276774,27705380608.239145,28090862189.103484,9948884147.963653,28448702091.486713,29036309731.339432,29036309731.339432,5799004150.325238,18938522657.700061,29036309731.339432,86.3632775183,23890883222.711623,32019159184.969744,32079849501.36915,16001897492.882149,31476929734.720799,32077351446.707509,8257080929.199771,29162690989.693798,32080047680.492343,32080047634.570788,32080046923.255837,32080021251.107731,32079357899.042824,32064611096.734231,26940864082.4077,30667110008.29109,31865984139.452883,20126697965.976282,32080040753.20261,32079738286.880737,32073839997.943447,28106739762.326737,31128082723.903307,14095732932.041797,31963464401.008446,21830145079.29977,7176498241.448039,30677009613.423292,25154950670.782313,32080047682.714094,29425128483.769267,52821,0.611354166667,122315,4777534563.641396,8407135064.14530719320314272904,58784.67202182,103444.7099870359446700444668,1497.652982,2635.45364898359839883868,94.434728719988,0.07141995570969216,0.05931275164668131,,
2021-05-12,106359,10465,761560,1375822,1028,294017,1197862,125,67934,1559334,1548965,1540685,1523018,1004351,28497,1302138,153756,1477886,509233,3455,1106277,41086,1346980,203844,549,1502129,616283,5316,1620869866,4269,6772.96767392832,44911490714.67045663763572226888,1.888228788142,1.801276993296,52005532393.13728273502767428756,51979132325.60244566144641573,49610709047.63559694596886129788,27541965634.5320507041600114443645,0.20974792,0.3399981931686258863216,0.175137,0.28389441743676710526,10492.43007,17008.0698094558402782786,0,0,0,0,0,0,0.49872955949,4.94225290774,8.877793735754194,4.714665147397,8.468976698093439,0.0000318012540680233,1.62098481438398,3113.241467581884,22.9968542155268,1.75972249957674,0.000031083856935948,0.000423440578685902,1.45063951696528,1.75972249957674,0.024083150673,29019941743.121741,24755210831.684258,2817099447.36018,27706299476.801756,28084203521.553247,9938323770.836496,28441990537.508465,29019941743.121741,29019941743.121741,5884562320.910094,18879716513.898161,29019941743.121741,86.3590634457,23886498562.140656,32021147970.707953,32082477180.069137,16000579420.186393,31476294947.274451,32079939672.35125,8228474943.913292,29159226692.578762,32082677103.486271,32082677057.570682,32082676346.244731,32082650675.027181,32081979432.310163,32067051328.531541,26939366420.359555,30664409764.159317,31866929878.650426,20137127252.304561,32082669293.946309,32082343184.652045,32075657245.062085,27953817946.551787,31068200003.701353,13931885816.872691,31954663793.712065,21625074334.149437,7147392363.80156,30686177882.349327,25178688896.30426,32082677105.708022,29427760288.347132,50024,0.578981481481,117600,6491508570.000909,10522636814.41493891590487503782,64414.43127089,104414.8149172932635838563422,1280.6795805000002,2075.962152082146196517352876796,94.619942725317,0.07179076635262967,0.061415596485510274,,
2021-05-13,149502,10431,762201,1382406,1037,293113,1202452,125,67350,1567302,1556933,1548654,1531004,1007247,28278,1308030,152992,1485875,508744,3456,1134526,45804,1359686,222257,622,1513023,650905,6058,1620955966,4258,8947.517379051198,53190878073.06434243121601176024,2.165284104892,2.066081120331,61561530972.9606364090742212956,61523739606.49179996397606452,58741075406.46942460085175960984,28431156370.6021635736579942459656,0.21397042,0.4105314046628557849584,0.175841,0.33737491718397909432,13842.38851,26558.5084092430876262952,0,0,0,0,0,0,0.501348029281,5.408328301885,10.553339480412838,5.160544508608,10.069835827853002,0.000038863481838006394,1.91863625197752,3615.067666326909,35.107642416234334,1.62098481438398,0.0000318012540680234,0.000407743400408175,1.34635931097824,1.62098481438398,0.024084271838,29035858524.73355,24780497262.40165,2880785064.790386,27723273767.104637,28100269249.797641,10064557780.802627,28455325977.813569,29035858524.73355,29035858524.73355,5900471696.798068,18909519714.883977,29035858524.73355,86.4027863382,23940478765.524305,32024017013.799161,32085885522.485949,16086296816.815256,31477827452.067305,32083317479.513381,8222130414.140576,29164721021.395615,32086087660.048654,32086087614.139129,32086086903.268288,32086061234.038921,32085383286.720559,32070324848.879483,26966102958.868627,30667008570.098727,31869165284.905024,20211657660.341825,32086081508.674886,32085786824.305346,32080388945.883839,28258141239.656374,31179649319.661705,14378479694.665958,31976937798.26234,22117029185.338697,7155602099.914625,30704380853.933793,25255495134.160833,32086087662.270405,29431121306.38666,64693,0.748761574074,160285,5932718184.116992,11382728180.81310395561503401984,49479.00758607,94932.2176665046241191051464,1997.451222,3832.38232608599724052944,94.810714478084,0.07264807045886613,0.06711767275480578,,
2021-05-14,120822,10439,766456,1396225,1041,293632,1212593,124,67265,1582879,1572511,1564232,1546582,1014496,28222,1320634,153109,1501455,510693,3459,1155446,50156,1378273,236324,705,1529428,675028,6775,1621042497,4328,8770.3176987061,55795140817.9953437038433609608,2.228922242165,2.126816386989,64537628088.4743528554694670992,64489972567.8436856055514828,61581190406.4475004161596854928,28954634157.9764475497606484120914,0.21544355,0.43328695059855544444,0.175333,0.3526190545472190824,12763.522461,25669.2192735538372314408,0,0,0,0,0,0,0.501467344433,6.345082695377,11.022519561230846,6.054417510867,10.517583245055311,0.000040224877302222256,2.0111391155528,3830.115887592638,37.815754139458626,1.91863625197752,0.0000388634818380065,0.000520356243151549,1.59048235316948,1.91863625197752,0.024235423748,29048782545.018799,24791906377.023129,3009049577.769843,27743053867.588361,28117500869.006385,10001614860.716355,28471219917.049295,29048782545.018799,29048782545.018799,5621748136.935967,18904354826.519617,29048782545.018799,86.4536588508,23949585291.164024,32027214194.419743,32089881228.327383,16092130436.559537,31477098276.622237,32087258847.203543,8163019409.680816,29157833325.351393,32090086451.462823,32090086405.553298,32090085694.682457,32090060026.499469,32089370809.163323,32074084245.599389,26963195242.715477,30664262588.481844,31871029885.445039,20217676335.931288,32090080720.736213,32089806716.160152,32084883975.025856,28475374745.978298,31247429199.588423,14775959621.813124,31990227085.886631,22483132012.982517,7152988118.723145,30715972276.909069,25293066192.498303,32090086453.683714,29435120160.675094,59243,0.68568287037,147832,5057473321.358493,10171282422.4488014618006699304,52623.27971285,105832.73621918875215301348,1072.019979,2155.9813124209912293912,95.000779907158,0.07258076464653226,0.06739040422143408,,
2021-05-15,177321,10280,767047,1405949,1040,291828,1218736,126,66327,1594198,1583830,1575551,1557902,1017732,27770,1328877,151567,1512780,509704,3452,1177734,52071,1392848,244025,760,1542466,692728,7221,1621128744,4324,12107.086725254394,60411523489.70973759007094652322,2.367013252299,2.25898472866,70132329339.87326344456701269396,70058229092.85846426099930751,66931547937.14957871624220099908,29629039580.473832482195997705467,0.21805941,0.4764133344349784186466,0.176017,0.38455962935624560442,18392.221123,40183.08310049024411045198,0,0,0,0,0,0,0.506841595736,6.82766151968,11.824867843857007,6.516052705001,11.28519067299247,0.000046437437643159217,2.18478686352026,4232.719007846556,47.932304008779006,2.0111391155528,0.0000402248773022222,0.000492116942837502,1.6596648357199,2.0111391155528,0.024210779036,28951722102.547137,24726320659.995855,3075437165.008268,27650991727.573397,28023192267.525621,9899982853.913652,28375495240.106,28951722102.547137,28951722102.547137,5568535720.153231,18853655672.022416,28951722102.547137,86.1393369625,24047384122.929524,32036699163.992476,32100099112.931097,16269770891.06931,31484386059.026254,32097423929.548781,8327215157.950403,29178387973.825193,32100307131.112855,32100307085.20333,32100306374.424122,32100280709.948726,32099579108.55398,32084067004.534532,27010717483.852628,30673087829.400563,31879620183.367024,20394984316.087357,32100302220.087172,32100048000.926479,32095828421.24438,28630252006.308683,31299971957.316364,15204939773.675232,32007955867.770684,22859977536.350896,7214205271.213067,30750876303.549559,25439952733.474149,32100307133.333746,29449087125.503174,84345,0.976215277778,199742,4701508274.949797,10271793517.84211516524219238722,38389.93062867,83873.8161289722924710818542,1516.079178,3312.30987215099396714628,95.167526171187,0.07273842437102805,0.0686660290227461,,
2021-05-16,133972,10249,765189,1407537,1041,290676,1218626,128,66026,1596576,1586208,1577929,1560280,1016418,27699,1329755,150975,1515161,508056,3436,1181647,53062,1395391,247335,778,1545397,698227,7501,1621215550,4360,9208.477752293578,62469762870.94264059150408013114,2.387722092861,2.278760697267,72607048862.29460154654856502506,72522172333.56090285621310567,69293696191.2941538147760117481,30408500670.7365603773014509901411,0.21309895,0.481950055926437445959,0.175157,0.39613956777312606994,15690.901616,35486.94590643186040063072,0,0,0,0,0,0,0.508947411707,7.082547222175,12.25105231509807,6.759342008304,11.6919873545075,0.00004914173479071532,2.26162567167242,4329.917174065965,59.41766502015244,2.18478686352026,0.0000464374376431591,0.000594888042811618,1.80200884189343,2.18478686352026,0.024133504639,28915678940.423002,24692393341.783703,3307851411.51585,27621619109.385017,27991032423.124975,9953756623.531617,28342602421.624378,28915678940.423002,28915678940.423002,5810638930.15817,18832768660.942876,28915678940.423002,86.0381517357,24078993090.52573,32040128075.564262,32103710502.899396,16339206816.155193,31488888698.419349,32101013293.601616,8437414579.130966,29191821811.660546,32103919656.863702,32103919610.954177,32103918900.156951,32103893237.486609,32103186239.134058,32087584051.737169,27040804928.133382,30681251394.350234,31883218936.259958,20433326392.055062,32103914994.522381,32103663775.803847,32099600626.879986,28701685074.781195,31324466086.448162,15349914067.242393,32014690493.356405,23031603911.159139,7222181943.781281,30766932721.057335,25484527417.635832,32103919659.084593,29452783157.209381,73632,0.852222222222,145100,4532821123.813768,10251544618.71624671211318187856,59527.24876381,134628.3539682630243802711202,1364.452193,3085.88010745853144661706,95.395150515821,0.07270164878592193,0.06802015041589791,,
2021-05-17,127819,10255,770104,1422071,1039,291454,1229641,125,66087,1612297,1601929,1593650,1576001,1024373,27706,1342913,151168,1530887,510323,3436,1171710,49529,1403304,235185,734,1559001,680189,6718,1621302133,4257,8253.877378435518,56028572938.75887137117363410611,2.14029209992,2.042728583035,65147603194.7066390061483632377,65067012913.780324802239233965,62177901402.83899633257841267151,30438650498.7592472907080614141397,0.21906009,0.4445023405444926912531,0.175157,0.35541707511738768263,12705.266173,25780.69127580139947730207,0,0,0,0,0,0,0.508483460938,8.388095019176,11.120263547849,8.005730364342,10.61335515882678,0.000046654921373501174,2.02913429162059,3860.215192676268,47.329824720630654,2.26162567167242,0.0000491417347907153,0.000634247124994298,1.85920897350992,2.26162567167242,0.024316531273,28902532070.690302,24683243934.81342,2904430795.429557,27612057600.195129,27979713454.194443,9948198530.764723,28330745698.782882,28902532070.690302,28902532070.690302,5858786473.845049,18807981468.763009,28902532070.690302,86.0025084443,24069976962.628245,32041487924.106791,32105896262.192015,16325424532.563421,31485968852.276497,32103147784.072692,8328640744.39955,29183877708.776445,32106107249.397139,32106107203.487614,32106106492.690388,32106080832.492449,32105362735.673165,32089517093.423699,27028214905.203843,30675081856.24794,31883047585.681215,20423424112.757824,32106101593.614859,32105818412.526214,32100753418.780362,28525826789.863945,31261404673.570568,15133539098.411383,32005405194.583608,22656308253.564268,7236135065.32308,30773748356.347483,25502749236.326045,32106107251.61803,29459736244.962712,57999,0.671284722222,142514,3827580300.20149,7766674441.0702756267956326791,37981.75831422,77070.0882514292543102417898,1154.041299,2341.70477374727049874641,95.52124459519,0.07322303227111367,0.07127150059438771,,
2021-05-18,123082,10409,777422,1441683,1034,292359,1245186,127,66272,1632611,1622243,1613965,1596317,1036431,27885,1360738,151423,1551206,513239,3399,1178668,47178,1418183,227722,689,1578985,671161,6269,1621388255,4276,7872.083723105706,55272449109.45466198876833954828,2.072904955586,1.978416869818,64166501456.9897138140870985391,64084668105.82543812622824237,61241635135.0776628559817893673,30954869051.7999981535910668326153,0.21525954,0.4301960990920329619548,0.174433,0.34860427627468025646,12087.468936,24156.80152509536270827632,0,0,0,0,0,0,0.50697883896,5.425681664706,10.942965331336685,5.178365803405,10.444158165093848,0.00004670503568175276,1.99849957447662,3587.1421233402984,56.05425537643469,2.02913429162059,0.0000466549213735013,0.000618632792845499,1.66946707747757,2.02913429162059,0.024606422932,28944863536.352564,24725569091.702205,2298558653.174197,27656973168.948394,28023568726.946267,10376356000.962997,28372635937.909825,28944863536.352564,28944863536.352564,5806753690.738846,18492216341.489052,28944863536.352564,86.139103511,24049349689.116625,32041435032.278427,32107125642.672378,16277740973.416919,31480007784.282855,32104320197.678949,8360902068.968528,29173355000.564246,32107338061.032914,32107338015.126057,32107337304.338831,32107311645.668226,32106580015.333629,32090471054.01471,27016707048.024928,30665481376.989566,31880631531.648017,20317368064.846565,32107332239.700949,32107024411.503644,32101508025.995703,28389005248.844808,31214042461.102239,14882908807.003084,31997405119.466907,22345465314.732896,7205301242.192748,30780585885.320221,25494574352.074948,32107338063.253805,29460967466.977726,56153,0.649918981481,137628,5917659761.004858,11826440514.26562552022062741996,50142.37192633,100209.5089580189216909474046,1135.039877,2268.37671119849510417574,95.539975286152,0.07323588246535506,0.06964258449078485,,
2021-05-19,166749,10447,777652,1447901,1035,291866,1250001,128,66240,1639004,1628636,1620358,1602710,1038828,27972,1366506,151132,1557600,513091,3395,1140419,38711,1413711,195539,572,1579303,613141,4978,1621474803,4290,10337.206293706294,42488169197.0667091030708533777,1.628912647117,1.55453895386,49250870265.7553826895545799026,49185528176.89978138275319905,47002149854.4619682191634549589,30235427512.2892128509014248795033,0.21731057,0.333325171342146961671,0.175137,0.2686365901729933911,15755.885619,24167.4083023225434546357,0,0,0,0,0,0,0.506420665442,3.343693496345,8.364119316225747,3.191025497307,7.982226250633195,0.00004074821324339742,1.5338654320503,2605.6403745414127,27.703446692516973,1.99849957447662,0.0000467050356817526,0.000593336518383609,1.63998604562545,1.99849957447662,0.024650166007,28979474904.841617,24719568931.096359,3335293826.017642,27700063062.424759,28060114047.810695,10840314032.018613,28407576644.757374,28979474904.841617,28979474904.841617,6061224495.634788,18850762040.057295,28979474904.841617,86.2688699059,24047380047.520097,32042613946.36638,32108777482.917788,16260656229.952502,31480370754.041956,32105949943.16807,8334732221.792291,29179037198.549359,32108990289.008451,32108990243.101594,32108989532.314368,32108963874.467889,32108228840.498318,32091945553.282582,27029458268.249411,30667289705.483836,31881450489.344225,20290637913.929363,32108980878.010166,32108614736.999914,32100686371.3874,27918394616.820157,31034384828.968584,14202300396.465337,31965362631.700447,21595823789.159285,7126816383.59912,30790785885.861551,25501635040.410891,32108990291.229342,29460129461.253192,72504,0.839166666667,179017,9602850956.980783,14729481132.0439655351293893849,63791.32988307,97847.315772158378929358421,2271.36824,3483.973226792929502472,95.707542941034,0.07586149300129295,0.08533237865721621,,
2021-05-20,130111,10454,781456,1457976,1034,292534,1258257,129,66448,1649330,1638962,1630684,1613036,1045113,28084,1375592,151456,1567931,515036,3388,1173760,43416,1430734,214118,633,1594105,650713,5686,1621561055,4268,8022.491565135895,50093186960.95930314042940615499,1.880596216626,1.794697010112,58064562188.80392943888720352944,57984200820.438078756475607135,55412371476.88333260601628138765,30875613635.4350171519701524950579,0.21496351,0.3887087718039997176151,0.174433,0.31541928763671137833,11762.588492,21269.75562485549830290092,0,0,0,0,0,0,0.50528694286,4.35483779576,9.688027116747751,4.155923691899,9.245511155767549,0.00004432061695309693,1.80825467449801,3089.0268382180284,43.19867386443145,1.5338654320503,0.0000407482132433976,0.000604899441257075,1.26296993547814,1.5338654320503,0.024817972318,28979616149.747141,24737877208.734875,3652913870.858476,27702506548.125299,28059673623.343375,10830254007.821186,28404396481.70156,28979616149.747141,28979616149.747141,6339112490.011274,18799611548.360141,28979616149.747141,86.2715313311,24016779619.197129,32043844291.766403,32110618756.920591,16225184168.276345,31478221136.722498,32107768295.833288,8300861950.427641,29173336550.694347,32110832065.680853,32110832019.773996,32110831308.98677,32110805653.934613,32110063568.690446,32093641888.184009,27016388999.806613,30663384564.135967,31881616744.958882,20252212271.056745,32110825401.080456,32110498211.674417,32104024931.517442,28182937406.996071,31140331919.149164,14537626569.844712,31987054477.480011,21988509919.360649,7067435040.472616,30793299950.26787,25490032911.366544,32110832067.901744,29446022119.685534,54719,0.633321759259,135048,7373600022.294364,13333346708.19241445396015221564,85942.19268569,155405.3716605076267944604769,2010.636833,3635.74345199012469120233,96.002785696003,0.07626727092192917,0.08972013904288213,,
2021-05-21,123858,10389,784018,1465659,1032,292868,1264327,129,66520,1657105,1646737,1638459,1620812,1049726,28041,1382537,151626,1575711,516034,3382,1153839,39086,1431035,196888,581,1597796,618345,5008,1621647027,4295,8305.212339930151,42667816706.14201138889370679454,1.623880706331,1.549710150138,49516224108.06886764769479629536,49444035475.17714664892284693,47254576520.066661404199378971,30492525660.9129950619413865608744,0.21678308,0.3342636971143866735544,0.175137,0.27004847943632103966,11884.915819,18325.67330232691051815242,0,0,0,0,0,0,0.505776574751,7.045077183036,8.520426123093637,6.72329412899,8.131256683437078,0.000041478273150071516,1.54192705959518,2860.9436904153845,27.57032753509401,1.80825467449801,0.000044320616953097,0.000650937140282588,1.48430732732321,1.80825467449801,0.024905357689,28947585750.570639,24686243704.286672,3234623443.766681,27671747791.587553,28024467814.227785,10804664638.228592,28370974292.519673,28947585750.570639,28947585750.570639,6101202188.687152,18622235764.436579,28947585750.570639,86.1693666565,24005533373.997847,32045705853.338349,32112994280.287051,16242108255.480757,31477992987.583774,32110121163.933448,8322759075.086522,29170796673.50587,32113207817.783861,32113207771.877004,32113207061.13701,32113181406.983928,32112434048.937269,32095896979.706715,27005329164.209204,30662432100.837361,31882601091.208167,20264900929.238013,32113198658.493208,32112829859.258532,32104829665.538448,27917619447.326865,31035194782.628465,14252045150.125034,31968132755.043489,21599831489.922795,7069850819.211909,30797782921.190079,25505147942.858443,32113207820.004752,29448344002.867219,54824,0.634537037037,127458,4558247835.429149,7028485681.78936166713351190182,43070.42519683,66411.4540792622336916192794,2062.8410725000003,3180.750469332092989608667878554,95.981702864302,0.0771143987372312,0.09454665989650138,,
2021-05-22,106673,10289,788240,1474605,1033,294176,1271533,129,66605,1666651,1656284,1648006,1630359,1055466,27955,1390689,152150,1585260,518553,3384,1153704,38097,1437218,193693,568,1605592,613579,4879,1621733653,4400,6311.703181818182,40957554333.63596257974091414084,1.564717506176,1.493247364757,47539026447.30816512449618390632,47468338986.17229431268944989,45367630697.15641633895259221182,30381858872.0748490849772636597172,0.22057964,0.3265272114108464792296,0.175049,0.25912755062188543486,10184.382497,15076.08778709967773553358,0,0,0,0,0,0,0.506393854546,10.463234658143,8.263275640436662,9.985315252395,7.885841709856187,0.00003932465170809201,1.48031437267214,2555.5592492146598,28.252272790167957,1.54192705959518,0.0000414782731500716,0.000638747735827998,1.26942901323142,1.54192705959518,0.025038606719,28943759501.295464,24679556801.167239,1921830854.54512,27668146097.712206,28020049254.030298,10731865952.616804,28367443148.575393,28943759501.295464,28943759501.295464,5898478097.135961,18513424081.718408,28943759501.295464,86.1556438877,23979076578.615127,32046232790.236453,32113927700.084124,16262404316.579617,31475296149.229072,32111030738.153064,8343401831.598726,29155367455.602484,32114142321.139562,32114142275.232705,32114141564.492711,32114115911.310523,32113362428.226188,32096714788.70832,26980135250.369462,30655171709.957974,31882128524.533373,20289013312.24321,32114132008.459367,32113745719.631874,32105268126.75977,27833596662.446178,31003793837.526936,14178817634.220468,31962929900.170118,21536826276.546491,7100625961.293971,30794429388.908941,25514445803.954726,32114142323.359788,29449197704.102882,46171,0.534386574074,110631,3069236557.584848,4543434989.32361276365053573472,33970.97371748,50287.7206476531618970270072,1248.886139,1848.74410139271603746746,96.023000388038,0.07718206345893482,0.09444617620793413,,
2021-05-23,120754,10247,789389,1480943,1022,293482,1276526,129,66344,1673065,1662698,1654420,1636773,1058717,27848,1396345,151681,1591675,518406,3377,1138798,35202,1430643,181631,536,1603224,590301,4470,1621820293,4304,7600.726301115242,36715584819.9054605716523243944,1.411653976021,1.347178541603,42575026545.48698560636861178476,42509500347.20590498093069658,40630468333.28819832307273455576,30159676003.2472349372495525411093,0.21719671,0.2879314892228182150468,0.175885,0.2331657324917830558,11006.443335,14590.9282902724993989018,0,0,0,0,0,0,0.50698372191,6.228466543767,7.4128426741790285,5.943989545165,7.074270857144181,0.000038122263883719955,1.32567150406108,2311.5240948917663,15.028849793887892,1.48031437267214,0.000039324651708092,0.000637834994394854,1.21887801586207,1.48031437267214,0.0250795309,28970506415.032093,24711072499.050106,1903721208.376168,27695839208.60518,28046635050.316211,10815406149.707087,28392730595.867652,28970506415.032093,28970506415.032093,5439861833.974422,18485224435.777559,28970506415.032093,86.2373738762,24006515117.035478,32047389037.082065,32115604775.802391,16282197627.650145,31474817245.335533,32112690937.854192,8375219242.048365,29160600230.959907,32115819350.509371,32115819304.602514,32115818593.86252,32115792941.510888,32115035189.608001,32098263005.298429,26993966503.077768,30656321500.917896,31882512829.73693,20330546527.323303,32115802762.741094,32115333063.872811,32105529011.668968,27647306340.342399,30922120413.387219,14017293401.720471,31946835139.210743,21292859349.219929,7120237517.735499,30805429221.993699,25558775797.786536,32115819352.729597,29450968131.741052,50675,0.586516203704,123529,5156296357.546866,6835555147.69382218222542657528,50659.30071899,67157.5913788260247488759092,2873.256062,3808.99368526415572826696,96.174837544842,0.07752634701648829,0.09689388405209352,,
2021-05-24,113975,10234,795184,1493787,1018,294595,1287072,129,66368,1686406,1676039,1667761,1650118,1067173,27825,1408108,152011,1605021,521703,3364,1173127,38792,1457990,197117,577,1626897,625182,4971,1621906705,4319,6512.684186154202,42649365850.36044861029962237026,1.63149951797,1.557811204636,49407182390.89317276200916929454,49327928036.322263765303725635,47175657406.13168418560232432204,30283295732.9709472306022422281367,0.21429076,0.3296448077812864429476,0.175049,0.26927896451207887149,9918.233368,15257.28002515974671240568,0,0,0,0,0,0,0.506919704754,3.008815736749,8.474343511871533,2.872919553923,8.091591281101165,0.00003982112147982872,1.53830621432901,2821.4338581931775,38.011289834657134,1.32567150406108,0.0000381222638837199,0.000629593684055143,1.08973149588706,1.32567150406108,0.025306025847,28994892329.656396,24736655947.952301,2603578139.154014,27724886926.341626,28072963703.22844,10871660789.522406,28419530389.068005,28994892329.656396,28994892329.656396,5235937819.723743,18490611273.412461,28994892329.656396,86.3221980823,23995948217.921447,32048804915.86223,32117695836.72653,16281202063.034525,31470783426.925963,32114752207.204818,8346585669.704138,29146811359.475638,32117911198.212628,32117911152.305771,32117910441.735441,32117884789.614365,32117118831.816864,32100185194.810263,26977754371.891969,30647944162.747442,31882468421.017155,20318417649.693461,32117901905.020394,32117525742.666032,32109283356.003952,27885007031.629459,31020311564.925768,14318632729.755138,31969065422.307195,21642835745.585055,7105796493.87454,30805900322.061053,25572082215.811997,32117911200.432854,29473014669.080829,46284,0.535694444444,115541,10674602239.064184,16420806959.84279867471388317784,98982.55246922,152265.4755735484193209780722,2271.371008,3494.06413665314748734208,96.491053075743,0.07795385141692113,0.1000816207295145,,
2021-05-25,102061,10197,797941,1502009,1012,294829,1293520,129,66420,1694880,1684513,1676235,1658592,1071723,27892,1415505,152061,1613496,522791,3366,1180185,39109,1466290,198292,579,1635891,629071,5001,1621992712,4357,5901.84415882488,43023765758.54319895208416691256,1.641094109608,1.566978503495,49845028115.27591331612667284588,49761137655.92136300556715691,47593911345.74181703351902952224,30373046751.8215404082290822426877,0.21180141,0.3286768139175073955706,0.174257,0.27041479829063973762,9466.040505,14689.5529807732287292533,0,0,0,0,0,0,0.506564592988,4.448615392623,8.562504882506845,4.247705631104,8.175802355513555,0.00004054939296797799,1.55181598610466,2775.861307806951,42.761321888854745,1.53820062565747,0.000039818388175317,0.000585720469463611,1.26242392710004,1.53820062565747,0.02542050418,28993803979.307015,24730382614.345228,2803096580.267277,27724785763.124316,28072543260.232776,10974855685.634761,28419356925.341606,28993803979.307015,28993803979.307015,5160374783.127138,18455068878.763043,28993803979.307015,86.3150596666,23975681473.456158,32050855854.116144,32120234339.592005,16271082786.749051,31470281620.698887,32117267428.401147,8361632310.411874,29144750271.020471,32120450206.825492,32120450160.918635,32120449450.348305,32120423798.482529,32119652342.536242,32102575976.090537,26974969898.770222,30646260829.892154,31883498818.416363,20318442269.109929,32120441250.186565,32120065599.853861,32111854738.289172,27898987998.614288,31026076919.161504,14347359097.10282,31972027904.301032,21659914855.941213,7113531515.736513,30811169085.262479,25576541823.935243,32120450209.045718,29475586615.356873,44693,0.517280092593,99309,7220325286.450615,11204616204.3897728010113113659,80367.1143429,124714.972794413327786527914,1579.4265,2450.97929157733177749,96.687665573551,0.07729753652106178,0.09985426571599153,,
2021-05-26,108973,10179,800708,1510069,1008,295219,1299651,129,66403,1703514,1693147,1684869,1667226,1076381,27821,1422643,152063,1622132,524034,3362,1206857,42547,1479621,212587,625,1647832,658876,5515,1622079626,4356,7124.5927456382,48611519913.82817133306658797273,1.839251016603,1.756195404059,56470621829.63907367532171841722,56369759427.775444681773951845,53920560938.27936064432220843523,30703053210.1715163045264490671143,0.21118195,0.3712384047236917262665,0.175313,0.30818409645012070211,11254.941935,19785.15062109796835368445,0,0,0,0,0,0,0.506789985832,4.480804473096,9.64332660439592,4.278463434899,9.207859998225631,0.00004485046981696348,1.75790783598547,3186.5599516403076,42.4613161547053,1.55181598610466,0.0000405493929679781,0.000575474235750314,1.26705960506541,1.55181598610466,0.025512649082,28920524469.68421,24577248409.728121,2866484630.414375,27653053771.489059,27999981613.895477,10959810947.206177,28346719167.322366,28920524469.68421,28920524469.68421,5113780483.022979,18431002152.834002,28920524469.68421,86.0828486367,23978225978.070852,32053688432.319205,32123550070.100817,16280003451.326865,31470719150.019038,32120557889.602968,8390237489.182496,29142619518.822276,32123767054.0783,32123767008.171443,32123766297.601113,32123740646.788117,32122962914.587299,32105773243.325151,26969640946.097314,30644275250.232371,31885436005.660194,20327032331.187269,32123760127.34447,32123414081.710369,32116398115.95164,28106547864.741007,31110830960.475562,14648337164.846975,31991350069.867996,21980609047.873203,7127681972.560187,30816598924.988923,25597024604.130996,32123767056.298526,29478917333.998666,53295,0.616840277778,115487,7169196346.142283,12602786434.60191923372014062801,70334.53822723,123641.6358900672047338383481,1293.620823,2274.06618154567271744181,96.755605115058,0.07773990414852822,0.09977147419202287,,
2021-05-27,81362,10216,803012,1517129,1008,295552,1305195,129,66490,1711490,1701124,1692846,1675203,1080466,27865,1429243,152176,1630110,525128,3354,1200224,40685,1483047,204645,596,1654718,645001,5216,1622166115,4245,5319.410365135453,45588671218.85734928696606280078,1.714771120164,1.637342351433,53035475691.05068431236600660247,52934756206.389105616792413315,50640712020.53901478694286032037,30928603279.7138259421510184569523,0.21026409,0.3471010647316776209421,0.175137,0.28911374821022374053,8203.453383,13542.14789465943883609827,0,0,0,0,0,0,0.506196761085,4.881066215247,9.140360622132313,4.660666569664,8.727636812869838,0.000042865476341318776,1.65078623140869,2899.9497513638653,26.11496674264652,1.75790783598547,0.0000448504698169634,0.000612784838833704,1.44244623609804,1.75790783598547,0.025606190864,28880680244.569298,24492381068.749976,2407476599.7216,27616338415.879862,27963002205.627196,11055973602.054154,28308314884.435466,28880680244.569298,28880680244.569298,4722742497.093062,18503106072.672564,28880680244.569298,85.9588240227,23969720510.024526,32056878610.329756,32127185078.430911,16262787698.743941,31471958433.580055,32124168126.415309,8365085382.700092,29142319398.17777,32127403705.159707,32127403659.25285,32127402948.68252,32127377298.633847,32126593871.814699,32109291281.44195,26965477449.104061,30644220551.371985,31887931323.82485,20294916383.920856,32127396136.581084,32127027382.119013,32119301611.197112,27991463195.709786,31063479773.849153,14461389188.448507,31985107853.746639,21778737947.29617,7112507174.573028,30822419958.031054,25597140834.895588,32127403707.379563,29482496134.672634,39015,0.4515625,84994,6582046276.493091,10865551367.72963008216998236079,88629.37380149,146308.1499698737580631209481,996.705216,1645.34724734602435072704,96.799845279534,0.07707045858633199,0.10026309013106191,,
2021-05-28,80743,10222,806288,1526503,1012,295989,1312701,128,66510,1721497,1711131,1702853,1685211,1085928,27850,1437957,152312,1640119,526578,3346,1191894,38461,1488710,196069,569,1660896,628560,4906,1622252318,4325,5103.732023121387,41731059489.80192061298343602478,1.573106683324,1.444336823752,48530738827.98363170760832845102,48437591717.06646381289026137,44558156109.9415859793389863025,30850252778.429303966000414309996,0.20951616,0.3164827099235759352192,0.175005,0.2643521943614058531,8092.561514,12224.14442004834612571868,0,0,0,0,0,0,0.506560958992,10.016465309494,8.385133227802912,9.196547089716,7.698751026466169,0.00004243483378296166,1.51054080947062,2205.6964161604674,13.214886265689392,1.65078623140869,0.0000428654763413188,0.000601795128028134,1.35553412029711,1.65078623140869,0.025732392246,28890402346.57725,24483333665.490752,2081511213.964653,27626568728.339669,27972561458.976233,11045810080.301461,28317158209.24814,28890402346.57725,28890402346.57725,4346911702.425523,18437126927.557537,28890402346.57725,85.9889226861,23966552948.817233,32056957068.259625,32127835639.79338,16274818559.785944,31469072436.174739,32124789312.808273,8350405569.765475,29136018992.753161,32128055409.266565,32128055363.359708,32128054652.862087,32128029003.071959,32127239868.530263,32109782543.895086,26956785793.583675,30639771297.214436,31886946610.283929,20284154800.170777,32128045397.159174,32127654674.948726,32118937646.13334,27843297286.99099,31003942985.527351,14285145184.232254,31972906105.690886,21578813658.455392,7133107479.069656,30825295853.671193,25609083252.541218,32128055411.486421,29483147838.779492,38625,0.447048611111,86533,3207524253.194809,4845096281.81753268549902201158,42121.50708873,63626.2554139326726486681126,1101.654846,1664.09460283407121762452,96.800232742009,0.07743737274445608,0.10176474734725308,,
2021-05-29,75894,10192,808894,1534036,1013,296314,1318821,129,66501,1729710,1719344,1711066,1693424,1090360,27866,1444852,152269,1648334,527621,3345,1184989,36739,1484210,188664,557,1667735,614843,4638,1622338644,4296,5363.983240223464,38960186924.3318893136936735,1.474973824371,1.354238616214,45323780337.9661400722888120058,45236119361.03951672713960655,41613764632.506615265537509322,30728531984.1553929728893539660598,0.21269756,0.300052859439509165468,0.174433,0.2460729706095918649,7644.350157,10783.8995574970903335621,0,0,0,0,0,0,0.506770325914,12.003449911207,7.893372390304503,11.020897543372,7.247253833584297,0.000040675547053671676,1.4107019348953,2084.7238065116258,7.437833878449726,1.51054080947062,0.0000424348337829616,0.000625404269364356,1.24031422462461,1.51054080947062,0.025821446548,28880466488.441466,24458678745.356855,1368621294.5091,27617589485.495,27960746548.927063,10384315164.983533,28307261673.718474,28880466488.441466,28880466488.441466,4234680814.892816,18341079314.279808,28880466488.441466,85.9597029061,23959747531.685627,32056951466.820064,32128309500.282263,16281785943.139379,31466956566.883556,32125243190.917884,8389154708.004101,29132521204.498109,32128530636.91193,32128530591.005073,32128529880.507452,32128504231.800434,32127709629.933424,32110124144.052237,26955589014.367983,30635505047.01111,31886026155.872031,20291254633.641924,32128519684.3481,32128046482.630249,32118515428.007486,27721995825.0937,30949196400.470285,14211306320.946787,31961915577.460829,21402104775.091156,7136236095.13673,30828315648.237443,25621108058.675908,32128530639.131786,29483623066.424857,35940,0.415972222222,80383,2676608048.25248,3775896152.626106041896765344,37869.45877115,53422.518761899094841910595,1024.3848315,1445.10166387444586064195,96.648113478181,0.0776523611389659,0.10256831167041695,,
2021-05-30,81998,10169,811134,1540095,1011,296732,1323598,129,66528,1736316,1725950,1717672,1700030,1093970,27826,1450365,152360,1654941,528740,3342,1208306,39391,1503600,200391,580,1677759,640259,5050,1622425157,4181,6624.391533126046,43447362646.53021469574350478826,1.637998050893,1.504837833129,50545500895.94055086670158328986,50445263971.575742429910648395,46436430129.5765624758612518541,30858095874.036416079715995182811,0.21786696,0.3427375541429616887592,0.180021,0.28320015680381323617,8657.161711,13619.01974786923796093747,0,0,0,0,0,0,0.506836469513,9.415948756178,8.766579656934567,8.650483995006,8.05390502614059,0.000044124964188177216,1.57315067022077,1940.5612701997543,16.513262138404688,1.4107019348953,0.0000406755470536716,0.000616334370173278,1.16094520054739,1.4107019348953,0.025898041926,28880892566.133823,24493241035.134581,1961521083.997098,27618055580.418738,27960782377.178766,10385725886.474608,28307121055.672945,28880892566.133823,28880892566.133823,4273599039.610524,18290803613.899418,28880892566.133823,85.9569336072,23953779530.576993,32058174078.979348,32129885661.729343,16284710491.392585,31466268481.784622,32126801274.685235,8388095743.694045,29129075827.048214,32130107973.290962,32130107927.384105,32130107216.886484,32130081568.892248,32129282178.741648,32111607201.140388,26949439370.382048,30633068293.517198,31886575577.39478,20290436480.576843,32130099290.941863,32129714005.728798,32121331973.59276,27897041175.974106,31025305459.473161,14374103085.3805,31978882548.353663,21684219432.911267,7135177130.826674,30830628114.838613,25632806357.58181,32130107975.510818,29492995220.87893,39736,0.459907407407,92970,3412307013.080393,5368073064.62645403109106836261,44543.60944381,70073.8090505819215096099337,807.232438,1269.89825086364616533726,96.573927094484,0.077549344033598,0.10431740253807749,,
2021-05-31,84230,10147,814760,1549492,1015,297622,1330946,128,66534,1746742,1736376,1728098,1710456,1099612,27794,1458845,152569,1665367,530763,3341,1233199,42294,1517737,212814,621,1690928,667181,5450,1622511360,4338,6016.583909635777,48083680348.49338001540705990952,1.793183223996,1.647421892421,55982474178.80541965168497102064,55865864869.46735093148500266,51431862801.25138457204412047056,31219606245.2881386915667843102042,0.21440529,0.3735355526070366333564,0.176589,0.30765224915543824524,9089.712189,15836.03961244161286034124,0,0,0,0,0,0,0.507331985285,12.198194889828,9.670081021450303,11.206648066192,8.884035364062386,0.00004669136508218573,1.74219373321916,2265.957894714146,28.563832542335238,1.57315067022077,0.0000441249641881773,0.000657750853886462,1.2921957478904,1.57315067022077,0.026018678078,28865283446.08086,24461077006.18199,2338470629.147362,27599502530.436822,27945190387.62713,10156388204.926916,28289686726.037564,28865283446.08086,28865283446.08086,4205280971.186982,18046598998.532177,28865283446.08086,85.8905953226,23949564744.256241,32060872988.190351,32133099053.270208,16302262615.664989,31465981944.599953,32129987846.575664,8357517369.161541,29121458596.379304,32133323124.458548,32133323078.551691,32133322368.05407,32133296720.059834,32132490128.377022,32114685516.041734,26940598032.05477,30628832319.576313,31888295644.981842,20297307169.670605,32133316120.65254,32132956644.6713,32125588825.20724,28065284584.769977,31095285284.423256,14621215986.093013,31995770207.44685,21933172456.328487,7137374101.864903,30833368905.899031,25648542946.32728,32133323126.678404,29496210372.046516,42395,0.49068287037,93753,2634268710.81347,4589406439.5945430966453900852,36979.74653316,64425.8826661043099364873456,1172.317668,2042.40449453169978411888,93.873201646999,0.07783273446435822,0.10580719630673031,,
2021-06-01,79783,10114,818468,1559086,1013,298519,1338460,128,66633,1756615,1746249,1737971,1720329,1105300,27776,1467533,152972,1675240,532761,3348,1239463,42302,1526827,213163,622,1700762,669461,5444,1622597904,4237,5602.623554401699,48017261399.96548206872400197907,1.783143152423,1.640014528944,55864905604.89651103660519365405,55745297149.653299719737508365,51380763639.527462498033609907,31329456375.3798231466263432732485,0.21497572,0.3737210562698347588428,0.175841,0.30568793655183019659,8319.345571,14462.63147423295794464929,0,0,0,0,0,0,0.507079708242,12.76008812644,9.64078317513572,11.735866461156,8.866940635771243,0.00004741867005482886,1.73843379275499,2024.498394133325,30.961837728789323,1.74219373321916,0.0000466913650821858,0.000645444724962953,1.42450696957257,1.74219373321916,0.026152573685,28885452414.202195,24451685076.769859,2522343584.453633,27620989421.673593,27966520543.977474,10144407467.986547,28310868848.182137,28885452414.202195,28885452414.202195,4341883275.257913,17985555275.26239,28885452414.202195,85.952461353,23930721551.791665,32062232564.119634,32134968547.805143,16295104336.540217,31464320575.709873,32131829417.138635,8358905247.764046,29111779508.824972,32135193088.087239,32135193042.180382,32135192331.682761,32135166683.688525,32134354119.999969,32116411203.838479,26923767847.300279,30624514514.440723,31888648006.971667,20296526952.552855,32135186061.875056,32134823857.25477,32127370241.63254,28050933796.640045,31090910179.088296,14625840842.189607,31996433317.521506,21923481234.469968,7138363323.911989,30833864649.62631,25652255975.838767,32135193090.307095,29500418998.361371,38699,0.447905092593,84143,2518414667.036643,4378097161.34630658290625109857,36710.1193198,63818.111961608147666855802,1007.626579,1751.69209541170555887921,93.676559026063,0.07782558243657196,0.105686165638299,,
2021-06-02,79058,10101,819847,1564342,1016,298651,1342187,126,66697,1761982,1751616,1743338,1725696,1107752,27749,1471982,152996,1680607,533367,3352,1244377,42600,1532098,214499,631,1706303,672761,5480,1622684245,4311,5269.575736488054,48665775570.25415506900503523022,1.788601934454,1.645028296391,56490626215.70417350137656914276,56366316508.23077758084518973,51956042770.37706926423582692286,31583677243.9543130345345119077919,0.21329146,0.3749238281034596158508,0.175137,0.30785590047794509326,7977.953592,14023.65055377456832966416,0,0,0,0,0,0,0.507268481062,12.07989169348,9.724480947184052,11.110221492172,8.943882938779588,0.00004670100659174358,1.75780046750798,2134.3062204035855,29.25799506303195,1.73843379275499,0.0000474186700548289,0.000661957492917856,1.42326066122175,1.73843379275499,0.026203395327,28944010939.212115,24528220631.414844,1739798629.085858,27685608503.249089,28030292043.707788,10215569873.276726,28369459554.083423,28944010939.212115,28944010939.212115,4215069594.248273,17952789612.083643,28944010939.212115,86.1484087367,23928334276.479709,32063851519.13047,32136884814.184483,16302142754.189385,31464702068.424068,32133727485.668913,8259876987.752391,29112431159.168395,32137109561.637806,32137109515.730949,32137108805.233328,32137083157.239092,32136265609.618201,32118234118.82136,26919178456.389895,30624352474.623658,31889833460.6585,20304138262.267807,32137102634.92687,32136740649.774443,32129344856.05555,28065940144.670282,31098240235.700234,14663029088.315389,31999215720.350162,21947793869.243884,7116487224.443043,30837856372.858182,25661082735.55372,32137109563.857662,29502056997.669922,37404,0.432916666667,79479,2660380604.339737,4676418270.05755206464967860126,38373.43950537,67452.8499024285748077278526,896.786822,1576.37229496659564383956,93.621280063444,0.07739773890059069,0.10564832962811882,,
2021-06-03,79043,10092,823087,1572472,1019,299380,1348672,125,66750,1771154,1760789,1752511,1734869,1112632,27729,1479424,153257,1689782,535124,3355,1258420,44017,1542066,220325,644,1716282,686074,5679,1622770968,4354,4915.60473128158,51009946316.47102352121208505359,1.864110100725,1.715848952744,59225988901.77815024745071558476,59093736700.364184359432605385,54515476844.87702320418798400904,31771722538.682208015287700809306,0.21028275,0.3875208029997879534525,0.175137,0.32275225083833011887,7947.426289,14645.96129399536977091039,0,0,0,0,0,0,0.507336666263,13.216314093584,10.206651622979836,12.165160570612,9.394870234063381,0.00004705946897246647,1.84285588332751,2061.660175421902,43.40490539469999,1.75780046750798,0.0000467010065917437,0.000647879429552296,1.43988702553167,1.75780046750798,0.026321201727,28934951085.690169,24533535654.355627,1527838403.328272,27679834748.860609,28023771540.587385,10217786998.3764,28365114914.637334,28934951085.690169,28934951085.690169,4172696588.478369,17953056559.790124,28934951085.690169,86.127639677,23917632929.589522,32064467871.776006,32137929412.555144,16304864660.005169,31462588897.288112,32134747866.624064,8218077370.955868,29103799931.505811,32138155475.699643,32138155429.792786,32138154719.295165,32138129072.641298,32137305485.815603,32119152850.574409,26905339131.154881,30619740864.252217,31889571346.904361,20298827321.621463,32138148996.727782,32137795633.164871,32130792896.985013,28132768641.565708,31124793036.245978,14726852569.049137,32005524446.621337,22051841253.531512,7125462187.571542,30838591451.765831,25666251398.162468,32138155477.919476,29526701147.411915,37794,0.437430555556,79629,2431703366.789712,4481278855.99573475273299457712,34138.81286484,62912.9121377872804550837484,868.878788,1601.21838636427629585788,92.633052284776,0.07734944115175219,0.10513985214857668,,
2021-06-04,90317,10103,825430,1579310,1018,299737,1354051,126,66767,1780292,1769927,1761649,1744008,1116490,27684,1485685,153430,1698922,536177,3355,1249962,41966,1544788,212419,622,1724216,671282,5380,1622856929,4283,5754.676395050198,47518080790.47497412753450143199,1.724558697763,1.58968273094,55064654059.81341870248043331539,54939745564.131308708667369495,50758103947.18520077539537235158,31929707078.8319736546417841275966,0.20658343,0.3539419574634359570391,0.175137,0.30006439821564480369,8521.773198,14600.45990503480653644526,0,0,0,0,0,0,0.507126500911,8.962286279369,9.447613039824393,8.261355062333,8.7087249146665,0.00004645090210510319,1.71331242521937,1833.6102835230558,16.09610806732104,1.84285588332751,0.0000470594689724664,0.000644670551944062,1.51961884103655,1.84285588332751,0.026401268374,28988375401.741002,24619368581.982038,2323514836.84426,27734626849.735727,28078144541.420282,10353573361.74441,28418348386.384974,28988375401.741002,28988375401.741002,4221047977.665036,17902708202.238803,28988375401.741002,86.2950682281,23917735798.022558,32065201507.230567,32139066876.120263,16298688392.242407,31461320726.07029,32135864634.526607,8254945008.706492,29098426319.581418,32139295347.116714,32139295301.209857,32139294590.749868,32139268944.32683,32138439307.959953,32120172675.856347,26896829261.216071,30617246268.391352,31889536957.785386,20294743954.640058,32139288190.137745,32138909983.402684,32131138217.016882,28011781845.42455,31077111475.194023,14603579851.866479,31996703400.286212,21877633698.059586,7128951855.392105,30842131855.825059,25679623177.624269,32139295349.336547,29570353256.575945,41251,0.47744212963,88933,3586059890.021464,6144040967.15458174596420855768,46851.12900065,80270.6214523692102451225905,836.735674,1433.58962688850415480538,91.908723309382,0.07761096758309209,0.1034465295476971,,
2021-06-05,83480,10099,827883,1586358,1018,300231,1359605,126,66730,1789268,1778903,1770625,1752984,1120404,27665,1492141,153574,1707899,537452,3349,1247138,40648,1549326,207240,600,1732514,662517,5202,1622943292,4446,5439.928250112461,45828262280.9806534362630259395,1.662315016088,1.53231104885,53110439059.65628557343834621052,52988339217.489061009417280795,48956853419.93604242518813659731,31949683751.6619512622843952113159,0.20732043,0.3425881442396588795631,0.175772,0.29045571287544271724,8833.09409,14596.3102246478959776653,0,0,0,0,0,0,0.507255358625,10.727557629526,9.087703919267534,9.888592068175,8.376985703311906,0.00004666697061332762,1.65245723366317,1836.4257302988542,-0.814383396733523,1.71331242521937,0.0000464509021051031,0.000637090249218962,1.41145832900496,1.71331242521937,0.026484786929,28987396143.567775,24572293699.002191,2308958409.760097,27733402927.09935,28076976226.396283,10185851763.948407,28416956351.772455,28987396143.567775,28987396143.567775,4295107234.318627,16966986435.364279,28987396143.567775,86.2886149924,23914187911.84107,32065782761.413909,32140049697.898818,16303329528.372957,31459846305.71389,32136825739.005212,8257058157.928479,29092061512.206402,32140280531.347123,32140280485.440266,32140279774.980277,32140254129.389069,32139418423.734906,32121032417.681497,26891257585.318456,30613925516.056698,31889421043.168499,20290290526.648587,32140272970.798333,32139878261.510378,32131613374.966333,27928735164.281741,31042172890.901191,14476199160.241701,31990697537.001093,21770905914.531294,7130021092.356836,30844857681.810996,25691512251.162716,32140280533.566956,29571338440.806354,42606,0.493125,86340,2996048275.248197,4950841644.83794733755524780449,39117.81125954,64640.5101808974721458091418,1014.3721705,1676.206630769335418810485,91.906657763153,0.07762714067294525,0.1013152318443084,,
2021-06-06,67699,10098,830649,1593882,1016,300881,1365334,126,66743,1798379,1788014,1779736,1762096,1124666,27664,1498848,153809,1717013,538927,3343,1255067,41384,1557686,210690,611,1741911,669213,5308,1623029478,4193,4618.474600524684,46405479721.14971516928616568451,1.677838932406,1.546625706026,53756581722.84408810707569710882,53631029097.186929958130013355,49552617688.65954877850216063433,32039178901.2531078127268192785564,0.20855501,0.3488081937669318412473,0.175772,0.29397861904540746156,6899.833862,11539.97013400029878967726,0,0,0,0,0,0,0.50673122319,17.180857455862,9.19431651904018,15.837250691703,8.475286872321997,0.00004682170809610554,1.67249971010973,1840.4141641027359,1.6867911916101146,1.65245723366317,0.0000466669706133274,0.000634347763165484,1.3617625349819,1.65245723366317,0.026584828147,28995808550.191254,24546225820.473252,1351497826.334749,27746181025.110687,28089255162.828848,10026881780.005399,28428853229.732108,28995808550.191254,28995808550.191254,4369287116.027696,17023893276.660256,28995808550.191254,86.3252056472,23902664597.509321,32066567255.639757,32141226801.893673,16287081095.597456,31458341039.583122,32137977886.215542,8249796776.599289,29083779118.628581,32141459513.678801,32141459467.771944,32141458757.386955,32141433112.688543,32140590571.956521,32122092133.993906,26881621762.925418,30610021343.888788,31889434725.423858,20274600503.122478,32141452124.34439,32141060986.062303,32132908179.844554,27963399677.591967,31057907001.485631,14533640120.820528,31993952866.396283,21823581730.194885,7122053070.307667,30846439692.457969,25695801851.583782,32141459515.898634,29572517423.138032,33084,0.382916666667,68634,1870771560.643649,3128864892.85803012919121760477,31325.94486643,52392.6337080175596654933639,819.770557,1371.06601893899189321961,91.375401311987,0.07723079031675063,0.10131066494373596,,
2021-06-07,69745,10099,832833,1600018,1016,301315,1370154,126,66825,1805881,1795516,1787238,1769598,1128106,27696,1504412,153985,1724517,539978,3347,1247244,39385,1560314,202787,587,1747306,654995,5025,1623116326,4329,4506.09471009471,43620028697.1813956441006767506,1.582552857459,1.458795503531,50520229027.3455683572320026292,50400545848.5698405436552849,46569492194.257832543082800343,31923249065.0976083151429478255175,0.21211969,0.333400421387629819206,0.177267,0.2786204925064758258,6918.707811,10874.5213593574735514514,0,0,0,0,0,0,0.506282785963,11.465717284877,8.641918643150655,10.569085728226,7.966111210180339,0.00004660520152421533,1.5717561221574,1723.4457404736047,-2.862156823915835,1.67249971010973,0.0000468217080961056,0.00061804833957215,1.37708909904759,1.67249971010973,0.026663699824,29001798283.81809,24550213564.004873,1795838763.354159,27752415328.472419,28094388761.330401,9834591625.610872,28434431886.997529,29001798283.81809,29001798283.81809,4328219669.838526,17043695703.028447,29001798283.81809,86.3417081375,23890690940.941506,32067299245.398126,32142302540.631188,16273213088.772377,31457354913.392298,32139035478.37946,8239143450.252268,29079046346.949022,32142536817.042725,32142536771.135868,32142536060.750879,32142510416.938905,32141662628.03141,32123067721.342879,26874997592.404531,30607490322.996709,31889523249.12378,20263958927.59127,32142528120.154757,32142115551.218971,32133200924.830933,27832228463.496026,31006074105.416153,14372319014.298859,31984728449.072229,21635811667.07112,7110535974.060646,30848547782.379365,25697180450.783639,32142536819.262558,29573594726.501956,32617,0.377511574074,69227,2803360314.98508,4406198737.690896742238411592,45046.24427253,70801.710215546742777156222,914.933592,1438.0524745934607713808,91.359683013273,0.07737701660466563,0.1019169499288649,,
2021-06-08,79355,10094,835402,1606085,1015,301580,1375256,126,66792,1813118,1802753,1794475,1776835,1132275,27652,1510273,154060,1731754,541047,3340,1253173,39476,1566518,203504,589,1754701,657776,5040,1623202908,4252,4660.185794920038,43910926641.52806579224084390563,1.590648242517,1.466269631941,50838053879.82118835589939436302,50716191896.481077310771763105,46862840292.69209790737712092178,31960588470.1219090763931429274379,0.20950633,0.3313551358392773346959,0.175049,0.27685743515973793327,7265.26063,11490.7335876744326885849,0,0,0,0,0,0,0.506652144085,24.093906788124,8.714710401244902,22.209915991435,8.03327528421981,0.000047247119558977495,1.58159963872823,1730.9939941816729,-11.04293142483104,1.5717561221574,0.0000466052015242154,0.000604484592798023,1.29222097307083,1.5717561221574,0.026750041574,29014168496.760978,24560264008.835532,1855552751.334386,27763617015.515381,28105537189.300919,9851001708.001222,28444521485.687319,29014168496.760978,29014168496.760978,4300698511.684867,17064042546.593187,29014168496.760978,86.3741297913,23896058312.260098,32067793260.068198,32143205063.701051,16285543046.810935,31455633543.871439,32139921080.8505,8246195145.611902,29074927095.027153,32143440496.224041,32143440450.317184,32143439739.932195,32143414096.120221,32142563800.36952,32123877983.581953,26871039428.675503,30604748898.484441,31889172395.692461,20269603599.977103,32143431899.540999,32143019082.214928,32134138933.596661,27836466066.041605,31007504040.053391,14402360872.588418,31985533861.29721,21655481688.827558,7116352865.32028,30850943307.127832,25712369555.820497,32143440498.443874,29574666416.194897,34678,0.401365740741,77321,1334090016.247906,2109996287.72862662039024058638,23321.67416596,36885.5514354198307003570508,1424.5130589999999,2253.009339478045628795606127177,90.873904680468,0.07726719557651308,0.10033702793919433,,
2021-06-09,72976,10100,837523,1612279,1016,301994,1380100,127,66812,1820714,1810349,1802071,1784431,1135738,27655,1515814,154117,1739350,542145,3338,1261770,40111,1573494,206104,597,1763548,664510,5147,1623288980,4168,4288.100527831094,44964726945.7038319870210187205,1.625890557925,1.498769314236,52063916987.723147632078973511,51933767728.57287539120856575,47993267923.084809218153916525,32021784451.5700059914698622524368,0.20973317,0.339677572333905180365,0.175157,0.2836790410276535165,6516.619253,10554.1217332643503316285,0,0,0,0,0,0,0.506343921511,23.16494325005,8.93572543626594,21.353778051022,8.237080299796894,0.00004333531124224822,1.6195701058345,1840.8004620742838,-2.077827883897002,1.58159963872823,0.0000472471195589776,0.000627853692811301,1.30021187251912,1.58159963872823,0.026826348186,29013591350.03691,24564812886.50233,1956783818.889499,27763371763.728189,28102209397.596566,9954512734.804747,28443651642.856689,29013591350.03691,29013591350.03691,4462360267.134683,17253485502.371462,29013591350.03691,86.3644718785,23896130360.098111,32070735067.369913,32146514080.729403,16277311986.559417,31456728791.007751,32143211945.857599,8224271020.759263,29073794617.672539,32146751040.024605,32146750994.117748,32146750283.732759,32146724639.353055,32145868361.573502,32127078691.304251,26868421107.246272,30603939732.597654,31891501192.166195,20258639737.470153,32146743225.98383,32146333388.095474,32137674483.480069,27873567800.050734,31022802586.716454,14437004564.829814,31991446804.010359,21716040497.758163,7064546397.815564,30855721243.886211,25721810753.200022,32146751042.244438,29578864798.164086,31071,0.359618055556,68020,1387732777.725473,2247530521.6908489707965722185,26981.11550416,43697.80809260528002502152,1013.118499,1640.8164346483197824155,90.490734779251,0.07723234250509778,0.09960889505904959,,
2021-06-10,73525,10094,839601,1618264,1016,302413,1384675,128,66800,1828215,1817850,1809572,1791932,1139147,27628,1521217,154233,1746851,543264,3335,1256361,38861,1576821,201284,586,1768872,654546,4949,1623375576,4184,4763.583652007648,42723175491.32757974663988793965,1.548637277106,1.427450252983,49488943225.10989477301208998118,49360360405.445505753744004395,45616236655.85456775054812619942,31956445809.9597267600565967612728,0.20856426,0.3210466418796482022402,0.175181,0.26965920129900804537,7475.360122,11506.95360753149793936594,0,0,0,0,0,0,0.506676505372,13.637751321054,8.500300730989435,12.570543058177,7.835118402649759,0.00004179974840440043,1.53931762747677,1741.091265537875,-12.524978918720612,1.6195701058345,0.0000433353112422481,0.000621565386966948,1.33024218778518,1.6195701058345,0.026896395669,28999746984.177659,24230135795.757373,2042138413.792423,27754619793.030545,28089282632.363091,9663621194.139581,28428543133.672305,28999746984.177659,28999746984.177659,4412469226.497878,17200002470.919561,28999746984.177659,86.3287286152,23895684689.496554,32073563299.467311,32149684181.620969,16289610643.228554,31457791925.190005,32146361848.664207,8254445478.632225,29070959273.202366,32149923016.742501,32149922970.835644,32149922260.450655,32149896616.070951,32149034632.773832,32130153424.313496,26863790432.977548,30603163066.811968,31893783123.249091,20266101806.567742,32149913825.023775,32149487022.351525,32140201113.3136,27791964062.565037,30990921665.850511,14376564088.903219,31986758012.292693,21596488318.605917,7064090319.213298,30859927014.488648,25733228432.673995,32149923018.962334,29578490787.114082,35842,0.414837962963,72372,2357421121.86258,3628819888.2691321339680822666,38088.72558831,58630.6467062110898391085587,1061.6280345,1634.182747329366529508565,90.185478490017,0.07736314460996009,0.09928935009046788,,
2021-06-11,70480,10075,841492,1626067,1018,302502,1389455,128,66713,1839689,1829324,1821046,1803406,1142505,27619,1527973,154222,1758327,543860,3342,1246706,37180,1575077,194288,569,1778041,639934,4708,1623461800,4276,4345.689429373246,39775056695.07454695436291522984,1.443502104911,1.330518941088,46048880591.75963036770920420856,45927789139.64174045860950244,42444626602.75574775845755587696,31900805987.802614036656432229505,0.21126784,0.3025929830345833757696,0.175157,0.25087244291127566008,6456.556317,9247.54395222582445245048,0,0,0,0,0,0,0.507362391331,14.687218110133,7.933604893753863,13.537646963548,7.312640242321922,0.00003851705585788647,1.43227186416344,1809.4968340714038,-11.641870333761041,1.53931762747677,0.0000417997484044004,0.00062034720919659,1.26527797998174,1.53931762747677,0.02695222063,29015072758.182814,24238543201.001369,1479973054.676305,27770605351.035311,28105774882.189695,9557080652.990886,28443773124.716666,29015072758.182814,29015072758.182814,4351793783.067199,17196917872.991754,29015072758.182814,86.3757298417,23896631252.850433,32074152622.495626,32150691377.056914,16312175613.937444,31456770641.306742,32147325845.919558,8263964410.04407,29068323203.208834,32150935685.297716,32150935639.390859,32150934929.00587,32150909286.279324,32150034885.283598,32131029606.566437,26866829570.234294,30601563637.205445,31893614632.002062,20289508401.871668,32150924958.493092,32150430424.801127,32140210230.541622,27681755817.256648,30942315522.713673,14272837836.62581,31976399502.672583,21448212473.768143,7076146711.759376,30867222145.480377,25755393432.473589,32150935687.517549,29578903360.83867,30561,0.353715277778,71122,2189041889.786896,3135303108.21693710316091428224,38031.15523681,54470.9536073150321257442264,1081.860089,1549.51776643605510894616,90.140853387829,0.07753849529919364,0.09903503399206284,,
2021-06-12,60993,10064,843692,1630998,1017,302786,1394259,127,66708,1844635,1834270,1825992,1808352,1146080,27593,1532695,154258,1763274,544834,3345,1257360,37921,1586327,197544,575,1783615,649013,4829,1623548080,4380,4064.332420091324,41195132620.28892369875237019708,1.492467083673,1.37574658152,47655000102.16703132467998851286,47528741318.39424725314425861,43928073322.43199852783864280734,31930352517.3177774120598235074568,0.2145376,0.317987209689715427136,0.175137,0.25958771769343784382,5880.046674,8715.39364060449902179164,0,0,0,0,0,0,0.507081385993,19.122644949759,8.23608773453472,17.62713141687,7.591972827971352,0.00004155403627947545,1.48219803749886,1770.7921828510985,-22.74731408982955,1.43227186416344,0.0000385170558578863,0.000610768730930162,1.18297138875335,1.43227186416344,0.027033826783,29034764879.201309,24254361303.068599,1167749224.368288,27793271599.390178,28127638472.75631,9473007428.049299,28463157425.526735,29034764879.201309,29034764879.201309,4172513356.463346,16873672113.590065,29034764879.201309,86.44451271,23892752740.161482,32074448496.103222,32151329876.245845,16303464779.958961,31455150087.517338,32147962585.483631,8235013784.493639,29064836763.251545,32151574144.095068,32151574098.188211,32151573387.803222,32151547745.905782,32150671877.64993,32131587848.885573,26860999294.600288,30598533266.567556,31893176826.096885,20288361672.22186,32151563847.960249,32151112118.804938,32141261881.803374,27729142649.228984,30961547176.92208,14311259576.390715,31981593141.862161,21529010388.796354,7079841242.271551,30867808915.122041,25761208888.050105,32151574146.314901,29581541820.410805,27408,0.317222222222,61877,1681335099.343607,2492071584.62504511155801078802,32626.94693341,48359.5967142797504633709126,1025.002479,1519.25666280526645967394,90.10491097823,0.07754841956910834,0.09385886134258442,,
2021-06-13,53255,10068,844692,1634451,1017,302735,1397024,127,66618,1848450,1838086,1829808,1812168,1148001,27602,1535822,154111,1767090,545177,3347,1268794,39036,1593009,202368,588,1789538,660315,4978,1623634624,4315,3345.157589803013,43274204096.12834887919561330403,1.56490316807,1.442519474277,50043816340.41189317496012579831,49910504691.405174430342454565,46130125563.74283929113056915723,31978858092.6177108107716897872997,0.21428817,0.3335339740818663582723,0.176281,0.27437680057245102939,5109.701511,7953.11776350485128770309,0,0,0,0,0,0,0.507252424569,19.079845102706,8.663872192534045,17.587700433107,7.986311623221937,0.00003998605704674921,1.55647404185619,1877.863167365592,-22.60734079410695,1.48219803749886,0.0000415540362794753,0.000622552472967019,1.22774123279359,1.48219803749886,0.027076544935,29043861081.03711,24252699093.837321,974266337.378449,27802714939.287537,28136843087.054801,9165023082.662955,28471598294.844747,29043861081.03711,29043861081.03711,3947875725.022455,16843074605.72199,29043861081.03711,86.4726299085,23896254935.034405,32074677194.568615,32151795467.293649,16309200468.953375,31454274346.735452,32148418951.103155,8232498506.185619,29064436780.484751,32152040439.60576,32152040393.698903,32152039683.313914,32152014041.416474,32151135424.150607,32131989166.114737,26865910355.360415,30597319334.595927,31893014909.281989,20292276304.245195,32152031525.96225,32151599305.300989,32142296584.205398,27806397514.136531,30992951572.910754,14403290123.206218,31988682156.928639,21629736457.552202,7080875138.07501,30870572107.566083,25770130449.673893,32152040441.825549,29582008115.921453,23845,0.275983796296,52699,1685131103.987106,2622862820.48039448763806628614,36486.66819756,56790.5519233219199840288964,868.672239,1352.06579088459628330941,90.116934879412,0.07754580569580218,0.09389647299678601,,
2021-06-14,62354,10072,846049,1638857,1016,302792,1400380,127,66601,1853078,1842714,1834436,1816797,1150488,27580,1539765,154045,1771719,545795,3344,1273594,39229,1597614,203137,587,1794489,663276,5011,1623721124,4244,3893.179783223374,43688405121.54997385365166135472,1.578036177281,1.454149601178,50493040391.65093231236957805504,50356513366.77585826370205464,46528993190.97340680116580067712,31997390882.798291390850537117748,0.21340126,0.3351217014973291620064,0.176388,0.27699670884656864832,6004.898166,9429.98973252599979414624,0,0,0,0,0,0,0.506855984364,10.509054172815,8.808452567160833,9.684021921788,8.116929112238752,0.00003881744707622694,1.57038295602064,1953.1520760296683,-28.12191512858401,1.55647404185619,0.0000399860570467493,0.000621434645115202,1.28469516842399,1.55647404185619,0.027138094194,29060991834.653688,24205523511.225167,1626987977.845832,27820223693.879523,28153698435.03284,8991655168.214723,28488202008.337562,29060991834.653688,29060991834.653688,3950185447.485901,16843532574.61014,29060991834.653688,86.5236174781,23897725868.209109,32075673461.891406,32153083955.994822,16297107398.618035,31453732440.033131,32149693657.004883,8225940187.450233,29064643602.861445,32153329348.476047,32153329302.56919,32153328592.206363,32153302950.308923,32152420985.026771,32133205158.855711,26865344608.833472,30596364005.101866,31893561910.246119,20289345090.29511,32153320641.049473,32152889419.384867,32143669604.671972,27819672336.85956,30997322601.529452,14388944970.926987,31990777667.378627,21650063364.634045,7077529164.572471,30873613041.681364,25779146673.281214,32153329350.695836,29573501309.636444,28139,0.32568287037,60829,3059583557.373807,4804717871.02082443825768737648,55759.41981424,87563.6425138820565184059136,974.375473,1530.14263556374929776272,90.163303963999,0.07738055168172828,0.09237391876059978,,
2021-06-15,66760,10076,848839,1646369,1017,303250,1406068,126,66555,1860679,1850315,1842037,1824398,1154832,27543,1546312,154129,1779322,547175,3341,1277167,39026,1604176,202774,587,1801927,663874,4985,1623827108,4251,5803.519642437074,43398490276.18032787267058733748,1.575819925286,1.452558660496,50209367594.01566086286074428109,50070612267.540341676530575895,46281970780.0332033625716007276,31862376397.4134045130869963413212,0.22763196,0.3554398038344662132092,0.179097,0.27965406328417764969,7955.053946,12421.55457458098757394842,0,0,0,0,0,0,0.507151521809,17.511803477454,8.855748159422788,16.142023205761,8.163047996617044,0.0000387897295752367,1.56146704458577,1887.7411543896487,-30.958201255687854,1.57038295602064,0.000038817447076227,0.000609373571393267,1.296039719401,1.57038295602064,0.027239150511,29032784330.037003,24175447662.303126,2087895232.416527,27793407761.412724,28124629081.96191,8602621441.540634,28459617000.065437,29032784330.037003,29032784330.037003,4151232258.548765,16787315523.839373,29032784330.037003,86.4350465975,23899405015.398331,32077205335.899355,32155007149.958059,16307585403.512426,31452720544.616,32151593664.935888,8203209060.201508,29059884905.574677,32155252821.150128,32155252775.243271,32155252064.880444,32155226424.274672,32154338489.564861,32135019310.051675,26861374373.078601,30593172834.141405,31894254007.04359,20288272459.995022,32155244009.419828,32154807440.939051,32145445563.121139,27804938164.882929,30991444428.81684,14398343977.58546,31991066183.826151,21634299358.901077,7081356832.38369,30875542003.899782,25791269755.641357,32155252823.369917,29584483155.811516,34947,0.404479166667,72665,1836204527.121901,2867172856.22004610798283994877,30606.49025522,47791.0258839615427664802194,973.669436,1520.35273663441352952572,89.818314150626,0.07734642332509581,0.0919806308889999,,
2021-06-16,54455,10073,850922,1651815,1018,303812,1410283,125,66634,1866382,1856018,1847740,1830101,1157931,27510,1551104,154389,1785026,548353,3339,1270618,37775,1605582,197669,578,1805343,653414,4818,1623893484,4279,3884.291423229727,41109463982.96652879110753892642,1.497213667735,1.380052375827,47586637398.516591889928022315,47454087854.73734637994854399,43862845640.99934404490123238326,31783464460.6883741008478551478523,0.21969468,0.3251195544189448363032,0.176061,0.26054738271565723314,5824.545391,8619.56967831373444897734,0,0,0,0,0,0,0.507118006224,15.097170477775,8.526755519951779,13.915773302846,7.859512284048102,0.000038673694424971384,1.47986994686874,1774.6109622215179,-27.06890061540353,1.56146704458577,0.0000387897295752367,0.000611682510021,1.28895670298753,1.56146704458577,0.027310665696,29016730439.484347,24145285107.879538,1365206375.492709,27779105907.211733,28107539131.709153,8317495831.477213,28445600087.230542,29016730439.484347,29016730439.484347,4040856589.244633,16718108437.213615,29016730439.484347,86.3886717582,23891235965.944557,32077635501.293736,32155712841.714092,16306865837.448265,31451558701.994866,32152284100.600893,8168210703.648637,29053717961.871066,32155959039.454961,32155958993.548104,32155958283.185277,32155932642.944474,32155040134.381117,32135638944.157724,26849154809.326362,30590347894.06297,31894145503.62466,20282734208.675424,32155948728.669253,32155487136.235665,32145438844.111171,27712938822.755871,30953467457.539751,14330874462.226147,31983354315.480129,21519655909.87565,7083095006.521633,30875112241.792803,25792133648.867309,32155959041.67475,29584089481.935435,26512,0.306851851852,56745,2129932830.063266,3152023584.05971047879279770484,42334.79221683,62649.9867086193597816288942,818.207069,1210.84005172865748312306,89.526523099483,0.07750337710312728,0.09053860286567726,,
2021-06-17,53331,10073,852467,1656251,1015,304214,1413771,125,66699,1871877,1861513,1853235,1835596,1160548,27534,1555106,154523,1790522,549237,3335,1273580,37799,1609806,197857,577,1810838,654513,4818,1623980445,4282,3504.764362447454,41146552769.96537469118138568408,1.495964067139,1.379369870626,47590857604.61580558636743939164,47457360179.55120471101382494,43881665702.44255333673375745648,31812834713.0871290647107622787449,0.21287039,0.3150422158282570891916,0.175137,0.25919785534058288628,5289.403416,7828.16892751590447547104,0,0,0,0,0,0,0.506806000673,19.954684674642,8.655523691625342,18.399433129891,7.980919366299386,0.00003892753316218517,1.47997199529844,1678.1848582235602,-25.945843862087155,1.47986994686874,0.0000386736944249714,0.000626798107222996,1.23426575009517,1.47986994686874,0.027365297324,29037312840.789513,24160680983.497681,914279630.894189,27802250921.422382,28129937431.970888,8240139644.204382,28468028635.17193,29037312840.789513,29037312840.789513,3414810329.636502,16174563456.676372,29037312840.789513,86.4589436732,23884512114.30026,32077994168.754012,32156345496.686841,16297154464.973874,31450755174.230278,32152903271.288735,8173918917.499167,29050414181.958417,32156593335.898742,32156593289.991885,32156592579.629058,32156566940.093361,32155669952.944554,32136202289.287358,26844301855.512588,30588138048.85277,31894101598.797234,20271899808.543539,32156583025.113034,32156118687.538473,32146031355.77808,27708146600.526574,30951717498.808536,14328467933.432569,31983495715.115968,21511747997.711013,7086694566.465239,30876073508.223657,25793184540.432777,32156593338.118531,29594762238.235728,24848,0.287592592593,53442,1611480905.984087,2384946611.81460703722545592428,38577.17864117,57093.1440465567272278207748,851.070682,1259.56077537954412433608,89.194498204122,0.07750376575170083,0.0905542888107406,,
2021-06-18,53246,10059,854625,1662160,1015,304578,1418639,125,66718,1878030,1867666,1859388,1841749,1164042,27518,1560668,154645,1796675,550220,3338,1268080,36501,1604342,192585,566,1816124,644174,4630,1624066715,4397,3748.117352740505,39319717502.16983106680928080532,1.431798979264,1.320208016061,45487300067.39248284029177411592,45358784848.75814719971298481,41942129480.21922086296337968958,31769334051.8951374991047563510187,0.21341492,0.3018812294746444144952,0.175885,0.2487941332599793531,5592.538035,7910.7976981623963130821,0,0,0,0,0,0,0.506685967352,19.208385883246,8.336896301902579,17.711330561003,7.687138687930552,0.00003960673501877858,1.41452729488006,1627.0540348746163,-7.780222089673284,1.47997199529844,0.0000389275331621851,0.000624885628175242,1.24312819171287,1.47997199529844,0.027440983829,29031348934.060616,24156826273.648986,847306032.066577,27797072311.357422,28124901706.891397,8158179427.852667,28462775741.874866,29031348934.060616,29031348934.060616,3250030411.820122,15636383999.975716,29031348934.060616,86.4410889279,23878513399.783668,32078294922.403729,32156996143.66452,16293624534.707879,31449288417.777348,32153538168.010295,8175095496.647956,29045742991.02119,32157244493.546143,32157244447.639286,32157243737.276459,32157218097.740762,32156318205.897131,32136753445.986775,26839216904.775537,30585090547.571891,31893716907.535805,20273364399.562995,32157233583.679398,32156691047.220638,32145967946.795553,27613947368.667095,30911388078.019535,14248849680.282331,31975320329.680673,21381195740.48379,7089392269.688744,30876769266.712695,25799223613.657655,32157244495.765932,29595413395.883129,26205,0.303298611111,58119,1674125285.238777,2368095911.01911607220667608662,34428.02944181,48699.3873543745613526993086,949.859224,1343.60179864159296467344,88.970308585231,0.0775906421822147,0.07715199158011363,,
2021-06-19,46792,10056,856327,1666972,1015,304869,1422344,125,66696,1882981,1872617,1864339,1846700,1166805,27499,1565057,154650,1801626,551032,3337,1267759,36140,1608159,190875,560,1817003,641313,4586,1624153247,4337,3109.822457920221,38650795099.28458568333516390442,1.409048814534,1.299233258526,44706361078.01492987694639028008,44579112822.25147815459282003,41222128418.19641472570746824266,31728042788.0731731431352497716382,0.21681313,0.3014164295433525880914,0.175137,0.24347773228002447186,4707.446652,6544.35348132121440092856,0,0,0,0,0,0,0.506753176148,20.752049839284,8.26364189269933,19.134719149318,7.619607122762604,0.000039099277534564774,1.39021298914578,1642.3683008885234,-23.118518162729632,1.41452729488006,0.0000396067350187786,0.000635863970240085,1.19457709166037,1.41452729488006,0.027500087147,29036104154.304408,24158300680.106451,883851859.828352,27802067309.868589,28125447111.076486,7693048048.146041,28468150069.310001,29036104154.304408,29036104154.304408,3107841844.419682,15522489919.52014,29036104154.304408,86.454800094,23878721182.617783,32078705609.475164,32157673562.80111,16296129188.251487,31448239377.933271,32154200071.734115,8179265319.476754,29042555104.421589,32157922148.604647,32157922102.69779,32157921392.334963,32157895752.799266,32156992814.267869,32137355121.286188,26836475316.051469,30582364886.931587,31893625371.591291,20274017139.150736,32157908346.57237,32157361810.910196,32146355654.841016,27586888066.020147,30896518163.08043,14207877899.236034,31972640229.53462,21351257961.887416,7093306475.132162,30877735606.451107,25806564506.821447,32157922150.824436,29596091050.941633,21712,0.251296296296,46818,1549626297.154907,2154310606.62662997808626534246,37246.46980981,51780.5261294240119909641018,972.618834,1352.14733651462319962052,88.923132908852,0.07747680795629713,0.07040575323389829,,
2021-06-20,62610,10047,857963,1671574,1017,305038,1426044,125,66654,1887677,1877313,1869035,1851396,1169454,27469,1569112,154618,1806322,551715,3336,1275659,36718,1613659,193599,568,1825917,648195,4654,1624239770,4327,4530.978738155766,39626795850.46081072528842118302,1.447884096617,1.335046775678,45872772656.82557274923173183392,45740175240.61355811072854187,42297789836.89034975316095404596,31682627610.8661253078944205971049,0.21448376,0.3059441541180188288112,0.176061,0.25113711974357645082,6391.401713,9116.83006075724123183106,0,0,0,0,0,0,0.507098527741,25.027581393638,8.50781434181483,23.077117789091,7.844778550742784,0.00004006807295878593,1.42642106851362,1695.8315816237657,-7.491015243735656,1.39021298914578,0.0000390992775345646,0.000639250480773414,1.17547629903549,1.39021298914578,0.027560042023,29014851378.214957,24131819526.297739,986778077.098723,27780573860.811871,28103917742.985999,7545944855.756197,28446282263.130314,29014851378.214957,29014851378.214957,3052330063.123794,15453410882.836521,29014851378.214957,86.3841306191,23878928718.495152,32079858635.301959,32159099975.259439,16307958422.057575,31447869040.858556,32155615826.972755,8181125067.671053,29041180604.309281,32159348782.937027,32159348737.03017,32159348026.667343,32159322387.131646,32158415349.525104,32138702146.669977,26834225877.197014,30580960525.748466,31894195117.015633,20280581209.450631,32159337975.850114,32158795131.429692,32148082350.45616,27628338429.345967,30914702288.133592,14266477762.536159,31977655496.776838,21405992739.920523,7096355942.883375,30880048296.933494,25815626250.086222,32159348785.156816,29597515325.914494,29799,0.344895833333,62207,1284956315.967964,1832888761.21634792567301766968,27589.33486622,39354.0085194536036969479164,1178.527348,1681.07623900668288047976,88.902058289609,0.07748269257358979,0.06462873242887708,,
2021-06-21,71134,10052,858273,1674428,1020,304695,1428243,126,66585,1890488,1880124,1871846,1854208,1170881,27477,1571726,154358,1809136,551413,3333,1238718,32351,1595746,174441,520,1812994,604811,4001,1624325995,4291,4294.671871358658,32932741498.52192746231300757622,1.216123158784,1.121353365119,38137613800.96335561293681701368,38025047157.53304245176427061,35165633730.79000399769766018282,31359993044.7055308135920010552715,0.21330605,0.252943110876107693703,0.175885,0.2085683882686131111,6670.933547,7910.54301472446456492042,0,0,0,0,0,0,0.507437937649,16.671216661335,7.073726482418772,15.372065541876,6.522486590030041,0.000037389768582436895,1.18582248781086,1414.541447572128,-19.893874591630674,1.42642106851362,0.0000400680729587858,0.000636038842498648,1.20247873556809,1.42642106851362,0.027566050577,29005111323.207674,24067691719.190702,1342870828.589302,27772066929.949077,28093140249.092097,7486137558.285428,28437291890.003304,29005111323.207674,29005111323.207674,3359412113.418335,15401372229.07839,29005111323.207674,86.3523912912,23890421076.652636,32081549243.507328,32161068902.538681,16319872740.597854,31449264073.736205,32157574440.532903,8218745291.513438,29046842097.282729,32161317727.020599,32161317681.113742,32161316970.764856,32161291332.773813,32160382753.573363,32140610430.259183,26845818630.338677,30582866446.517114,31895554816.029104,20285794235.050209,32161294889.077413,32160603245.889654,32147031356.73223,27302667409.535423,30771065956.348815,13908583872.369216,31945818342.428226,20909680480.827549,7096030171.287573,30885865560.695539,25830818728.094222,32161317729.240388,29599484290.169023,31274,0.361967592593,69809,1929152405.764772,2287632305.17028758976638702392,35965.91258743,42649.1879408141674190534898,1615.46022,1915.6490570398792139892,88.915514958342,0.07825987079168165,0.07243411119318491,,
2021-06-22,93039,10006,859130,1677686,1029,304085,1431218,126,66289,1893833,1883469,1875191,1857553,1173271,27390,1575030,153766,1812481,551230,3343,1233708,31463,1596409,170585,515,1815569,596664,3881,1624412453,4216,5415.363377609108,31726064657.24399023963299588816,1.186642574753,1.094134790386,36737393552.9228230161547568886,36623665637.07396293006575366,33873435227.71330441608438674596,30959106250.3021156110186665120888,0.21378297,0.2441658025420664829252,0.175157,0.20005031025558649012,8009.165221,9147.42766403456863058036,0,0,0,0,0,0,0.509775977305,14.830494374704,6.8122248387113435,13.674344911617,6.281160270618863,0.000035256541238749696,1.14211998524516,1266.523701915365,-13.845927762166253,1.18582248781086,0.0000373897685824368,0.000623988006268922,0.994905129583569,1.18582248781086,0.027589596436,29010219375.162991,23164820379.471522,2004862773.362277,27778223888.126676,28097767554.32126,8003104016.840629,28442291063.218862,29010219375.162991,29010219375.162991,3371695944.977022,15392828235.09269,29010219375.162991,86.3590516065,23916235340.596166,32085837794.701385,32165717799.8984,16397437172.997623,31452335322.151913,32162216824.523464,8234893527.602826,29054731983.519916,32165966820.466546,32165966774.559689,32165966064.210803,32165940426.21976,32165031711.030105,32145203580.249451,26863155684.420552,30586249864.18455,31899209606.447088,20348519737.180042,32165943321.116752,32165229470.113892,32150991512.701968,27251205277.316675,30746394009.837805,13911510451.732656,31942651424.832056,20859356114.006329,7110607194.771024,30895949547.027984,25865963722.342027,32165966822.686335,29602812934.522517,37464,0.433611111111,91067,2168907253.526977,2477152320.39635147061001868132,39238.34632072,44814.8995208652045731877152,2518.4092805,2876.32557028593401170738,88.90181293385,0.07809343290385819,0.07004683263059941,,
2021-06-23,61653,10052,860025,1681416,1035,303732,1434079,126,66110,1897848,1887484,1879206,1861568,1175125,27358,1578362,153469,1816497,551319,3353,1253705,33170,1605438,177923,532,1826039,615853,4176,1624498646,4334,3892.091601292109,34560221650.4694204670513285869,1.302002144337,1.200456340889,40003582546.57627323697322050288,39878075323.84633984413432941,36883621532.56283156541839004114,30724667175.5223667388413299314911,0.21440685,0.266638444053848530671,0.175137,0.21780207664194903342,5465.873856,6797.41389026726216992896,0,0,0,0,0,0,0.509296076763,9.660519413278,7.411422823753151,8.907075795835,6.833390837703984,0.000037000635047429,1.24360972633966,1403.386896383577,-19.157205843954355,1.14211998524516,0.0000352565412387496,0.000611536426945882,0.958162071250338,1.14211998524516,0.027627825902,29023122569.317329,23178086241.229865,2866976075.202225,27790247147.866215,28111008020.080854,8253457938.049847,28454486731.841035,29023122569.317329,29023122569.317329,4204677140.990104,15585815699.931578,29023122569.317329,86.392816469,23939616207.327098,32086921120.45043,32167062789.75867,16382685995.3849,31452097522.318862,32163549641.039403,8123085396.252575,29057464192.79676,32167312378.264379,32167312332.357522,32167311622.008636,32167285984.913433,32166374089.331698,32146469019.330557,26875312807.737469,30586719713.27163,31899776404.33943,20348921320.475466,32167294233.267001,32166619753.611532,32153782546.446015,27408992720.684245,30810785306.693608,13998280379.638691,31959255446.633388,21100389406.20568,6988951866.877259,30901271506.137991,25887482450.115904,32167312380.484168,29602945131.964515,25493,0.29505787037,58817,3329770481.7271,4140934957.554516679598026786,62908.56341375,78233.701331394784781614325,1484.05266,1845.5823223762444864956,88.925823525639,0.07827868285477567,0.06608253044261042,,
2021-06-24,67036,10065,860474,1683686,1034,303579,1435617,126,66073,1903556,1893192,1884914,1867276,1176123,27357,1580306,153389,1822207,551422,3350,1273935,35319,1622295,186997,559,1834223,637309,4536,1624585118,4270,4708.543325526932,37114405759.563209554623806385,1.439551588919,1.344230706441,43592699700.20479488791031251625,43438234907.518908916645346475,40706179594.2211737732580240806,30282137879.4427518540657934888243,0.22395021,0.3033706515386094673785,0.175157,0.23727369227092137345,6147.209229,8327.22089854652588937465,0,0,0,0,0,0,0.509233371312,9.4589689862,8.069178642943378,8.832636954729,7.53487251939948,0.00003908466573484936,1.35463436957085,1540.156339989103,-12.706507620711637,1.24360972633966,0.000037000635047429,0.000633812425683124,1.04249648497079,1.24360972633966,0.02763654167,28630111104.287077,22791905775.306812,2313952431.72459,27398098404.4581,27718385332.734688,8209676104.65955,28061339305.243251,28630111104.287077,28630111104.287077,4314042179.148277,15170152743.330142,28630111104.287077,85.1390393685,23957094749.795282,32099856855.985966,32180161144.981857,16387342541.722565,31464337640.867442,32176637961.237945,8124154166.351246,29070948362.079749,32180417591.949936,32180417546.043079,32180416835.694193,32180391198.976325,32179470149.193496,32159527428.705126,26890221254.81876,30599400307.091328,31912505936.599925,20355266451.005183,32180401367.770921,32179832037.061334,32168326464.789274,27589846310.665483,30894219660.324012,14208150372.066407,31988490505.502113,21388616841.223512,6989423063.426522,30918575225.91297,25910620867.497299,32180417594.169725,29600937175.717637,27449,0.317696759259,66037,3402106259.267546,4608610067.7359349359913526341,65470.52486133,88688.6231710004261678602305,1142.650458,1547.8735828126730159493,88.43084633685,0.07847194410527615,0.06817021207975708,,
2021-06-25,61121,10055,861747,1687314,1035,303838,1438334,125,66053,1907358,1896994,1888716,1871079,1178163,27328,1583546,153515,1826010,552038,3348,1261193,33751,1613382,180620,544,1836371,622538,4270,1624671700,4371,4126.449325097232,34646092935.3234673015049770379,1.348069323134,1.258726207718,40710120257.48152645677145864912,40563983784.271415351475761995,38012062442.23009313328967649793,30198832922.6449842953117323041841,0.21189707,0.2680497908322865820959,0.175577,0.22210490274811436149,6374.711534,8064.01000875030850818358,0,0,0,0,0,0,0.509590103053,15.971144003227,7.524816277506553,14.912658554797,7.026110077734847,0.00003992614008528263,1.26499998717437,1452.103354144979,-28.03945910706858,1.35463436957085,0.0000390846657348494,0.000681863369559965,1.13508726861812,1.35463436957085,0.027677426211,28609490963.350995,22754970829.582748,1739394282.140876,27388216036.83367,27708203690.533453,7946926180.782603,28050391371.286859,28609490963.350995,28609490963.350995,4332599595.311411,15110753487.210912,28609490963.350995,85.1043738417,23955692990.29952,32101153659.002166,32181656752.292084,16399584654.277625,31464625054.215191,32178120626.771995,8095786605.963018,29067817384.093391,32181913571.088387,32181913525.18153,32181912814.856837,32181887178.138969,32180963247.081252,32160966326.161426,26886148644.46267,30598902739.745267,31913392492.748882,20360441078.070016,32181896080.693988,32181231139.038278,32168638033.989426,27468604200.554937,30844112440.637454,14101431856.164015,31977662233.805355,21192355921.112261,6993846920.037663,30919903877.427018,25916012334.943152,32181913573.308176,29600329230.01259,30084,0.348194444444,62900,2015003657.020752,2548979600.28755992640493252624,40193.16241432,50844.3499386121703440249784,1363.6331194999998,1724.995878678045900547217565126,88.431382292869,0.07867161344117429,0.06457060532158385,,
2021-06-26,51329,10045,863547,1692617,1035,304067,1442208,125,65997,1912911,1902547,1894269,1876632,1180937,27289,1588285,153520,1831566,552905,3345,1259542,33005,1615463,177661,532,1840991,617141,4160,1624757720,4325,3262.047861271676,33963048660.48189166522921083761,1.323051793835,1.235367847139,39913796756.16072120148017583599,39770003910.627116763010580885,37268549424.57950814610594944862,30167977506.3661559875763343976438,0.2127786,0.263896421695920001086,0.175157,0.21723662781403891007,5159.880943,6399.48809342043492370093,0,0,0,0,0,0,0.509686272533,17.537131180041,7.366173381686942,16.374875187683,6.877987539560451,0.000038890347434939754,1.24023948694051,1439.8647704882278,-24.869770334699368,1.26499998717437,0.0000399261400852828,0.000695878145617111,1.06221373739151,1.26499998717437,0.027739238618,28605632868.092214,22744142098.364046,986446662.016777,27384266521.189211,27703718062.649346,7828462554.127555,28046394613.679939,28605632868.092214,28605632868.092214,4300645188.399867,15076223701.130092,28605632868.092214,85.090999656,23961320994.229852,32101287640.780174,32182072858.682468,16402891945.878878,31463084291.771614,32178515516.927544,8092366525.068896,29064810830.953177,32182330246.45036,32182330200.543503,32182329490.21881,32182303855.853425,32181375609.0703,32161292135.37883,26884770210.304691,30596278753.914149,31912974267.715205,20363425995.885596,32182312009.92054,32181622347.93752,32168614245.309837,27410505435.783538,30817807896.951456,14010489687.758566,31972259635.658998,21110855440.574704,6993672106.490144,30921208077.678207,25928828357.831705,32182330248.670149,29600745905.374563,24250,0.280671296296,53049,1835096625.455909,2275959297.24169782103031097359,38775.85798019,48091.3502070289259712884969,917.874857,1138.38464172127398375707,88.415159339848,0.07825459106789111,0.06385138060918133,,
2021-06-27,56148,10069,865829,1698443,1036,304672,1446543,125,66023,1918916,1908552,1900274,1882637,1184236,27279,1593450,153709,1837571,554225,3348,1280457,34955,1635347,186378,555,1849306,638228,4503,1624844354,4261,3651.536493780803,36584392871.4802800432430323715,1.428361405253,1.333704603129,43074550396.98262508285265104768,42916453228.735708978352069465,40220021299.13891942608552163835,30156618793.0901128578320091663448,0.21749907,0.2910925885445258429613,0.180021,0.24093334689832966539,5202.577748,6962.93470941953847343532,0,0,0,0,0,0,0.509185179038,23.101984251078,7.964046871273306,21.571027209046,7.43627343379981,0.000038785816962137184,1.33836245159359,1632.2592911491777,-11.39845787664428,1.24023948694051,0.0000388903474349397,0.000688266268516457,1.03910710123693,1.24023948694051,0.027820291755,28555983941.826709,22691787938.868466,819025648.877274,27335190723.49885,27653953393.198158,7674901454.422815,27996456293.708608,28555983941.826709,28555983941.826709,4265318479.39218,15059656553.410989,28555983941.826709,84.9327329811,23959557672.637004,32103202729.953637,32184260178.082521,16387879553.673243,31463064520.228761,32180681836.272914,8080570547.653382,29059578196.471798,32184517985.186163,32184517939.279306,32184517228.954613,32184491594.589228,32183558355.96028,32163394822.865057,26878385223.481001,30593763993.584402,31914269387.355371,20349836297.005542,32184501554.572054,32183920180.456456,32172089333.396909,27556794343.410806,30881749023.896905,14172214444.952446,31988971381.621322,21361426146.357265,6992585929.865088,30921750554.719305,25932634838.076376,32184517987.405952,29602933644.110366,23920,0.276851851852,57757,1393149507.748604,1864538990.62682475757289784836,29197.83805262,39077.2901173371148612747058,800.684582,1071.60618011870884302938,88.395294537499,0.07825614492441843,0.06389251604039635,,
2021-06-28,57622,10066,868451,1704804,1027,305085,1451563,126,66051,1925691,1915327,1907049,1889412,1188097,27267,1599232,153836,1844347,555536,3341,1281989,34554,1640408,185053,550,1855834,636336,4427,1624930638,4302,3556.304044630404,36209889559.10206446341803292567,1.407869794154,1.314770606082,42560336654.29353023222916152006,42403212301.841988119006393665,39745919580.32077811885640535892,30230307398.4595040686184126670841,0.21417702,0.2832184558326901842858,0.180021,0.23805200780857217859,5295.526878,7002.57639782114225854962,0,0,0,0,0,0,0.508993653887,16.99783660205,7.872722190818753,15.873808802599,7.352117198135988,0.000038467233737190555,1.32235687952279,1549.4573873011332,-6.262489133047574,1.33836245159359,0.000038785816962137,0.000681266235175461,1.12135220285171,1.33836245159359,0.027917589351,28603380142.833054,22717857795.992425,1238531766.113807,27382842045.007873,27701534377.46308,7690307016.324834,28043558752.262705,28603380142.833054,28603380142.833054,4364346925.557583,15053284359.088027,28603380142.833054,85.0789547395,23955836777.084208,32103560591.301859,32184953459.201585,16382068713.668352,31461071667.771286,32181355834.608742,8088139134.494035,29054135252.04161,32185212109.092125,32185212063.185268,32185211352.860575,32185185719.048976,32184247659.589467,32163992344.61288,26871896282.00401,30590161656.143934,31913848079.52954,20346094676.985312,32185195492.594174,32184604318.787206,32172519158.405752,27521013887.214374,30867300422.349224,14160635410.438946,31986181496.087697,21304973624.879782,6979403762.464754,30922116451.559276,25938501868.445912,32185212111.311914,29608145842.349349,24725,0.286168981481,58844,1893488734.174021,2503867853.93391602777929543859,40468.33200658,53513.5772317133755535399582,880.801665,1164.73414120787783744535,88.112334915832,0.07820252860472406,0.06275376650966752,,
2021-06-29,68156,10014,865963,1702931,1029,303468,1449110,127,65502,1924071,1913707,1905430,1887793,1185422,27114,1596934,152798,1842728,553311,3350,1287622,35307,1640555,187800,563,1855064,643273,4570,1625017147,4216,5199.000948766603,37538625195.01143828852953418739,1.464194539467,1.368011281674,44214091480.69961375606570247101,44049036413.847273770143156835,41309658193.75136716016889046006,30196869534.0035459705436178826936,0.22084237,0.3033672763000621466977,0.180021,0.24729167888758614441,6537.155096,8979.97488536548166641016,0,0,0,0,0,0,0.511366785798,12.210417103155,8.155228448285778,11.408312147602,7.619509717568262,0.000038228164853995954,1.37368239754021,1540.269009997232,-12.679540266322201,1.32235687952279,0.0000384672337371905,0.000635969151730956,1.10862174167798,1.32235687952279,0.027805991078,28546494954.758074,22650153067.531665,1325496491.904332,27327004598.901559,27646218353.513657,7621439577.59579,27988586320.625663,28546494954.758074,28546494954.758074,4291993434.932581,14955759163.5142,28546494954.758074,84.9019485369,24010693823.206801,32104908857.711791,32186286674.027019,16459130500.574567,31463705491.350956,32182684050.338019,8174785569.559728,29069757050.218111,32186545854.283692,32186545808.386166,32186545098.061473,32186519464.249874,32185578203.595982,32165302701.640004,26909679057.819116,30596128065.268949,31915357564.040277,20429866304.904432,32186529867.145565,32185953030.43065,32174449489.755023,27625081579.187486,30901236971.966635,14324443303.594741,31994497188.348861,21488451796.010143,7001755325.952742,30934024831.911335,25995849711.488927,32186545856.503481,29623472364.072087,29601,0.342604166667,66537,2635990694.223494,3621014016.73461182456159169374,46143.78190962,63386.9009651793713845358202,998.833751,1372.08034181776112762771,87.729066303853,0.07821218953762872,0.0596831344012427,,
2021-06-30,64029,10018,867019,1707232,1025,303308,1452143,128,65345,1928711,1918348,1910071,1892434,1187326,27060,1600725,152543,1847369,553525,3341,1290881,35341,1644762,188114,565,1859806,644886,4577,1625103458,4310,4607.875638051044,37694766367.80372157973536124187,1.471878180579,1.375272099379,44453697884.45921887786755051489,44285329796.289148196237623155,41535998849.23237471587743671065,30202022471.0347187534799631195703,0.21754536,0.3004412973344810660808,0.176413,0.24363539901135013089,7024.757101,9701.54976821407839312753,0,0,0,0,0,0,0.511531599223,12.84439749057,8.214113697779514,12.001361074034,7.674983934637056,0.00003938493991280288,1.38105127746453,1559.2625842899631,-20.72917890063377,1.37368239754021,0.0000382281648539959,0.000633036212281193,1.15439533998616,1.37368239754021,0.027835186515,28513380694.191913,22594196570.276188,1319573631.574586,27294255458.064879,27612766607.984262,7631090181.91744,27955183513.520181,28513380694.191913,28513380694.191913,3849791671.283211,14844499884.842659,28513380694.191913,84.7955696864,24023273380.319647,32106415470.54326,32188043801.47494,16465334445.765347,31464123305.776074,32184423393.688423,8227073247.525237,29071139938.989326,32188303654.449769,32188303608.552243,32188302898.22755,32188277264.415951,32187332010.104055,32166971282.927304,26917720544.197605,30595959284.955943,31916374005.639176,20433577373.15449,32188287740.646756,32187710097.396336,32176222124.585215,27639078590.030935,30905254145.173034,14355193661.486411,31996554008.469446,21504558897.740729,7031737578.067447,30938954825.651297,26016723491.810823,32188303656.669213,29626906118.035406,32291,0.373738425926,67981,2506018961.208635,3460940687.72751981822714221655,43799.14846314,60488.8699368781028653624242,1066.253528,1472.55079694546200736184,87.677909747876,0.07814104636067729,0.05624013940411367,,
2021-07-01,53063,10002,868956,1712019,1024,303682,1455966,127,65346,1933756,1923393,1915116,1897479,1190168,27045,1605090,152602,1852415,554568,3350,1286994,34565,1647101,185027,556,1864105,638219,4490,1625189647,4304,3494.421003717472,36368617203.11720456517057283449,1.426135528133,1.332536652443,42968564696.91381834477932144814,42803902170.914261486348740305,40148489559.38033171831470296102,30129369789.3910495067944447586269,0.21126084,0.2820020632011019755612,0.175157,0.23380876164326251251,5421.586897,7237.01889464256767446071,0,0,0,0,0,0,0.511172233484,11.216076271262,7.965278338836501,10.479952594421,7.4425081796438155,0.00003984030163407278,1.33485251313543,1293.102400648193,-23.21522288058971,1.38105127746453,0.0000393849399128029,0.000607785100398561,1.16457700032339,1.38105127746453,0.027902967724,28463597300.972858,22518638311.226055,1948049649.374842,27245419883.647743,27563370390.955372,7544633691.034092,27905832633.145927,28463597300.972858,28463597300.972858,3508928610.985666,14758030890.499915,28463597300.972858,84.6400559564,24016224167.850927,32107609964.053476,32189486632.378844,16454504875.707282,31463640307.940506,32185853041.182008,8177352183.672985,29068201189.638443,32189747010.343854,32189746964.446328,32189746254.121635,32189720620.573036,32188772243.546687,32168341510.135739,26914257045.144893,30593824426.536365,31917050347.498707,20438449394.838396,32189730546.885721,32189135506.230782,32177099671.791962,27579499326.171119,30880010356.808092,14286465206.15379,31991572708.533323,21439049457.34008,7018529415.905617,30939987449.861472,26022561894.093172,32189747012.563298,29628365486.141315,25663,0.297025462963,55180,2869965060.333929,3830980073.39762111293460100447,59647.96959487,79621.2421171379359305432441,987.660883,1318.38161179810789238469,86.74434959234,0.07821450368806857,0.0564316240020271,,
2021-07-02,54943,10000,871224,1717751,1022,304259,1460266,127,65399,1939697,1929334,1921057,1903420,1193466,27047,1610200,152840,1858356,555891,3342,1298421,35386,1655304,188875,564,1870860,648653,4582,1625276407,4313,3753.692325527475,37811318387.62400996001010398368,1.465979096979,1.369418220095,44632398215.32486011566055920224,44450217849.92284457733403912,41692558542.30251567524509491264,30445453354.2031545095307117717142,0.2132651,0.295626665713999178512,0.175157,0.24280147050064428784,5571.124256,7722.65545595441721206272,0,0,0,0,0,0,0.511485186321,13.332290291833,8.256513755222185,12.4541211255,7.712675026652081,0.00004103234108161625,1.38619336081712,1387.1003296083009,-21.140460112499824,1.33485251313543,0.0000398403016340727,0.000631268436672283,1.1270895259679,1.33485251313543,0.027978758384,28494990441.286403,22535879326.51198,2523979881.479841,27277088071.851214,27595107610.363562,7976065072.56047,27937468244.35879,28494990441.286403,28494990441.286403,3943270595.897237,15150119801.705788,28494990441.286403,84.7172007321,24018734788.199049,32115391275.223177,32197554781.582516,16468705710.486614,31469495253.348312,32193901573.959572,8182148321.192826,29069073086.817254,32197815596.186958,32197815550.289432,32197814839.964739,32197789206.41614,32196836364.564856,32176324991.100304,26913841285.944438,30597687560.062729,31924240546.73877,20440935426.644487,32197799731.071283,32197222600.599445,32185686685.677328,27638981960.582594,30910505366.77685,14368766210.442132,32005508959.411554,21514059772.789971,7020925553.961695,30946468996.989641,26031188913.875015,32197815598.406402,29628282732.242373,26123,0.302349537037,58093,2415025092.735152,3347691749.75621724476646740224,55711.07881362,77226.3275753993582833851744,854.65731,1184.7202888958191811472,86.217908070621,0.07753344998912842,0.05696301800511795,,
2021-07-03,52769,10001,873740,1724429,1018,304736,1465639,127,65386,1946487,1936124,1927847,1910210,1197348,27025,1616351,152981,1865146,557250,3339,1304724,35537,1662104,189902,565,1880631,652395,4605,1625362740,4315,3666.580069524913,38149783894.13575590473565742026,1.477839930966,1.380863500691,45023465265.22222179599433055221,44838885833.731526899135093215,42069007987.04547938784094310877,30465725226.2706972643835358990447,0.21226676,0.2968156009934556153684,0.175885,0.24594247342699318965,5541.436018,7748.66805358244281528962,0,0,0,0,0,0,0.511168334309,17.74830934429,8.331122608042719,16.583658391533,7.784431106628515,0.000040427460992091774,1.39831408833609,1353.2875917348326,-24.122439470890328,1.38619336081712,0.0000410323410816164,0.000644741180604623,1.16840373723819,1.38619336081712,0.028071727618,28500255174.91627,22531001332.576077,1572261880.145441,27282700083.163514,27601439591.732038,7861206180.891732,27943464327.06727,28500255174.91627,28500255174.91627,3836521706.702447,15115352656.356439,28500255174.91627,84.7331134319,24016748485.26402,32115603099.499348,32198131007.719886,16458798446.23796,31467477244.920968,32194459262.208046,8184050823.611877,29063068698.732823,32198392076.342425,32198392030.444899,32198391320.120206,32198365686.571607,32197409156.964061,32176791489.442545,26907101583.259937,30593907911.930817,31923762837.093589,20436344728.42787,32198378357.26925,32197800279.547094,32186334731.108327,27644826209.906426,30913170557.905517,14387536441.250371,32006786233.787891,21528630110.502162,7022828056.380746,30946505178.528815,26037401173.881236,32198392078.561869,29636788790.450254,26106,0.302152777778,57728,1814166716.049493,2536774877.64242505875445810237,35033.87356711,48988.3589778752610128499999,767.0436139999999,1072.567891824429580397851166391,86.089289678725,0.07743028777099017,0.056103918114250785,,
2021-07-04,55080,10008,876323,1731255,1018,305274,1470977,127,65461,1953434,1943072,1934795,1917158,1201257,27037,1622523,153121,1872095,558644,3341,1318905,36737,1675316,195698,576,1892116,666045,4780,1625449120,4325,3649.471676300578,39820231676.63783460208308812784,1.541234663198,1.440100115565,47001453414.96939574670804076066,46807899668.38318075265196177,43917256801.24830380250322031634,30495974777.4268524233385258199464,0.21101248,0.3080187943430112391296,0.175313,0.25590760742045365926,5644.16188,8238.8868059101702435176,0,0,0,0,0,0,0.510696413574,19.81122314753,8.743865769985137,18.511227021754,8.170100508717045,0.000041286756525015367,1.45971837468102,1366.6353861422353,-14.80138979940452,1.39831408833609,0.0000404274609920918,0.000631035718501078,1.17794007390231,1.39831408833609,0.028171459443,28496189179.248473,22511721773.773985,823768576.010933,27279393318.138792,27596015986.624334,7786784445.6965,27939371989.867575,28496189179.248473,28496189179.248473,3867917090.733261,15028420081.799091,28496189179.248473,84.721277287,24006172134.665335,32115835157.214558,32198725963.267298,16443907337.271827,31465498333.515876,32195034244.006789,8185720322.598848,29057856062.998583,32198987302.602462,32198987256.704936,32198986546.380243,32198960913.570674,32197999925.876479,32177274277.06659,26897911802.945248,30589719458.001344,31923281248.863747,20424388372.436249,32198976797.19094,32198440588.524617,32187546623.211574,27719134474.435901,30948679544.272341,14450036874.09835,32014941637.759301,21637860133.247744,7024497555.367717,30946242488.687126,26036598238.097765,32198987304.821883,29637384016.710268,26748,0.309583333333,57840,1625290223.881853,2372466003.98976957753504153006,32105.00052029,46864.2591786110202627878958,812.745326,1186.37928629831574591252,85.975790496753,0.07665522647344072,0.05555393401351237,,
2021-07-05,63707,10011,878026,1736045,1016,305697,1474634,127,65435,1958094,1947732,1939455,1921819,1203920,27013,1626813,153199,1876757,559585,3341,1314565,35784,1673457,191526,569,1896187,657946,4642,1625535709,4309,4090.838245532606,38438720899.35869267653704320196,1.500325196366,1.401845997707,45531587829.52740927230212044312,45340561491.00697224078124842,42542959568.14685100003398006184,30347812554.1079139815382165206164,0.20846225,0.29475707329883598327,0.175137,0.24763653633374022204,6642.441149,9392.13940480349468104908,0,0,0,0,0,0,0.510338504802,17.523197870859,8.485303935501424,16.373000241409,7.928340729144768,0.00004169524822165313,1.41395899400892,1337.143773109719,-14.432944756188746,1.45971837468102,0.0000412867565250153,0.000627588199480335,1.22941237769297,1.45971837468102,0.028228828986,28401758043.081482,22410108766.47294,1107993789.807682,27185173730.092063,27501798887.211294,7670551502.26164,27844388367.499953,28401758043.081482,28401758043.081482,3946639743.155335,14927304650.430443,28401758043.081482,84.4220962451,24007001346.564935,32118066216.257422,32201229799.852707,16433660772.781042,31466346984.139955,32197522056.622775,8167427322.504054,29054699381.356907,32201491004.555965,32201490958.658439,32201490248.422322,32201464616.464169,32200500355.3356,32179695077.149908,26893915717.610767,30588365882.23108,31925042525.382202,20420763558.792206,32201480088.200038,32200898313.717677,32189487330.691269,27650754237.262347,30917885751.80752,14397612379.876663,32010439862.573753,21538527800.635721,7026091220.211448,30947773851.07374,26042313798.966301,32201491006.775386,29639098929.311503,31864,0.368796296296,65257,1837649226.133952,2598360651.12563311026140285184,38603.58228812,54583.8823772507173052900304,1068.5715075,1510.9162937712951128469,85.775964353344,0.07461814624439751,0.05547690084851871,,
2021-07-06,53669,10023,877113,1734968,1016,305214,1473500,126,65337,1956888,1946526,1938249,1920613,1202828,26970,1625776,152946,1875551,558837,3333,1313691,35742,1672467,191268,570,1894996,657236,4641,1625621830,4303,3728.031838252382,38470090814.67657440091965853127,1.491078823637,1.393148616643,45563295386.80739160001441834221,45368935701.195586830006551615,42570815795.63472094058874295318,30557268109.8604401181912388596041,0.20525499,0.2904037607460568224051,0.173773,0.24586166073781949077,6327.600682,8952.56692444901816156218,0,0,0,0,0,0,0.510916423064,11.074005354521,8.472266361400902,10.346693277232,7.915829783180711,0.00004146186310150829,1.41484385225449,1247.7952629338813,-15.405435127898214,1.41395899400892,0.0000416952482216532,0.000637311163082466,1.19261478039218,1.41395899400892,0.028188476876,28405131279.25566,22387450958.427595,2198228508.49975,27190343834.322223,27506783070.541759,7566436621.157644,27848078389.799244,28405131279.25566,28405131279.25566,4455518697.997042,14883362643.103646,28405131279.25566,84.4321958894,24024850507.954585,32120370311.19457,32203501445.781215,16453431143.611763,31469271603.405262,32199792358.210051,8132732785.40437,29061526115.116623,32203762493.694408,32203762447.796882,32203761737.560765,32203736105.602612,32202772344.938382,32181961013.309553,26904204352.714451,30592642726.438298,31927458001.230801,20427260021.749575,32203751587.944007,32203170624.333548,32191771015.692882,27661182864.479158,30922011075.289058,14419106232.842615,32012864036.375848,21549856774.065835,7024803911.048181,30952822613.796038,26056423542.789765,32203762495.913829,29639970235.648093,30828,0.356805555556,54959,2908050110.59219,4114436821.0193497733604864331,68246.90094833,96558.7082421658239895005017,987.2860905,1396.855655560295043171345,85.354005350532,0.07412535201258262,0.055393521368797785,,
2021-07-07,57879,10021,882154,1746581,1015,306809,1483099,126,65542,1968778,1958416,1950139,1932503,1210145,27000,1636507,153656,1887441,561968,3329,1320079,35651,1683214,191255,568,1902999,659022,4617,1625708224,4207,3741.185880675065,38177973274.30314558314564368464,1.478866629956,1.381817800569,45208906033.64042584370191903656,45015174063.01177250940426468,42242126393.38654407491841135384,30569968324.3195371544626598082726,0.21066286,0.2957309854287089124048,0.175137,0.24585936787826669016,5706.014101,8010.16929590170087126968,0,0,0,0,0,0,0.509962326395,15.680938319552,8.404487744503712,14.651895756303,7.85295342715918,0.00004137178672638722,1.40381168958168,1093.4654461598707,-10.685145755640427,1.41484385225449,0.0000414618631015082,0.000610344598067035,1.19658697159732,1.41484385225449,0.028375215294,28409280354.041246,22370668441.404238,1991170614.568844,27195936290.913598,27510130484.63552,7476172386.268464,27852108115.453006,28409280354.041246,28409280354.041246,4392915743.665777,14834956919.380083,28409280354.041246,84.4479033531,23993595395.297194,32120410502.393653,32204133301.156023,16423028149.575644,31465459479.969919,32200396488.517221,8137889162.348382,29043386564.300127,32204394909.972946,32204394864.07542,32204394153.839303,32204368521.88115,32203398002.615485,32182420224.381558,26876164913.764262,30583766849.547851,31926377033.771456,20394775724.237029,32204381244.52491,32203796949.866566,32192177630.748111,27624960366.455339,30908297633.843731,14376834428.166562,32010907003.944825,21504278255.703449,7029491029.446393,30947568275.477331,26041579758.074808,32204394912.192367,29642288252.153424,27086,0.31349537037,66027,2053728817.492918,2883048521.22731894167778254224,34114.46865945,47890.289888003774440878876,908.3794605,1275.19370522579994908364,84.805231008041,0.07413030921704096,0.05435953556738961,,
2021-07-08,58417,10006,884525,1752668,1017,307305,1487887,126,65557,1975617,1965255,1956978,1939342,1213627,26959,1642067,153844,1894281,563178,3329,1313688,34566,1685810,186895,555,1906006,649369,4487,1625794895,4289,3891.423641874563,36375273877.26229654108643390628,1.409615965313,1.31704909624,43069004474.82472174422968359776,42882647254.67863315904091594,40240742737.99089528412086892452,30553715007.9412835769684627562387,0.21058605,0.281618451926410870062,0.175137,0.23421214660247352828,5448.91403,7286.8774252078934830932,0,0,0,0,0,0,0.510201702315,19.251516553443,8.023898463571719,17.987305125571,7.496983916057048,0.000040747168656418544,1.33730820216444,927.1838308346707,-15.445845496033728,1.40381168958168,0.0000413717867263872,0.000605853904664699,1.19084078260347,1.40381168958168,0.028459606233,28412946453.519597,22365559913.4153,1066711896.293181,27200366989.740087,27513350325.386965,7404755107.685834,27854859195.578397,28412946453.519597,28412946453.519597,4462342170.941246,14764270417.339723,28412946453.519597,84.4581255611,23989782232.569765,32121445447.552612,32205480778.609526,16431424980.805669,31464425247.255919,32201725965.275032,8141275034.82978,29037838653.478521,32205743150.419083,32205743104.521557,32205742394.28544,32205716762.591287,32204741646.393753,32183665447.302906,26867275715.448172,30580946441.806379,31926696558.045843,20395463573.251599,32205726714.996834,32205119308.51972,32192708901.74156,27540010293.966487,30872411070.57694,14284351473.068067,32003350950.400942,21410917289.679907,7032436664.797419,30948298441.384126,26048073164.473788,32205743152.638504,29642119368.744494,25875,0.299479166667,58746,1672893824.4026,2237174632.723835390609963544,32921.8185796,44026.618016668733726429424,939.935635,1256.9836341921412858194,83.496853789343,0.07396929830964548,0.054928657409125774,,
2021-07-09,63660,10001,886690,1758378,1014,307850,1492575,126,65567,1982812,1972450,1964173,1946537,1216966,26946,1647397,154022,1901477,564300,3335,1320230,34834,1692018,188253,557,1913484,653681,4516,1625881002,4145,4122.207961399276,36863237449.0942471307904380882,1.425384845219,1.331783769382,43598990195.02115765490459002908,43408189166.32263849499112327,40735965236.27574807563510380702,30587521918.2120199328317091713018,0.20657916,0.2796456685077768623832,0.175157,0.23710957271206191314,5854.659939,7925.43784439512246126878,0,0,0,0,0,0,0.509618843341,17.086102400979,8.138635946072117,15.964105368413,7.604194259704621,0.000039914554946170625,1.35369738413002,992.6513816695126,-16.41625272945418,1.33726742676496,0.0000407459262486646,0.000631106740022014,1.12960293388594,1.33726742676496,0.028530831271,28447021296.689182,22392463705.008364,1229522279.271244,27231520043.73941,27545688859.178794,7427791791.241292,27888999904.207025,28447021296.689182,28447021296.689182,4323197425.40583,14782000337.755577,28447021296.689182,84.5506679953,23983949789.154679,32122723499.714919,32207074942.436601,16413466713.079881,31464020794.864712,32203305074.020432,8141563953.906643,29032515809.989592,32207338732.531033,32207338686.633507,32207337976.39739,32207312345.035243,32206333330.1041,32185159149.379274,26860600417.783214,30578604408.783805,31927336181.95406,20399519048.506768,32207322506.860223,32206717587.628858,32194446698.184051,27554479953.139122,30878904549.354671,14291328081.619637,32006403289.509042,21430360096.971725,7034043441.715428,30949749855.245394,26053146956.115198,32207338734.750454,29643639689.990362,28341,0.328020833333,61310,1885002089.938571,2551722398.22946425513207700142,33884.98168798,45870.0110723121555633911596,805.119603,1089.88830049290020278206,83.27353676824,0.07357973398431572,0.05475637492327583,,
2021-07-10,61019,9994,889263,1765311,1016,308300,1498231,126,65585,1990728,1980366,1972089,1954453,1221022,26938,1653881,154135,1909394,565605,3332,1322122,34567,1698015,187348,554,1921126,652586,4485,1625967519,4252,4999.721307619944,36429664758.49080056889640069,1.41066705323,1.318032802726,43105682052.63686051218295172765,42915244063.079875109329844725,40275061928.4154970377038247933,30556949603.326405116696568992495,0.21222203,0.2840219938436513797105,0.177425,0.23745226759780709875,6657.193011,8909.48612821317839495385,0,0,0,0,0,0,0.509777591353,22.245129124205,8.067526074966182,20.784358590798,7.537755971048225,0.00003981812204343726,1.33832474340035,1025.7808818064952,-13.057271643532397,1.35395191396565,0.0000399220599064586,0.000628641667401575,1.14078447118309,1.35395191396565,0.028626338291,28435683763.055708,22375432261.107967,1024799599.099427,27220347630.9734,27533948961.853711,7100313706.155116,27877667392.486608,28435683763.055708,28435683763.055708,3601463983.640317,14741888086.43885,28435683763.055708,84.5124424989,23979614339.355553,32123662238.747684,32208421438.954238,16419266608.319529,31462702749.202877,32204631540.329491,8142681146.284282,29028186340.122549,32208686465.846658,32208686419.949132,32208685709.713015,32208660079.101737,32207676717.883543,32186384686.155401,26854498222.460592,30575511358.593477,31927526065.27237,20396528121.32755,32208670036.73508,32208057535.936655,32195518787.65099,27528974578.927617,30868296508.824273,14272166420.42898,32004842646.102273,21406098414.97593,7035160634.093067,30951307110.828792,26059348257.854714,32208686468.066079,29644906882.690349,31369,0.36306712963,65601,1447898382.078616,1937758230.6651456812608619156,26211.13271985,35079.0074715257692329419475,919.556936,1230.6658004142120673276,83.180296380443,0.07308028907776688,0.054112413409395044,,
2021-07-11,50117,9992,891360,1770855,1016,308833,1502674,126,65596,1997105,1986743,1978466,1960830,1224306,26914,1658951,154308,1915771,566764,3332,1327241,34686,1703657,188215,557,1927641,655658,4502,1626054157,4253,3549.444157065601,36695729111.79681178988417966382,1.419682720551,1.326455933644,43407558644.88362876537818231188,43214828006.164880341173354135,40557099763.23510127868107320258,30575534953.363380013923845198255,0.21242542,0.2862788046326611606542,0.176959,0.23848186807864654959,5038.306137,6789.96072256211500660137,0,0,0,0,0,0,0.509696477505,56.700000937801,8.165556906603785,52.976662737999,7.629346510657485,0.000039338256609072135,1.34766735842001,973.4225173128569,-5.90701443352346,1.3383112858065,0.0000398177216502464,0.000632154392354946,1.12864557763944,1.3383112858065,0.028696229992,28446039024.354588,22381883933.772596,827115181.11063,27229070202.322382,27544567431.959211,7043204191.925736,27887583275.626723,28446039024.354588,28446039024.354588,3623892718.38241,14731737813.926317,28446039024.354588,84.5376479521,23974592768.348486,32124059865.602985,32209135286.837216,16417018339.250773,31461488485.910599,32205329226.492038,8141398025.066123,29022148341.274444,32209401207.715767,32209401161.818241,32209400451.582124,32209374820.970846,32208387289.687191,32187004236.486217,26846434955.670413,30572243805.129677,31927373934.151492,20392567274.118735,32209384881.359143,32208772629.222719,32196281903.650353,27531849280.695661,30870299984.694507,14294283093.617169,32006148605.526174,21414528026.597904,7033877512.874908,30951318999.081398,26063100422.336593,32209401209.935188,29645563238.615769,23718,0.274513888889,50594,568067031.343944,765565395.53679003361472191944,14027.37194539,18904.2312952186980704032539,778.2383219999999,1048.806383630961018856484157999,83.105641886855,0.07303328225408459,0.05262054094918046,,
2021-07-12,54794,10001,892013,1773194,1015,308954,1504416,125,65635,2000296,1989934,1981657,1964021,1225419,26923,1661058,154324,1918962,567143,3333,1322733,34048,1704025,185519,549,1930318,649376,4391,1626140328,4240,3807.159198113208,35745629338.44210891316760029944,1.39144439267,1.280615250866,42350220574.12939788676272182436,42160009663.54905429156077826,38977007367.63310900584209697708,30436157418.3105946367152397326702,0.21038892,0.2766135731340946808592,0.177267,0.23306578249824925092,5497.041632,7227.35934712909396232832,0,0,0,0,0,0,0.509311445028,22.494423580834,8.045111168296732,20.702733108701,7.404314618178949,0.00003967898511079051,1.31477253238476,934.8964676578612,-11.29575811587381,1.34802281095426,0.0000393486322280387,0.000629860429582915,1.13565185316663,1.34802281095426,0.02871989007,28404302261.05857,22331282012.884474,1598453130.053384,27187690994.430794,27502824523.433705,6941882109.884558,27845895874.377268,28404302261.05857,28404302261.05857,3670755539.477306,14649238500.542675,28404302261.05857,84.4048244704,23973504908.412967,32125590215.752042,32210795770.621352,16405462927.306387,31462441292.380233,32206981112.017105,8100127394.815112,29023133394.587917,32211062771.74479,32211062725.847264,32211062015.611147,32211036384.999869,32210046203.384353,32188615297.211209,26846339673.031184,30572532544.923512,31928770758.511189,20387430338.33308,32211046059.091117,32210418585.114054,32197472885.461173,27483135985.875641,30850262204.066058,14221954339.772164,32002538925.919498,21324428213.90482,7035223071.592406,30953706445.018338,26066307348.320392,32211062773.964211,29645437828.653033,26128,0.302407407407,53939,1431957687.567013,1882698635.15030664155519992188,42187.27677393,55466.6727184767143022973068,884.6565685,1163.12215685755690329606,83.083646855232,0.07281637890453897,0.0523186565503245,,
2021-07-13,56301,9993,894111,1779462,1015,309446,1509317,126,65577,2007216,1996854,1988577,1970941,1228935,26899,1666770,154396,1925882,568284,3335,1317537,33273,1698871,182145,543,1936240,641981,4251,1626226585,4330,3399.803926096998,34378583657.32501811224686111711,1.3405491787,1.233647126726,40746262875.09569969408623012544,40561791517.376989898994853345,37496953427.28399722133754324109,30395201849.0001410737113471931448,0.20783882,0.2629018954216694489254,0.175093,0.22148067225875497571,5325.661958,6736.59821169731118081226,0,0,0,0,0,0,0.509474776098,17.540065054138,7.756812637467004,16.141333119621,7.138245858346955,0.00003875168654572661,1.26493162067447,922.2049821280541,-18.73095299643018,1.31472565347983,0.000039677570335744,0.000646682434705195,1.10949694802113,1.31472565347983,0.028788978415,28394081306.51866,22334057749.735868,1705679982.397798,27178215087.226713,27493481679.453305,6981344664.209671,27835720274.192304,28394081306.51866,28394081306.51866,3645884602.120097,14565006278.952507,28394081306.51866,84.3723601419,23972298088.819933,32126382040.079555,32211957946.709593,16411316482.106393,31461553816.95901,32208124028.725423,8151823710.877365,29017647483.284151,32212225709.530531,32212225663.633005,32212224953.396888,32212199322.78561,32211204462.332407,32189667713.442321,26842637154.471028,30569348403.96687,31928997390.900408,20395802977.821265,32212208222.802396,32211492408.783572,32197853978.334989,27421038434.749547,30820430168.169223,14188534494.124964,31996167527.673907,21222282686.178231,7039282965.753054,30954819580.699866,26074975081.109157,32212225711.749952,29643462788.360347,25624,0.296574074074,57643,1836494084.390515,2323039438.52717101668317065205,36608.44003203,46307.1733800798543370032741,999.8271950000001,1264.713034165759474704812067447,82.317989543874,0.07288696087186634,0.0517045974594454,,
2021-07-14,61604,9960,895648,1784669,1017,309678,1513424,126,65551,2012990,2002628,1994351,1976715,1231701,26872,1671561,154442,1931657,569052,3342,1320173,33195,1703596,181937,542,1941954,642296,4248,1626313004,4278,4299.621552127162,34408531665.7207622019256264085,1.331747976773,1.251042102532,40630837944.866253278346200445,40433536255.815851981539989625,38168549768.225889513151829124,30509404672.2863485221433430887548,0.21161482,0.266831885921175121055,0.175181,0.22089131851709336275,6058.320625,7639.12999044160687859375,0,0,0,0,0,0,0.50968675174,13.22149701478,7.782721876605353,12.420254967517,7.311077553521266,0.00003844505773426954,1.26093194191775,851.0671677565394,-19.705449101857337,1.26491188226326,0.000038751081851598,0.00065213735758647,1.07875213797043,1.26491188226326,0.028838649894,28503893649.776349,22455671871.243106,1356976875.747362,27288175136.073454,27603299696.011421,7379648222.655948,27945611149.587625,28503893649.776349,28503893649.776349,3477200031.675739,14528217860.395163,28503893649.776349,84.6857544814,23975683803.386473,32136672022.784947,32222595157.433381,16423566668.567533,31470383979.928732,32218743396.825767,8150105783.486292,29023687044.881973,32222863575.231759,32222863529.334233,32222862819.098116,32222837188.886838,32221838780.048061,32200195523.791759,26848931553.280993,30577179048.793151,31938754937.584216,20418378678.333831,32222846040.597825,32222126289.627576,32208377549.605984,27423298598.56811,30826238542.702814,14183461465.928412,32005601546.62419,21236705506.539336,7045742605.042501,30966214383.825766,26092747069.531894,32222863577.45118,30270110938.878576,28629,0.331354166667,65053,2437156968.036925,3073089068.46517560733731291875,47365.56050225,59724.7481841247705181899375,987.824907,1245.57997825823079539925,82.257838605606,0.07285370198901045,0.0516242480783793,,
2021-07-15,64122,9957,897626,1790448,1019,309994,1518134,126,65586,2019106,2008744,2000467,1982831,1235075,26866,1676962,154516,1937773,570102,3340,1316657,32319,1705333,178100,531,1946600,634583,4116,1626399558,4271,4643.6808709904,33450144416.01572088975800617835,1.297656257967,1.219071729275,39503955101.29628746807898566765,39308247922.905718788702074425,37111642288.06718083574770646155,30442541974.2389077814116227522443,0.20895918,0.256150414249707787509,0.178189,0.21843111254906906195,6750.217209,8274.68280819658811096295,0,0,0,0,0,0,0.509912220407,24.523448219648,7.606067858372857,23.038337190892,7.145453381943423,0.000038660636795018564,1.22583948812255,841.0914337944274,-21.494373360422472,1.26093194191775,0.0000384450577342695,0.000632857531618532,1.07024967950879,1.26093194191775,0.028919311756,28502137305.340876,22435824007.720603,1461429351.841363,27287540285.756917,27602735883.262809,7375694287.038406,27943083001.193775,28502137305.340876,28502137305.340876,3597221838.578795,14434281156.806716,28502137305.340876,84.6754314353,23972888695.243756,32139503451.862578,32225773470.871202,16432452744.217369,31471305806.054359,32221905357.630556,8153588698.27738,29021962627.77249,32226042219.506582,32226042173.609056,32226041463.372939,32226015833.161661,32225014284.994608,32203272374.142399,26845282490.540409,30576714448.494087,31941049043.051678,20417544241.559944,32226023501.788165,32225272510.958837,32210904434.066882,27349744597.262272,30794379271.310679,14099625639.638294,32000872994.615272,21131091489.847958,7048641901.761338,30969390079.294981,26098007519.546587,32226042221.726003,30274471207.405781,32304,0.373888888889,68283,1314090984.803113,1610864620.15750567091376549815,25308.08019962,31023.644077266623823023431,1011.9580845,1240.498180304956199255475,81.762078579228,0.07213392944621841,0.0517635485511241,,
2021-07-16,58221,9963,898921,1795165,1018,310030,1521952,126,65538,2024294,2013932,2005655,1988019,1237639,26860,1681310,154453,1942961,570468,3335,1309433,31466,1706815,174031,526,1946609,624828,3977,1626486409,4289,4105.116810445325,32057910891.31136682309041942229,1.245703257334,1.170263815534,37864448745.83670602743505112013,37675380309.276174014816011585,35571388291.32942764190761340338,30396042173.6899374065289939314042,0.21282519,0.2500521513493014596049,0.178393,0.20959715076798914303,5780.545068,6791.66657962337116938228,0,0,0,0,0,0,0.509985233863,37.790399925606,7.3527340360921585,35.501823846998,6.907454513766446,0.00003735149323267856,1.17491802238871,832.4730042426324,-20.606670547319275,1.22583948812255,0.0000386606367950186,0.000640836403781766,1.04218840896982,1.22583948812255,0.028964169435,28499338707.789509,22431148157.964327,1018788695.855221,27285232059.114099,27595725882.654049,7313456289.10793,27939664009.695844,28499338707.789509,28499338707.789509,3468662058.484051,14368962551.509403,28499338707.789509,84.6649349275,23979089767.308737,32140446650.06819,32227041889.779221,16435452840.763628,31471130436.520567,32223161003.367493,8155752244.035572,29021495788.642445,32227311201.037982,32227311155.140456,32227310444.904339,32227284814.693061,32226280223.229471,32204444755.518427,26846679797.124819,30575984441.537588,31941444436.148633,20415278858.506746,32227288192.957501,32226514604.834683,32211263933.993,27280530307.55517,30760270061.238726,14062950548.576352,31992846888.222771,21017759452.63095,7052012266.180222,30972541061.243849,26107455572.850054,32227311203.257403,30275634225.960478,27161,0.314363425926,61645,852790953.964493,1001959461.14294354550838407403,17518.09233483,20582.3224020612829777317693,891.255243,1047.15184754912917150653,81.535588132607,0.07195229331416611,0.05146178023678573,,
2021-07-17,52931,9952,899940,1799166,1023,310106,1525202,126,65428,2028353,2017991,2009714,1992078,1239573,26823,1685006,154371,1947020,570786,3329,1311364,31380,1710512,173866,527,1950642,625000,3970,1626572605,4253,3872.191394309899,32019169485.21681764354501855088,1.244016445057,1.168313425438,37818882390.39286117048116147009,37629014887.842061013880781455,35517462978.32164083578570073243,30400628979.3448839996437242344465,0.20977664,0.2461670348654811174912,0.176017,0.20655103912388619561,5488.805736,6440.96040905109713877288,0,0,0,0,0,0,0.510997967294,39.760962528722,7.466432329637128,37.341360329439,7.012072200086919,0.00003719645993579731,1.17347210283033,855.4967483191198,-20.709844067441523,1.17491802238871,0.0000373514932326786,0.000625586111406095,0.99631232104293,1.17491802238871,0.028992285586,28499819666.382369,22446561970.567027,811180815.772586,27285837820.932336,27595650592.714772,7340353276.449333,27939815394.320863,28499819666.382369,28499819666.382369,3375158663.312165,14368901845.075189,28499819666.382369,84.6645047696,23984647595.528834,32141064406.665191,32227921313.341961,16468539797.587039,31470897478.823462,32224029508.720902,8158437323.129532,29019818552.295641,32228190424.443852,32228190378.546326,32228189668.310209,32228164038.098931,32227157543.710209,32205221761.684709,26849440436.88575,30574840089.657035,31941617846.286811,20422305587.619921,32228167394.218235,32227391977.626632,32212043440.842584,27278902798.865456,30758431680.928074,14087402145.0547,31992911729.455052,21024255652.266738,7054697345.274182,30974639194.979624,26120498351.175727,32228190426.663273,30266985378.396371,26165,0.302835648148,57266,810548547.545405,951156108.53417612127468613365,17305.75066923,20307.8156288787187746417459,642.767811,754.27009480581811850763,81.4303871317,0.07188469555676269,0.05145556525457162,,
2021-07-18,46483,9955,901294,1803215,1022,310363,1528405,126,65453,2032725,2022363,2014086,1996450,1241824,26855,1688640,154470,1951392,571463,3330,1315567,31565,1714727,174661,528,1955167,627463,4001,1626659164,4359,3039.229181004818,32213591136.34436059372276392033,1.25241799773,1.17619813758,38049190339.37266463903881167555,37857082166.403187860388472235,35733586466.13568021510035647157,30380584124.7482411155761214209291,0.21112175,0.2492470549464637542675,0.177337,0.20936130447498205557,4549.251364,5370.77541602503380669204,0,0,0,0,0,0,0.510559894478,28.952974863088,7.604967008406069,27.190949964878,7.142142677495618,0.00003723336305663839,1.18058444924061,861.4991811839968,-16.538588296331636,1.17347210283033,0.0000371964599357972,0.000618604670059552,0.998192503283773,1.17347210283033,0.029045585447,28499730989.041648,22435528666.185034,794800318.178834,27286138790.888853,27596315551.612076,7370140191.876642,27940027545.898407,28499730989.041648,28499730989.041648,3325996209.669928,14328370912.174322,28499730989.041648,84.6630134545,23977547195.629864,32141753161.975932,32228844332.527319,16454892843.237421,31470445365.211235,32224941051.86642,8156748505.983931,29017106369.708566,32229113606.592834,32229113560.695308,32229112850.459191,32229087220.247913,32228077769.735684,32206067811.914154,26847039365.503442,30573474732.854512,31941913739.164434,20411997797.103369,32229090706.342447,32228317179.908461,32213058536.683273,27289433175.716697,30762995661.849606,14083754750.130548,31994729378.766151,21039626586.547952,7057008528.578082,30975551017.75862,26119915709.429304,32229113608.812255,30267708920.882937,21548,0.249398148148,47495,1113153786.829037,1314172050.34365803649454759257,26874.38328248,31727.4789862277075151175128,797.451099,941.45836650923415993039,81.344932464618,0.0718843942937509,0.05101693322385104,,
2021-07-19,55149,9963,902372,1806862,1021,310262,1531354,126,65390,2036556,2026194,2017917,2000282,1243823,26837,1692023,154339,1955225,571808,3332,1307142,30622,1713092,170562,517,1958041,617531,3863,1626745241,4172,3868.065436241611,30747881095.5933640555073772064,1.206141720848,1.133547974128,36349033445.43686944720566812288,36162361126.20678117856736416,34161303362.10561730807885629888,30136618953.7626366838777685731212,0.21054721,0.2374412611904973158336,0.175269,0.19765682199064653504,5462.015762,6159.70124311623613393792,0,0,0,0,0,0,0.510441375573,21.079393482591,7.366166664877645,19.810693358021,6.922821054717888,0.00003651578255729551,1.12773406586816,807.7858823274219,-18.880482726528168,1.18058444924061,0.0000372333630566384,0.000623760701669424,1.00366090353542,1.18058444924061,0.029086694422,28478943879.606982,22408125246.531307,1564683949.127926,27265187801.099915,27575827856.299909,7434194456.727232,27919338374.85726,28478943879.606982,28478943879.606982,3414101585.285251,14230807425.969212,28478943879.606982,84.5906429445,23988230325.949018,32144324121.302679,32231649960.813438,16452505244.093437,31471802405.66329,32227736772.615511,8130741756.638036,29019615411.49181,32231919335.478697,32231919289.581171,32231918579.355168,32231892950.068467,32230881690.468995,32208800474.219586,26852692449.868131,30574668880.32177,31944037733.507421,20422161087.086496,32231895605.411472,32231077415.084091,32214889864.139748,27214935212.760852,30729857723.748288,14001011911.574841,31987964389.318406,20928178534.194802,7057530087.791394,30980128850.323301,26132805639.90614,32231919337.698118,30291984959.953593,25942,0.30025462963,57029,1529072426.316126,1724387064.33637726666279794816,47776.14479617,53878.7860224907283972929472,963.3944935,1086.45278918975164097696,81.308836514461,0.07198969108800161,0.05149691144807862,,
2021-07-20,60524,9953,901829,1808177,1028,309509,1532350,127,65229,2037755,2027393,2019116,2001481,1244018,26805,1693217,153937,1956424,570929,3331,1290891,29131,1700167,163620,504,1957749,600463,3625,1626831676,4263,4319.244897959184,28833672091.58060082530954225193,1.136609316575,1.068256574371,34078377937.35999892967402990967,33895934299.358333624860687305,32028992499.5356244680736044407,29982490412.8405823081971005968295,0.20623222,0.2179987717300728803946,0.175137,0.18512941811172751791,7276.697707,7691.86872146863255271301,0,0,0,0,0,0,0.512074613743,23.565393303226,6.947218836208656,22.148231548608,6.529431078162324,0.00003551137236371036,1.05705486625743,795.9853872787423,-25.894612075597173,1.12773406586816,0.0000365157825572955,0.000618882929149314,0.96108838029022,1.12773406586816,0.029062559347,28490517642.338111,22423492849.716053,2015332382.599169,27277365642.966151,27587912502.70683,7509201396.305029,27930476029.229948,28490517642.338111,28490517642.338111,3565979458.58086,14235923483.92221,28490517642.338111,84.6098724082,24012589417.39971,32151201752.545154,32238717597.602162,16508766740.797839,31478748837.44187,32234799346.48668,8186240570.397614,29032847157.562549,32238986851.903548,32238986806.006022,32238986095.780019,32238960466.493318,32237948657.786568,32215810791.332602,26872654762.364426,30583652441.931517,31950704196.883485,20450939736.280701,32238961754.802595,32238016447.737163,32220395699.145965,27101636855.680243,30679081053.647016,13907686575.254407,31979837411.905268,20740747527.062525,7069153009.233049,30992252966.119734,26158674038.793883,32238986854.122969,30300217634.81049,35284,0.40837962963,65170,1368064875.44215,1446119633.9419894998869726745,31718.74953249,33528.4585449191372884889007,1866.3971594999998,1972.884199818519536359111748514,81.236946557692,0.07086119742425813,0.05216020819048795,,
2021-07-21,55272,9985,904401,1814511,1029,310101,1537772,126,65414,2043424,2033062,2024785,2007150,1248206,26921,1699189,154258,1962096,572301,3340,1319967,31362,1724523,173261,528,1965605,625723,3957,1626917829,4309,3961.199582269668,31816726333.28891467900804006326,1.25596309775,1.180430633695,37610723217.25310854241292891048,37407846288.28892139006520449,35348848959.47883190014802755918,29945723154.3055180486313806794432,0.21343643,0.2489895806585381490882,0.176171,0.20551666561418462754,5959.145056,6951.78901079277251463744,0,0,0,0,0,0,0.510471971773,11.637321223463,7.725653228647499,10.93746344214,7.261039558194268,0.0000363196557668586,1.16657489379174,848.0145151445029,-1.6231429423010015,1.05705486625743,0.0000355113723637105,0.000592076828900734,0.900276892262477,1.05705486625743,0.029178550143,28482570891.041383,22397449001.030317,2479008575.160006,27273625124.808249,27584129628.342089,7550770710.242253,27922328765.125952,28482570891.041383,28482570891.041383,4093701820.378724,14249897414.82396,28482570891.041383,84.5948272505,23985843769.837605,32152128834.677721,32240030814.853383,16457768929.115179,31477544837.78467,32236099492.569447,8101770347.131612,29027466165.931605,32240298856.781631,32240298810.884105,32240298100.658102,32240272472.7976,32239259458.697956,32217028189.326365,26862373962.316625,30580910335.408393,31950886369.902991,20410321219.86952,32240275732.269762,32239492561.318379,32223857800.531605,27281819057.67859,30760311585.591374,14059922782.531503,32001543944.129835,20991654119.020027,7039371497.935007,30991237702.465351,26140915757.405449,32240298859.001052,30301396976.394557,27920,0.323148148148,61788,2770422697.793909,3231905564.43715519447808651166,60777.15902987,70901.1078402342869442192738,1272.7274165,1484.73185072932313923971,81.191098029629,0.07075659671572666,0.044519596207588066,,
2021-07-22,51712,9966,906943,1820696,1025,310800,1542928,126,65543,2049565,2039203,2030926,2013291,1252205,26886,1704909,154570,1968237,573707,3343,1327930,31716,1731450,175076,527,1972070,631277,4014,1627004191,4253,3462.303550434987,32309367888.00376690679016903876,1.277871883581,1.20101372197,38195118014.8629284582426063014,37987824810.61293123428199694,35897855988.161095047502968766,29889630177.8244009061142890986465,0.21380207,0.2532831232330344568108,0.175841,0.20831209759765194004,5109.014295,6052.4535486481475884398,0,0,0,0,0,0,0.509990425767,18.378859291794,7.94505526397827,17.273454786205,7.467196450951893,0.000036668929710067045,1.18466169777044,853.7915728460132,3.7248023915935877,1.16657489379174,0.0000363196557668586,0.00058754952064507,0.992285403062188,1.16657489379174,0.029271638458,28480030975.034168,21470413763.204622,2335492320.885539,27273075468.558429,27581362232.28876,7574426973.003294,27919462977.172695,28480030975.034168,28480030975.034168,3975216483.108119,14204577751.551497,28480030975.034168,84.590307786,23973755972.420576,32152844999.922153,32241103494.208704,16442790828.187979,31476323907.141438,32237157368.370502,8100320538.381929,29020916666.952412,32241371595.045014,32241371549.147488,32241370838.921485,32241345211.060983,32240328992.092881,32218009296.391622,26844661936.607872,30577392212.992383,31950909155.613888,20411976372.35032,32241348746.114389,32240572407.962489,32225178563.712578,27297839543.990067,30769619060.605599,14057645108.90189,32005110788.679245,21038498662.643944,7023392784.140932,30989898537.3381,26136141686.082487,32241371597.264435,30302200244.78015,23896,0.276574074074,55444,1754264020.70885,2078209393.110544556033376394,35405.2745805,41943.27269456373285630042,999.624255,1184.2165670608112460222,81.155833476158,0.07074485200992732,0.04404889667335133,,
2021-07-23,44093,9970,908335,1825482,1027,310943,1546588,128,65491,2054460,2044098,2035821,2018186,1254741,26838,1709156,154533,1973131,574401,3338,1334338,31955,1736761,176351,526,1977571,635499,4055,1627090507,4336,2833.987084870849,32779776222.62715243929040906307,1.296544918518,1.21856143916,38752927153.23573859526144344884,38542123472.733893152538959715,36422049100.67707186493690670281,29889382619.7142026586152781011929,0.20773439,0.2496858655439434759451,0.174257,0.20944779471560273813,4406.046407,5295.83720229749755348163,0,0,0,0,0,0,0.51052755712,27.179259344843,8.113690619226153,25.54450440514,7.625675267125806,0.00003594384568208622,1.20194766761509,868.0524929319264,-3.350091097083543,1.18466169777044,0.0000366689297100671,0.000586198537082592,1.01617308378807,1.18466169777044,0.02932267213,28479072907.81186,21399928248.123372,1148461964.858257,27272215842.532423,27579875534.553623,7491830980.678258,27917445520.068686,28479072907.81186,28479072907.81186,3883784861.12664,14147583744.704874,28479072907.81186,84.5865812743,23981715306.6241,32152959269.283198,32241507306.808704,16460315006.930667,31475074145.802823,32237546212.702501,8181195198.383407,29018657202.222249,32241775740.088455,32241775694.190929,32241774983.964926,32241749355.420802,32240729310.954094,32218323487.786266,26842731113.611236,30575260012.364182,31950596669.253082,20413786498.290517,32241753397.499371,32240981709.964191,32225820338.374942,27320081403.202455,30778460959.748263,14062826387.014046,32007765619.671178,21079435178.405369,7024385730.864084,30991158081.106227,26147057577.520297,32241775742.307876,30302524878.596309,21210,0.245486111111,47023,1186263957.131183,1425827196.44967251719188035147,27664.89332232,33251.7540035828022610658088,969.2885269999999,1165.034084273716068877663238491,81.09038869785,0.07074269690890041,0.04120475018779084,,
2021-07-24,46788,9966,909340,1829486,1028,310862,1549554,128,65349,2059121,2048759,2040482,2022847,1256718,26822,1712740,154375,1977793,574702,3338,1341911,32285,1741945,178215,531,1986700,641220,4133,1627177173,4261,3364.563013377142,33477895363.66685668774479992184,1.325018901379,1.245319147964,39599378918.02372119234753885735,39382992456.476863543085467605,37217480265.94482446943470297424,29885897383.6594965881355152406138,0.20845653,0.2560201437507004263519,0.174433,0.21423345066170835459,4963.349885,6095.83950688770665904855,0,0,0,0,0,0,0.511000608322,23.197797422528,8.30482734820756,21.80245224486,7.805292819966763,0.000035946190377781415,1.22817041879523,906.1770196188223,-9.335652011818064,1.20194766761509,0.0000359438456820863,0.000568911068607613,1.02141948987784,1.20194766761509,0.029353428143,28462034174.235854,21373949238.996329,715980712.218438,27258346929.172008,27562333328.755168,7326485989.533986,27900006352.60503,28462034174.235854,28462034174.235854,3822599133.42049,14119102169.5347,28462034174.235854,84.5414657461,23994574592.338063,32153501774.518415,32242307182.412381,16475976303.132811,31474555110.829465,32238331221.936937,8182225171.395078,29018493344.606273,32242576689.107024,32242576643.209498,32242575932.983495,32242550305.02543,32241526450.41794,32219041029.83083,26852422984.448255,30574360491.125797,31950719797.437245,20424931345.522174,32242558038.702274,32241792076.951815,32227001682.853752,27357350446.829309,30794214199.945494,14113659012.265666,32012362953.052845,21155480858.629883,7025138519.875755,30994244376.918068,26164629792.262252,32242576691.326445,30303188951.947888,23810,0.275578703704,52717,1389898191.800508,1707031844.30636282203786197684,30107.67298399,36977.3533376968303948783677,1008.551565,1238.67319796263463103495,81.05741218146,0.0707193480612373,0.03810552662821915,,
2021-07-25,49137,9976,911434,1835309,1031,311277,1554277,128,65416,2065286,2054924,2046647,2029012,1260220,26847,1718084,154582,1983959,575804,3343,1345090,32275,1747203,178177,531,1992738,641800,4129,1627263831,4236,4172.661000944287,33368147325.52839054169574213295,1.318551209029,1.239251002223,39484164834.2200530162402803904,39262176920.729991925795958825,37109511187.50301149141242381365,29945112911.6877768905602065109424,0.22044777,0.2699168558451488667015,0.180021,0.22041820747880345595,6033.434924,7387.3543135972512143618,0,0,0,0,0,0,0.510517518602,19.333285292999,8.337558757708543,18.170544315273,7.836121931278545,0.00003486346615360952,1.22440275011695,749.1441246529189,-3.2092677841129422,1.22817041879523,0.0000359461903777816,0.000563552077283173,1.04350507552669,1.22817041879523,0.029439078829,28456129282.188927,21416551899.481985,1019438987.606898,27252590965.138881,27556471297.204731,7359801190.786984,27893499981.557173,28456129282.188927,28456129282.188927,3901494070.661055,14133376819.926509,28456129282.188927,84.5102016609,23987798832.404436,32158264960.156603,32247423552.546611,16463012561.265219,31477420509.749565,32243431776.256491,8144809804.517704,29017575252.434331,32247693683.905251,32247693638.007725,32247692927.781722,32247667300.270813,32246639626.279003,32224063542.375791,26847979238.614852,30576032040.552563,31954880244.303488,20417270835.381504,32247674929.601668,32246904661.348175,32232001262.47925,27350362681.980105,30793923192.321889,14081088345.467662,32016118907.789807,21140211698.773313,7012170052.598123,30998610591.104725,26164989089.488716,32247693686.124672,30308255338.334107,27369,0.316770833333,56358,1667988300.871049,2042289462.74941102277161918055,68130.87867522,83419.635217823631116066979,1003.036959,1228.12121106854242235505,80.993928997561,0.07072248136168299,0.03606333058895681,,
2021-07-26,63803,9967,912728,1840349,1030,311205,1557930,127,65440,2070713,2060351,2052074,2034439,1262703,26830,1722568,154590,1989386,576312,3341,1356116,33188,1755985,182339,544,1999704,652203,4247,1627349919,4258,4873.031470173791,34391223668.008916896996854936,1.356655968264,1.275017731899,40706737936.452188763947163984,40476486660.126349948852044,38257166069.292372558328473336,30005203152.9818325341312915133535,0.21481797,0.27115857181972689768,0.180021,0.227235353064546024,7228.839446,9124.757021451537778224,0,0,0,0,0,0,0.510797749406,15.959690753399,8.611134763873046,14.999299146016,8.09295044031377,0.000033710206830530134,1.262271363144,749.509319047575,1.7764211215238215,1.22440275011695,0.0000348634661536094,0.00055974106112307,1.03949502523143,1.22440275011695,0.029499462997,28450069284.13082,21404855820.513899,1296569083.8824,27245507322.885819,27550082434.743228,7352680896.357474,27887378815.570882,28450069284.13082,28450069284.13082,3875703855.758208,14088353568.309752,28450069284.13082,84.4853343977,23987087539.22601,32159069391.923402,32248529873.115221,16472614946.933773,31476733427.93938,32244517664.467456,8133603969.484662,29018752801.346914,32248800948.997565,32248800903.100039,32248800192.874036,32248774565.363127,32247741998.996698,32225074259.4428,26845941626.93829,30576266831.452822,31955224140.992848,20423351314.374225,32248783433.54834,32248041692.292661,32233701887.852728,27423213232.506772,30827515052.604128,14205936746.806031,32024424531.798482,21241632144.981688,7027537398.84104,31002071538.838998,26172256876.243352,32248800951.216986,30308194566.026919,33651,0.389479166667,72772,2020640716.008206,2550596911.019946369909959664,34265.66651462,43252.56958044710280516528,1002.529591,1265.464393423766794104,78.904368008034,0.07029899933581713,0.036331097250643755,,
2021-07-27,111546,9903,891168,1797256,1021,305675,1520688,127,64726,2027426,2017064,2008787,1991152,1232055,26685,1680952,152392,1946099,563553,3321,1325972,33151,1714293,180481,541,1956635,639607,4247,1627436364,4214,8818.524916943522,34713499523.47216996066450008968,1.364086218899,1.283497049821,41043262484.2301422839217118764,40809725358.55541913574188719,38618457971.13423230601969630452,30088466488.1150493334864470321615,0.25076855,0.319143983489972695487,0.1789945,0.22779976896144240433,6546.06226,8330.9345842202834061844,0,0,0,0,0,0,0.515209210986,12.167347771206,8.69591714040094,11.448510183688,8.18216901582985,0.0000325268603464501,1.27266351179194,815.2417447936222,-4.908904887717229,1.262271363144,0.00003371020683053,0.000563222527015337,1.07018794254259,1.262271363144,0.028647354327,28480379221.512861,21430055214.08454,2798807911.937904,27276258965.415572,27581485136.363118,8482794836.670319,27919060094.027293,28480379221.512861,28480379221.512861,4925381248.384548,15010240449.511981,28480379221.512861,84.577826962,24098431999.68232,32162416320.408097,32249622940.397279,16615442090.432516,31498454634.053338,32245709520.373449,8358280603.031486,29084691095.092564,32249893315.174639,32249893269.277113,32249892559.05111,32249866931.540201,32248845342.563977,32226686175.822856,26942907498.927705,30616302086.047683,31963818303.750634,20556081995.964439,32249875971.676963,32249143784.331342,32235330287.402454,27528043414.921605,30869832460.399615,14372071136.378936,32032944187.086672,21389955847.869317,7260149851.238914,31027140773.588279,26230648553.788959,32249893317.39406,30344594319.953858,26104,0.30212962963,52998,2650527783.360826,3373229996.87409516977485854244,63916.53998191,81344.2482349675217592838054,1096.5864935,1395.58561780131938616239,78.461105765112,0.06989189345143602,0.03346329218962752,,
2021-07-28,111212,9866,869841,1751708,1013,299775,1482272,123,63894,1981134,1970772,1962495,1944860,1200895,26466,1637367,149859,1899808,551010,3323,1294124,32984,1677598,177878,533,1910483,626696,4276,1627522584,4260,7990.006103286385,35004118860.73298809848166624966,1.369871416868,1.289429910605,41316816251.47073079119168552834,41080999787.501103841697742085,38890612673.29000964719499370921,30161090845.9881749033519852766308,0.24500785,0.3138852619200650839235,0.180021,0.23062909509271656591,6329.042829,8108.28414715681432500759,0,0,0,0,0,0,0.518407406931,17.190701584873,8.808366215936477,16.181230248969,8.291121869204641,0.00003207684373261019,1.28112328613171,758.6231166898451,-3.1181895016087062,1.27266351179194,0.0000325268603464501,0.000556664956758882,1.07727170758642,1.27266351179194,0.027834599908,28527344320.182191,21402215077.330021,2662765394.215627,27322990097.562146,27628740365.726575,8587736522.846427,27965282299.169349,28527344320.182191,28527344320.182191,4874849803.360605,15080138331.265354,28527344320.182191,84.7212395255,24226387170.391437,32165405428.359467,32250191785.773485,16718877728.189446,31518527503.789485,32246392364.659388,8519514102.482096,29152157555.806311,32250460744.790233,32250460698.892707,32250459988.666704,32250434361.987801,32249427205.263919,32227833823.181127,27042845367.98513,30655243749.903188,31971999629.968682,20704096672.496627,32250443510.938127,32249778818.663375,32236397143.275746,27631227720.368942,30907660443.544384,14475966083.774722,32040628064.263391,21559852529.157608,7605384579.603805,31050986871.739793,26295806141.869769,32250460747.009654,30356651146.915251,25832,0.298981481481,57470,1876040985.749456,2403439792.58111560166547684976,35012.39590952,44855.1957029487037479628792,996.83718,1277.0713237798669049778,77.83741727887,0.06989072601453555,0.0334375971950818,,
2021-07-29,73069,9877,863049,1736907,1016,298157,1469722,123,63775,1965226,1954864,1946587,1928952,1190688,26457,1623145,149263,1883900,547199,3339,1284634,33068,1663842,177668,534,1894703,623391,4296,1627609202,4221,5168.821843165127,35182759824.76602622326992869155,1.375957729902,1.295129650611,41519458529.05035483886767968913,41281180807.218207165597107415,39080475111.75147643962030942852,30174952054.6642556038821373652596,0.22243718,0.2863580607116095086822,0.175137,0.22546541760172087473,5476.625773,7050.42176671858254793917,0,0,0,0,0,0,0.518643092303,23.641468999141,8.895776394008106,22.252694846195,8.373210544701477,0.00003211497060474449,1.28736599120529,822.659987315834,-6.283578102877552,1.28112328613171,0.0000320768437326101,0.000557729997580264,1.08166565450866,1.28112328613171,0.027580885126,28533217644.783191,21402655679.551144,2029802095.241317,27329259950.254195,27634177300.984451,8634414526.438358,27971024974.867065,28533217644.783191,28533217644.783191,4397874779.528825,15035185307.459297,28533217644.783191,84.7380025444,24254319939.52854,32167254646.168094,32251212270.815834,16727007322.974501,31526057600.894825,32247449774.768896,8543385990.280078,29173799289.752979,32251480006.335076,32251479960.43755,32251479250.211547,32251453623.532644,32250451367.877507,32229042790.035111,27069867574.866745,30668416685.002947,31975621067.513296,20738163820.865987,32251462872.179169,32250806402.229408,32237652266.086502,27665244254.120371,30923710406.804885,14481050242.712378,32044570104.10174,21595968714.506408,7630669561.925291,31057366831.746095,26301636235.893793,32251480008.554497,30356926762.654788,24621,0.284965277778,54255,1364191032.702994,1756213141.00905805658065163826,28783.92798195,37055.4499772647444378645155,982.677857,1265.06605341229522426353,76.719510335666,0.06984004978573596,0.032637386373242684,,
2021-07-30,65242,9916,865263,1742937,1005,298686,1474683,124,63879,1972307,1961945,1953668,1936034,1194423,26537,1628747,149502,1890982,548429,3355,1291552,33391,1670240,179048,536,1902144,627435,4366,1627696002,4206,4555.342130290062,35470024435.13230138225936621015,1.395258457452,1.320689656661,42012169758.01969560013158063954,41765979871.838605563281595865,39766853056.47530261628539035315,30110671993.1535966214260475283706,0.20689362,0.2694757529117120446638,0.175885,0.22908750304082104115,6269.290408,8165.65417975660338133592,0,0,0,0,0,0,0.516098884626,14.8540662342,9.015089835649485,14.060199047773,8.533283447393545,0.00003116762314042122,1.30248459527999,823.3470305219945,-5.688904059288845,1.28736599120529,0.0000321149706047444,0.000539899650038543,1.08374596441742,1.28736599120529,0.027669516092,28460140137.130129,21324615510.786487,2090239928.192794,27232586522.458985,27560426932.164161,8567467300.473178,27897930513.961641,28460140137.130129,28460140137.130129,4170762672.294382,14964483195.438101,28460140137.130129,84.4279756067,24240093131.4503,32170793031.340992,32255136772.280856,16646979189.930716,31527816559.069907,32251358861.438225,8512141656.210118,29171227248.336668,32255406250.004625,32255406204.107099,32255405493.938001,32255379867.259098,32254372813.00307,32232873372.257723,27065337511.1376,30668466169.014127,31978612409.7987,20712268724.43622,32255389392.814072,32254734165.034089,32241733295.58863,27679727199.31546,30932674202.200134,14453027964.861762,32049755401.291457,21611954303.407731,7552294177.474697,31060669038.102976,26295714414.722088,32255406252.224046,30531534269.644685,30302,0.350717592593,70026,2171486631.583711,2828327886.49421857240916824289,38412.63339259,50031.8632579862153746412741,1185.9552525,1544.688447072640848647475,76.641388614289,0.06971436588034409,0.032707953402882226,,
2021-07-31,58635,9934,867329,1748834,1006,299268,1479578,124,64010,1978367,1968005,1959728,1942094,1197831,26588,1634162,149806,1897043,549562,3367,1299687,33811,1678623,181139,542,1908625,633094,4457,1627781920,4357,4065.512738122561,35946734002.5256662673873555093,1.421105301595,1.345141229419,42856231639.36018558689062468845,42603793502.360338651950006425,40565385303.217617607271957928,30156971190.8564525198720636495883,0.21126866,0.280694090496019543403,0.176853,0.23496902941729523115,5932.635285,7882.17081306649408029675,0,0,0,0,0,0,0.514804876719,20.041585565252,9.202940826038226,18.970278287258,8.711004823580563,0.000031790062696689975,1.32861206435455,852.5701325799614,-0.4675009950141885,1.30248459527999,0.0000311676231404211,0.000531343493124368,1.09770648994927,1.30248459527999,0.02775120031,28459734975.928816,21316389787.440505,2017497404.796459,27055853974.944046,27559635798.553096,8510447331.566606,27896175394.817044,28459734975.928816,28459734975.928816,4200850140.81288,14918152477.951413,28459734975.928816,83.8774960548,24223691445.79304,32171412998.724892,32256122233.992745,16605747936.241364,31526890600.676397,32252330961.681805,8469648812.56109,29166134115.749263,32256392054.690038,32256392008.792512,32256391298.623414,32256365672.435891,32255354827.819161,32233751486.740834,27055619016.150776,30666110171.362208,31978682758.726941,20693391702.790962,32256375517.234443,32255739063.61611,32242976486.270328,27698292217.247644,30943875603.893167,14453456142.48528,32053295787.289324,21652961666.378635,7503419869.245399,31060251492.220111,26287203727.596898,32256392056.909459,30532151853.46416,28081,0.325011574074,64466,1609473060.496509,2138365325.42930236088361326595,27571.75356177,36632.1644175781564186055535,842.114492,1118.8434736390031811386,76.619364481863,0.06888040880035715,0.03236373973750488,,
2021-08-01,60131,9969,869282,1754348,1007,299718,1483948,124,64077,1984209,1973847,1965570,1947937,1201082,26633,1639138,149995,1902886,550569,3386,1300851,33642,1683106,180374,540,1914233,631935,4432,1627868313,4299,4249.083275180274,35445450686.79568732137113561726,1.406122030576,1.331224734998,42393986163.6505892113013387597,42142522700.89609909570889963,40135864291.30929445971827615362,30149578231.3369531822281308601723,0.21197861,0.2785880542779335130218,0.176853,0.23242502233227859914,5948.119719,7817.18070105478394907822,0,0,0,0,0,0,0.513483832455,23.20981410408,9.137482703335175,21.973539961821,8.650773350954601,0.000032881188346748394,1.31422719621538,803.9515255416347,-5.191639682887968,1.32861206435455,0.0000317900626966901,0.000522176121074071,1.12081691584514,1.32861206435455,0.027827222552,28452180953.049646,21299333646.083976,1630512222.587313,26970565507.142927,27552210159.251456,8354029122.179996,27887061125.245978,28452180953.049646,28452180953.049646,4170094291.748594,14897724270.242122,28452180953.049646,83.609619888,24214681249.65533,32172416326.320356,32257459591.1335,16563822869.456889,31526344347.005647,32253652522.520564,8412932790.423887,29161920789.451137,32257730081.082644,32257730035.185118,32257729325.04016,32257703698.852637,32256688501.540219,32234999548.579069,27049903200.995031,30664030086.199569,31979127710.949251,20677088467.148237,32257713365.792573,32257069203.21276,32244072094.963045,27676228724.448829,30934630581.355563,14386347802.926705,32052137082.398293,21604119316.940815,7445857168.956141,31060865453.775944,26283102272.426298,32257730083.302065,30539517373.320049,28060,0.324768518519,65135,1389831471.232327,1826554317.64955768003911058926,24688.58726393,32446.4128183934637651852434,762.1167230000001,1001.594524057143539222459621538,76.604354144067,0.06877291273552084,0.03160918787789223,,
2021-08-02,54040,10010,872093,1761651,1008,300450,1489927,124,64251,1991974,1981612,1973335,1955702,1205659,26710,1646038,150348,1910651,552137,3404,1305892,33750,1690170,180825,539,1921998,633788,4453,1627954814,4260,4159.878169014085,35164694522.40011622442566212406,1.40797472312,1.333055291325,42397011148.42360422028336335886,42142859325.26384746773666239,40141033158.99259164540984373284,30112054181.2481143921745021067582,0.2183205,0.28692503046138657837,0.177293,0.23300514347297029202,5760.1681,7570.230040491878914234,0,0,0,0,0,0,0.511245567977,24.74264762572,9.231613948879554,23.426072071644,8.740392579460664,0.000033437600882130184,1.31423769394714,880.9801854159534,-6.012697368228325,1.31422719621538,0.0000328811883467483,0.000512621584887764,1.11047817587498,1.31422719621538,0.027939846653,28408523203.055352,21224721129.797197,2110883713.493689,26756723448.395079,27508507455.693861,7823487772.7729,27842520930.884326,28408523203.055352,28408523203.055352,3989405574.396996,14869945533.002261,28408523203.055352,82.9414469791,24195849242.664771,32174019286.384536,32259502678.239213,16492666543.46021,31525741219.021991,32255674406.420585,8346142490.314076,29155986293.272062,32259774119.073478,32259774073.175952,32259773363.030994,32259747736.843471,32258728687.199671,32236930110.502144,27038241494.000879,30661174613.113145,31980005688.510975,20645269698.310148,32259757403.783407,32259110842.848669,32246044263.954945,27667160957.554439,30932660754.203596,14305925687.408219,32053262671.178928,21574773954.211577,7380507636.939006,31060988820.325785,26271901610.379569,32259774121.292899,30543206410.732506,26384,0.30537037037,62185,1303812534.91075,1713519579.220479045215117755,33105.32521496,43508.2662678791372113772144,658.867724,865.90879820596070810936,76.609725717914,0.06874573529732296,0.031549552682889885,,
2021-08-03,64686,10044,873081,1764461,1012,300699,1492151,125,64322,1995104,1984742,1976465,1958832,1207279,26765,1648571,150455,1913784,552646,3422,1317690,34780,1695636,184984,548,1925977,644373,4625,1628041180,4314,4727.013908205841,36567197390.8949076403426266792,1.457861428774,1.379590232369,44135262578.39473549759786740215,43868371742.893156374121012975,41765682220.83709650701264776615,30273976461.1921007056289910797042,0.21858436,0.299033965525400446346,0.175885,0.24061917799807386725,6388.346367,8739.56648716218849159495,0,0,0,0,0,0,0.510092845121,20.019820163717,9.67038304427232,18.944975020618,9.151189357114255,0.00003572970185023111,1.36804831564985,897.9396530323523,-6.279982537809868,1.31423769394714,0.0000334376008821301,0.000501801115080068,1.11178111084379,1.31423769394714,0.027982763982,28451731606.755646,21257934555.950664,2440518075.690897,26729463406.067472,27551621119.245785,7922140152.827974,27885735024.428398,28451731606.755646,28451731606.755646,4079831139.348222,14886304440.039147,28451731606.755646,82.8525656236,24190780930.892407,32175544904.933637,32261207299.710998,16456349824.220841,31526462525.748578,32257371361.570753,8327843022.029713,29155008321.499104,32261479415.946898,32261479370.049372,32261478659.904414,32261453035.026511,32260431427.879446,32238583642.306266,27036026577.35704,30661136137.42573,31981272688.499278,20629695379.581817,32261463333.045479,32260835564.340879,32248461794.6602,27737981789.2887,30962847116.603807,14328155344.990608,32062056680.831965,21675219673.718209,7340738549.660595,31062275947.934345,26266772392.369909,32261479418.166319,30529391208.670559,29226,0.338263888889,68146,1611476984.025822,2204578373.7050260216591104267,37239.28441674,50945.140322326863771318489,813.5007415,1112.908319188979029363775,76.482348840132,0.0687919723414673,0.03141333849899093,,
2021-08-04,66187,10064,874991,1770246,1007,301100,1496617,125,64411,2001977,1991615,1983338,1965705,1210552,26808,1653885,150607,1920657,553594,3440,1323591,35037,1701722,186060,548,1933071,647633,4669,1628127598,4278,5262.355072463768,36769939356.9483638972125912563,1.467955706937,1.389892325694,44531891944.95362469400773668535,44259416997.149364247087889325,42163761869.94345774108447720525,30335991566.0387336245691625888866,0.21310597,0.2941380615094543329015,0.177513,0.24501110744446890435,7230.046346,9979.2221533538152124427,0,0,0,0,0,0,0.507786890079,10.405664155277,9.930686401072622,9.852308679902,9.402589432703428,0.000034702223951566934,1.38024317905995,862.2262519191353,-2.384497364621389,1.36804831564985,0.0000357297018502312,0.00054440685692822,1.155435909215,1.36804831564985,0.028054775005,28438187659.818665,21235942663.877627,2746213647.568699,26640189145.503674,27537416536.846848,7937901676.51257,27869000682.446266,28438187659.818665,28438187659.818665,4181007503.529157,14781386502.407809,28438187659.818665,82.5699015941,24181047838.798914,32177506870.670468,32263527434.454799,16383135423.622754,31526921301.189129,32259671615.598928,8302564211.540347,29153426949.413034,32263801493.458472,32263801447.560946,32263800737.415988,32263775112.538085,32262748313.025085,32240805488.382532,27031210585.416471,30660232532.101592,31982699525.937751,20619649935.637401,32263785571.529041,32263158327.85691,32250882134.351995,27749185348.628349,30968700687.174952,14283339362.753184,32065196625.207065,21684060376.541007,7316402586.465246,31064857776.000147,26265767391.338872,32263801495.677893,30548067550.429895,33927,0.392673611111,74376,3100599924.63959,4279581896.9775890963387534205,46070.20587629,63588.0874186368991681935855,895.570094,1236.1045136135782531353,76.534295480721,0.06732788264289935,0.030962870405154354,,
2021-08-05,60771,10088,875775,1774120,1007,301434,1499454,125,64509,2006220,1995859,1987582,1969949,1212447,26833,1657258,150787,1924901,554327,3444,1327390,35205,1706231,186939,551,1940268,650129,4699,1628213766,4315,4669.515874855156,36993668174.83304826798199030328,1.474900711206,1.396449415062,44850934942.7174144414990961377,44574917044.53410975824297637,42465273350.1982469428887480524,30409460516.1927171067126991510941,0.21582459,0.3000139084844673616458,0.179713,0.24981583208599670206,6397.256524,8892.71205539182436048488,0,0,0,0,0,0,0.506745794842,24.943149009562,10.10717659526156,23.616400466536,9.569566776359908,0.00003395276272003367,1.39008214256062,875.0326008800536,-1.7501372787119411,1.38024317905995,0.000034702223951567,0.000505966438601568,1.1689934524412,1.38024317905995,0.028101508459,28442701589.449477,21208794581.096728,1973181760.97023,26612577086.047844,27541825834.070933,7924839424.057939,27869869789.244622,28442701589.449477,28442701589.449477,4274779382.72792,14600301787.070187,28442701589.449477,82.4813757441,24174297199.55518,32178379890.104991,32264678169.121204,16350129234.159714,31526952453.379667,32260808185.04168,8268038278.434736,29150803605.251123,32264952959.553058,32264952913.655532,32264952203.510574,32264926578.632671,32263895461.925633,32241883930.862863,27025050613.094138,30659300442.981073,31983466205.222826,20600820565.48513,32264939164.064108,32264314014.915141,32252102419.012945,27753045824.774444,30972859616.025522,14270959524.619118,32067250652.315129,21685570160.172317,7284939594.090919,31065579086.582348,26261953498.243702,32264952961.771835,30548751077.38202,29641,0.34306712963,66422,1293539678.947634,1798126408.39870359136365057308,22721.28781799,31584.4564517680537111015538,701.443673,975.06432384943091795726,76.544949962863,0.0664824322049695,0.0309957546797362,,
2021-08-06,64842,10095,876955,1778564,1006,301671,1503037,125,64489,2010917,2000556,1992279,1974648,1214941,26828,1661462,150818,1929601,554898,3464,1332033,35350,1710916,187749,552,1945123,652835,4728,1628300238,4264,4934.639774859287,37286114321.17971313107246546084,1.484370780801,1.405401474947,45209577388.82358207222990595368,44930424454.51787286298001154,42804404105.63079800002528768716,30457065022.8230716318365583399173,0.2139371,0.299761978482881372484,0.177431,0.24861077206429424724,6739.018561,9442.50219750674469239244,0,0,0,0,0,0,0.505262600094,20.371766576409,10.277615783873705,19.287977885362,9.730841221358007,0.00003274496487361706,1.40116874765004,875.6069843676202,-0.18826897875650242,1.39008214256062,0.0000339527627200336,0.000491971251663832,1.17335145688258,1.39008214256062,0.028146731415,28458107090.033064,21202571257.38679,1769762291.710243,26610723643.182771,27557003721.609187,8010175866.011845,27885258190.801249,28458107090.033064,28458107090.033064,4339888016.658255,14494599786.928572,28458107090.033064,82.4739280363,24176578395.790163,32178734507.904636,32265343937.886037,16302610701.905714,31526279018.019308,32261460350.956341,8229944053.576436,29147997037.564663,32265619299.272565,32265619253.375039,32265618543.410081,32265592918.860844,32264559670.389907,32242468652.206644,27023285509.055836,30657475449.494309,31983400720.64704,20614534377.800995,32265605615.351577,32264981763.069006,32252845652.079868,27762084914.423412,30976673024.70297,14240453395.138922,32068736305.808296,21704337506.083309,7247463122.086638,31066628933.859826,26267358456.900871,32265619301.491342,30549071393.020929,31500,0.364583333333,71227,1583840025.874655,2219227145.5327972958268457362,26104.24541812,36576.4528608564951872347248,726.004459,1017.25475860537481152836,76.390539378122,0.06638783709337026,0.03100248490039088,,
2021-08-07,66604,10100,879675,1786233,1006,302283,1509087,125,64516,2018997,2008636,2000359,1982728,1219407,26861,1668497,150991,1937682,556356,3475,1348599,36611,1732968,193927,561,1957809,667677,4937,1628388291,4302,4911.892608089261,39082758479.34517205040098230977,1.55215201963,1.469553926414,47419146078.16455964404530189583,47122056642.745675576617959985,44895726336.77766287802655093953,30550581050.3515691870721137444709,0.21363038,0.3139331448639566472018,0.177337,0.26059946207435234607,6955.591386,10221.34903376395715419446,0,0,0,0,0,0,0.504790387057,26.678261800283,10.941421884245765,25.258572538444,10.359171838324713,0.00003303402805631427,1.46951545404711,955.2172665406814,9.886072011574589,1.40116874765004,0.000032744964873617,0.000485163479286005,1.18865915768062,1.40116874765004,0.028242877591,28460586626.300781,21186500259.192585,1833440510.960474,26595677079.618007,27559347817.989798,8234711099.146298,27887721581.297947,28460586626.300781,28460586626.300781,4476205461.398101,14458944992.153897,28460586626.300781,82.4197854911,24168591457.328965,32181209607.284752,32268282818.29552,16288858369.467659,31526586998.366778,32264376681.360806,8221135061.637889,29143477393.321424,32268558962.282176,32268558916.38465,32268558206.419692,32268532582.146355,32267494325.113577,32245283025.929521,27020326262.689433,30655323012.485391,31985154431.62397,20611388015.733657,32268548537.355052,32268020859.463339,32256514351.317098,27844039913.492781,31016609551.487025,14294606431.567201,32079872592.466561,21838434291.713486,7238816278.500566,31068719283.323222,26271117868.605436,32268558964.500953,30551380873.969623,32559,0.376840277778,74901,1209545029.809957,1777445113.67160416092982507427,20309.63252689,29845.3188642827123464017879,799.465152,1174.82639583612181131072,74.880115509254,0.06641763138185398,0.03078858892526624,,
2021-08-08,62772,10115,880604,1790239,1004,302351,1511945,125,64562,2023542,2013181,2004904,1987273,1221197,26931,1671941,151105,1942227,556669,3483,1345038,36164,1729666,191679,556,1961927,661727,4854,1628473237,4277,4942.050736497545,38069002499.5969161237942856062,1.510070497791,1.431966792077,46222179993.30341793941631620016,45928334398.13531117203660242,43831481314.73312951297433074124,30609286163.0858827024574803129498,0.21843229,0.3128581374252563231868,0.176388,0.25263856888634053296,6490.278692,9295.95392215111079510064,0,0,0,0,0,0,0.503635008979,19.616988367239,10.869752670912034,18.602360580885,10.307548479104115,0.000032572524863385426,1.43228886821292,881.4770145829851,5.8056907699063345,1.46951545404711,0.0000330340280563143,0.00046749528002788,1.24702163700801,1.46951545404711,0.028280217754,28474544551.219376,21160648598.600576,2355171008.28502,26579137312.639985,27572332929.827105,8276540543.265325,27901534224.591432,28474544551.219376,28474544551.219376,4549238174.354964,14413066728.549002,28474544551.219376,82.3608979609,24160985650.384303,32183951781.54062,32271271565.932606,16253081729.93856,31528604778.317475,32267350380.656381,8189367270.333802,29144415733.598066,32271548718.937771,32271548673.040245,32271547963.075287,32271522338.80195,32270479287.298649,32248188595.746367,27022512325.160796,30657535375.174977,31987538112.385461,20601939557.285391,32271537999.625741,32270960085.39313,32259057236.465843,27810741505.634373,31002528582.595852,14233072432.812377,32077953454.608541,21765120699.525857,7205727482.409326,31073071669.988462,26270799938.316145,32271548721.156548,30602403109.801497,29713,0.343900462963,67991,1645081707.600459,2356232217.09683921457270173028,39748.19873535,56930.902580156669558530722,674.207801,965.66032823461159298892,71.940411120712,0.06642639074997908,0.03117817515414908,,
2021-08-09,99955,10115,868360,1767925,1011,299091,1491977,126,64172,2001243,1990882,1982605,1964975,1204540,26845,1650417,149780,1919930,549438,3488,1333867,36622,1715235,192608,564,1940191,660192,4970,1628559382,4193,7813.345575959933,39166708088.96045282585531888901,1.548264190803,1.468541813023,47640280370.12092341107943219846,47332937254.268797712647137855,45187212959.69265911507423003964,30770123505.4838555453833844303239,0.22325856,0.3295501361919020405088,0.180021,0.26572752716582243133,8274.632013,12214.11670317152693161749,0,0,0,0,0,0,0.506051267362,18.119716008718,11.37496908531641,17.186705445349,10.7892553627893,0.0000319047083477965,1.47609182909673,919.7432215126219,10.293995263537315,1.43228886821292,0.0000325725248633855,0.000473116678195193,1.22013517841077,1.43228886821292,0.027805212993,28463587625.291706,21157760893.037216,2610113821.586606,26534059275.247037,27561017324.604584,8306372870.54046,27891083228.866012,28463587625.291706,28463587625.291706,4684756661.027387,14395486100.31115,28463587625.291706,82.2134290241,24234949574.667587,32188113995.715582,32274327458.99745,16332604641.215941,31543050092.373282,32270442447.457396,8252382920.956687,29185383878.918203,32274604755.449725,32274604709.552199,32274603999.637586,32274578375.642109,32273540552.302451,32251500687.153628,27081101075.358771,30682957353.748414,31994752600.374404,20671418737.256979,32274594421.846729,32274069151.891935,32262719073.448932,27905266376.564403,31042665423.065275,14332789598.172611,32088819432.258807,21913865207.727668,7205369885.624027,31091657395.639667,26309982429.247832,32274604757.668502,30612738360.149468,37063,0.428969907407,79298,1781187119.165642,2629195752.69274768377611055066,31762.88926628,46884.9413144601375048472644,1073.485293,1584.56286965280912939189,70.9649990824,0.06323352485439285,0.031488075330785154,,
2021-08-10,81472,10141,870621,1775136,1010,299517,1497536,125,64217,2008789,1998428,1990151,1972521,1208594,26844,1657100,149960,1927478,550507,3509,1365528,39808,1730916,207303,609,1952340,692329,5455,1628645606,4316,6287.123030583874,44326365678.7195607645876232138,1.732587257041,1.64287698863,53926067296.70310469318414638538,53573687304.87199539083404469,51133872010.81904684731715288292,31124589585.6418447994996415236013,0.2130886,0.356009572224105752884,0.177689,0.29686705379325373166,8755.597426,14628.07721387601882551644,0,0,0,0,0,0,0.505137053889,17.263970018376,13.133618463768501,16.370072537669,12.453583196976922,0.00003672798161416947,1.67071148913694,1063.8011877789268,23.970613274752246,1.47609182909673,0.0000319047083477965,0.000467373655641176,1.25827047947385,1.47609182909673,0.027890402991,28487852861.683319,21135404975.171571,2090179881.717173,26531430451.59627,27582431542.225835,8320965019.266994,27915100103.597064,28487852861.683319,28487852861.683319,4771947974.082775,14237674820.552828,28487852861.683319,82.1984021843,24232414769.823686,32190367648.822316,32277028901.291272,16304463660.644962,31543409393.764945,32273118201.581678,8189187225.175287,29181329719.763943,32277306790.32645,32277306744.428924,32277306034.514311,32277280412.15084,32276238476.349367,32254083548.960959,27074647059.74031,30681739307.863991,31996311985.39749,20668281597.688156,32277299398.612398,32276824895.767643,32267070892.458711,28100313532.488552,31133289425.657466,14585909233.882318,32110161814.316052,22200813448.775997,7174166541.23579,31094200718.28458,26313617591.533897,32277306792.545227,30606045593.924718,41089,0.47556712963,91561,1869634085.218418,3123619146.65644371863421216092,24881.57837093,41569.9388521739379568851542,849.333003,1418.99040621527912843082,70.624789864717,0.06387612323137126,0.0384282883914285,,
2021-08-11,109204,10171,873340,1783331,1012,300148,1503794,125,64351,2017591,2007230,1998953,1981323,1213377,26915,1664551,150293,1936281,551745,3535,1386601,41649,1743714,215175,631,1962299,711878,5730,1628732417,4360,7418.503669724771,47611012781.33685110313516620412,1.828942923255,1.737174472224,57895502368.18621690206181948338,57513270206.07258229910875671,54990556288.98487720776008858952,31655171756.3392209882285699051166,0.21367533,0.3832413544055951413218,0.175885,0.3154618065624520221,11293.168286,20255.07160539756007832556,0,0,0,0,0,0,0.503401665105,12.700607369473,14.365660350046712,12.063345784855,13.644853603373798,0.000039266918009485953,1.79356856219946,1208.0197715013576,36.41664379360361,1.67071148913694,0.0000367279816141695,0.00053178178028375,1.42729311201301,1.67071148913694,0.027986470707,28490670782.420408,21122356378.531333,2318812824.721286,26545409963.559622,27585611412.854454,8465730697.55036,27917926476.932935,28490670782.420408,28490670782.420408,4933612382.57894,14263588590.294908,28490670782.420408,82.2361165096,24216520248.27451,32192053176.543548,32279224253.096752,16249555722.876984,31543250665.789029,32275285194.333736,8119269648.758294,29175633980.942541,32279503323.368476,32279503277.47095,32279502567.556337,32279476945.472366,32278428868.000792,32256151429.87625,27065191824.170216,30680017255.572167,31997089232.462184,20649638579.592764,32279496599.634997,32279047107.441257,32270100050.522721,28193521052.547795,31175196864.269702,14647590486.235014,32121674757.305581,22326109519.701597,7110323149.42038,31095979272.975086,26307449321.11259,32279503325.587253,30659857363.662612,52852,0.611712962963,117644,2541571626.186362,4558482967.30601671291057576452,26164.06921159,46927.0519971186352785237414,982.579011,1762.32282400663739153406,70.585949813671,0.0640737411462368,0.039642389977401424,,
2021-08-12,83122,10160,873015,1786364,1014,299438,1505390,125,64007,2021979,2011618,2003341,1985711,1213797,26779,1667073,149794,1940671,550862,3551,1388185,41527,1746698,214873,630,1966737,712005,5751,1628818978,4268,5658.703139643861,47771898419.92718461016209128915,1.819958036541,1.728608325309,58089543924.4309584300099382851,57701315001.540545645644371975,55173837651.76455888329957881245,31918067756.5625199085431809337162,0.21185601,0.3812206523143544804385,0.177337,0.31910601365271950745,7748.633624,13943.1454632144754589724,0,0,0,0,0,0,0.504422401793,14.116621377922,14.658566484177848,13.40806147678,13.922804566304716,0.000040522519322689184,1.79943279548385,1216.9112946675941,42.25534140133048,1.79356856219946,0.0000392669180094859,0.000566051098922258,1.52963889764599,1.79356856219946,0.027953689423,28501591310.897409,21128252290.366355,2407069829.207427,26548309300.476979,27596854803.076112,8529524923.374979,27928986279.66151,28501591310.897409,28501591310.897409,5041585901.857454,14072445302.164578,28501591310.897409,82.2383774988,24255238184.534762,32194446708.06871,32281860536.551763,16283835294.647662,31545639336.752757,32277899895.042516,8135144063.563777,29181580797.069727,32282141387.124549,32282141341.227023,32282140631.31241,32282115010.114835,32281061716.781733,32258693155.55431,27081884806.965866,30683719307.722039,31999159257.955552,20701031810.250664,32282134690.990278,32281683315.184497,32272720640.546894,28209947290.558152,31179674159.323059,14674665087.091782,32124352973.934698,22379300651.200851,7112718817.276915,31105237014.130446,26347221700.880929,32282141389.343326,30661793977.656637,36575,0.423321759259,83014,2286817824.542035,4114974990.77797043944248863475,31184.40608421,56114.2430156135805507950085,846.752145,1523.67357935929630035825,69.510964840538,0.06404402398212647,0.038580423024099156,,
2021-08-13,119098,10184,875541,1795444,1018,299695,1512269,123,64034,2033413,2023053,2014776,1997146,1218575,26803,1675401,149840,1952108,551836,3566,1440661,49258,1774183,244021,743,1981065,771716,6961,1628904873,4288,9224.648787313433,55948848775.08961928301587201988,2.046373034183,1.944755264374,68053611126.21822437335846581398,67589725792.00601496842707889,64674238902.98539585125619394624,33255721214.7777673866602470609721,0.21464258,0.4524248854667398870412,0.177117,0.37332824847340433838,12702.118854,26773.60040913535100584356,0,0,0,0,0,0,0.503207136466,11.728818492101,17.3908813612421,11.146394682877,16.527293662703688,0.00004417260953303985,2.10780584852614,1410.3732599405976,67.16253894880165,1.79943279548385,0.0000405225193226892,0.00059229636389294,1.53300754816373,1.79943279548385,0.028041233551,28500095425.289624,21158113733.098825,2983620660.215039,26543644337.172342,27599956362.603468,8662644631.952062,27931145788.738584,28500095425.289624,28500095425.289624,5351905104.693861,14026526340.837314,28500095425.289624,82.212902224,24252218668.752787,32198188777.211536,32286186468.756611,16246782313.896345,31547329604.480138,32282193910.389099,8001408980.385663,29182012596.929479,32286470392.483524,32286470346.585998,32286469636.671385,32286444016.935824,32285382761.30492,32262858101.124421,27081735648.139909,30684110401.51901,32002004091.603624,20695578379.493469,32286465174.91692,32286101554.280589,32279339620.149632,28602753655.805904,31328747097.441944,15187470575.478925,32157315370.812493,22979509009.233875,7064514618.089998,31112512117.521862,26359068294.417292,32286470394.701657,30683204977.445216,59178,0.684930555556,126932,2752747040.671304,5802256311.83999874496459188656,35306.07000638,74418.3408479210969833967732,1031.1752685000001,2173.517261799812954549174852614,69.038508639598,0.0648861021882307,0.04679959767854496,,
2021-08-14,129236,10175,877348,1802523,1029,299997,1517261,123,64139,2042155,2031795,2023518,2005888,1221940,26807,1681630,150086,1960851,552504,3577,1454925,50597,1784051,249328,765,1990591,783177,7294,1628991684,4317,9238.972434561038,58221359419.50942264324051640521,2.095886755967,1.99295190919,70949921316.54687325710752407846,70456138097.220450165834823895,67465372707.82419818211981108933,33851982276.4984587157413913380523,0.21181743,0.4654043622745113246111,0.178189,0.39151611795749244253,13344.074603,29319.54433944703172434331,0,0,0,0,0,0,0.503209708985,10.19935853241,18.30226951261511,9.698439575426,17.403393987692194,0.00004662563053530998,2.19719577503377,1486.1898487243284,79.24008781923911,2.10780584852614,0.0000441726095330399,0.000635555323974597,1.78744084327087,2.10780584852614,0.028093535766,28473418520.365011,21132099201.955075,3132475746.71401,26498029934.822073,27576837540.628886,8381061408.564726,27903531705.776876,28473418520.365011,28473418520.365011,5417778886.881965,13803790334.2116,28473418520.365011,82.0597942029,24245670685.320919,32202433212.279885,32290837642.633009,16249207132.063204,31550448739.193705,32286816849.445691,7975606636.836984,29182421934.111242,32291124039.951665,32291123994.054139,32291123284.139526,32291097665.234521,32290028208.171216,32267381274.542137,27075989591.424135,30686782060.639336,32005613463.406707,20699241916.275324,32291119186.318417,32290765787.728957,32284396585.386072,28660861284.41123,31355097271.495831,15244408880.53438,32166068534.396536,23130843218.74954,7055170939.274438,31119105172.274753,26364616726.544801,32291124042.169798,30705216837.943029,62998,0.729143518519,135637,3165995580.953401,6956312114.24639881984957135177,29331.82673872,64447.7657843381486969665744,1012.047413,2223.66629997745691613701,68.405420761095,0.0649409160269438,0.04619770770701796,,
2021-08-15,101214,10175,878090,1806876,1026,299953,1519935,122,64088,2048129,2037769,2029492,2011862,1223595,26741,1685188,150021,1966826,552508,3567,1454948,50182,1787753,247802,758,1996291,780890,7179,1629077752,4338,8085.184877823882,57541248437.67855487863066367021,2.055745973474,1.954756461949,70146627226.19872388031655305271,69654854676.521584013026484015,66700640362.98227078471144830447,34122225280.4244622013518963434829,0.21609719,0.4694079393313706227391,0.177337,0.38521276346632398193,10553.106357,22923.53689830098044472973,0,0,0,0,0,0,0.503528033255,18.16499555699,18.29987686651979,17.2726313973,17.400886597505778,0.000046144164621415245,2.17220751149689,1471.5364622970847,84.88162323704971,2.19719577503377,0.00004662563053531,0.000672138322546564,1.86584489216567,2.19719577503377,0.028111900004,28485733769.891592,21125670011.381292,2163371666.819433,26489756679.842389,27589346624.090755,8431926688.208179,27915805449.740041,28485733769.891592,28485733769.891592,5276173341.009916,13632849640.701175,28485733769.891592,82.0299574093,24259251156.876732,32203827038.001601,32292494662.275078,16260321842.971806,31551173962.244254,32288452231.15544,7968352614.139609,29183033955.999424,32292783654.468506,32292783608.57098,32292782898.656367,32292757280.580468,32291679996.847377,32268953183.966508,27075480169.745717,30687399219.323806,32006543087.61966,20704383297.232231,32292778675.351643,32292419885.826351,32285911380.623119,28644675655.658839,31349026053.284709,15235573601.552474,32166084461.751585,23091868247.538734,7081604567.715812,31123759054.259106,26380632199.339132,32292783656.686639,30706385099.008423,48835,0.565219907407,109133,1777747952.394072,3861637455.73861881033988243608,20554.57592091,44648.8042110338071843509699,604.404028,1312.89096960057662547292,68.21306711172,0.06495224786519693,0.04509978513151466,,
2021-08-16,103692,10179,874702,1806390,1030,300146,1517259,122,64031,2049345,2038985,2030708,2013078,1219232,26694,1683801,150063,1968042,552881,3577,1438368,48730,1783585,242579,739,1996642,768086,6905,1629164391,4249,7698.561073193693,55034809291.60035597911284626286,1.950959350966,1.857464716238,67063653043.79272628039347744419,66590567929.616832277532089615,63849802513.41571929761506308191,34374705454.8264874710628667732465,0.2199765,0.456813497273283601485,0.180021,0.37384003560668429229,10519.716315,21845.73534072034747422435,0,0,0,0,0,0,0.503659530017,14.068552459611,17.86108490428807,13.394353803083,17.005139029176394,0.00004515949679456733,2.07664681124249,1397.9791039320824,76.96601446542849,2.17220751149689,0.0000461441646214152,0.000656111861057607,1.84226265112852,2.17220751149689,0.028034678269,28502816113.598957,21131829151.438079,1961698144.753204,26501766691.213214,27606817406.617849,8508630094.949377,27933455379.545268,28502816113.598957,28502816113.598957,5275160714.226418,13596083026.919856,28502816113.598957,82.0635423121,24266929432.505645,32205513104.823029,32293910984.464905,16265282950.560415,31554396831.218568,32289838845.115094,7956044644.320348,29183883048.251292,32294202690.664198,32294202644.766672,32294201934.852059,32294176316.77616,32293090024.753505,32270232899.226506,27076754569.712704,30689676561.018318,32010301884.897422,20713841853.662219,32294197303.344135,32293818981.65023,32286644107.077882,28579718884.898355,31326768901.170402,15135780400.462217,32163203707.336687,22967808151.434992,7068700955.631071,31126633413.318254,26388954941.877703,32294202692.882331,30746587319.397559,47822,0.55349537037,105338,2295488664.210122,4766919214.77523273140525448378,25652.90699507,53272.0275104122816390045243,604.7608195,1255.874627379070065620555,68.033512143108,0.06505019191402162,0.046511841638306975,,
2021-08-17,107224,10187,874681,1793493,1033,299961,1502858,122,63952,2037870,2027510,2019233,2001603,1208303,26694,1670306,149929,1956570,552612,3569,1398355,43715,1756136,224367,663,1983854,732809,6126,1629250637,4255,7737.156286721504,51286576482.03335802568992873847,1.812919559695,1.72604976479,62516782908.70367098436833697051,62068902627.360681357710885585,59521161795.57760976151994186813,34484035750.1649692075078313694001,0.22109543,0.4279605664987489859153,0.182793,0.35382095338653459903,9873.679505,19111.86257620470703700855,0,0,0,0,0,0,0.504489860465,15.445031687912,17.193602094920486,14.704951010939,16.369735045948236,0.000043289196533398685,1.93563732411271,1271.6700269753562,63.95585469195148,2.07664681124249,0.0000451594967945675,0.000657630001026566,1.76328116141211,2.07664681124249,0.027963356028,28513015817.137046,21118936153.075779,2212944608.498878,26495963806.413457,27619192567.188551,8752697323.342059,27946889025.865351,28513015817.137046,28513015817.137046,5574491397.976445,13560296242.510813,28513015817.137046,82.0364933956,24281507777.000569,32211039503.552768,32297483207.92072,16293901080.245797,31559943937.789285,32293391269.833618,7956424517.163131,29190757234.632166,32297777132.949048,32297777087.051522,32297776377.136909,32297750760.976852,32296658352.881273,32274128278.677862,27088891142.754938,30695666641.97627,32015723860.573849,20716313031.343787,32297771092.811748,32297319464.396852,32288922190.171153,28339370368.661764,31242190514.896047,14769152644.572946,32151142187.777202,22589923118.553739,7068553387.277169,31126410119.258672,26385716959.379294,32297777135.167181,30750162261.343003,44658,0.516875,97192,2091143468.51394,4047695347.7300938586327661774,25667.78330397,49683.5193904013852324704587,498.7789045,965.455064030248928326195,67.667025785813,0.06527413815175835,0.04925535859375455,,
2021-08-18,114070,10185,876096,1768872,1037,300378,1493261,122,64006,2014186,2003826,1995549,1977919,1210444,26685,1648961,150038,1932886,553437,3561,1426760,49400,1747487,245489,755,1961988,775110,7039,1629337529,4332,7414.804478301016,56331494853.9756902474075144288,1.966774886286,1.872237251226,68673353595.881457912092104448,68177289306.5094853598167984,65372408233.0619026148128696896,34916733010.3269315284158566881078,0.22270863,0.473507319722229184992,0.18488300000000002,0.393085143544751309722583855168,8958.231771,19046.3580838188820071264,0,0,0,0,0,0,0.504600056729,11.582650780157,19.32403883656414,11.025903579388,18.395183712291793,0.000047295279379936076,2.1261291927584,1451.1939027347794,88.53107812449105,1.93563732411271,0.0000432891965333987,0.000640818264886395,1.65627331959824,1.93563732411271,0.028012730023,28522097293.500227,21078623776.595842,2766673022.378383,26494859788.314307,27629668059.731474,8813600621.80459,27956757523.849935,28522097293.500227,28522097293.500227,5754723511.737673,13202560815.224979,28522097293.500227,82.0281694491,24278443879.843634,32213696954.852583,32299413149.824293,16298434845.011966,31561574195.076033,32295577586.897555,7939277676.765119,29189413893.65456,32299708703.058587,32299708657.161061,32299707947.246448,32299682331.086391,32298616863.628624,32276920402.267828,27083967445.357392,30695607322.511691,32018006156.273586,20706217796.245054,32299703556.120701,32299328016.674648,32292936876.432034,28618268789.128915,31346806032.730499,15211685374.273223,32174084246.77429,23039721469.311992,7051360084.393921,31111266424.99852,26349966946.595542,32299708705.27672,30747147659.568594,40224,0.465555555556,90904,2788628382.080785,5928984210.896582455745787344,41538.74071415,88316.72926277622342441136,519.9424015,1105.4647183820589052976,67.440434259693,0.06560428965216616,0.04976361497195213,,
2021-08-19,118373,10189,876557,1767933,1044,300412,1494967,121,63996,2012237,2001877,1993600,1975970,1211557,26687,1651619,150043,1930938,553730,3572,1453359,53888,1754372,262436,836,1962491,808510,7974,1629423101,4273,10015.263983150012,64010777128.62256836727228744236,2.194903690316,2.089699037053,78160281496.49440661093457250086,77588095411.436266221715994445,74413955245.35625046980675744095,35609891149.8214376256428830001678,0.2167389,0.524423176479741339423,0.181969,0.44029364825992035483,13249.899248,32059.56222751290174701136,0,0,0,0,0,0,0.50469969434,7.249587292229,21.738501933446187,6.90210493082,20.69654662194517,0.000051870756628189894,2.41960800059307,1764.7693641092571,128.90089037287592,2.1261291927584,0.0000472952793799362,0.000699081040825433,1.81913432605978,2.1261291927584,0.028038639945,28489904043.514744,20943964787.157647,2920852089.601857,26455019620.092548,27597777969.837818,8834367539.467892,27924507261.222846,28489904043.514744,28489904043.514744,5615531143.220154,13172034745.457083,28489904043.514744,81.8968098669,24280279098.157532,32216687318.735599,32302577144.523249,16303248365.490251,31564075226.442016,32298743581.371407,7875117796.115872,29191312892.524425,32302869502.815965,32302869456.918439,32302868747.003826,32302843131.643769,32301800317.342966,32280049293.796504,27085575665.502232,30698024799.088614,32020892781.718677,20712524967.736363,32302865437.527696,32302526463.004127,32297207375.914512,28818644156.282647,31423851828.996785,15540632034.50353,32191602080.464012,23454571461.390368,7043544332.745602,31112375841.99113,26349148176.577311,32302869505.034098,30754550004.429085,61133,0.70755787037,125399,4455821856.184775,10781342212.44214533644750450925,42528.87860287,102903.2149237556769930041109,803.046601,1943.05798062867084765507,67.161408442881,0.0649324897504293,0.050817170835969414,,
2021-08-20,142976,10182,878914,1776445,1048,300505,1501022,121,63794,2022209,2011850,2003573,1985943,1215887,26607,1659151,149930,1940915,554833,3582,1461687,54332,1763234,264558,848,1972648,814610,8126,1629511234,4239,11032.587402689314,64962366209.853450651691900823,2.187600876963,2.082404048836,79313931446.07548238688061315294,78725858063.07903434803074347,75499902066.98058515953736971918,36256125274.6288492509682692559834,0.21555377,0.5292037908930386481794,0.180021,0.44196766143480445962,15688.865489,38517.56845444998033560258,0,0,0,0,0,0,0.505480692845,5.553371902062,21.41487238662649,5.28632268131,20.385079121521578,0.000049858810062728575,2.45508946975522,1730.8256373910792,110.45279500019046,2.41960800059307,0.00005187075662819,0.000762328128818537,2.06993441123575,2.41960800059307,0.028124704317,28498987278.994177,20911317319.329877,2687676534.426459,26460284649.55715,27609598124.430153,8910038701.270227,27935932756.420819,28498987278.994177,28498987278.994177,5790895010.919893,13230429222.882233,28498987278.994177,81.9053664664,24301119779.767618,32219240190.338909,32305628303.733672,16330020357.111854,31564009320.838412,32301760297.540694,7932534928.201717,29189077329.630299,32305923029.574094,32305922983.676568,32305922273.761955,32305896660.410884,32304844932.761423,32282962266.871944,27091404065.247332,30696955542.691416,32022761157.494673,20738539616.623553,32305919039.579038,32305579086.162038,32300318586.878585,28842852043.375742,31432144622.753016,15601998338.339699,32195700456.868598,23539811894.256802,7096845097.872246,31118226897.168229,26379431499.146226,32305923031.792127,30752403526.258519,72784,0.842407407407,160877,5817352700.580876,14282121357.04819995692753317272,45794.50427666,112429.6052222883540133591652,749.379729,1839.79428151592045993538,67.210824145023,0.06492666919568109,0.04905508761024102,,
2021-08-21,102763,10170,879708,1781362,1049,300592,1503874,121,63759,2028690,2018331,2010054,1992424,1217638,26570,1663150,149850,1947396,555175,3573,1464122,54210,1767979,264401,845,1979117,814891,8100,1629597780,4239,8163.307383816938,64727073898.0201370158087680464,2.169496498192,2.065173690422,79193232189.1766621519122859609,78603475756.61676582158379953,75385131855.63776096313861235934,36503046792.2726294152087907211365,0.21368206,0.5237930516258170077268,0.180021,0.44128060608705851838,10782.183252,26430.07404905145294616056,0,0,0,0,0,0,0.506064174312,10.515019349381,21.337737394405444,10.009392194324,20.311687028201217,0.00004995436933663674,2.45127294086278,1897.2664538220517,106.9175483157876,2.45508946975522,0.0000498588100627285,0.000748909598886153,2.10118084304912,2.45508946975522,0.028146814934,28508883238.584562,20889124513.797566,2318389381.485948,26405494393.96088,27622433672.679583,8344017734.326953,27948744425.658717,28508883238.584562,28508883238.584562,5429702094.437081,13245001054.342769,28508883238.584562,81.7330876752,24300956203.538689,32220015755.534013,32306685299.849798,16349406461.788805,31564145419.201861,32302790610.391556,7940426487.954144,29188468852.288428,32306982573.660622,32306982527.763096,32306981817.848483,32306956204.497412,32305895819.476589,32283924817.918076,27090768825.165784,30695899716.868401,32023265691.708895,20739534979.825942,32306978578.773025,32306635427.625197,32301332561.721323,28838890023.012726,31431289964.862762,15604502432.345618,32196269980.019092,23533765417.693443,7104736657.624673,31121918844.547059,26391517421.035446,32306982575.878655,30753463067.684453,50459,0.584016203704,115897,3072460592.075081,7531439511.22088205323867838518,30224.70473915,74089.000872645424355843837,413.575656,1013.78681455237344448368,67.115640912852,0.06491314538812262,0.04926430161088392,,
2021-08-22,115650,10165,883088,1791100,1048,301377,1511357,121,63804,2039379,2029021,2020744,2003114,1222951,26567,1671929,150131,1958091,557020,3570,1488333,58116,1784649,280563,928,1991117,844970,9167,1629685287,4303,9205.787125261446,70622327372.374550856424530804,2.332709645906,2.220832327177,86368482422.625929694645433378,85721484225.520958615598077,82226229119.409000277111824568,37024960467.8360513361805663544058,0.21119719,0.56458292354345171938,0.179273,0.479241577278586046,12451.552548,33286.114934600954895096,0,0,0,0,0,0,0.505654587241,10.29543126036,23.844374425453527,9.8016598874,22.700792461796123,0.00005415459047246571,2.673250167502,2031.4504513699262,122.40986355140365,2.45127294086278,0.0000499543693366369,0.000757803637251195,2.09913907617963,2.45127294086278,0.028266464308,28523490423.778996,20885338421.665015,1655205728.195108,26418151294.222902,27638154206.181984,8304209691.221834,27960248904.541158,28523490423.778996,28523490423.778996,5259273529.939719,13249993635.621289,28523490423.778996,81.7686329451,24291947926.031122,32220923931.419662,32308118518.068725,16336899501.96358,31562283701.314832,32304192578.503953,7929790506.714436,29180391684.323171,32308417471.232407,32308417425.334881,32308416715.420268,32308391104.996231,32307322803.326512,32285192484.977113,27080872199.344154,30691081355.928674,32023306487.202774,20732548179.555875,32308413991.006977,32308095918.817098,32303390015.802678,28982698156.107401,31489926246.066622,15921061850.846006,32207666237.863576,23944407383.062697,7094100676.384965,31122309624.551098,26396430908.366424,32308417473.450439,30758897958.377284,58957,0.682372685185,134479,3138131531.978339,8389010643.504402601185739178,26817.0444669,71688.6686130490072946838,447.754885,1196.96082132608874727,67.000883705274,0.06433833396847385,0.05051909880720044,,
2021-08-23,173057,10190,887174,1803175,1049,302045,1520437,122,63806,2052921,2042563,2034286,2016656,1229658,26531,1682840,150473,1971635,559147,3578,1511810,61644,1801056,294204,995,2005626,872846,9833,1629770964,4139,12223.410002416043,77329770769.05111494072596341546,2.363702345546,2.254610053019,94593162864.27264072259159450597,93871572024.385785266867000645,90227391085.23653181488896048972,40019067139.5345342032833253013554,0.21173348,0.6198313624792250319596,0.178745,0.52326045406871449115,17570.491492,51436.08691887551959567084,0,0,0,0,0,0,0.505199764862,4.229779306777,25.250678004774706,4.034561697281,24.08527985022785,0.00005903128381021365,2.92741309725427,2304.1544639289327,138.3556103008821,2.673250167502,0.0000541545904724656,0.000823579142405949,2.28987254323868,2.673250167502,0.028410918977,28534330994.928162,20999036142.958276,3517949187.401183,26415735736.641198,27653767814.549094,9152495454.269605,27974489541.047982,28534330994.928162,28534330994.928162,6217291005.400953,13376265153.646291,28534330994.928162,81.7498521326,24292015724.018621,32224711106.926523,32312583749.716203,16324461922.169497,31562603069.461831,32308614445.467308,7874850255.202797,29174683409.41306,32312885033.718679,32312884987.821153,32312884277.90654,32312858669.060434,32311780419.483652,32289472163.938519,27070209581.858878,30689855364.734135,32026054938.331635,20727257921.802102,32312881899.427165,32312576707.289228,32308327446.615612,29102825526.142138,31536544746.933927,16146070469.050862,32219949697.205874,24173393117.846931,7001113535.490053,31127322377.99953,26408225903.359708,32312885035.936711,30821543829.896836,82984,0.960462962963,188830,7639378485.814214,22363616634.25502353994873819378,50840.99528072,148832.5954622222594598686744,798.9625470000001,2338.893424303430558566999725427,67.114351330963,0.06422126564550651,0.0518441649356291,,
2021-08-24,139623,10158,885425,1802781,1049,301116,1518933,123,63543,2054408,2044051,2035774,2018144,1227892,26458,1682100,149849,1973126,557677,3583,1499853,58739,1797743,283591,947,2006438,853278,9349,1629856748,4325,15177.89063583815,72251166680.9109692147124277212,2.201783510542,2.100143912409,88665805770.0511361617113713301,87979502454.43974830043294585,84572779901.0455467303080496399,40269992642.5756998196455018411709,0.22181159,0.608577171301383973689,0.180021,0.4939177026540698091,16824.630877,46161.1869213623286166467,0,0,0,0,0,0,0.506984238573,7.941698359577,23.76982525072824,7.575090550092,22.672553209855014,0.000057248154040256284,2.7436671424671,2113.7723949207575,124.08207938156264,2.92741309725427,0.0000590312838102137,0.000881050908513737,2.49355637550242,2.92741309725427,0.028330309856,28470330082.47792,20942945360.453105,3811343950.00962,26333794490.807972,27597172996.686358,9229748860.709434,27912143000.97444,28470330082.47792,28470330082.47792,6334756476.883288,13352107195.177076,28470330082.47792,81.4870693989,24323756118.850856,32228343940.854351,32316226836.650772,16383972140.785311,31567336366.751476,32312241772.327043,7955802494.737021,29187545908.971285,32316531546.985738,32316531501.088212,32316530791.173599,32316505183.652067,32315421798.202919,32293085730.751861,27095963664.272724,30696495255.909737,32029898869.530881,20777949749.829578,32316528174.054853,32316209489.911335,32311585781.840208,29022517202.2715,31507122093.077709,16036069880.785996,32217300030.015603,24045891649.437885,7059748962.357163,31138325817.854957,26445004882.380887,32316531549.203531,30824723083.937169,75851,0.877905092593,153249,4069221731.423726,11164589959.9203593761591144146,33423.91095927,91704.086271695108115415017,753.688247,2067.8696789575278541737,67.079037330134,0.0643998906351667,0.054325983036994846,,
2021-08-25,124148,10144,885838,1807749,1054,300974,1521808,126,63561,2061720,2051363,2043086,2025456,1229231,26437,1686354,149695,1980439,557531,3579,1502265,58697,1802547,283200,947,2013730,853155,9312,1629942876,4421,16809.483827188419,72197375774.9018154634518363939,2.175308901348,2.075378260906,88507126794.0621791506807630242,87813633095.71663072152400755,84441233504.7448752484213123938,40687153323.0109835109791337925019,0.2289955,0.62710290738702200415,0.180285,0.4937094731480280705,15004.700864,41090.2901423257708036032,0,0,0,0,0,0,0.50778814123,6.619031224038,23.551478595193576,6.314962211628,22.46955669531645,0.00005588499986441331,2.7384944568213,2327.6405462360676,116.94974129813106,2.7436671424671,0.0000572481540402563,0.00086181031131275,2.34210971149316,2.7436671424671,0.028341403468,28510938068.188256,20937864389.661806,3149546131.432413,26363893341.126103,27639864811.147122,9226574451.912796,27954060001.713508,28510938068.188256,28510938068.188256,6353943172.195115,13363049127.56925,28510938068.188256,81.5723867558,24328541268.667155,32231157064.857048,32319320758.675091,16411524693.205424,31569701862.056183,32315304961.17966,7971131748.69561,29192615773.953997,32319629702.929241,32319629657.031715,32319628947.117102,32319603339.920816,32318510956.971598,32296058822.688596,27099728372.804632,30698933217.548103,32032350948.639834,20790733428.775189,32319626322.479028,32319302812.355162,32314632342.428654,29025413609.902114,31508568243.80707,16045714040.419372,32219917138.551062,24042457946.617039,6964112202.770584,31145983638.134285,26460504820.993208,32319629705.147034,30834911239.060826,65524,0.75837962963,149797,4882833848.520171,13371613427.7519035274615924423,38444.62722068,105280.398538393440886424484,384.1343805,1051.94987167373407470465,67.044738319008,0.06380227687356783,0.054573224982041875,,
2021-08-26,120380,10174,888635,1816778,1047,301722,1528339,127,63677,2072733,2062376,2054099,2036469,1233765,26436,1694315,150034,1991456,559045,3572,1497216,56668,1807442,275525,895,2024049,839828,8700,1630029486,4236,15901.597497639282,67771173088.018552018501650631,2.038922945381,1.945420792018,83014588575.781850868389856578,82360948992.207681801999885815,79207655699.76722601379634630468,40714921946.3298940488860970485796,0.22390383,0.5750859868352721603327,0.180021,0.46237509396812251749,14828.926939,38087.37028939150658456491,0,0,0,0,0,0,0.506800274286,7.209275865617,21.662733753394985,6.878668561818,20.6693110944985,0.00005442746540262445,2.56845086944369,2139.970300904332,101.81696462934265,2.7384944568213,0.0000558849998644132,0.000848171614185585,2.33531022004916,2.7384944568213,0.028444420027,28544589825.836866,20924633847.637093,3181141555.328808,26386011075.4999,27673584979.712048,9272011911.361315,27987801572.796234,28544589825.836866,28544589825.836866,6226676296.139514,13387650629.782852,28544589825.836866,81.6376666448,24317921678.002996,32231919016.07234,32320565938.189019,16380230106.97516,31568268347.345558,32316515686.248688,7973777985.708392,29184256882.17906,32320878533.318407,32320878487.420881,32320877777.506268,32320852172.527643,32319749266.220593,32297144435.320372,27083800926.011834,30695288819.230249,32032344054.904258,20758770862.417603,32320874891.218411,32320532401.078428,32315406821.298628,28936247255.808655,31475390290.696284,15844773510.887919,32214600484.117049,23788437486.369976,6933679425.081991,31147147228.902891,26458974642.043618,32320878535.5362,30838688270.071172,66229,0.766539351852,149205,4483235090.181696,11514969065.29763703625654069824,34113.37399712,87618.5251025606304060621728,361.324796,928.04498643776392273724,67.05653267496,0.06387005165253344,0.05692408082009984,,
2021-08-27,135812,10138,892159,1828858,1046,302307,1537027,126,63518,2086533,2076177,2067900,2050270,1240050,26369,1705192,150059,2005258,560653,3562,1528047,61310,1826635,294342,987,2039235,877533,9785,1630116609,4242,12486.814710042433,77189970157.73559258426030481722,2.280474240683,2.175898104348,94523182515.31068414482882222462,93776037908.16573162363395743,90188615149.78935944935722641558,41448914804.2260765742769286512227,0.21278752,0.6222830236257402211136,0.179977,0.52633082872101638186,15434.117363,45136.05506395382755725934,0,0,0,0,0,0,0.508010145776,6.319367413707,23.891328254367625,6.029578993202,22.795739119357645,0.000059623337975183344,2.92443383721818,2637.4841853783105,128.27107030802378,2.56845086944369,0.0000544274654026246,0.000823064064944189,2.18551495954862,2.56845086944369,0.028552797251,28559853145.570701,20888929498.669276,2460331996.538034,26394842370.980529,27690500222.769548,9308950952.902442,28004791786.215688,28559853145.570701,28559853145.570701,6200568733.427869,13401772714.714168,28559853145.570701,81.6624748593,24324826582.803927,32232195633.11206,32321558638.720012,16419840010.638093,31565673956.347376,32317461692.754714,7950511315.248577,29176269887.549006,32321874171.288667,32321874125.391141,32321873415.476528,32321847810.728424,32320734575.840978,32297943003.257176,27082968857.137733,30689139772.238307,32031526582.952463,20775073574.729765,32321871034.746032,32321551245.299036,32317162824.264027,29102848336.351859,31539186066.433586,16224388560.057782,32227332470.178094,24207419681.690396,6928909621.269476,31149711983.005854,26484277898.035541,32321874173.506459,30839683908.041431,72533,0.839502314815,164387,5114732544.811452,14957696922.36766136052828659736,35470.0974741,103729.953262685136988599138,417.285818,1220.32476595046708577124,67.051478659271,0.06455737068827427,0.06002931139762574,,
2021-08-28,138728,10124,897179,1844639,1040,303513,1548692,129,63740,2106229,2095874,2087597,2069967,1249074,26454,1719740,150379,2024955,563471,3550,1534747,60266,1841107,290982,973,2058626,874019,9551,1630202670,4257,19084.910735259572,75111544105.80728881106585569808,2.196047059078,2.095347566403,92062983384.28789560695243024536,91327263353.91517065651518452,87841445561.30152566218544874472,41922135959.5653563213517253440497,0.21850525,0.62231782545517088198,0.180021,0.51271206186700464792,18295.226446,52106.05025776110325701392,0,0,0,0,0,0,0.507077276807,5.867521238811,22.61394441123234,5.598466707595,21.576984515413653,0.0000582993682629358,2.84806806909752,2504.9624987388834,121.23219725814185,2.92443383721818,0.0000596233379751833,0.000894318691969711,2.47933216918698,2.92443383721818,0.028747976432,28554283476.074414,20839479379.141453,3088146494.564429,26372805102.796654,27683519276.479297,9333984087.664401,27997014878.142024,28554283476.074414,28554283476.074414,6180987729.366489,13410571646.651672,28554283476.074414,81.5871280124,24293685265.524856,32234055590.501291,32324390637.85943,16391127521.059074,31563391603.135567,32320225758.885319,8019440195.332814,29167136064.853787,32324713154.466338,32324713108.568812,32324712398.654199,32324686794.00747,32323558407.416364,32300546935.411527,27066655188.648907,30681736534.678082,32032116274.089956,20741905703.165109,32324709911.849257,32324378705.624344,32319754735.378614,29049743513.105198,31521053751.944736,16166950215.581922,32226232662.978984,24099769037.066334,6884501341.078456,31152716931.342369,26482613667.068806,32324713156.683893,30842467044.383611,83729,0.969085648148,185230,5509091802.321768,15690268451.91953413698841081536,36273.59893284,103309.6788718714808538905568,253.965264,723.31035905832190854528,67.083146264562,0.06458374062208434,0.060705406790819635,,
2021-08-29,150072,10109,900759,1856467,1036,303513,1557859,129,63903,2121764,2111410,2103133,2085503,1255924,26431,1730217,150662,2040496,564855,3527,1545219,60917,1853151,292532,971,2074235,879265,9625,1630289216,4229,30237.73279735162,75365375386.87974684256309317808,2.186624509409,2.086461264327,92486066522.60683971792525827152,91740849771.93816289061207896,88249534595.0066338885712197688,42296272690.9247273199530388988267,0.23761169,0.6797989390748242411024,0.181869,0.52032100462144438224,21731.727959,62173.73232264328221130864,0,0,0,0,0,0,0.507618909877,7.322987920657,22.23005576005918,6.987542017314,21.21175814485243,0.000058448670993197176,2.86096588545296,2347.734646515462,119.65448926003992,2.84806806909752,0.0000582993682629357,0.000878309088634247,2.41772658463117,2.84806806909752,0.028904800755,28537591704.325052,20807929201.00786,3789309717.007461,26342633363.818523,27668015003.670438,9373534850.746851,27981042248.384993,28537591704.325052,28537591704.325052,6238558453.440609,13400227071.383121,28537591704.325052,81.4883562687,24281369042.315815,32235413089.190803,32326539412.743208,16409729492.32511,31561217424.527559,32322338875.244011,8035180848.696382,29164407542.228276,32326867994.659683,32326867948.762157,32326867238.847544,32326841638.054915,32325698329.450315,32302518895.844728,27050545603.346965,30681464582.638945,32032195526.235774,20724434066.380346,32326864777.609261,32326528243.08856,32321913708.51041,29064092317.341444,31524308302.191322,16192862898.244068,32228176418.234994,24118499852.372508,6875150878.270195,31159490747.507382,26488699189.968569,32326867996.877237,30846063227.711155,91459,1.058553240741,208891,4414436886.57336,12629553335.9715608419658691456,27727.32775972,79326.9388153317675342427712,326.792668,934.94267476415518689728,67.128062778743,0.06442648316415199,0.060779563273068084,,
2021-08-30,136707,10088,905536,1869628,1029,304720,1568300,129,64090,2139203,2128849,2120572,2102942,1264086,26465,1742429,151157,2057938,567691,3500,1547710,59188,1864147,286826,933,2091235,871992,9279,1630376959,4291,15370.767653227686,72399848182.4593215100992456204,2.079647408268,1.985021204044,88668112722.92123119510885404786,87931655981.44684471452264989,84633617784.34392349059457956786,42636127821.6735923386786920233649,0.2124471,0.582567134063432113794,0.182485,0.5004058114211274679,17267.700348,47351.05682120626436150472,0,0,0,0,0,0,0.507080942246,6.542364096585,20.802640966034748,6.244679460887,19.85609832393775,0.00005818844173897913,2.74217503587214,2240.891248488065,106.39395873650369,2.86096588545296,0.0000584486709931971,0.00088549721624053,2.4268452481472,2.86096588545296,0.02908968775,28538257174.921243,20880164925.095808,3155478565.551463,26402343845.79786,27670553615.933427,9528387197.597157,27981782681.070766,28538257174.921243,28538257174.921243,6371511300.879473,13523503097.459403,28538257174.921243,81.6526324505,24255812717.804692,32242678652.065981,32334620496.737303,16396440620.512366,31564352982.166287,32330380461.006039,8046441063.634582,29157729023.371052,32334957308.310445,32334957262.412919,32334956552.498306,32334930953.58637,32333773426.542389,32310420026.619775,27035091759.674757,30680608844.575958,32038361068.422481,20692709719.064322,32334953934.505493,32334601601.764172,32329672059.174479,28989263891.267928,31502825265.746613,16067907672.689062,32231147415.013617,23977470033.738852,6886059312.019195,31166307669.105443,26490635959.118314,32334957310.527999,30863681813.595999,81280,0.940740740741,186699,4942396484.384801,13552916256.86223030553439534414,31332.5736373,85919.401237829595577534822,360.5075035,988.57467634228813660249,67.075149017383,0.06452051056285119,0.06205442342771441,,
2021-08-31,120821,9651,898269,1855557,999,300452,1557385,127,62311,2127422,2117068,2108791,2091161,1255144,25544,1728440,148316,2046159,561849,3243,1539143,58053,1850871,284573,920,2079591,868402,8963,1630461623,4268,10330.339034676664,73412380015.38312824241063544805,2.094699300416,1.999940932073,89889354353.57876467936349904938,89136728539.472512304459078585,85823010058.58688153007129214712,42912772413.5514821045260495655124,0.21072067,0.5857519592296249137757,0.180021,0.50041438010080504491,13138.012428,36520.46341768067377046388,0,0,0,0,0,0,0.52834357598,5.477873622535,20.463271007695308,5.230069860745,19.53756956154067,0.00005886912472526318,2.77975558463071,2169.5773682007944,111.51255982494172,2.74217503587214,0.0000581884417389791,0.000846778841078537,2.32484503187242,2.74217503587214,0.028726020215,28549296710.981178,20815324582.842819,2760994938.855863,26409652856.272955,27681794926.405907,9569730212.898845,27992810956.606301,28549296710.981178,28549296710.981178,6281219398.8312,13524606590.91886,28549296710.981178,81.6697155557,24423712013.124499,32245363446.101156,32336802424.139778,17085121866.219623,31570982008.892885,32332622630.692454,8881214027.966133,29191775721.517306,32337143180.649924,32337143134.752398,32337142424.837785,32337116827.051379,32335956368.247278,32312780442.146477,27120319890.588718,30695643066.872501,32041932938.021237,20964192849.311896,32337139856.399098,32336786411.03785,32331999207.3591,29046369897.594405,31516727061.256551,16817204417.359727,32235160229.32009,24188545039.206824,7824440305.720906,31189536326.207761,26671330321.104047,32337143182.867478,30874300795.761672,62348,0.72162037037,127217,5903229138.006636,16409534163.72867869968758939156,50597.85411137,140649.6675364106879566621727,411.613752,1144.18562583280007752392,65.858972675638,0.06409964430994483,0.06173780280863472,,
2021-09-01,126489,9572,897102,1862312,1000,301358,1560775,137,62380,2137479,2127125,2118848,2101218,1254653,25497,1733621,148693,2056217,561977,3207,1547785,59429,1858849,290364,945,2089952,875634,9110,1630548707,4164,12357.853266090298,75587557972.00139200648845265757,2.130888627387,2.034499783453,92510564144.89103620703218169443,91729588658.233169263351019645,88325931398.25009736667715030255,43414077561.7727294071407364805366,0.20542007,0.5876276727897089207789,0.178965,0.51194991054579164055,16021.943559,45832.60733551125946339293,0,0,0,0,0,0,0.530381814621,3.598673086196,19.98691462913546,3.435890323166,19.082824396474003,0.00005875335033185356,2.86061470424827,2185.786076816238,117.66341944255076,2.77975558463071,0.0000588691247252631,0.000809964423888862,2.35318582897232,2.77975558463071,0.028660806089,28569811923.586783,20830929106.94592,2769966477.29392,26423536822.259591,27702795767.265508,9710069942.280491,28013602754.873041,28569811923.586783,28569811923.586783,6228077828.839306,13563055016.092388,28569811923.586783,81.7069473856,24407954537.79431,32247384343.300745,32339054095.252074,17152229837.129014,31574802902.713667,32334831087.536716,9023678791.980163,29186579052.403289,32339400339.780455,32339400293.882929,32339399583.968316,32339373986.389719,32338197977.579941,32314770503.796041,27109247016.85809,30696359104.688053,32044718149.412613,20969788684.270698,32339397123.082561,32339042422.329297,32334393907.794198,29087409543.376977,31537836556.875153,16968436130.715726,32240154718.476787,24252496609.650204,7489544674.0437,31194327024.189853,26677457601.879109,32339400341.998009,30876556450.289565,77996,0.902731481481,168279,8986479062.53278,25706854145.7004791068521332906,92260.7599697,263922.486594443993346477419,283.132582,809.93322732097905413314,66.221529770613,0.06405232973957761,0.0615597072298383,,
2021-09-02,150415,9483,900556,1870171,1003,301935,1566701,143,62334,2150680,2140326,2132049,2114419,1257599,25421,1740499,148772,2069419,563678,3209,1560009,60731,1868356,295979,963,2103814,889384,9236,1630634658,4173,13651.049125329499,78325268230.94042428552939344669,2.179109201831,2.080427350964,95909449269.52786559371270383357,95092221857.924667724293716505,91566150658.53173444532853251405,44013144999.311518034556125960061,0.20550709,0.6094270477065621029067,0.180021,0.53384857211098174923,18013.723761,53419.32723521985693414543,0,0,0,0,0,0,0.532106360119,1.396018100545,18.015742850286188,1.332798850271,17.19989257178217,0.000060066928888499346,2.96547942801663,2468.7447822038894,116.76715610793093,2.86061470424827,0.0000587533503318535,0.000754017692968561,2.41460212325886,2.86061470424827,0.028760811402,28573615695.295953,20847086202.812351,3454125613.401018,26412345838.907363,27708226330.128563,9773750262.341181,28017739864.210601,28573615695.295953,28573615695.295953,6012291054.756842,13581292271.581003,28573615695.295953,81.6658513082,24400809990.643063,32249766186.803479,32341615889.19987,17209368397.455903,31574241460.230007,32337366747.195454,9186560179.248374,29181706419.878891,32341970865.431985,32341970819.534459,32341970109.619846,32341944512.841249,32340753752.75274,32317162660.649515,27101495249.866628,30693063737.965569,32046117091.667575,21015627765.424814,32341967874.771738,32341609891.356345,32337145753.13486,29128765265.80862,31554574872.082768,17077548412.745085,32246076128.747281,24319124796.140209,7377055941.332981,31198260352.149848,26693593469.821022,32341970867.649539,30877351497.856435,87655,1.014525462963,187537,23167300520.687585,68702153096.77799394016041453855,232601.18266817,689774.0221347964430745316671,304.670237,903.49332015245110204131,67.329261048257,0.06404778940933571,0.06153148464502151,,
2021-09-03,141105,9482,902579,1880445,1005,302215,1573906,138,62402,2166136,2155782,2147505,2129875,1260586,25434,1749568,148929,2084877,564754,3210,1566334,60660,1878476,295834,958,2119242,890414,9210,1630720788,4314,14267.115206305053,78030954236.92946106984992926866,2.154440425835,2.05713139194,95592282095.27779137421615863134,94769594480.44241308803932179,91274691083.23161227743984508422,44369888788.27741097203593651011,0.20867437,0.6167200302602757568298,0.180241,0.53268753117185576114,18381.916177,54326.24955772619538734258,0,0,0,0,0,0,0.531781671127,1.35022602095,15.786617114653799,1.289240723764,15.07358720605817,0.00005927369704661619,2.95541819659154,2966.951097650695,114.12300683162245,2.96547942801663,0.0000600669288884993,0.000782057176163707,2.49819173858439,2.96547942801663,0.028830322462,28568216960.93531,19945732015.901056,4358946720.323375,26402677741.824129,27703358927.145098,9833168160.276249,28012285462.755093,28568216960.93531,28568216960.93531,6118569870.846832,13600879125.376725,28568216960.93531,81.6289270709,24394309560.299905,32252110746.084082,32344392597.412397,17200348694.514808,31574823300.520618,32340098595.067163,9034065561.393137,29180313015.477277,32344756555.593317,32344756509.695791,32344755799.781178,32344730203.930687,32343523198.709154,32319680292.857095,27097510983.562453,30692949093.443735,32047982703.312303,21011924232.361434,32344753555.4358,32344386081.360901,32339847952.492173,29122679872.115433,31553720721.152344,17044634284.331843,32248085944.121041,24304221462.786023,7390587010.446301,31205961579.462678,26705676230.127882,32344756557.810871,30883849598.171243,88089,1.019548611111,184908,23955068304.08466,70797244766.4850463930715997764,252752.63134585,746989.725915918350632924109,549.173804,1623.03825343299585601816,68.254030543485,0.0640482460025844,0.061688417601997045,,
2021-09-04,138802,9506,906511,1895891,1004,303566,1582669,137,62826,2183029,2172675,2164399,2146769,1266253,25569,1763055,149741,2101771,567191,3205,1567165,59275,1891627,290372,938,2135399,881605,8922,1630808016,4278,13662.978260869565,74915142742.2439440369637271336,2.070323247621,1.976817098999,91779871132.47743430312566101568,90986503397.75606622735307592,87634633290.72712928922988411392,44331179316.0451659140631814685948,0.20835763,0.5912025586533323470096,0.180021,0.51079903246802885232,17433.282753,49465.91765946180953920176,0,0,0,0,0,0,0.530370926248,2.207742849052,14.158278925558898,2.108030144187,13.518820263740027,0.000056840251986431746,2.83744136777392,2677.2089393967876,104.12040993111184,2.95541819659154,0.0000592736970466163,0.000754205913067479,2.49015915920268,2.95541819659154,0.028988579043,28583493892.795345,19954780392.735479,3378271409.843401,26402357981.062955,27718761361.242676,9863668759.015723,28028609635.334772,28583493892.795345,28583493892.795345,6062163351.751695,13586536700.628905,28583493892.795345,81.6248070714,24351260653.716091,32252736602.3641,32345630627.325625,17155376606.637807,31572597165.655977,32341230716.096879,8927863030.82484,29167432297.834931,32345997407.58345,32345997361.692874,32345996651.778261,32345971055.92777,32344750091.542927,32320644776.086048,27067402257.012205,30687522781.624623,32047731119.49656,20956655483.352927,32345994154.364291,32345616172.711734,32340706122.74043,29047206420.063738,31527927935.404543,16933068393.574149,32244307104.022467,24153219126.63609,7319885191.736963,31205928559.62715,26679481012.289773,32345997409.801004,30885090450.161376,83670,0.968402777778,179575,14651161671.158049,41571812211.68752606815562028208,139524.43147854,395892.3936923471167740516768,298.169886,846.03956916083380017312,68.676619449843,0.06412906650779432,0.0627857563470117,,
2021-09-05,136930,9496,909764,1907538,1006,304629,1590803,137,63084,2197454,2187100,2178824,2161194,1271886,25629,1772773,150251,2116198,569065,3192,1580368,60761,1904844,296157,964,2150135,893686,9146,1630894054,4138,14946.67593040116,76965417856.42200564145765829136,2.10651159942,2.011375955973,94318689454.84816813988588237256,93498508635.69157226127240804,90059007612.64275189638307653544,44774825584.0584982419479041111307,0.21512442,0.6272552670210850787568,0.182133,0.53105957728253858232,16424.964933,47891.56788829865893509432,0,0,0,0,0,0,0.530143603731,2.286497951295,13.685647429665787,2.183233647458,13.067567341913081,0.000056346121029080427,2.91577900370904,3156.9637021408153,108.09620601367375,2.83744136777392,0.0000568402519864317,0.000730126975993846,2.38954342508109,2.83744136777392,0.029103658703,28581448907.48816,19948829325.925788,2557838968.343363,26396176719.332134,27718037117.77452,9883615220.776255,28027016263.422531,28581448907.48816,28581448907.48816,6028727675.546186,13570942435.275908,28581448907.48816,81.6014496186,24320692683.89405,32253815830.406804,32347308890.400734,17148916246.104865,31571525611.643945,32342870492.737467,8935150355.849285,29158299534.407139,32347681126.862985,32347681080.972409,32347680371.057796,32347654776.871839,32346416255.470878,32322139908.779569,27047108615.793304,30683127816.002945,32048012566.822571,20924561865.698407,32347677981.800439,32347299909.669496,32342522620.7574,29080900901.589822,31543299879.7716,17009956817.490988,32248458835.865484,24204058872.938781,7334893558.137846,31207283588.219314,26668657894.847116,32347681129.080539,30886774168.440911,76351,0.88369212963,166772,14147260053.635542,41250283824.40214044655437069968,155214.34766452,452570.7359946026851416112608,270.846122,789.72743576361710034288,68.973931324493,0.06399961102545046,0.06271667270051033,,
2021-09-06,188723,9491,913505,1919106,1004,305731,1598330,137,63279,2215489,2205135,2196859,2179229,1277657,25688,1782521,150710,2134235,571209,3196,1581717,59577,1914596,292079,936,2167839,887551,8905,1630980153,4093,21369.561202052284,74800448924.2454362118673140686,2.039751509456,1.947635009068,91548222960.4908650097395758991,90748291075.194242023129435175,87413845867.57525355179564903855,44882046923.8883067383478465247617,0.20924258,0.592159147299008369789,0.181957,0.51494061086938263685,24157.892491,68367.14122914980893598155,0,0,0,0,0,0,0.529065771462,3.638644483266,12.807696650791243,3.474320939734,12.229292767748145,0.000053761037491027226,2.83001264512705,2955.1494636250054,92.58134627526857,2.91577900370904,0.0000563461210290805,0.000737309914676969,2.45421712917143,2.91577900370904,0.0292358656,28614122337.367963,19976346661.295307,2657620106.609338,26431135936.103692,27751612118.252629,9828026319.540714,28060380934.287261,28614122337.367963,28614122337.367963,6068842762.593078,13585100643.786738,28614122337.367963,81.7060632149,24290319473.4442,32254611131.432785,32348666949.323771,17114775543.497816,31569527926.813003,32344172868.18468,8899808308.03604,29147617664.774933,32349050846.769348,32349050800.878772,32349050090.964159,32349024497.225954,32347761456.837874,32323315214.446981,27028161641.9781,30677041283.985046,32047889630.001374,20899539616.207675,32349047586.23354,32348651642.216887,32343610006.325574,29022161964.493827,31523250122.055657,16884841272.744324,32245815325.520166,24091314090.441548,7298848319.782463,31209364437.82253,26663240721.059773,32349050848.986902,30888146743.122031,115454,1.336273148148,264993,8890412624.195603,25159980146.87071636730398636115,38730.47312426,109607.728693409162878137233,197.7376565,559.600068312789011758325,69.005278282073,0.06393763316143676,0.06332087773619356,,
2021-09-07,214909,9599,902785,1904983,1008,300498,1583957,138,62060,2204818,2194467,2186191,2168561,1264989,25350,1768213,147930,2123568,563225,3227,1542874,54221,1892746,270287,851,2155837,842521,7957,1631072170,4291,18999.197389885808,66184896831.485350043126712059,1.826055465152,1.74376275245,81016552257.175881244002530455,80302598828.6532541378621795,77365473751.487906177084752487,44366972309.0494891511568588448386,0.21049582,0.52713638910470830694,0.180241,0.451370435330362997,23976.526043,60043.469564298332267431,0,0,0,0,0,0,0.531352095971,3.665441091741,10.994954224288252,3.500254931493,10.4994574409656,0.000053447713996877726,2.504260602917,2586.829625848652,74.84326370849958,2.83001264512705,0.0000537610374910272,0.000720318709625396,2.38550626180772,2.83001264512705,0.028821575894,28609394182.226703,19990599669.494824,3482423450.795339,26428917483.424927,27748181208.104635,9935446793.756443,28056795592.211529,28609394182.226703,28609394182.226703,6147685060.564946,13573148482.893728,28609394182.226703,81.6930552924,24452814804.454769,32257506025.967624,32351096301.975203,17190029983.314708,31579270121.49385,32346600003.436825,8928848490.553507,29200229440.060881,32351486166.117792,32351486120.227216,32351485410.312603,32351459817.403591,32350189716.478566,32325823274.717161,27132823500.286461,30701446671.899013,32052415828.306692,21007252599.187982,32351482403.343741,32351051958.813287,32345114413.101261,28919104398.673692,31470638209.738647,16619454323.262877,32235748069.66048,23854260738.163741,7278484114.909685,31240124045.579961,26792984869.776332,32351486168.335115,30893539458.861211,113905,1.318344907407,250153,8826082689.26431,22102811156.81233772376999227,40635.903266,101762.891612990049426922,255.685151,640.302250400184185467,69.029180827484,0.06462697723320295,0.06809800843882936,,
2021-09-08,179407,9621,903256,1909598,1007,300526,1585392,138,62169,2215035,2204684,2196408,2178779,1266388,25409,1772083,147975,2133788,563239,3216,1541819,53441,1893799,266811,850,2165671,839719,7823,1631152738,4184,20519.304971319312,65843965241.94193684868819686962,1.829700081597,1.747247013838,80760433802.57271422847735297157,80043950791.599392602701045335,77121069303.71049155815982419269,44138618462.5936702300709034411397,0.20638795,0.5151844834863797299195,0.180373,0.45024610613114172133,24551.704329,61285.83143272743504454809,0,0,0,0,0,0,0.531034224504,5.064637685737,10.760341884786325,4.836406338712,10.275440994495863,0.000054044251710647774,2.49619458639121,2642.6509861796567,69.10835336841576,2.504260602917,0.0000534477139968778,0.000729499067065399,2.11752947006377,2.504260602917,0.028835597372,28571481426.441884,19888722394.544445,2965382226.699471,26377737377.090322,27710783105.093694,9911728029.163553,28018693710.783236,28571481426.441884,28571481426.441884,6139295849.526103,13490903714.535506,28571481426.441884,81.5299796468,24443693443.152994,32259178596.608599,32353021797.543711,17180773714.023736,31580720106.998452,32348468498.321829,8896640009.543265,29203145563.949884,32353420777.902794,32353420732.012218,32353420022.134591,32353394429.826879,32352110322.140662,32327665387.932265,27131820702.391355,30703188282.513313,32053813050.519393,20985664115.070235,32353416861.367663,32352963251.936896,32346884109.402626,28886428349.68253,31458079863.240145,16609379364.882858,32236114000.628328,23783036070.910917,7257308281.968284,31246828394.735481,26796763151.726929,32353420780.120117,30895455716.537589,118959,1.376840277778,249273,6388101733.561977,15945944964.63371076204330302217,32280.67933722,80578.8570065991568544338362,176.537505,440.67196427601116733105,69.010883679929,0.06430083302298567,0.06817596964881568,,
2021-09-09,174129,9616,904528,1915807,1006,300502,1589151,138,62171,2227230,2216879,2208603,2190974,1269187,25415,1776874,147961,2145984,563625,3210,1549130,54583,1903611,271382,870,2178315,847980,8025,1631240714,4316,19397.930954587581,66499951349.74089263294406803056,1.843441749585,1.760294497262,81557562392.36467536565064116488,80829704312.03809823918401676,77878961090.93830073285950420664,44242006784.710969324947364908607,0.20654274,0.5206319842676620903824,0.183409,0.46231879950148640584,23598.746923,59485.32704055284230186648,0,0,0,0,0,0,0.53114149979,5.824051659892,10.694479525518865,5.561361562405,10.212111917333281,0.000054268353785715157,2.52069854533576,2603.8352729716157,50.87575333775363,2.49619458639121,0.0000540442517106479,0.000711617351497493,2.11324195913557,2.49619458639121,0.028882161384,28583824205.664227,19881882852.45201,2037837012.7048,26381556601.756606,27722965211.743404,9933367905.203519,28031297672.956313,28583824205.664227,28583824205.664227,6065250391.690738,13458540727.224239,28583824205.664227,81.5374434928,24446020901.568355,32260516081.566046,32354732207.034503,17185159283.903662,31580814736.278515,32350153009.416699,8882322363.321386,29203982085.87184,32355143195.40019,32355143149.509614,32355142439.631987,32355116848.124275,32353811536.029565,32329280851.027129,27132187769.580703,30703205765.381867,32054641542.446627,20985794055.153244,32355139458.343637,32354688126.263488,32348711362.19217,28932755773.651229,31476528433.655561,16696859523.988277,32240243215.81719,23867679828.598067,7263898804.128591,31253365625.581236,26809920872.633019,32355143197.617513,30895785311.196239,114256,1.322407407407,254717,5555435474.660431,14003578119.68322580574488131256,32337.48229669,81513.0445850873743719866344,173.685534,437.80887289966468489584,69.11151510844,0.06416874854996779,0.06515472411436417,,
2021-09-10,147388,9617,908400,1930582,1010,301306,1600357,137,62249,2243117,2232765,2224489,2206860,1276340,25422,1790142,148229,2161871,565555,3212,1545309,51538,1911696,259610,796,2192955,828819,7355,1631338983,4137,16670.380952380952,62635551859.72059767780179898136,1.740335313318,1.661609004578,76794330724.26499860734720606412,76107008254.461461958460537905,73320440294.17540956484861041279,44126169328.7532499534493268323785,0.2128289,0.505132336737957714567,0.180563,0.42855180907487591589,18742.77713,44484.4793570593686078039,0,0,0,0,0,0,0.530747718398,9.775618764175,9.991803691164087,9.333406062368,9.539811585826277,0.00005301921686663563,2.37341985387303,2345.5184667293956,32.329474539991715,2.52069854533576,0.0000542683537857151,0.000734284541811471,2.13782531955033,2.52069854533576,0.029023935737,28598920049.526138,19578489333.764788,1927775861.373611,26390422140.233512,27738618650.847385,9951969469.401044,28047369296.930173,28598920049.526138,28598920049.526138,5922138353.904634,13396014046.128751,28598920049.526138,81.5627290049,24430551701.160673,32260460703.607451,32355569970.409853,17172863769.261823,31577744908.344384,32350940871.352911,8839257424.110393,29194531413.839174,32355982273.29508,32355982227.404504,32355981517.526877,32355955926.841591,32354639487.581408,32329822761.39947,27119391222.119855,30697043476.847807,32053526871.291634,20970107564.759528,32355978027.004954,32355498930.443839,32348889267.365296,28796508956.937225,31422395452.121367,16365297480.846974,32230831861.425452,23578826492.171163,7257581826.298495,31254623519.270649,26813640101.502541,32355982275.512404,30892317755.970793,88065,1.019270833333,204985,3309865396.356042,7855700245.35875572628254134726,27979.48958388,66407.0760796144345610547564,231.211516,548.76200251848173781348,69.173137198458,0.06430658674383317,0.06558002421744447,,
2021-09-11,167372,9596,910315,1940013,1005,301488,1606835,138,62247,2253966,2243614,2235338,2217709,1280661,25418,1798366,148232,2172721,566106,3211,1573422,55762,1929083,276718,896,2205436,862167,8411,1631415431,4223,15966.177835661852,68752858050.50005784883412910628,1.897548355204,1.811713871534,84290047610.9666548483911402024,83532173213.07099455675293623,80477236888.47366372067775949762,44420500473.5827256306178446265929,0.21165819,0.5513644729109087095662,0.180329,0.46975268963393883642,19169.035341,49934.87408637977201874018,0,0,0,0,0,0,0.530621369498,9.02189139517,10.861561203164577,8.613791444776,10.370244871139493,0.000057761800372520645,2.60497584766698,2582.7193576792565,44.766498321296154,2.37341985387303,0.0000530192168666355,0.000740726947844126,2.01194440713977,2.37341985387303,0.029085298761,28613551970.624471,19587933925.78887,1885462772.103332,26392896545.307786,27752305620.610588,9918404176.762429,28062621738.322516,28613551970.624471,28613551970.624471,5258147113.779727,13448287068.881788,28613551970.624471,81.566993968,24424301742.237538,32261186371.550954,32356909861.213934,17169487593.699284,31577178731.71584,32352240328.224296,8885554604.276099,29192987168.794454,32357324034.570556,32357323988.67998,32357323278.802353,32357297688.41858,32355971643.387096,32330996261.941909,27116367595.833926,30695496979.661546,32053501999.53251,20974562895.554322,32357320448.162035,32356870821.377834,32351059224.60817,28964862169.476154,31489915835.729002,16784533893.923395,32244212918.271814,24003676595.738962,7276532517.289409,31258812716.176391,26822667750.243467,32357324036.78788,30893659517.246269,90566,1.048217592593,205675,3586534421.608366,9342835545.11605505166034995468,19367.3716979,50451.535505818530196365342,315.900721,822.91374846558514989258,69.200863597179,0.06459384749790423,0.06732072888301209,,
2021-09-12,157676,9582,910547,1945870,1005,301031,1609689,137,62149,2261810,2251458,2243182,2225553,1281617,25387,1803045,148038,2180565,565630,3202,1575414,55610,1934609,276042,892,2213255,861705,8311,1631804395,4341,16443.608385164709,68613482259.07674921098039897973,1.885058238907,1.7997850642,84089782626.32311238245808767788,83328555190.606637734645429635,80285866876.13909952706669159902,44608586032.3772358369445011595597,0.21293344,0.5533343646450245168544,0.182221,0.47352422080806571521,19091.825299,49612.51281966782777451999,0,0,0,0,0,0,0.531328941893,9.260692044109,10.769826181225996,8.841772037136,10.282638437864113,0.00005627092886839545,2.59862595863301,2564.3560239118797,23.28583111438232,2.60497584766698,0.0000577618003725207,0.000799266120879973,2.20819862169522,2.60497584766698,0.029080865649,28628699454.867761,19614734041.595797,2269838324.529064,26403754657.777073,27767765422.363463,9870854959.331138,28077547301.473293,28628699454.867761,28628699454.867761,5323587293.899229,13493285300.715496,28628699454.867761,81.5955043718,24434761335.75447,32262925824.818146,32358907466.625244,17193446051.127928,31578742261.797982,32354195601.911268,8868188818.391811,29197561720.314645,32359325258.490064,32359325212.599488,32359324502.721861,32359298912.338088,32357961277.869554,32332843450.731205,27123735772.448273,30698673299.410919,32054855688.966126,20985957153.42046,32359321662.476347,32358867212.868518,32352982517.103937,28967269432.214115,31490619997.711267,16793329032.441691,32245690497.900136,23981074299.19815,7289415785.27106,31266640622.77516,26841807542.347117,32359325260.707388,30895507146.543302,89661,1.037743055556,199262,3494266422.701243,9080291432.41115612689990783143,22446.57989452,58330.2651964294834891901052,230.116269,597.98611012717660143969,69.267663108161,0.06327389216238118,0.06145311526093384,,
2021-09-13,132467,9548,911118,1952943,1006,300808,1613998,138,62009,2271504,2261153,2252877,2235248,1283891,25301,1808908,147832,2190259,565581,3208,1560648,51843,1934082,261175,804,2221733,834858,7435,1631804546,4170,14037.590407673861,63466533392.94066162884579432064,1.752709474141,1.673826599706,77911098710.52444770324945498112,77189898703.47047194749014448,74404612605.78034971401323723104,44451804397.697797538042887928872,0.21059445,0.506940878725885579536,0.180505,0.4345098520612294224,16260.418305,39141.9182413742382803664,0,0,0,0,0,0,0.532193043579,8.066087161197,9.882967327484709,7.703062855052,9.438172064922409,0.000053503193559976836,2.40719011695648,2432.702353907558,9.557379652228882,2.59862595863301,0.0000562709288683954,0.000760339183858211,2.19991029612403,2.59862595863301,0.029093888329,28610239025.217924,19577296796.055222,2448019589.829106,26365401280.886068,27749043172.361902,9804875187.048425,28059062668.958981,28610239025.217924,28610239025.217924,5167452691.964349,13468454213.519938,28610239025.217924,81.4601955862,24452895755.565576,32269123407.134349,32365570824.74976,17224956375.176658,31584206797.873586,32360822070.87792,8929419905.259996,29204297832.4594,32365993095.591009,32365993049.700433,32365992339.822806,32365966748.439055,32364616578.86661,32339341694.870275,27133670751.812001,30704074754.638143,32060713777.940994,21025278851.342481,32365989012.796076,32365500205.234789,32358847857.467931,28828730301.021555,31437467811.474803,16467592073.537769,32240915562.763705,23662452433.062938,7314878729.403879,31278086842.119604,26871152150.420418,32365993097.807744,30909321237.930923,77212,0.893657407407,166494,4012601457.309926,9659094571.32162285777921402048,26895.06776977,64741.5413302651020137496096,255.93116450000002,616.0749698055631703647623391296,69.33020217265,0.06311925181872317,0.06292625083121521,,
2021-09-14,137096,9551,914604,1963413,1002,301312,1621288,138,61978,2283776,2273425,2265149,2247521,1287925,25269,1818411,147912,2202530,567221,3198,1566598,51603,1944219,260818,808,2233952,836475,7385,1631805530,4301,13161.940711462451,63133705302.71536741080695501574,1.745393881229,1.666843224673,77525733257.18404601008750477228,76805657643.72705501549662753,74036722946.74337859404279809344,44417328427.0799538977989485418279,0.20847233,0.4993344767654913371174,0.180021,0.43118763934667260638,16232.07246,38879.1807940825615159188,0,0,0,0,0,0,0.532354436674,6.237761894205,9.707167257186425,5.957034261604,9.270300616620247,0.000050937347993394595,2.39520744439078,2380.5659549457782,10.266051089208249,2.40719011695648,0.0000535031935599769,0.000731768850956473,2.0403265394156,2.40719011695648,0.02920967709,28607549556.215996,19552417117.144752,1721478014.515832,26358345474.654033,27747503394.196073,9661347471.090943,28057391316.252794,28607549556.215996,28607549556.215996,4380274398.571066,13414485854.157616,28607549556.215996,81.4358054419,24455784777.176387,32269733081.074328,32366597442.196996,17230728032.553195,31581737665.487829,32361798374.459765,8906400590.362549,29197426399.790447,32367022502.968691,32367022457.078115,32367021747.279594,32366996153.198717,32365636364.859597,32340118997.899647,27130721481.873477,30699307343.541005,32060239790.755465,21025641663.321131,32367018397.650719,32366525468.451642,32359769732.936747,28813408501.067876,31431493895.843773,16505754665.404502,32240766437.4739,23644126556.485346,7274588736.633416,31279490333.75064,26884406741.873613,32367022505.185426,30910359401.281248,77862,0.901180555556,171961,5188883938.52505,12428453437.634950205969019039,32218.06501595,77168.949170069594178732941,192.825378,461.85678085306613321484,69.428474126419,0.06256874067516423,0.06288608561901658,,
2021-09-15,140285,9550,918316,1975963,1008,302236,1629556,138,62102,2297746,2287395,2279119,2261491,1293947,25303,1829150,148257,2216501,569256,3202,1582320,53210,1958387,267571,843,2248361,851999,7718,1631807161,4278,14111.584618980832,65627602774.06255574661821214238,1.807705995777,1.726314721091,80595557317.0392324754174469611,79840699143.83489508643280527,76966773012.88027954606454917904,44584438788.8996746738731412162701,0.20839942,0.5188845718878937080284,0.180637,0.44976014046542670674,16897.649796,42072.71680654876318914792,0,0,0,0,0,0,0.532184241625,7.147725362975,9.968247215167517,6.825901747989,9.519430676904948,0.000051691953704397346,2.48985612286202,2571.247306727975,19.89790990853668,2.39520744439078,0.0000509373479933946,0.00070041959702093,2.02901745069459,2.39520744439078,0.029343755915,28611070452.917151,19490301794.157874,1541181488.754952,26357989994.468219,27751124228.893545,9688212195.943363,28060172264.720489,28611070452.917151,28611070452.917151,4165657019.642014,13490962041.930458,28611070452.917151,81.4283131214,24436292560.315321,32271665153.64437,32369136607.396218,17226571911.227862,31580734502.54758,32364277610.069703,8872817299.796906,29189636321.852779,32369564077.01082,32369564031.120244,32369563321.321723,32369537727.368019,32368163561.208568,32342474097.431975,27117536212.87297,30695187772.958965,32061179107.722894,21013496714.037064,32369560151.437902,32369071408.444679,32362556640.273767,28866359336.730183,31454422466.826707,16623894794.811606,32247541390.950432,23761602459.952104,7244345446.245962,31281163593.445963,26882365671.821055,32369564079.227555,30912136772.147752,81083,0.938460648148,183054,4528652464.306998,11275693066.56895445502367441596,35831.65736994,89215.6714948391330587156788,235.383724,586.07160642346380576248,69.557804967796,0.06253192967616697,0.06252824642596849,,
2021-09-16,140222,9527,921587,1987983,1010,302714,1637946,139,62201,2312897,2302546,2294270,2276642,1299346,25324,1840015,148487,2231652,571063,3202,1584015,52093,1968821,263510,818,2263204,846061,7447,1631845040,4306,14462.114026939155,63845220534.0427973639719346436,1.771021593473,1.690851402931,78389633610.0371850773123965545,77653875323.239794662592737025,74841110042.5295322588282000186,44262381610.1033331125223880419489,0.20991948,0.508353475026312725922,0.181473,0.43946579028039727095,16979.966753,41119.69553620657733306295,0,0,0,0,0,0,0.53196240863,6.554393340727,9.569276313353086,6.257690598679,9.136096555289026,0.000050665161668564695,2.42165936685015,2549.623437715197,25.109148117932204,2.48985612286202,0.0000516919537043973,0.000693348894700042,2.1065724768218,2.48985612286202,0.029483222045,28620600042.192233,19102840658.900897,2072845755.833783,26364244867.801624,27761159899.276781,9670042501.5398,28070110265.654306,28620600042.192233,28620600042.192233,4759154588.089586,13519591335.062794,28620600042.192233,81.4459994183,24417168783.249544,32271700581.342888,32369781565.412856,17219737374.152892,31577557832.426197,32364867120.40704,8880488448.369449,29182978636.908796,32370214687.390295,32370214641.499719,32370213931.701198,32370188337.747494,32368801252.952211,32342898972.463649,27106625253.550407,30690706700.117823,32060273647.981276,21006299326.839358,32370210636.33433,32369709982.585028,32362875426.599709,28810354540.100507,31432794092.885143,16506924125.478946,32243837419.043635,23641519520.804305,7229527529.341396,31283291917.502625,26885014669.066578,32370214689.60703,30904887395.404124,80888,0.936203703704,186554,4938704927.650218,11959861048.1531427858836208327,32979.91862645,79866.1288596983756509764675,239.727359,580.53800441259860825385,69.6494309332,0.062335687252978556,0.061204937624279324,,
2021-09-17,172740,9540,923685,1996600,1006,303079,1644332,135,62190,2326604,2316253,2307977,2290349,1303221,25344,1847612,148557,2245356,572151,3199,1583357,51046,1975358,259397,788,2276315,838883,7225,1631931503,4236,20382.914542020774,61989339788.05556284940190044172,1.724361256968,1.646303142873,76016089802.8192369833471062468,75299496231.14091268302690182,72575005408.89848133234336905764,44083621976.3460209363842541995866,0.20533759,0.4821813980937674002588,0.184157,0.43244434557137795924,22996.783334,54001.90554319630185366488,0,0,0,0,0,0,0.531686037952,7.913643729566,9.186681849339738,7.555410150234,8.770820580683617,0.00004973625595644015,2.34823734949732,2396.781151350294,10.446597389068398,2.42165936685015,0.0000506651616685648,0.000678769280901987,2.0592956837261,2.42165936685015,0.029562519555,28661606633.708219,19054290884.912516,2677107160.470902,26398242835.770171,27804313482.031098,9653984296.328877,28112964994.083417,28661606633.708219,28661606633.708219,4926767160.468752,13570517869.739334,28661606633.708219,81.5476564881,24415492773.365001,32272501415.064644,32371110118.639152,17211502753.988562,31576434915.174572,32366165078.965912,8784926912.212745,29179698950.732515,32371552992.241755,32371552946.351179,32371552236.552658,32371526639.428148,32370123103.35686,32344043324.46198,27105525083.216294,30688078524.204008,32060484741.731598,20996079808.439341,32371548691.065297,32371029877.720078,32363880318.835971,28763456854.202737,31412938223.425555,16388715821.353587,32240759644.996254,23541431071.383493,7269593494.540038,31287338923.440959,26896154024.092925,32371552994.45849,30906162626.377777,111995,1.296238425926,262636,4090600246.952676,9605700281.75723453351042882832,22918.61357922,53818.3444054208591929976904,149.761371,351.67524489412480402572,69.763600694502,0.06236803517202918,0.05934004025359097,,
2021-09-18,157904,9522,927108,2008209,1000,303976,1652734,136,62290,2341682,2331331,2323055,2305427,1309280,25378,1857981,148949,2260433,574132,3196,1592561,51364,1987263,261235,790,2291475,844039,7251,1632017893,4323,22836.481841313902,62481009085.0892832926657332795,1.738957192771,1.660240746804,76601962957.85996688358507336482,75877538147.78661310158736049,73134462835.8406352941681627262,44050516755.8467578553864464198866,0.21473332,0.5081156731477879046968,0.182441,0.43170352661038153334,22478.71354,53190.5652177007014763996,0,0,0,0,0,0,0.53099892593,6.111831929099,9.12635269539696,5.835170899256,8.71323496495069,0.00004908852148563005,2.36626375984774,2516.6227663423083,-2.2046645874974273,2.34823734949732,0.0000497362559564402,0.000691365470073425,2.0031913626088,2.34823734949732,0.029688926514,28671205261.402338,19036446475.725831,2856477841.452181,26404921609.038925,27811220162.209645,9623900078.960519,28122500118.780996,28671205261.402338,28671205261.402338,4899966296.380592,13592819738.63921,28671205261.402338,81.5658067659,24392280635.57888,32272822099.689831,32372087916.579373,17189782789.637238,31574062517.449803,32367097620.811252,8820434825.92897,29169491940.915428,32372537775.562108,32372537729.671532,32372537019.873011,32372511421.748523,32371092667.59343,32344830115.84754,27092149069.139912,30682679251.396511,32059984059.812587,20982796538.08605,32372533509.15582,32372009014.515204,32364849440.398488,28762722393.831263,31414602003.375103,16398152656.788721,32241830568.982489,23536822980.058871,7269255721.959493,31288175437.252932,26894716450.843277,32372537777.778843,30907147409.69813,104682,1.211597222222,226605,5296699607.142102,12533388327.18011765064006354948,32947.44252809,77962.3392338855714190730166,189.34407800000002,448.0380299131837980089951969548,69.910084001314,0.06213764638626295,0.05438301024801295,,
2021-09-19,145763,9516,930343,2019348,998,304786,1660504,136,62396,2357510,2347159,2338883,2321255,1314367,25377,1867689,149281,2276262,575871,3188,1592220,50275,1996030,257149,776,2306789,837235,7089,1632104637,4272,22729.488998127341,60281479093.92426166632788350032,1.680215460362,1.604159552308,73924350594.95956145393084535135,73223796791.514561274305532155,70578122837.61235001391697619946,43996947021.9317887106381294144054,0.22163329,0.5061009565127257730637,0.186539,0.42596293330720918767,19974.700276,45612.34873939112439619428,0,0,0,0,0,0,0.530700342421,9.717401709331,8.745752694749834,9.277537996396,8.349871226863643,0.000048360437077405665,2.28350604059853,2397.463141117661,-6.988887014932194,2.36626375984774,0.00004908852148563,0.000690875019216469,2.02033633526484,2.36626375984774,0.029803526231,28668122550.093692,19004615337.386687,1825155220.184899,26398651031.430544,27807867344.077286,9584115473.430826,28118906516.166169,28668122550.093692,28668122550.093692,4825240443.344646,13592177763.420348,28668122550.093692,81.5448206292,24376809407.911255,32272900772.404147,32372719446.953829,17180457365.324874,31571579851.478396,32367680439.915794,8824736185.720921,29160638906.668592,32373179345.96806,32373179300.077484,32373178590.278963,32373152992.702183,32371714215.401235,32345254457.207734,27077190521.830513,30677574479.829968,32059173902.978008,20964552678.020901,32373174858.547986,32372630373.248561,32365087534.701553,28702565908.899927,31391143381.796634,16335903076.294815,32237611081.920726,23453583872.514135,7276382893.396281,31289784727.678617,26896129354.048173,32373179348.184795,30907788980.104082,90125,1.043113425926,197329,3331464553.646848,7607419432.29246291425616793344,34691.70195625,79218.7109757407151218743125,154.958017,353.84756785866970191501,70.065434983405,0.06220552891503189,0.05466666628884883,,
2021-09-20,154852,9524,930528,2023692,1001,304521,1663000,137,62316,2362767,2352416,2344140,2326512,1315578,25425,1871391,149087,2281521,575683,3194,1565678,47047,1991571,244237,735,2310079,810139,6409,1632196919,4174,13708.921418303785,54793328723.22362280513156048228,1.53969484761,1.470000949894,67162580859.7895752229816118954,66523542710.055436228053289515,64122483630.10197896258121340989,43620708976.219122493912637091944,0.2098963,0.435441756514452058407,0.180021,0.37346375543298368769,16818.151273,34890.20688616658763872997,0,0,0,0,0,0,0.530758606328,8.517590422448,7.889702025875623,8.132043847028,7.5325766598626975,0.00004840816485435405,2.07455660968989,2220.0471649570227,-15.36819196642771,2.28350604059853,0.0000483604370774057,0.000687805012916708,1.94928550735224,2.28350604059853,0.029815586942,28680047768.393872,18993577534.033656,1681987224.524048,26412067266.467252,27820325697.477447,9440741209.459831,28131007206.871717,28680047768.393872,28680047768.393872,4808825743.217118,13614507289.990634,28680047768.393872,81.5831196803,24383054457.415523,32273835908.542198,32373965981.640531,17183005586.858727,31572166015.865555,32368898874.573663,8837241514.851963,29164108331.115403,32374426680.615125,32374426634.724549,32374425924.926028,32374400328.202667,32372956519.701537,32346375056.838978,27088049534.340497,30678588949.126936,32059882592.444796,20973409390.868181,32374421290.100776,32373836381.968,32364963759.890391,28561117780.485105,31333648106.373973,16131578144.021029,32226018603.016012,23144016343.425533,7266198780.991961,31294286226.531322,26907424915.706782,32374426682.83186,30909006450.148001,80126,0.927384259259,177193,3800890284.358907,7885162062.12285604314272935023,29051.32376602,60268.6157390377783791195378,357.1436445,740.914708306211329404105,70.164656656428,0.06253123043562875,0.05727085056019665,,
2021-09-21,136345,9520,932571,2032587,1002,304666,1669236,137,62356,2372064,2361713,2353437,2335809,1319449,25462,1879236,149109,2290816,576506,3189,1547131,43192,1985308,229632,677,2318408,780521,5758,1632276073,4278,12391.752921926134,52291644651.58853377524785653688,1.474476157587,1.407736879874,64091582393.2280299784212592678,63479374508.77605357077051378,61190602343.88258803106920403548,43467357585.558200487598436337807,0.20851685,0.412784817269088774518,0.180329,0.35698349228523982412,14739.222241,29178.10795357628962445548,0,0,0,0,0,0,0.531266431809,10.178564667297,7.50782097909341,9.717851857156,7.167994155333971,0.00004884763873665168,1.97962331230828,2361.9174038972856,-25.946948909831168,2.07455660968989,0.0000484081648543539,0.000699594955560684,1.77111089002108,2.07455660968989,0.029897835389,28686884914.81745,18971473080.173841,1804108194.433572,26414946887.352746,27826303516.90318,9423093350.41985,28136855596.650169,28686884914.81745,28686884914.81745,4692670302.469491,13589643443.247398,28686884914.81745,81.588943039,24377667112.592243,32274552146.05123,32375184095.486671,17200093611.405886,31571032284.887417,32370077900.488219,8845371474.422648,29163126656.777233,32375645402.00715,32375645356.116574,32375644646.318053,32375619047.594736,32374167129.270728,32347405253.01324,27086986030.621975,30676894004.151493,32059893927.976516,20974292029.768594,32375639534.555458,32374979942.269771,32364920719.183888,28366224903.137906,31259264734.598248,15854675138.969926,32211059373.658626,22818799276.50312,7270105777.609731,31297194999.844871,26912086071.74347,32375645404.223885,30910225174.370741,70686,0.818125,166789,3180767275.394323,6296721049.39789273891633789444,23642.44600222,46803.1372659844090062043816,304.05039850000003,601.9052569872225482382793692484,70.085535368258,0.06262085536777064,0.05499786634759107,,
2021-09-22,120786,9505,934820,2042266,1002,304960,1676042,137,62375,2384507,2374156,2365880,2348253,1323941,25486,1887736,149100,2303258,577642,3176,1602224,49736,2017136,254756,783,2333308,835806,6969,1632367960,4201,10718.799095453463,59250050589.15867909100239784112,1.654787962326,1.580361993688,72595066639.23519420042131922388,71883675934.68471988760562814,69330021040.70126483950360253864,43869709166.3732908251114245137028,0.2078968,0.466045160916058374752,0.179097,0.40148424691762117908,13013.92366,29173.4944754993792936024,0,0,0,0,0,0,0.531319641148,11.380946715452,8.484390051763222,10.869075706846,8.102794969931827,0.00005144191937489482,2.24171397018164,2651.5521028175226,-23.423381131818147,1.97962331230828,0.0000488476387366517,0.000720951482960797,1.68910703780308,1.97962331230828,0.029984888965,28700476737.715603,18968168208.420565,2812739140.516295,26430691594.591708,27842549075.918247,9899675222.981667,28153104921.129556,28700476737.715603,28700476737.715603,5433459846.004271,13543330803.802375,28700476737.715603,81.6171860322,24372036675.865007,32282022908.829207,32383267154.78615,17206113388.667416,31576374576.774233,32378120105.779815,8872971740.71808,29166558902.370336,32383732982.840682,32383732936.950106,32383732227.163679,32383706626.440406,32382241751.963053,32355302819.23859,27090129062.297505,30680241880.9545,32066709467.078709,20966820886.165492,32383728283.866653,32383170297.369523,32375287695.541047,28685113109.073044,31384634264.993834,16373480487.236902,32244169405.158049,23401339579.562483,7286498200.248639,31307341579.083075,26925509353.031523,32383732985.057417,30927237802.369426,62598,0.724513888889,143163,2845434021.854275,6378649198.020858207451360511,32742.89896994,73400.2140451605282306999016,329.285047,738.16289003181792593708,70.014319266328,0.06289846277492533,0.05740413181803135,,
2021-09-23,121245,9517,937310,2050765,1002,305394,1681879,137,62399,2395709,2385358,2377082,2359455,1327694,25489,1895363,149243,2314460,578907,3181,1614677,50728,2027810,259124,794,2345123,846635,7133,1632449543,4260,11434.692488262911,61096696182.24452843215417309577,1.708653522757,1.631803380812,74880826873.45727719947340072108,74143883126.231779801866452485,71512910500.96337666022819892322,43824465215.5217697208537743045931,0.20871236,0.4825845536174786790796,0.178789,0.41339578430676264479,14039.036774,32461.04971837871942399314,0,0,0,0,0,0,0.530973647018,9.801256331668,8.694056623357554,9.360425039484,8.30302387348318,0.000051541067913509025,2.31219920860211,2917.667270797298,-15.725957685851613,2.24171397018164,0.0000514419193748948,0.00073169643302849,1.91864520378052,2.24171397018164,0.03007660778,28695229215.444974,18961133402.09788,3512041975.291034,26423629916.897107,27852336422.956001,9762982191.602955,28163715837.640687,28695229215.444974,28695229215.444974,5791572097.524549,13541842116.239171,28695229215.444974,81.5919090817,24370113642.210933,32283013374.520737,32384640587.341222,17195640232.369125,31575124575.540078,32379452889.969701,8876822278.769337,29161138567.936955,32385110499.887493,32385110453.996917,32385109744.21049,32385084142.455733,32383609596.333259,32356514370.814058,27084334020.530569,30677504969.566272,32066965253.827156,20961306238.675014,32385106070.359436,32384553358.655472,32376914904.065003,28722490887.30876,31400720131.315755,16411819883.037595,32248836689.863187,23465675887.908326,7287547482.120496,31309646870.881579,26930760692.615577,32385110502.104228,30928524771.962902,67265,0.778530092593,144882,3304179526.196894,7639921285.55175309337836384634,28067.18535701,64896.9237701672522233892911,332.916793,769.76994530495247423323,70.015766412519,0.06289643074102035,0.05684717519791079,,
2021-09-24,153647,9518,939351,2060475,998,305885,1688969,136,62472,2404748,2394397,2386121,2368494,1331855,25484,1904081,149527,2323499,579933,3174,1617318,50304,2036340,257662,791,2354000,844288,7048,1632580412,4257,15145.263330984261,60215823045.99278047801746517326,1.687833746434,1.61122060081,73773694170.3117455193841893003,73044186797.57797041850990969,70425002519.46911918166376216324,43709100097.1943407475127900357844,0.2078296,0.473416053632112289424,0.174301,0.39704109310767476894,18072.238815,41166.8404312686039301761,0,0,0,0,0,0,0.530541787169,6.97540201852,8.474765961627972,6.65877871853,8.090084425238684,0.00005321796308445,2.27790484912694,2653.4780222757186,-16.819081249081233,2.31219920860211,0.000051541067913509,0.000734615671851685,1.9715545777029,2.31219920860211,0.030154864787,28701282474.199781,18976684225.443905,2444796843.704892,26434740269.801829,27857425818.797909,9614758267.983732,28169620688.467119,28701282474.129179,28701282474.199781,6202642925.740536,13564677434.77978,28701282474.199781,81.6223502472,24358888793.162771,32283992545.09769,32386176119.905778,17182468164.189469,31574553874.554478,32380952942.600848,8821162357.730574,29155647145.359139,32386644329.56351,32386644283.672934,32386643573.886507,32386617971.450509,32385138648.386531,32357875526.047603,27074641116.624052,30675773008.130937,32067373289.156244,20947933722.098949,32386639829.315048,32386083849.198479,32378227542.328533,28695467672.393684,31391680081.577786,16400752755.744472,32247923888.914739,23416964031.991065,7283939178.012016,31311232270.412913,26930661535.588195,32386644331.780245,30916569033.364646,86957,1.006446759259,191574,4642978891.50931,10576264131.3630819181323818114,27343.96346899,62286.9469803622248552635906,193.474668,440.71688442042480635592,70.054577335163,0.06291100117495575,0.056866925091243824,,
2021-09-25,204241,9514,941061,2062859,1000,306325,1688200,136,62490,2418528,2408177,2399901,2382274,1334403,25487,1904664,149719,2337277,580826,3179,1617389,50695,2039038,259448,793,2367911,848858,7096,1632621743,4074,24327.909180166912,60964467785.18645111161640450535,1.703690269766,1.626359587908,74626635130.56077579279791101365,73886568408.631214115616991555,71239324254.953665396375129955,43802935577.4818834754109494562837,0.20338513,0.4686348855546716836309,0.176853,0.40750022096010829929,28043.758655,64617.72120611157021905915,0,0,0,0,0,0,0.530244608308,11.842199875939,8.524468344787943,11.304681168835,8.137541823411876,0.00005391740820165031,2.30417477204293,2291.969046409758,-10.289318769722085,2.27790484912694,0.00005321796308445,0.000776763433569119,1.94597170564062,2.27790484912694,0.03019930245,28719015513.866151,18991598839.190615,1916032105.917993,26458265460.103995,27880992692.769648,9493090412.84239,28192249763.464909,28719015513.595549,28719015513.866151,6129109510.636008,13605783335.225238,28719015513.866151,81.6926392012,24348732838.437001,32284836685.645416,32387087113.063452,17173337454.374078,31574085208.46149,32381810951.047036,8821949442.292953,29150454716.449796,32387575817.12757,32387575771.236994,32387575061.450567,32387549457.014613,32386038651.644102,32358987617.545079,27067758147.410562,30673976627.933839,32067751994.029383,20944150285.730578,32387571374.052866,32386996448.417755,32379148686.85052,28706595929.112162,31397132789.758596,16392847155.24865,32250034165.659276,23429930770.326358,7283546627.186989,31315536200.203786,26937397385.820299,32387575819.344305,30917500321.2935,137885,1.595891203704,301913,2734928996.186759,6301754396.34222479005024556387,10252.96916043,23624.6328779969866380172599,99.491959,229.24686194892953779987,69.924145405918,0.06291266182705785,0.05587577447638189,,
2021-09-26,135672,9514,942949,2062543,1002,306699,1692748,136,62566,2429514,2419163,2410887,2393260,1337114,25512,1904577,149901,2348266,581718,3174,1609379,49114,2034391,253458,778,2378044,837013,6812,1632708718,4330,23824.101616628176,58301921577.48113469241779151271,1.634962019301,1.560754202533,71383115430.80811563750368491647,70672088329.166056784023677985,68143171574.22909126589373875292,43660412039.0122498442782277284657,0.23000026,0.5069045299963397059286,0.188981,0.41650094214344920291,18723.860853,41266.08328793554082558883,0,0,0,0,0,0,0.530017480369,12.45051970279,8.120681301923533,11.885414291254,7.752099021133248,0.00005109817105536492,2.20393024771511,2203.6530904717633,-24.637370158062375,2.30417477204293,0.0000539174082016503,0.000785737808557415,1.97174602876514,2.30417477204293,0.030259163329,28705098258.043327,18973263327.023272,1863807826.182022,26453614690.358161,27868725972.45223,9500189972.928995,28177904510.797379,28705098257.772123,28705098258.043327,6064268435.153784,13628440910.066099,28705098258.043327,81.674666657,24336497279.27829,32286081999.445352,32388499404.137461,17166740653.764108,31573864855.096594,32383329702.768303,8818783482.791921,29147012681.767925,32389008454.295642,32389008408.405066,32389007698.618639,32388982096.502641,32387458561.131017,32360395552.786081,27060544597.702087,30672579752.46439,32068408285.207719,20924608706.63451,32389003633.033801,32388389932.171194,32380103503.806777,28629453617.200113,31368656452.726108,16308990294.351064,32245197410.312657,23289899735.590553,7278354982.961771,31318940696.945168,26938735633.626047,32389008456.512377,30918932958.461572,81408,0.942222222222,213958,2601418192.146153,5733344240.62726460477542647183,13857.78005052,30541.5806195240531703673572,80.54692299999999,177.5197999600798690672275228489,69.949686171123,0.06301250439187514,0.05030869429594764,,
2021-09-27,136314,9505,945208,2071751,1000,307214,1699379,137,62590,2441048,2430697,2422421,2404794,1341540,25516,1912656,150027,2359799,582933,3169,1609605,48343,2041529,250790,768,2389094,832162,6588,1632794336,4313,14027.43194991885,57283760747.28179095229797866621,1.587428514525,1.516068712458,69677167860.2403581894908993872,68978583710.622152967818992455,66544964512.75980452243561451426,43893105877.0158971775620045050777,0.20886841,0.4493005543614667291353,0.180021,0.38724637726071454293,16033.783854,34490.55783071329226553582,0,0,0,0,0,0,0.529944431634,11.634060035109,7.902953730423391,11.111073195864,7.547691613870845,0.000050618365305198,2.15111779881633,2027.6410025473574,-24.470983606162044,2.20393024771511,0.0000510981710553647,0.000722932958213368,1.88269793879354,2.20393024771511,0.030341078753,28879820620.37393,19128890425.120035,2988776989.396243,26629764664.121437,28043725442.143156,9690994677.697088,28352629398.196102,28879820620.102726,28879820620.37393,6211337593.140218,13818059257.625539,28879820620.37393,82.2131015172,24328968511.501365,32287637407.284244,32390632154.894471,17165506761.122034,31573583002.722818,32385426380.881371,8840202345.168888,29143400581.160963,32391144684.783105,32391144638.892529,32391143929.106102,32391118325.990126,32389584517.677198,32362352230.387188,27056358797.009208,30669875517.828816,32069350726.239022,20918066560.723912,32391139641.349645,32390513348.967566,32381905031.718105,28589355656.21394,31353805069.002834,16266499634.470213,32243505711.269397,23184022197.78077,7269748631.926257,31321877908.949319,26945702587.909934,32391144686.99984,30935062946.983522,76765,0.888483796296,170251,2784165165.836477,5989067243.07526478214493726941,24973.12766247,53720.1394068516669457641351,151.491569,325.87621044651217452177,70.022797679038,0.06302857325774816,0.050284554832935174,,
2021-09-28,131507,9476,948029,2081480,1000,307623,1706308,136,62661,2453127,2442776,2434500,2416874,1346476,25477,1921286,150132,2371880,584285,3176,1597642,46868,2039950,244757,749,2400065,819910,6300,1632880425,4333,12960.99492268636,54401226818.15610472083992060574,1.519118213156,1.45043380792,66256728666.86958096158368140642,65585572826.23107776669350479,63261040798.74592201452195538884,43615255279.7091753830968632813884,0.20958383,0.4286630100594825569382,0.180021,0.36819798423341204034,15134.257603,30954.18391350892561505262,0,0,0,0,0,0,0.529832168155,10.011872913105,7.48521963788147,9.559202719052,7.146787872374536,0.00004961469876246009,2.04530573784954,1933.3768324494386,-28.50995713548263,2.15111779881633,0.0000506183653051981,0.000728575949408913,1.83989771062031,2.15111779881633,0.030446516924,28855289360.671212,19072098648.166499,2845729997.765719,26598090354.625531,28019288153.658031,9652809481.320696,28326397498.629922,28855289359.870855,28855289360.671212,5987533807.514154,13733010974.203401,28855289360.671212,82.1067201969,24325702491.232355,32290459075.408951,32394019089.468562,17163666807.760494,31573882572.837871,32388773026.333192,8814521948.23595,29141934174.452654,32394535172.036838,32394535126.146262,32394534416.420679,32394508813.624704,32392964511.916007,32365564597.029432,27048522097.045277,30668693349.623998,32071354391.033493,20932290281.972727,32394529598.317524,32393846422.050012,32384351472.269099,28514187606.899396,31323501614.896427,16174363765.009339,32239181223.639302,23055582034.381355,7280460793.41434,31326209217.159762,26953907517.682395,32394535174.253573,30929870106.001546,72211,0.835775462963,159106,3235611903.528082,6617815591.74025839172968078228,24926.11664409,50981.5293944641972781502186,261.969016,535.80673156359794985264,69.975342861141,0.06315132143524828,0.05076055906625303,,
2021-09-29,183678,9493,950619,2088590,1003,308277,1710935,137,62676,2465652,2455301,2447025,2429399,1350756,25511,1926563,150345,2384407,585652,3188,1604063,46987,2046566,245675,751,2412676,823144,6321,1632967216,4392,18737.403460837887,54572767643.7580287176784068525,1.529252114887,1.460425052552,66487175115.1627652547293523794,65810411781.345904630053330325,63494786285.6534761136116670026,43476922129.4052677505904068380411,0.2013739,0.413283160492076852705,0.179185,0.36774449475712985075,24230.314396,49728.2960368525822265762,0,0,0,0,0,0,0.529027178838,5.419880662275,7.432545391116567,5.175948049362,7.098028760432918,0.000049508371479678515,2.05231740802595,1925.5536429214583,-25.157315591518508,2.04530573784954,0.0000496146987624602,0.00072642050781611,1.75502658088165,2.04530573784954,0.030528965025,28857739524.776732,19025855818.500519,2667841527.30001,26590802879.87695,28022171980.08213,9756259899.003314,28329345564.814159,28855054051.269021,28857739524.776732,6273609667.915281,13762794922.507774,28857739524.776732,82.0801418458,24316528423.86694,32291704395.830575,32395622851.56505,17138441910.865653,31573149463.312864,32390354453.249662,8799854970.036689,29134891811.274658,32396146351.730717,32396146305.840141,32396145596.114558,32396119994.652161,32394557072.921219,32367094732.786753,27043409082.672064,30665402041.495761,32071910704.528133,20925672881.281199,32396140819.808464,32395448341.839272,32386012439.010843,28512266785.939323,31324185843.805264,16149086042.836907,32240784417.737856,23050413907.63579,7238101393.223493,31328506226.43353,26957903419.254507,32396146353.947452,30938092732.316108,120325,1.392650462963,278082,5977280381.732109,12267276580.08080291915942022855,24279.35771728,49828.948498862935743003416,119.029599,244.28651809804821009405,70.137443178727,0.06315084339845148,0.050477402902372376,,
2021-09-30,151376,9502,952837,2103156,1005,308578,1724185,137,62678,2480860,2470509,2462233,2444607,1356802,25486,1940634,150472,2399613,586670,3183,1622545,47792,2069447,249386,764,2428578,833263,6452,1633053781,4070,13954.02628992629,56110275721.78527299669646172528,1.57269302313,1.502037377827,68391401914.56503748753229607432,67693231869.85542430104871727,65318813326.4523385513142648742,43486809510.0022577403159326126409,0.20180323,0.4260134226435417700846,0.18,0.3799860689833236,18045.0429,38093.693978924631925458,0,0,0,0,0,0,0.529173908742,10.488258277068,7.615402928305194,10.017057193464,7.27326927588174,0.00004821743197070356,2.11103371657402,1987.899278124603,-24.056858514973694,2.05231740802595,0.0000495083714796785,0.000721815420562193,1.76993183720471,2.05231740802595,0.030627071845,28847549396.153718,18988325646.792777,2600964078.478775,26579526078.269464,28013123234.091664,9769101338.280295,28320406105.32398,28838062034.882408,28847549396.153718,5530997765.312163,13670311353.146703,28847549396.153718,82.0428798811,24317410518.080037,32291638649.910995,32396590240.702452,17143707933.856408,31571093211.60731,32391302023.933086,8791201229.169678,29130170392.290201,32397114917.177781,32397114871.287205,32397114161.561622,32397088558.099269,32395520736.339688,32367709864.131364,27038113172.263682,30662478808.062988,32071144550.430498,20920351144.498019,32397109719.103572,32396455815.235746,32387257454.734295,28546571122.542568,31338600252.593252,16206199275.811382,32244540987.62058,23110765197.822253,7228669162.940892,31332408996.876934,26970312799.501666,32397114919.394516,30941624860.66671,89419,1.03494212963,185420,3088893700.322921,6520758748.29477308046379911242,19309.93142492,40763.9163027383294392525784,130.640678,275.78687601408980998556,70.210545364257,0.06315592194244027,0.05077889446433056,,
2021-10-01,152946,9465,954894,2109418,1007,308863,1727515,136,62602,2491866,2481515,2473239,2455613,1359500,25430,1945434,150490,2410621,587455,3185,1645125,49827,2081138,257929,793,2440685,852856,6952,1633140286,4211,15712.499406316789,59562160227.8765726735614738383,1.666218990042,1.592162441149,72678099696.6948236065270629585,71932576027.43193863813414805,69447858488.4080703337921339893,43618576028.1473266245048865989499,0.20377382,0.457113366799614347826,0.179185,0.4019547684289811955,18926.512064,42456.6887510307164319552,0,0,0,0,0,0,0.529705218568,9.310321500082,8.040309606098814,8.896516181871,7.682951068583483,0.00004665819701600157,2.2432389342243,2195.299028692013,-21.58192674837025,2.11103371657402,0.0000482174319707036,0.000703319795377418,1.82377523599079,2.11103371657402,0.030678415844,28822906216.341989,18947952809.276867,1803005059.139374,26551857369.786981,27988548959.282428,9770799084.009247,28295864264.070828,28801755271.274898,28822906216.341989,5582320505.231466,13644800547.57496,28822906216.341989,81.9533813851,24318192151.900846,32292967739.947498,32398200102.444435,17161778042.286058,31570868376.759925,32392875502.255511,8760651266.384205,29127120295.97108,32398733181.24886,32398733135.362404,32398732425.636821,32398706821.575946,32397122070.222689,32369221768.675972,27036452808.36416,30660827023.327485,32071843236.599595,20938509740.403976,32398728488.361166,32398091035.37774,32389712081.565929,28640433624.057037,31376359165.630618,16348651699.11564,32253972950.397619,23356531758.686317,7229873916.057306,31336174791.653166,26985252789.085921,32398733183.465595,30958743372.748551,92880,1.075,204773,3479872653.503902,7806185822.4823799235013932186,19177.37677984,43019.438248826119902278112,177.698836,398.6209474815386729148,70.25834628386,0.0632992342892019,0.05192766444419544,,
2021-10-02,128230,9446,952701,2107451,1004,308211,1724737,137,62482,2493491,2483140,2474864,2457238,1356704,25382,1943100,150188,2412249,586216,3183,1644354,50029,2079668,258409,794,2442409,853286,6992,1633226983,4291,14702.768585411326,60007893385.92008657598027076946,1.672046119155,1.597731441213,73229909977.14514539669552686389,72475103503.401742135134543835,69975180868.10418461725558325726,43796584997.3900749682581164150256,0.21108497,0.4770853448072005147837,0.179141,0.40488693133436600161,15560.973241,35170.25529680348873096261,0,0,0,0,0,0,0.530225970303,10.620232022152,8.056565008365945,10.148212074045,7.6984881425089045,0.00004729111663273953,2.26015781610221,2333.358749992924,-23.784404142238575,2.2432389342243,0.0000466581970160016,0.000679884383597926,1.93233898089894,2.2432389342243,0.030597434391,28808048631.440513,18929987599.586893,2511956377.349452,26550311203.227226,27974118014.384582,9683721395.56375,28280957112.470962,28778157427.968988,28808048631.440513,5489019072.145732,13674670251.011335,28808048631.440513,81.9445133889,24333921654.266407,32294657756.939858,32399813609.639011,17179508349.47682,31574113699.429766,32394475179.836939,8806070836.504404,29136171055.894142,32400352510.969674,32400352465.083218,32400351755.357635,32400326153.34682,32398733437.989571,32370806434.997237,27048332492.682141,30666176781.273766,32074042301.643866,20961289593.106899,32400347861.841655,32399706905.991004,32391399462.803823,28663391292.19302,31384579272.94056,16384079537.930365,32256788332.291496,23396915030.095789,7231397347.523008,31343194480.625672,27003532492.460424,32400352513.186409,30960307448.256406,73719,0.853229166667,155626,3050813997.811437,6895321102.62754992845789897577,27379.52899837,61882.0564668630684188433977,197.281036,445.88627548414147068956,70.305426355324,0.0632787240382864,0.05135055499031788,,
2021-10-03,165863,9445,944137,2089305,999,305876,1708129,137,62216,2479272,2468921,2460645,2443019,1343519,25310,1924981,149276,2398030,581063,3175,1628343,49777,2061449,256158,789,2428164,845165,6973,1633313319,4204,19290.358230256898,59886316497.25495119208772941753,1.661621874739,1.587882325887,73076771588.92491654734695000775,72319404182.814381188670080965,69833766516.30013831741769117357,43979182448.1118454364995831721625,0.21741802,0.4903433575545953554718,0.180505,0.40709333916016820795,18409.436339,41518.84386194317248157801,0,0,0,0,0,0,0.531765171608,8.795595627916,7.983989159570027,8.405264191293,7.6296752403685,0.00004678795778380821,2.25530228614259,2311.6712346777504,-23.68923326168824,2.26015781610221,0.0000472911166327395,0.000665955518238971,1.94468567027496,2.26015781610221,0.03026446,28810918683.423487,18928860339.632202,2637239944.237891,26553565287.109667,27977631984.828893,9662550254.379348,28283080473.004329,28775661801.851109,28810918683.423487,5509217044.009095,13698464988.464947,28810918683.423487,81.949866141,24384196027.138202,32297611406.467035,32401660140.56135,17230365181.34314,31584004854.990815,32396354296.417665,8891490305.030109,29165254662.27489,32402207026.94099,32402206981.054534,32402206271.328951,32402180668.658158,32400579882.6887,32372889530.462183,27086882568.84082,30684070084.34573,32078971849.459759,21005330696.228614,32402202366.194032,32401553089.192026,32393298859.295074,28692495761.232589,31394566614.931624,16433550577.824385,32259874835.970909,23439973222.842327,7305952490.729815,31356991483.193627,27035082541.660943,32402207029.157725,30964260066.326623,84673,0.980011574074,183446,3683912767.239735,8308336885.90564937701492381365,22179.72556991,50021.9857838332828832734669,166.598327,375.72958775063077744693,70.341880406103,0.06323564387169875,0.05135579901963858,,
2021-10-04,158714,9470,945613,2094035,1000,306281,1711010,136,62330,2487703,2477352,2469076,2451450,1345495,25344,1928827,149494,2406462,582074,3177,1623663,48816,2063520,252635,778,2436181,838167,6770,1633399503,4160,16506.821153846154,58311616944.88036892096621344669,1.618331892546,1.54664436473,71190299381.70834965837336267695,70441947111.345244094754611545,68036770374.05823286501552058454,43989925496.5000336305865114172449,0.20505274,0.4504502678670529257158,0.179097,0.39343191231770703399,19708.643822,43295.02687414095398947474,0,0,0,0,0,0,0.530844892704,11.705913926318,7.7593537852988925,11.187375031998,7.415636348301474,0.00004456928424426616,2.19675322488767,2160.507962921948,-22.57978438472172,2.25530228614259,0.0000467879577838081,0.000659360472657959,1.94049002175437,2.25530228614259,0.030326204661,28801120074.040797,18975279806.10521,2341148460.628537,26544454918.399907,27968192565.817267,9766078368.969351,28271076647.433764,28761356579.199233,28801120074.040797,5804621286.758105,13781345656.350547,28801120074.040797,81.9094981357,24377973419.18353,32302270394.374053,32406499696.096044,17203118861.365209,31587171416.644807,32401171267.047415,8812985515.941689,29165324792.945421,32407053541.70085,32407053495.814394,32407052786.088811,32407027184.417977,32405413895.432228,32377643194.198135,27082134751.458688,30685960173.418014,32083296185.523651,20981444429.582701,32407048694.882531,32406380915.935635,32397773868.474931,28644470579.6291,31380061992.496098,16350737944.182554,32260721040.389433,23331080232.608709,7278436132.894742,31362199137.752316,27035434747.904985,32407053543.917585,30971512686.654762,96115,1.11244212963,208834,2768434292.948115,6081566960.92338815979401324205,15834.86883191,34785.2991721715445938615497,116.484665,255.88806348870990258055,70.358958191056,0.06310499465478164,0.051115376738766614,,
2021-10-05,132143,9485,948726,2108545,1004,306984,1722268,134,62425,2503756,2493405,2485129,2467503,1351058,25396,1942290,149749,2422515,583754,3185,1636398,49667,2079480,256033,792,2452529,846787,6958,1633485913,4093,11335.795260200342,59304395974.9495013344681109965,1.646332333688,1.57340809077,72447962596.49192531702549082065,71682826203.812705129944469725,69238882196.9006217387657723826,44005673164.5542593979013552677076,0.20423515,0.4565575500388534048025,0.178261,0.39849362574207254135,15089.914168,33732.7548310790916431588,0,0,0,0,0,0,0.529924729173,12.303420205744,7.867795933438791,11.758440564976,7.519292141018751,0.000043357932274733024,2.23545041115035,2197.9897297487673,-23.332652841428402,2.19675322488767,0.0000445692842442661,0.000647699646232143,1.88785140203371,2.19675322488767,0.030449516655,28790338743.862134,18921987594.609847,1713463385.792963,26529059056.34999,27957899941.759427,9733351489.500313,28259339658.138281,28746902354.870261,28790338743.862134,5577494349.505682,13756431897.498208,28790338743.862134,81.8579209815,24362521005.119598,32303072877.43426,32408108257.27059,17174152809.019513,31585384260.052538,32402729432.07512,8689029474.380067,29158261100.672102,32408664594.020324,32408664548.133868,32408663838.408285,32408638236.737451,32407015126.82579,32378925453.85434,27073450234.62887,30681665863.915379,32083242873.255759,20958320175.342267,32408659880.289043,32407996097.140479,32399419184.983162,28671569002.547165,31390518445.218766,16369343571.730798,32264037626.730464,23394257528.155966,7240695312.470125,31364742001.201792,27037550234.62887,32408664596.237059,30973123738.974236,73885,0.855150462963,157434,2634118322.733305,5888440887.57283699546130740675,18824.66411365,42081.6031326261314596372775,161.960046,362.0536514206295989161,70.314632497189,0.06308440852655416,0.05091032870574131,,
2021-10-06,165096,9491,948589,2109760,1002,306983,1723685,134,62387,2505423,2495072,2486796,2469170,1349766,25389,1943264,149731,2424184,583732,3192,1636708,49103,2079406,254081,782,2454008,842581,6852,1633573004,4347,13785.528180354267,58707553861.364735637810936337,1.628394270435,1.556277455312,71679123678.4082088241904801512,70920178031.4098840818634291,68504665130.9095554018796305284,44018285362.3366480619183305302565,0.20293076,0.448815265056500887016,0.176633,0.3906533771061859778,18784.48864,41545.033625816164441024,0,0,0,0,0,0,0.52967360807,9.904529065109,7.737618853216487,9.465886468267,7.394942366041759,0.000039907523718925414,2.2116669994066,2287.5807070263,-21.84957183089513,2.23545041115035,0.0000433579322747331,0.00063499637342969,1.92580959936216,2.23545041115035,0.030439109781,28791564855.43969,18863187494.635817,1369676831.60181,26544481550.394445,27960782320.293782,9481748482.188833,28261824134.290889,28746423430.161209,28791564855.43969,5586205737.55121,13772622925.626511,28791564855.43969,81.9032806885,24367986968.814147,32303927935.578302,32408988868.119021,17166481243.447608,31586398995.80723,32403620900.722866,8708131380.758571,29158354911.03026,32409546144.486197,32409546098.599741,32409545388.874158,32409519788.481886,32407894413.968892,32379569269.596003,27075918678.166859,30682509268.424614,32084199447.920018,20965938364.684739,32409541346.112319,32408870922.713627,32400245411.102305,28647978736.609477,31382767755.842568,16326125318.397202,32263065179.485633,23349254642.521682,7258759819.445345,31366548827.779862,27042418678.166859,32409546146.702932,30974222226.623474,92566,1.071365740741,191971,3272194562.068838,7237004728.5653804798143515308,18726.90263491,41417.672558730950946444406,131.263528,290.3112131032842224848,70.353327549715,0.06308077488969764,0.050757761515142226,,
2021-10-07,131564,9495,949454,2113639,1003,307000,1725044,134,62471,2510622,2500271,2491995,2474369,1351528,25420,1946132,149775,2429380,584015,3204,1646517,50271,2086077,258315,799,2459858,852324,7069,1633659109,4173,10946.945123412413,60338731421.14574945130827503529,1.669696166082,1.595953580551,73692622305.53097504690524629408,72907959270.643721827626518215,70437967588.27174690908347077885,44135348575.7054799620056508079192,0.20805206,0.4730389295604499698454,0.180021,0.40930592630710680789,13613.262108,30951.88259801010703727772,0,0,0,0,0,0,0.528805013278,7.355351526132,7.8843572425774,7.030500424453,7.536142459478474,0.000042257223718923756,2.27365655288609,2327.9203108504967,-9.208468550050208,2.2116669994066,0.0000399075237189254,0.000616332068344123,1.90958125846447,2.2116669994066,0.030473481183,28788015111.823302,18845685126.731705,3037732309.201582,26538190803.071881,27957599320.773659,9415180174.97628,28258519495.333216,28740669143.607085,28788015111.823302,5125928820.708237,13773700504.646648,28788015111.823302,81.8789310699,24360845729.100069,32305698107.549984,32410942180.147244,17139364372.025628,31587418770.134483,32405539614.877831,8689593214.325366,29160266905.641055,32411501291.586177,32411501245.699721,32411500535.974138,32411474932.581932,32409840430.37645,32381514948.063956,27074011860.304437,30683775591.036785,32085645449.128586,20956886764.324985,32411496782.288795,32410836765.19407,32402541012.321658,28698416726.807606,31402562501.687011,16370222297.78743,32268796582.016013,23435770018.051675,7234902693.935737,31369848004.504663,27042611860.304437,32411501293.802912,30980038519.388765,65432,0.757314814815,146541,4406519685.517416,10018912358.39822542664975914344,38938.48573864,88532.7432591203983974315176,299.53329299999996,681.0358344369991006481078845564,70.429070360227,0.06310363153999653,0.046326768036051125,,
2021-10-08,153538,9494,949906,2114539,1000,307024,1724694,135,62449,2514017,2503666,2495390,2477765,1352738,25413,1946188,149753,2432778,584309,3204,1642307,49696,2084669,256010,789,2462772,847408,6961,1633745551,4172,14776.829817833174,59199873504.36232313410052040981,1.641660280902,1.569158470407,72384971540.79950917827869093823,71611701010.820530071557570595,69188182564.15796572756539875664,44092539962.6577893512988561034244,0.20942651,0.4676980572257719211847,0.180505,0.40310960546273707485,17912.249555,40002.21518000131707190335,0,0,0,0,0,0,0.52887483442,8.801630314039,7.687007142549731,8.412917654968,7.347520379295054,0.00004140712559427504,2.23323235069797,2226.7110398608183,-10.534524717218014,2.27365655288609,0.0000422572237189237,0.000633452782404176,1.96068259670681,2.27365655288609,0.030492579793,28761846857.139766,18810483830.157025,3093088512.370216,26508604662.591473,27932023560.177983,9313467368.021044,28231703381.088621,28713191825.611823,28761846857.139766,4948227772.639917,13740917170.980026,28761846857.139766,81.7847575874,24365365458.67756,32306807769.138862,32412082944.076577,17142233241.504567,31587911666.592434,32406669510.357894,8737222472.084616,29160935692.500539,32412646858.364724,32412646812.478268,32412646102.781878,32412620500.085366,32410976562.458391,32382722920.885398,27074378325.186181,30684031169.719927,32086662131.300569,20963731895.875859,32412642135.856458,32411967536.420166,32403494857.050569,28674352597.560062,31392692400.726339,16341019181.177597,32267526024.33542,23393210647.141191,7249012006.350828,31371762147.59152,27047078325.186181,32412646860.581459,30981184086.167312,85530,0.989930555556,187418,3682573080.680399,8224041337.58495259083014809003,22272.66528634,49740.0366537221532889067298,204.6289515,456.983994379205894278455,70.454701092704,0.06306063457847237,0.0464046491012274,,
2021-10-09,130258,9505,951332,2122383,1001,307389,1729623,135,62529,2525787,2515436,2507160,2489535,1355826,25446,1953007,149941,2444550,585056,3204,1650641,50234,2093433,258216,798,2474758,852999,7056,1633832611,4313,13932.078135868305,60078795477.5669904903190828192,1.664311955919,1.590812040895,73472279411.3533392053932182592,72685141186.1292647724585448,70227571426.0711181658518788336,44145737912.9234007633430926610055,0.21374892,0.484506366470689502016,0.182133,0.4128423107092475184,16316.096043,36983.8238657801164998864,0,0,0,0,0,0,0.528194875912,12.339965827043,7.754997865551407,11.795004026785,7.412518991861898,0.00004120468812694962,2.2667079041648,2122.383045428654,-10.076200569121523,2.23323235069797,0.0000414071255942749,0.000627119723575734,1.92909687553349,2.23323235069797,0.030546466044,28758082943.379621,18787911613.053254,1428765474.594696,26504868742.540454,27928057463.220851,9299446809.879069,28227930476.227982,28701250242.352719,28758082943.379621,4520314971.738158,13729608312.809073,28758082943.379621,81.770697682,24353748530.97726,32307327216.416731,32413080438.756547,17120724481.254841,31587401747.192484,32407623026.882255,8710761597.259409,29157846798.359142,32413651212.550269,32413651166.663813,32413650456.967423,32413624854.796569,32411967717.38786,32383565204.654921,27067838046.425317,30682608439.783717,32086786173.916356,20944669292.921785,32413646585.856385,32412969457.553056,32404600722.819142,28691616407.21161,31400406840.747676,16354210081.215011,32269905864.695143,23418775051.751271,7222748616.565258,31375039194.896892,27048938046.425317,32413651214.767004,30982188440.352857,76333,0.883483796296,173028,2626721310.9887,5954009957.65621201673573776,17695.5558303,40110.65626913052029203344,153.393752,347.6988301078950983296,70.486818613451,0.0630084303080551,0.04646516895172021,,
2021-10-10,121916,9493,952432,2126400,1000,307638,1731432,135,62502,2532983,2522632,2514356,2496731,1357295,25427,1955925,149939,2451745,585697,3201,1643514,49005,2094261,253673,777,2481468,843901,6796,1633918650,4122,12694.795002426007,58225422561.7348853959253451222,1.613524919644,1.542271378977,71204930846.39011728702696154676,70438621411.42608000345266882,68060508734.28437639156688083064,44130047190.1533559382316338539643,0.21332791,0.4686066493845351824212,0.180505,0.3965062201526069566,14639.627765,32158.1311849605680672198,0,0,0,0,0,0,0.528514832031,14.135487117874,7.487976252432857,13.511261551885,7.157305920712898,0.000040157186886619314,2.19664951193932,1989.501942595908,-7.447917048694507,2.2667079041648,0.0000412046881269496,0.000633181264870849,1.95624952919938,2.2667079041648,0.030576399679,28760466503.384492,18748490105.063927,1227433957.914423,26506469168.279085,27930272288.428627,9289235377.742727,28230330461.605593,28703573957.274125,28760466503.384492,4425451876.068124,13716093619.944563,28760466503.384492,81.7716159115,24354930333.757144,32308791149.849929,32414668327.422252,17131937462.716841,31587890025.69116,32409183299.663094,8726666764.036801,29156777118.127273,32415244423.156608,32415244377.270152,32415243667.573762,32415218063.502952,32413548602.166017,32385105843.516065,27068394483.17784,30681849871.296166,32087982541.701767,20949901072.136367,32415239578.204592,32414543222.681223,32405760824.866724,28636796539.544847,31379474092.542365,16276555245.607779,32266800310.60878,23307994569.491641,7237003239.431807,31377764314.066541,27058594483.17784,32415244425.373343,30983781602.098602,68625,0.794270833333,154867,2293181986.235528,5037317090.85231301533756416096,16750.43188135,36794.828016940303194639682,186.831727,410.40382192933027480564,70.327798680011,0.06283027209452227,0.04554224361933387,,
2021-10-11,113000,9493,953328,2130349,999,307786,1733451,135,62506,2538668,2528317,2520041,2502416,1358717,25393,1959098,149920,2457432,586242,3199,1641407,48496,2096830,251653,768,2486816,840322,6665,1634005033,4220,12612.40355450237,57362898728.93547685418970732495,1.589162122835,1.518545155581,70118717932.99966638811405047714,69362198505.006821754187570065,67002880261.68141885678172998501,44123073993.1786164450959242015248,0.21540529,0.4659390774130979936151,0.180021,0.38939999409941749299,14303.126953,30938.82131029946120499807,0,0,0,0,0,0,0.528503003334,12.761362911849,7.346524078737848,12.194291287178,7.0200695006656915,0.00003775722915407679,2.16308094110919,1933.0578846773906,-16.963493421774018,2.19664951193932,0.0000401571868866193,0.000640049071683456,1.89914785302321,2.19664951193932,0.030607641159,28761892105.47038,18688982991.36574,1174241406.115411,26519071773.394105,27931478886.016455,9270559918.879312,28232248178.474082,28703886815.035101,28761892105.47038,4426737359.415535,13723371048.202901,28761892105.47038,81.8082538014,24358113001.49048,32309513289.679245,32415553145.314099,17132023269.801184,31587731449.896058,32410042336.884747,8730268598.419235,29156475058.345897,32416132284.097071,32416132238.210615,32416131528.514225,32416105925.392693,32414428466.632179,32385922739.837562,27065864286.978894,30680973631.380212,32088471282.510164,20953246991.438811,32416127284.455335,32415421872.811164,32406431149.34727,28612940607.030973,31369446685.457745,16239909209.1092,32265470855.244801,23251111631.553218,7240355710.557838,31379591559.692326,27065164286.978894,32416132286.313806,30975669466.776179,66401,0.768530092593,142262,2540177919.101059,5494610443.83390260280316363221,19967.6728329,43191.692543149737955524351,206.922699,447.59054648977364850381,70.36724497827,0.06281656261765363,0.04184031790297174,,
2021-10-12,114149,9472,954227,2133847,994,308094,1735411,135,62516,2544136,2533785,2525509,2507884,1360181,25409,1961959,150004,2462897,586759,3197,1635643,47829,2097184,249137,761,2491894,834956,6494,1634090721,4248,14780.577448210923,56096727693.58447031519395169716,1.55550213645,1.485903887379,68602769959.01650442728579730142,67857517661.57493343842700513,65533257832.56152477815757324582,44103295232.733669123313083238972,0.21947783,0.4644495502956457302154,0.180373,0.38169758984530012574,14829.019461,31380.53360554379837328318,0,0,0,0,0,0,0.52854408841,9.007536413485,7.149880156648634,8.604509797108,6.829971152148615,0.00003765659820238652,2.11615701820838,1830.0314930172776,-18.56630958456328,2.16308094110919,0.0000377572291540767,0.000614587230424432,1.87238177835063,2.16308094110919,0.030631858079,28755843384.664003,18609623846.772525,2543061444.587436,26508773787.059582,27926853260.051586,9555913063.951435,28227529048.893996,28686872233.268693,28755843384.664003,4792347905.653087,14020486779.261804,28755843384.664003,81.770353773,24348838282.389507,32311776973.578557,32417980762.46763,17134639914.893122,31589415087.759154,32412447960.703041,8742510012.724052,29154917835.747792,32418563161.445974,32418563115.559518,32418562405.863128,32418536799.741662,32416852160.945285,32388301905.121219,27064961319.712404,30681072843.775109,32090461973.577107,20956724541.151778,32418557979.358006,32417835000.818521,32408476382.359707,28579769799.700274,31357928391.41641,16229322230.906541,32264801756.144119,23170908819.537514,7253803909.215141,31382361764.841828,27068161316.096208,32418563163.662709,30968050701.665089,67565,0.782002314815,145477,3599048804.857573,7616152387.27383538435353506174,33293.80395279,70454.9168975504620479023802,254.836053,539.27310204847269072414,70.436014647998,0.06283787667070694,0.0419312208615052,,
2021-10-13,139765,9469,956585,2141485,992,308459,1740201,135,62557,2552923,2542572,2534296,2516671,1364041,25396,1968462,150166,2471685,587971,3198,1650608,48859,2108193,253639,775,2501309,845902,6735,1634177961,4163,14446.7302426135,58250192081.4191674401181260266,1.5874511148,1.516423089271,70811204214.6003086995489987194,70037901313.48340385692352905,67642867266.2735679255739263886,44606856585.6319548738920934255453,0.21710189,0.474183730374386471267,0.180417,0.3940583201876118351,16189.939055,35361.3029146538950113665,0,0,0,0,0,0,0.528147938989,9.880037469121,7.332865192341834,9.437970594091,7.004767570169135,0.000038085354852723064,2.1841529356303,1898.2175877932887,-9.265457670131019,2.11615701820838,0.0000376565982023865,0.000606129840347104,1.83595124614069,2.11615701820838,0.030720729835,28919169624.913985,18729813257.258962,3318433336.473744,26669465828.687222,28090676962.134857,9905183060.250075,28391276530.436993,28846824268.639508,28919169624.913985,5284340905.29944,13973479450.971877,28919169624.913985,82.2612646226,24343809135.552613,32313266316.474231,32419858175.799218,17122789779.581977,31588804469.920898,32414285641.916887,8733451766.535553,29150747361.825003,32420442293.489863,32420442247.603407,32420441537.907017,32420415931.937549,32418722236.92521,32390087037.790189,27057600689.900222,30679304398.42876,32091346732.884785,20952407961.576492,32420437402.92524,32419728424.028814,32410788734.433298,28621795654.982685,31376566240.498038,16288793158.49264,32270324382.613165,23278656322.457122,7243793009.326061,31384086487.261307,27070900667.168717,32420442295.706598,30969840143.887762,74573,0.863113425926,172356,3281408840.50617,7167098751.994770083279988951,22161.73053119,48404.608798346286296459057,295.796349,646.0644640170747537747,70.309287175447,0.06279642756616417,0.04035361257899842,,
2021-10-14,128621,9470,957668,2146432,993,308606,1742613,134,62495,2559802,2549451,2541175,2523550,1365468,25379,1971957,150193,2478565,588460,3203,1650977,48596,2112192,252941,771,2508019,845162,6691,1634263467,4284,14447.099206349206,57939612702.2150610743242621831,1.572194848323,1.501759489819,70433938850.3600395895951700405,69657748177.15730279602068485,67278452277.5018933434325817483,44799751713.6543179193807899845903,0.21940536,0.476613769028052870696,0.180725,0.3925885101785792975,15618.151314,33927.2748989175854469654,0,0,0,0,0,0,0.528090510825,16.875953353572,7.267276499125284,16.119899594823,6.941697754154666,0.000037855436162696464,2.1722977461811,1921.549592438361,-9.306488201333094,2.1841529356303,0.0000380853548527231,0.000607120152550862,1.88209828821576,2.1841529356303,0.030745798288,28922529144.919891,18681176902.60492,2416256200.170301,26672040149.225821,28094680724.171447,9975326557.874477,28395103040.413486,28849216667.879695,28922529144.919891,5570574143.412374,14145047292.053743,28922529144.919891,82.2609293871,24349590956.198055,32316368732.740674,32423116776.099042,17122650342.163586,31591031226.460464,32417515799.75137,8696082952.922204,29150421644.280818,32423703872.71612,32423703826.829664,32423703117.133274,32423677512.101546,32421971971.468867,32393246721.315035,27060585972.025938,30680792105.723734,32094116785.534738,20963558248.652041,32423698904.603241,32422983125.061032,32413925288.019789,28612393091.772385,31374935221.538981,16266048066.735483,32272599591.450053,23264474939.030508,7250618537.569058,31388773740.98728,27082485895.531759,32423703874.932855,30971100713.876553,71184,0.823888888889,159168,1921296130.394262,4173627253.8019241631478528482,14663.69753381,31853.917103376817415632991,258.6130415,561.78452718348928081565,70.333094589781,0.06275340158353578,0.04035437314843776,,
2021-10-15,136487,9453,958394,2152141,995,308737,1746499,134,62486,2567738,2557387,2549111,2531486,1367902,25377,1976934,150253,2486501,588848,3204,1659558,49277,2119321,255774,780,2516372,851770,6871,1634351216,3965,14964.843379571248,59103636556.4585554324709031215,1.604550823978,1.53199335285,71883299256.86569657059572117972,71085724488.973801088870204635,68632750671.87378842528613883523,44799639988.1327843466098741684434,0.2146777,0.475903883100841435877,0.180241,0.39956358668822500541,16368.745022,36286.71872978594505867622,0,0,0,0,0,0,0.52847072066,8.835847934074,7.3562317789354275,8.43629263686,7.023584431817353,0.000036077638650160975,2.21682961528301,1980.3596831051823,-10.965553594525526,2.1722977461811,0.0000378554361626966,0.000573689030787979,1.87285254216895,2.1722977461811,0.030776628882,28913675911.444956,18637019732.957172,2291165263.682259,26661334794.96715,28085814579.231643,9956125976.776179,28384826769.63234,28838427235.233902,28913675911.444956,5447627307.458324,14124852355.60018,28913675911.444956,82.22165255,24346358782.583343,32318427664.982026,32425581489.226622,17136282689.393721,31592396191.731123,32419953873.430718,8688817871.651597,29150850811.502185,32426172384.373637,32426172338.487181,32426171628.790791,32426146022.980083,32424431780.283447,32395599843.90803,27061212712.869289,30681741699.45847,32095982596.091773,20966847763.342043,32426167606.510304,32425454339.94266,32416580643.528425,28644194309.803878,31388631506.670462,16311813337.875165,32277344338.253984,23349720128.445353,7228398427.284569,31393128113.457602,27091212557.829236,32426172386.590372,30959867280.152623,76248,0.8825,172071,3669842739.319382,8135416067.95453315475270829982,23195.96730583,51421.5072787003968626729483,206.456784,457.67951304728749443984,70.401273552189,0.0625126260729184,0.03982895554665789,,
2021-10-16,124677,9451,959132,2156231,995,308835,1748629,134,62509,2574545,2564194,2555918,2538293,1369043,25382,1980379,150298,2493303,589142,3197,1657691,48805,2122122,253865,773,2522863,847675,6720,1634436727,4328,13722.82971349353,58206253163.52298342468741872408,1.578657324065,1.507272362688,70765529749.32500905865551703808,69978778021.90736458196742382,67565598687.0221003890719102774,44826403216.5688505209177569996422,0.21237552,0.4634690422457340310464,0.182925,0.399198902739830361,15866.575137,34625.77222867007563449684,0,0,0,0,0,0,0.528417417273,18.116585299214,7.220563482067958,17.297375378124,6.894058396110911,0.000035815448271941975,2.18230915806932,1994.062916969778,-9.883727334127611,2.21682961528301,0.000036077638650161,0.00057405351570288,1.90819214474568,2.21682961528301,0.030803451972,28929884674.822133,18597703349.793026,1918199969.769242,26671864042.864494,28102614557.244051,9880155304.618952,28401100208.215005,28854583247.460043,28929884674.822133,5418042107.908071,14099471353.971647,28929884674.822133,82.2522679753,24342724297.33898,32318964558.390664,32426307464.334352,17134940905.986788,31592297003.896281,32420651142.680114,8700826064.366898,29149552872.595231,32426904081.314209,32426904035.427753,32426903325.731363,32426877714.751343,32425153556.314901,32396241326.120897,27058295994.401816,30681404773.582693,32096240957.833169,20960302390.833428,32426899159.561905,32426174545.900605,32417097194.790191,28620297921.287299,31379434609.209163,16280191870.616611,32275689632.492231,23278762104.953686,7238810863.44757,31395671902.05964,27094595774.722313,32426904083.530944,30960598977.093195,74710,0.864699074074,173890,1789901548.662036,3906118541.68761978507894033552,11498.45217724,25093.1774900129638688462768,162.306642,354.20327125207853242344,70.368689072504,0.062325911339242354,0.03963963427134812,,
2021-10-17,96733,9453,960003,2159612,999,308920,1750476,134,62502,2580775,2570424,2562148,2544523,1370556,25395,1983162,150282,2499533,589479,3193,1655786,48372,2124051,252076,764,2528849,844304,6609,1634523288,4089,11347.235999021766,57396572806.4985106819868174371,1.555644938658,1.4853015946,69813740350.4189900968359513279,69033886969.83845374088264995,66656894057.6673158619988055083,44877682956.7954061448394717915651,0.21179296,0.455956874374689093152,0.180285,0.3881252006518102545,12648.910743,27231.1119624689426771091,0,0,0,0,0,0,0.528985459696,15.940928119135,7.102069014213165,15.220109271967,6.780926784533864,0.00003502708435245353,2.1528424475237,1930.5313493421027,-8.320917901056623,2.18230915806932,0.0000358154482719419,0.000568788399380297,1.87439243944871,2.18230915806932,0.03082815648,28940260967.174619,18553701368.988052,2001352831.575714,26660832924.638183,28113416783.059778,9871480888.702165,28412291234.855967,28860754787.675685,28940260967.174619,5415145666.169652,14087768484.653213,28940260967.174619,82.2138629422,24346213491.334653,32320526259.458417,32428033107.133484,17154276001.413744,31593128778.437832,32422356115.318211,8702621225.358909,29150506055.391309,32428634257.908532,32428634212.022076,32428633502.325686,32428607891.345666,32426875378.456016,32397922993.255507,27060825743.653911,30681919761.880434,32097513320.255838,20959676361.752381,32428629223.620995,32427893584.402,32418629384.341884,28601416188.391838,31371673481.201817,16243556516.023959,32275310553.313197,23229594914.692496,7240628553.679484,31398947406.767632,27102025456.271826,32428634260.125267,30962272289.985359,59723,0.691238425926,128152,2034300262.680318,4379527956.5068016294238285366,25134.70455731,54111.058876944356914233247,201.287115,433.3394453115844671255,70.407346648568,0.062239787692557905,0.03935429736824654,,
2021-10-18,111769,9450,959307,2160681,996,308712,1750058,134,62475,2583056,2572705,2564429,2546804,1369621,25387,1983419,150202,2501815,589000,3194,1650706,48015,2122934,250530,765,2530954,840633,6537,1634609677,4311,12808.792159591742,56755662913.79441971741543008762,1.539118708532,1.469521504315,69038081885.23649454564759401838,68263711065.86463370411681887,65916258040.8194091320391783327,44855592685.9613915341647589928263,0.22304572,0.4748251445572204381464,0.184157,0.39203789315582493234,14817.373013,31543.58345390345062206306,0,0,0,0,0,0,0.528969227564,12.186734621782,6.989829749234688,11.635664289452,6.673757567277919,0.00003434858583676721,2.12882428121562,1880.8955887392615,-10.034362299805421,2.1528424475237,0.0000350270843524535,0.000561162479356479,1.85354423005681,2.1528424475237,0.030798315176,28939839290.412126,18531899116.462073,2348660852.525006,26660567250.475601,28114143489.911062,9869800301.397033,28413037884.356151,28860306283.60183,28939839290.412126,5442304047.188773,14073768799.652051,28939839290.412126,82.2092117335,24351230113.598318,32322038120.34238,32429542549.705221,17154549189.226413,31595232026.29469,32423848941.623717,8706791801.530382,29153923579.733837,32430145827.298964,32430145781.412508,32430145071.716118,32430119461.736076,32428380390.648674,32399384893.140459,27064774282.396335,30684651678.944902,32099129714.416686,20968144467.455765,32430140710.770006,32429393098.294462,32419905176.550651,28589149870.242121,31367485783.482632,16256446893.404079,32275414767.863798,23202414295.296774,7245003537.800913,31402964125.551337,27109073935.975953,32430145829.515699,30963691377.655335,66432,0.768888888889,138294,2661102160.340206,5665018893.72757260115444121772,22080.54866931,47005.6081497903754201866222,299.80487,638.2318868826923960694,70.439459819488,0.0621504935250339,0.03933074454213098,,
2021-10-19,121300,9487,961479,2168033,996,309088,1755100,134,62650,2591827,2581476,2573200,2555575,1373213,25430,1990072,150448,2510585,589977,3196,1652529,47877,2129457,249742,760,2539559,839845,6481,1634695945,4262,12086.6473486626,56276486951.51046404148320818401,1.527278275998,1.45821853147,68458542977.22940891177189269783,67688664476.443493635927024215,65363017058.31288492601907619252,44823883147.6143983583644066996263,0.22040201,0.4652446812331515306009,0.181517,0.38316265266091705053,14116.087249,29797.52549634352208131041,0,0,0,0,0,0,0.52799298868,9.679455846818,6.901336068119155,9.241774804369,6.589274727854842,0.00003283343917525902,2.11089128104209,1838.0160129918827,-7.559198727199151,2.12882428121562,0.0000343485858367673,0.000568282631392629,1.83402789707366,2.12882428121562,0.03088700478,28940805099.677112,18501760926.96023,1683602418.841944,26660059405.678289,28115261992.310762,9871473932.975754,28414092611.119038,28860526971.796387,28940805099.677112,5469907187.827405,14059567285.121579,28940805099.677112,82.2052069823,24339792047.35929,32322622520.465661,32430502631.45681,17123397605.493715,31594005853.817656,32424772779.984977,8702336509.962263,29150465334.017732,32431107934.063752,32431107888.177296,32431107178.480906,32431081567.331464,32429335209.930383,32400214951.321643,27053280698.37847,30682529080.576608,32099043667.563297,20940468182.384413,32431102739.300762,32430349264.157766,32420679310.431251,28571176069.953811,31360780263.480303,16203959109.558343,32274634957.654883,23148621536.386974,7237275314.607653,31403964713.609413,27102080257.895197,32431107936.280487,30964653483.264628,64047,0.741284722222,143835,3350509413.90904,7072561108.8700356043116714936,25085.44897874,52952.6555302484669134551666,291.576184,615.48562456512414558456,70.492397716067,0.062047070882033435,0.038877028939518984,,
2021-10-20,118918,9478,962811,2175255,994,309494,1760365,134,62685,2601756,2591405,2583129,2565504,1376400,25443,1996521,150628,2520514,590722,3195,1669082,49011,2140637,254726,772,2550176,851553,6744,1634782190,4048,14901.649703557312,58332141936.67391878034316874778,1.580484603156,1.509121971925,70955912806.51361458363459860552,70152540901.02369182267109571,67752084924.13390441614055624194,44895035778.781372110601105973107,0.22324938,0.4884089208395165266548,0.183683,0.40184844323672887318,14485.759034,31690.90071980140500359764,0,0,0,0,0,0,0.527993147002,16.193134000541,7.1346870611224364,15.461975564802,6.812539005599438,0.00003311638676665548,2.18772800551346,2040.6501349083562,5.455208852579202,2.11089128104209,0.0000328334391752591,0.000544739932136816,1.8128008495404,2.11089128104209,0.030935161968,28948297773.828198,18468769956.331121,2097070188.482481,26663342878.852693,28124025509.224092,9857001821.090601,28422770469.035184,28867147323.419079,28948297773.828198,5652346701.72634,14054697638.912458,28948297773.828198,82.2089937674,24333554713.924281,32324636482.073043,32432998277.12092,17124722820.508705,31595023273.232967,32427240779.633356,8709287593.943422,29147532333.98689,32433608118.944677,32433608073.058221,32433607363.361831,32433581752.042967,32431825999.317006,32402559446.252713,27050422103.671386,30682185957.520927,32100712184.539945,20938272759.057271,32433603243.898425,32432863502.00236,32423678349.368409,28619782812.411732,31383153294.9902,16270116174.502324,32281489058.686019,23268336304.690024,7242121306.305755,31407610134.564186,27107821474.89659,32433608121.161412,30969153730.896489,64886,0.75099537037,145165,2002923468.679813,4381851765.33098836249140178298,19403.23813728,42449.0074705742771803677888,270.20218250000005,591.128881806109034512850275673,70.482783821128,0.06209289516859951,0.0352392211338152,,
2021-10-21,135091,9474,963219,2179830,994,309370,1761237,135,62634,2609215,2598864,2590588,2572963,1376658,25422,2000032,150456,2527972,590821,3186,1663587,48328,2141806,251803,764,2557212,845499,6576,1634869085,4318,16158.421028253821,57086265782.63554093361261805756,1.54737843287,1.458248647728,69444352939.40871016554863976396,68656560047.27967214155347106,65444322872.17221484512921443904,44878713225.0421766428907672870789,0.21648491,0.4635105140593702808196,0.180153,0.38572115552690362668,17657.591446,37806.23456935543177927176,0,0,0,0,0,0,0.528221243885,12.460245195964,6.950491976550125,11.742528732071,6.550140101826138,0.0000343264712963041,2.14107539439756,1920.968845406584,8.155697151344587,2.18772800551346,0.0000331163867666555,0.000526733533398316,1.87259193313154,2.18772800551346,0.030943951403,28948037932.881579,18424100024.397854,2229972154.561684,26662426709.498501,28123425126.478066,9706060686.676327,28422490810.991911,28866812498.952721,28948037932.881579,5307422406.079035,14045994356.239718,28948037932.881579,82.2043310454,24336059330.098144,32325263157.108686,32433718016.547989,17132503874.642273,31595156722.581764,32427888305.927826,8744951382.102903,29149302990.573447,32434333287.082706,32434333241.19625,32434332531.49986,32434306918.98104,32432539077.714931,32403162463.97605,27052244798.003055,30681904342.348568,32101149670.107848,20933452430.385392,32434328216.91858,32433567678.737819,32424031446.326273,28591885855.094494,31370323085.795513,16240391961.200407,32279127402.004103,23193851220.442418,7246452588.075486,31411532112.12589,27119243945.214284,32434333289.299441,30566099187.079984,81565,0.944039351852,180715,2603025283.949058,5573273386.45804996516563949848,15850.50093462,33937.1175399904098918475272,195.747997,419.11121987930739168732,70.463015073367,0.06205980836972293,0.034327024839877505,,
2021-10-22,128598,9475,963552,2183485,994,309319,1762850,136,62555,2615797,2605446,2597170,2579545,1377430,25415,2002537,150391,2534555,590940,3186,1667500,48462,2146838,252704,767,2563907,848030,6642,1635013574,4260,17190.631455399061,57552208696.14204794880698320832,1.558378942095,1.468972720348,70005304888.57415489628973867554,69207418449.656933150669048035,65989009722.30854494500216025444,44921875544.8963439574501739211803,0.21868124,0.4719696781676687409484,0.183365,0.39574825914291769465,17126.021634,36962.30604368034650264394,0,0,0,0,0,0,0.528464132085,12.537855368699,6.9765604212437555,11.818542339597,6.57630609849493,0.00003552625039699713,2.15825407871141,1848.2551157286218,-3.7230392717527425,2.14107539439756,0.0000343264712963041,0.000526688120578809,1.84087652625254,2.14107539439756,0.030947181128,28950727677.488641,18426857524.628234,2435683628.040392,26666095184.911552,28126906222.201747,9720379676.382193,28425338248.102498,28868249827.202777,28950727677.488641,5052376577.208962,14063789484.813062,28950727677.488641,82.21121069,24345192598.870981,32326852690.14741,32435460543.076555,17141305583.152457,31596373486.929548,32429611173.547302,8786768943.318657,29150624886.894887,32436081355.901659,32436081310.015203,32436080600.318813,32436054988.799971,32434274776.804182,32404828839.618867,27059382888.320579,30683128415.74057,32102656531.323814,20943069051.393682,32436076338.315722,32435316913.26598,32425860873.678753,28603122421.754137,31375976515.581848,16263843667.253425,32281749762.755332,23233399054.572632,7255448017.701825,31415848478.502748,27133581818.377662,32436081358.118394,30575181288.065684,78315,0.906423611111,174278,2587051804.656763,5583515109.23817265938038176583,24592.41055065,53076.6703762858748405379165,179.794459,388.04212446646137807719,70.497503877129,0.06202325200356591,0.025551694147309227,,
2021-10-23,98791,9471,962839,2185609,994,309071,1762499,136,62530,2620426,2610075,2601799,2584174,1376696,25380,2003847,150264,2539182,590480,3184,1667614,48500,2148931,252793,767,2568576,848045,6653,1635041909,3985,13275.385445420326,57641417616.23027439623767514,1.562449814031,1.472813096419,70160045055.8951942831387027144,69358066429.5079874101959268,66135009442.0569151223560313288,44903871104.1258050593208082823015,0.21182893,0.458175824980008370424,0.184421,0.3988937857479529528,14711.519218,31820.3111086686677183024,0,0,0,0,0,0,0.528797066911,19.206467640798,6.979533579435821,18.104605231664,6.579122331084594,0.00003531345572548224,2.1629520810968,1901.0389935520207,-6.454769422550765,2.15825407871141,0.0000355262503969971,0.000542882819699786,1.85486497574806,2.15825407871141,0.030917806539,28938310825.552282,18377746199.760686,2197409618.633737,26649419614.974175,28114582934.077562,9658269782.274905,28412898832.012804,28854609959.333971,28938310825.552282,4401871057.669969,14052341989.41111,28938310825.552282,82.1570419037,24351668954.941892,32327886083.776883,32436544913.311807,17152680525.898927,31597925268.114375,32430656342.897784,8800862386.159766,29154705257.34289,32437170321.185948,32437170275.299492,32437169565.603102,32437143951.884326,32435354469.112458,32405853523.230091,27061993363.765679,30685279549.178819,32103828240.003736,20951892016.191307,32437165322.117186,32436401360.050986,32426927729.822237,28610131644.892047,31379048153.755032,16276074626.978193,32283114304.011546,23247193197.749249,7269541460.542934,31420463915.81932,27144391832.188478,32437170323.402683,30576271208.246491,69450,0.803819444444,143012,1688867048.852889,3652938498.0121672557409686552,13628.91281036,29478.685326254999119202848,204.1017115,441.4622216443436771732,70.476914445332,0.06133439866878181,0.02483022814791808,,
2021-10-24,141688,9476,964898,2196431,993,309479,1766916,135,62573,2638046,2627695,2619419,2601794,1379896,25412,2012867,150489,2556804,591455,3177,1664253,47862,2156258,250439,758,2585819,843408,6491,1635127671,4161,20689.869742850276,56498366053.19488507904774676111,1.531160237649,1.443322438754,68724836707.52109131524949276196,67936280938.967306949986542255,64782311139.439077084511481145,44884157136.3287671834294402286367,0.20778382,0.4402135593014096059166,0.180021,0.38139488030877023373,23815.558333,50455.95802656951440604629,0,0,0,0,0,0,0.528620887285,19.698298485548,6.829675688313852,18.568269675767,6.437878889472732,0.00003480814447629646,2.11861327461113,1859.026038421694,-6.99289852150154,2.1629520810968,0.0000353134557254823,0.000519992961040094,1.86070030695449,2.1629520810968,0.030981691886,28956858829.625966,18372335440.369536,933305590.176254,26667616374.472647,28132926899.853006,9715753930.383074,28432431905.962909,28872489524.324452,28956858829.625966,4477033063.214101,14021353251.754463,28956858829.625966,82.209531168,24343146962.048088,32328910323.23859,32437956818.309311,17147718554.481952,31597310993.733122,32431962992.681636,8771174597.467064,29149936374.08374,32438594398.705957,32438594352.819501,32438593643.123111,32438568031.404291,32436754493.079169,32407086353.358231,27057421019.416908,30683697088.152425,32104239480.992348,20937371730.245929,32438589223.330459,32437797328.677687,32427872133.096089,28573593461.198733,31365568126.194441,16232403952.229219,32281039027.900896,23160982399.467461,7269746206.654848,31425699653.997569,27154211276.962899,32438594400.922692,30577695285.7665,114617,1.326585648148,255159,1646771391.17987,3488871729.6035105038861339531,7402.85487397,15683.7866060125457769092861,99.832211,211.50584745837927310843,70.494111572264,0.06121630155890502,0.024954162584193678,,
2021-10-25,137039,9495,966174,2201965,992,309663,1771235,133,62530,2647153,2636802,2628526,2610900,1382763,25398,2017664,150438,2565911,591985,3187,1673610,48268,2162860,252263,764,2595185,848245,6584,1635214299,4063,17589.86118631553,57238907110.43756909542807649628,1.550364192201,1.462753273717,69602380167.91842839861887239534,68800109983.74271798382979609,65669156938.24106320706009967246,44894212932.6941218217308530460302,0.21664481,0.4648227145217552313654,0.182441,0.39143666012614632294,18314.502706,39294.71868224746155105804,0,0,0,0,0,0,0.528295594754,12.623981720863,6.900575498889667,11.910601833053,6.510624698573711,0.00003403926856781257,2.14555204217334,1914.8481042659957,-6.884144891880406,2.11861327461113,0.0000348081444762964,0.000519701862925427,1.82173238673277,2.11861327461113,0.0310245371,28973149239.365287,18360783723.620196,1526012000.4395,26677939283.382442,28149208834.292308,9607480650.257247,28448771720.538296,28887876473.533609,28973149239.365287,4673637402.878647,14041520249.142216,28973149239.365287,82.2369967411,24350692982.738728,32330244388.96041,32439668830.5064,17138074539.484192,31597530805.542234,32433665599.334677,8712662391.675666,29148922874.0701,32440313166.516566,32440313120.63011,32440312410.904527,32440286800.185685,32438461889.210094,32408699061.371646,27057763896.8564,30682455427.45228,32105126209.320853,20944021165.968031,32440308113.120566,32439514474.820801,32429812827.274168,28593433269.977204,31373502443.794162,16254529710.439947,32284055791.811968,23204450214.856291,7277506075.901529,31429035534.703535,27165026200.737513,32440313168.733301,30607114461.656869,84537,0.9784375,191425,2569737020.065545,5513504511.2500632636510515703,18315.45771857,39296.7677114173262608769238,168.908187,362.40130555764639913458,70.571970840766,0.06120847361651601,0.024977482774399363,,
2021-10-26,161650,9507,969050,2212247,992,310018,1780588,133,62597,2658036,2647685,2639409,2621783,1388976,25419,2027230,150512,2576794,593268,3193,1680722,48225,2172515,252089,762,2606013,849671,6581,1635301561,4272,16546.207397003745,57097404948.52181005172072834402,1.544363343836,1.456588414958,69384216214.55599904685456021389,68583014823.277231467556822715,65440717640.9773969563313425002,44927391271.9411246375611302832668,0.21055634,0.4503340814586743660906,0.178189,0.38110740166285055401,20044.963613,42871.80465111098355671417,0,0,0,0,0,0,0.527685151529,7.930660892691,6.831195865517278,7.479916449299,6.442940256082982,0.00003541382526629641,2.13878186455309,1968.4790344282449,-2.9560093033598345,2.14555204217334,0.0000340392685678126,0.000509098958702604,1.84849064617554,2.14555204217334,0.031140356483,28991223499.877107,18376247264.868736,1472894840.223981,26696226433.756778,28167565155.434358,9653248227.699237,28465020694.791707,28904835644.204586,28991223499.877107,4664806686.406314,14060477439.177641,28991223499.877107,82.2916335496,24343155009.489969,32330126989.162989,32440351915.016051,17118632457.891119,31595014027.4058,32434346044.020119,8705619622.820549,29145461458.417056,32440997073.964386,32440997028.07793,32440996318.352347,32440970707.051952,32439140506.998634,32409175889.309555,27050758699.056269,30678442239.433534,32104095683.460907,20931332367.169019,32440991994.843288,32440194746.404374,32430396069.373119,28585019224.241435,31368605095.848821,16225537310.356726,32283298965.481145,23190089333.32834,7269890855.844624,31429686616.270353,27166774703.760302,32440997076.181121,30597191198.20178,95200,1.101851851852,209386,4090579273.926296,8748856766.59030844811163905464,21150.63816151,45236.6013235620973153895659,188.439917,403.03187703748952169353,70.663598839048,0.06119410177416276,0.023681375090895816,,
2021-10-27,192868,9454,967729,2215645,990,308213,1781710,137,62105,2666380,2656029,2647753,2630127,1391539,25354,2030923,150317,2585138,593624,3198,1634077,42068,2153409,228072,673,2612359,797905,5648,1635387205,4342,19148.072086596039,52101441680.38759711043259142464,1.398232526772,1.319987966856,63095619002.13208596029407427584,61756419238.98561897395990104,59564812182.1475428923223363552,45125269076.5179095037370799173677,0.21020432,0.4048309099082074448128,0.176237,0.33941350524809744848,22935.183446,44170.69631754398181637984,0,0,0,0,0,0,0.531882699903,5.903467283439,6.151945541482884,5.573111501603,5.807685010917247,0.00003288563404852254,1.92589243602704,1773.1812819051443,-10.470154768521846,2.13878186455309,0.0000354138252662965,0.000517785558343216,1.84552040313607,2.13878186455309,0.030999960361,29345399054.661526,18689992158.661587,3003370075.095752,27053142068.447316,28526272660.83083,10001878019.812714,28819288456.611935,29258971873.465147,29345399054.661526,5148452224.440323,14430164954.372504,29345399054.661526,82.5753713243,24658352745.418556,32649683860.023346,32761101913.103484,17425411491.913821,31909066470.57252,32755021449.422243,8965640377.485849,29454126480.805681,32761756481.075361,32761756435.188905,32761755725.463322,32761730113.514915,32759890528.924406,32729878208.339632,27375491652.844252,30997855583.064666,32423944386.696075,21264789630.611532,32761750421.221461,32760833078.741722,32748684563.211059,28605880796.477086,31569829193.117594,16087936107.538302,32577416234.52426,23058869364.423837,7320101412.830958,31753435093.333808,27506164613.869623,32761756483.292096,30928421062.30238,109109,1.262835648148,252090,5549578732.348708,10687891703.76690586049539706432,31190.59831588,60069.7373717110244621413952,258.827866,498.47462936242028149664,70.153462765974,0.06168675273002608,0.030109169539830817,,
2021-10-28,186534,9452,968477,2227546,990,307940,1788094,136,62146,2685086,2674735,2666459,2648833,1394479,25415,2041469,150249,2603843,593736,3193,1650355,43710,2167558,234073,699,2631545,811825,5855,1635473822,4290,19051.305827505828,53926316032.79544712808013192288,1.446984996534,1.366020682641,65313420145.33507855394113614336,63919908557.196078503615535715,61658885880.79849100892051696271,45137593203.648317243376869274729,0.21090267,0.4204052623280621192103,0.181165,0.36112733589225481985,23339.755261,46524.56952381623691522449,0,0,0,0,0,0,0.532085421652,7.598382300321,6.328643393756333,7.173223911589,5.974531726061535,0.000032912995651942436,1.99336149859109,1909.9839009937814,-2.539680904286954,1.92589243602704,0.0000328856340485224,0.000487861419091226,1.66274031380518,1.92589243602704,0.031039008947,29344143473.357566,18691105352.368981,3029968466.662749,27052953551.531232,28526014960.982539,9824657630.147425,28817997069.770678,29257293146.096705,29344143473.357566,4483502193.052773,14442533988.063042,29344143473.357566,82.565445069,24652280164.19976,32652704297.957259,32764801231.608665,17434027256.042475,31911161913.670902,32758632658.165517,8949382023.217934,29458971286.781179,32765466869.446369,32765466823.559913,32765466113.83433,32765440500.245767,32763581724.20925,32733273250.57111,27380490587.458376,31001205780.530069,32426582741.989727,21257127017.125223,32765461054.3863,32764544332.458418,32752808120.585417,28691615435.230017,31603758353.762484,16225897481.87435,32587157725.239408,23158880307.383787,7347784380.072818,31764442897.206994,27523590055.593714,32765466871.663104,30932114382.854819,110666,1.280856481481,244388,4312163507.524315,8595700711.52847954748641735335,20499.26740518,40862.4503948090897301678462,204.6542655,407.949933370138808794395,70.239164024377,0.06173408079810665,0.029546791749351015,,
2021-10-29,256976,9394,964379,2229127,989,306025,1784859,138,61619,2690835,2680484,2672208,2654582,1389110,25242,2035339,149108,2609597,590209,3160,1659221,45849,2172928,241714,738,2637516,826346,6217,1635560419,4282,27133.778608127043,54371877133.86335878457531204964,1.465559926636,1.383561277697,65908877311.03749580488146013356,64498811095.80073180312546039,62221249944.63041390584479353122,44971806415.5279466460121740989708,0.20588741,0.4141249728387558441874,0.177777,0.35758327960099890378,35248.748939,70899.85345370801877045646,0,0,0,0,0,0,0.53582224157,3.601103116253,6.27710279182051,3.399619993758,5.925896444796432,0.00003232184975439611,2.01141474769514,2005.581558087008,-1.9929987520864436,1.99336149859109,0.0000329129956519424,0.000465872522588978,1.70619784706339,1.99336149859109,0.030838533263,29342332130.712081,18675472874.659718,2570777928.160729,27031658784.528426,28510472444.015271,10023472697.142583,28816063506.794667,29252653187.993506,29342332130.712081,5378069272.819039,14459663523.863336,29342332130.712081,82.4955292096,24710159599.537172,32654763054.67209,32766751275.983263,17557513894.457662,31916714356.472055,32760605231.61574,9084598335.208051,29479746293.209825,32767422721.794719,32767422675.908263,32767421966.18268,32767396357.512135,32765492693.012344,32735113851.564048,27420195840.459683,31011193234.507996,32428956019.103396,21323066047.33794,32767417017.676204,32766514857.525912,32755380446.253184,28843731117.604361,31656768767.049856,16555549946.999113,32598484295.642416,23424951729.589984,7364738190.569459,31780171039.254555,27585889389.65747,32767422724.011454,30934072655.044973,171204,1.981527777778,384139,9099273657.596518,18302413228.20353397139258952252,25655.53554151,51603.9225482100336242952614,92.373688,185.80179834218958147632,70.423721094724,0.0617125022343042,0.029592344535741482,,
2021-10-30,185512,9419,965042,2237665,985,306228,1792280,138,61748,2701287,2690936,2682660,2665034,1391943,25357,2044243,149354,2620049,590003,3171,1646312,42334,2169638,228222,681,2647410,798288,5670,1635646555,4068,19019.202802359882,52667005387.84156931793959655963,1.420143921981,1.340758436943,63822372620.54889554181929410792,62454032092.128828539337514145,60254727166.89636028758819958805,44940777925.8756527551107255461995,0.21133557,0.4116072372307735429539,0.177557,0.34581848299831617539,23241.20706,45265.6835187514762222062,0,0,0,0,0,0,0.534579266581,9.512562529803,6.047140654899736,8.980814036782,5.709107877689817,0.00003154447200176033,1.94764770185527,1981.989031324604,-7.7396212782384115,2.01141474769514,0.0000323218497543962,0.000455773759267437,1.7389222496057,2.01141474769514,0.030864503968,29355940079.631161,18684145926.641648,2431926245.360615,27041340863.479869,28524676432.865095,9797787383.023586,28829299434.230533,29255072131.197095,29355940079.631161,5296392081.366424,14476203582.764373,29355940079.631161,82.5212276281,24693756528.19568,32655602168.483931,32768276185.989018,17517601933.073465,31917610059.386235,32762100305.239624,9058427811.92573,29478608048.059635,32768951261.275961,32768951215.389505,32768950505.663922,32768924896.3536,32767018498.969074,32736333501.400588,27418559395.709372,31012143415.803566,32429299369.62978,21305744677.553596,32768945275.446935,32767980643.357073,32755856633.82991,28659687505.6545,31588813826.273099,16241056401.321803,32584933003.260188,23122931771.272201,7372810287.728402,31784494509.623868,27583181151.447535,32768951263.492696,30937179814.141715,109973,1.272835648148,236725,3444807974.804443,6709272335.46058025014653896461,16999.58853862,33109.2095497284308020455274,144.679523,281.78474047646667863621,70.487063694981,0.061744006265999477,0.029615276078051766,,
2021-10-31,175696,9433,965287,2240206,984,306280,1793445,136,61818,2705648,2695297,2687021,2669395,1392958,25377,2046579,149434,2624409,589744,3170,1650766,42841,2173790,230169,690,2651937,801927,5767,1635733021,4139,21090.283884996376,53223170308.65024706939467503124,1.435093949335,1.3548764301,64485696380.33965610889589463616,63100250162.47647933187353978,60881136140.80622808756068597724,44934825633.0142256704420244365533,0.21144999,0.4160913338773739461572,0.181121,0.35640994110807877788,22705.077174,44679.05553988617403082472,0,0,0,0,0,0,0.534208337713,6.944003452754,6.061662710534631,6.555854139745,5.722833642721121,0.00003203166319277372,1.96780020598428,2017.1024190462804,-12.278617495343408,1.94764770185527,0.0000315444720017603,0.000451749565461491,1.68536979660632,1.94764770185527,0.030869257744,29361311458.080901,18665446601.459237,1530626261.906117,27047039707.991283,28530144733.287559,9760291316.257495,28834666390.718633,29258242336.57263,29361311458.080901,5344324232.357037,14491908085.931478,29361311458.080901,82.5348461692,24693470205.620096,32656885146.694149,32769769408.463281,17506247110.285946,31918952072.643127,32763567868.452411,8993709558.152488,29479454560.273077,32770449042.473937,32770448996.587481,32770448286.861898,32770422675.715729,32768509219.99889,32737784730.792398,27417030103.899178,31013570888.453539,32430457287.805562,21292808458.074674,32770443141.267134,32769482648.581455,32757494187.039383,28683163723.056655,31599777281.062752,16281204634.368036,32587972249.096197,23163632521.619592,7375779812.384288,31787380448.838889,27583979476.015322,32770449044.690672,30938677593.213233,107378,1.242800925926,238134,4719244347.681356,9286529999.45752143801378508368,21969.7269526,43232.033222744668127905128,148.7229235,292.65699949788431664258,70.607690939565,0.06159043158066794,0.02722533986807026,,
2021-11-01,161330,9437,962649,2244072,980,304867,1794063,136,61698,2710025,2699674,2691398,2673772,1392405,25389,2049377,148987,2628783,587054,3163,1647286,42398,2176484,227593,680,2656163,795244,5705,1635819632,4235,18300.422432113341,52738192023.06455894855896813833,1.423476567482,1.343905721915,63899951882.19961435492312707714,62522832250.172608497674612835,60328011662.69417820039551945412,44890062359.9664969764315265338141,0.21972339,0.4284151838747910543519,0.181825,0.35452115866241588325,19521.763908,38063.40360125555861798868,0,0,0,0,0,0,0.53428652821,4.247110279637,5.927110282151809,4.009701274189,5.5957910404520375,0.00003191563906110343,1.94979325539621,1889.4568593905826,-13.731986257545667,1.96780020598428,0.0000320316631927736,0.000458271078975884,1.70367175296366,1.96780020598428,0.030769460574,29359048116.436844,18631956145.729836,2569553449.547199,27048094395.191573,28527062221.567606,9718474504.471857,28833121372.95919,29256003103.00775,29359048116.436844,5440342166.645264,14484123870.652577,29359048116.436844,82.5324440311,24710538883.729826,32658589950.016931,32772000315.45067,17510001816.557878,31923197337.660697,32765751877.998221,8995814379.438895,29495000146.247292,32772680745.011899,32772680699.125443,32772679989.39986,32772654375.253757,32770733118.857254,32739896569.77541,27437909745.092917,31023105825.071299,32432359540.319572,21297483707.156938,32772674766.731795,32771708165.440497,32759476310.375539,28681286452.826516,31597560605.351849,16249547986.658129,32587659929.520535,23145999784.441265,7374832910.606119,31799000349.32225,27608004616.491706,32772680747.228634,30940722302.598772,88847,1.028321759259,200860,7716465688.296428,15045512754.53664862535306773788,46962.13482643,91566.4537435806771692298303,234.825,457.86020119841501325,70.855836616114,0.06074639502440056,0.027144689966733502,,
2021-11-02,154298,9414,963197,2245046,982,304914,1793156,136,61642,2711637,2701286,2693010,2675384,1391959,25374,2049506,148924,2630396,587562,3149,1649183,42711,2177819,229145,693,2657917,799356,5742,1635906192,4242,13585.147336162188,53183727090.0542853407627288039,1.436490345097,1.356195131613,64446705907.2307838866691733954,63055377628.237651215212504725,60844341278.1750749570770262237,44864002133.5387484771599797382409,0.21915868,0.430953813006414126338,0.180021,0.35399344607855676735,16570.807252,32584.8493422379580276582,0,0,0,0,0,0,0.535601575552,3.780469272059,5.900186364150776,3.569153137352,5.570384827146713,0.00003120045583671936,1.96640084256035,2022.3537494757618,-12.809876767179153,1.94979325539621,0.0000319156390611035,0.000450737120758276,1.68190591227319,1.94979325539621,0.030786357878,29356817723.326901,18507435193.171367,3158969059.031772,27046228794.738754,28523501163.969664,9662968103.825982,28830910505.178843,29253622567.680112,29356817723.326901,5282727023.949707,14450249444.928069,29356817723.326901,82.5235771811,24710119655.859548,32660050659.397398,32773259544.416554,17553774630.267192,31923771535.399609,32766985538.586394,9006413590.819365,29494972277.705652,32773941359.259709,32773941313.373253,32773940603.64767,32773914990.569524,32771987709.793609,32741169021.63747,27442064949.877,31023096043.914843,32433666462.195066,21307799019.172208,32773935453.545741,32772970008.100432,32760853996.689476,28700182792.908877,31605872436.653376,16346674624.38327,32590887616.648649,23176867686.465234,7389458076.622059,31800038773.867531,27615147898.970225,32773941361.476444,30941982916.846582,75611,0.875127314815,169028,8669278600.861507,17047276745.12447955418163944745,54173.54602461,106526.9065472750032365102135,478.42944,940.784053921676416704,71.078228114195,0.06008274424305362,0.027251342484034668,,
2021-11-03,196776,9388,956966,2202763,983,304484,1766821,135,61644,2671380,2661029,2652753,2635127,1378123,25358,2012533,148707,2590139,586546,3149,1656434,46820,2149858,244390,760,2618589,830701,6355,1635992363,4263,15303.515130190007,55801448614.67687069263005294264,1.504431807049,1.420342223505,67610789967.62481299090185221254,66148489536.03668903634676993,63831713279.1491510935958824528,44941079848.7881119184361280068964,0.22428263,0.4626637702098389754634,0.18982,0.3915721732941674276,17246.437485,35576.9940342611160848523,0,0,0,0,0,0,0.536086612415,3.859157183309,6.092429814651724,3.643451214549,5.751896010805485,0.000032766711062639865,2.06286046409318,2102.896216692228,-6.095029668220313,1.96640084256035,0.0000312004558367194,0.000428747957061025,1.69877104315455,1.96640084256035,0.030591723984,29357360337.46598,18426146580.593757,3141002561.695536,27050520181.066548,28527345720.664293,9675648903.94916,28834713921.962831,29252302866.640831,29357360337.46598,5920033301.110761,14480543887.767765,29357360337.46598,82.5333480668,24717631529.757758,32663723518.971185,32774575350.871288,17570378601.612376,31931314002.258437,32768549768.077021,9008150641.165331,29507430220.128106,32775260925.257618,32775260879.371162,32775260169.645579,32775234556.567433,32773342328.289682,32743471444.007199,27452198472.206357,31032094703.120566,32440188604.664432,21330938940.214454,32775255479.716683,32774357351.722872,32764048311.433073,28917433667.869135,31691529244.978722,16690604719.919942,32613086829.42857,23502676689.61185,7424384000.902637,31792964054.071596,27587426117.578972,32775260927.474353,30943301493.35096,76896,0.89,174900,8492854623.60245,17519574030.320459552364076291,57258.36436258,118116.0160822081774284252044,359.55629450000004,741.7144645398941860359285637272,71.331064865977,0.060175462941955186,0.02854664460720491,,
2021-11-04,141077,9374,956520,2202473,984,304054,1767410,135,61483,2668037,2657686,2649410,2631784,1378076,25292,2013868,148434,2586794,585982,3158,1632221,43013,2139000,230176,701,2614453,799555,5762,1636078747,4066,14817.099852434825,53764291661.76536751229562121113,1.447383319881,1.367613757066,65049910050.04726929133289105182,63641375165.705449426040905465,61464817687.419644629974464241,44943111583.8587031295666092319966,0.22469813,0.4459528401008518866667,0.186005,0.36915953872406038795,15269.361296,30304.72499471724368554864,0,0,0,0,0,0,0.536838796932,4.800813528989,5.795916740949965,4.536226538724,5.4764866783039325,0.00003232691969901218,1.98467535132959,1976.5073535870524,-11.218099876870562,2.06286046409318,0.0000327667110626398,0.000448559859377395,1.77693857782548,2.06286046409318,0.030572458592,29400062550.960865,18400074990.302253,2896978814.319941,27089716021.185607,28569990727.281404,9674414361.788524,28877374508.233846,29294899879.706589,29400062550.960865,5634791602.319783,14524547174.086807,29400062550.960865,82.6508316774,24738080248.716047,32664428458.812,32775417569.461254,17595480000.511212,31932248520.869106,32769383719.842892,9006678919.134084,29510876803.173098,32776096101.596163,32776096055.709707,32776095345.984124,32776069730.906022,32774189528.808831,32744262902.805919,27463103225.266394,31033867111.020392,32440806911.678888,21363841814.807718,32776090264.709921,32775145339.17382,32763655981.407844,28739038369.818381,31623799786.938585,16415902638.874588,32598535075.468015,23235205396.735713,7431662480.041511,31794273412.874671,27601561072.215384,32776096103.812898,30969708797.0799,67955,0.786516203704,154438,6827196246.198407,13549768108.51988143915038996313,48679.34290269,96612.6919778898592214875971,255.568532,507.22056603588756446188,71.452041823375,0.0602347850311497,0.029054224993211045,,
2021-11-05,149560,9362,957162,2209372,984,303947,1771379,136,61410,2675835,2665484,2657208,2639582,1379789,25271,2019187,148303,2594596,586043,3157,1633458,42770,2145903,229281,699,2622194,798307,5726,1636163605,4321,23063.974080074057,53180400000.90814989477170369739,1.442495530806,1.362996413061,64820422051.69757490701893991178,63415511185.868630765725468755,61248025288.63119456860247812268,44936307023.0526006424500237560699,0.24013049,0.4748896728705802874637,0.184157,0.36419472382214959041,20948.983812,41429.37479306256366329556,0,0,0,0,0,0,0.537175391853,5.207135685273,5.715094217846711,4.920158925818,5.400122740675956,0.000032417088075883526,1.97763171545013,1923.0519000831262,-10.581849980999065,1.98467535132959,0.0000323269196990122,0.000437577066861928,1.71878601770175,1.98467535132959,0.030592727995,29405926941.382999,18367692049.211903,1520449935.376709,26890952236.171903,28574933086.820186,9681931049.601777,28882746191.890562,29300683208.343685,29405926941.382999,5580873224.046916,14423018985.025958,29405926941.382999,82.0426623549,24742502033.959434,32664756859.958912,32776111204.846935,17606885722.788873,31931939902.914253,32770042553.045272,9045487167.548213,29512061451.721307,32776791321.107971,32776791275.221515,32776790565.495932,32776764951.951736,32774871692.322887,32744786058.807394,27467887641.863974,31033483663.936726,32440808103.54422,21373365913.860335,32776785454.968284,32775838962.026071,32764180132.300279,28731499551.075988,31619562464.770972,16417614310.460706,32597933202.660602,23226600396.550627,7435271225.865574,31797617813.36935,27616086429.099234,32776791323.324706,30970389891.168636,87240,1.009722222222,194521,6294591365.465304,12448383520.14272533385325728952,35562.94036996,70330.3987702946756301300948,153.56771500000002,303.7003836532067001055843090026,71.527259674861,0.05983015839688635,0.02902642582425501,,
2021-11-06,143423,9371,957061,2211519,982,303778,1771418,135,61391,2677451,2667100,2658824,2641198,1380006,25232,2020838,148195,2596213,585943,3152,1644543,45514,2156418,239219,743,2624091,812365,6151,1636250556,4291,15921.703565602424,53912042796.75547571405286256063,1.458511599328,1.378130767442,65671120849.18226859485325485183,64245065520.629039052235454785,62051883726.08243294955620110122,45026121752.7654360784664810772779,0.21741082,0.4355829291867334008662,0.18404700000000002,0.3687384619037393398400323182382,17353.296911,34767.35840258765625111001,0,0,0,0,0,0,0.537306984205,5.539544650837,5.736716313911374,5.234251770403,5.420556997920972,0.00003260108807447908,2.00350161591191,1730.1685253922037,-11.881958892659323,1.97763171545013,0.0000324170880758836,0.000441741585032859,1.71473479644069,1.97763171545013,0.030594893043,29407527803.972062,18302956557.935193,2056420860.490845,26908909066.298393,28581489565.098739,9670182191.359987,28883920487.375385,29301826424.646084,29407527803.972062,5431265795.996292,14423642702.18271,29407527803.972062,82.0939891076,24752089159.864713,32666014146.025076,32777490145.045082,17611940820.323605,31933087280.073896,32771379317.669273,9013717607.990393,29515445628.995028,32778172137.809978,32778172091.923522,32778171382.197939,32778145769.022917,32776247678.356602,32746136708.599647,27468165902.076062,31035079435.27121,32442032640.67407,21375579867.171983,32778166412.473274,32777260012.457881,32766072100.512089,28872806714.188112,31671293112.700563,16649320734.142726,32606275631.286339,23445017640.543243,7438701168.89782,31800113263.814147,27621762192.929592,32778172140.026713,30971716335.671142,79818,0.923819444444,178295,5917123916.507375,11854967328.27353544261286533625,40851.15044041,81845.3459192219688602642831,147.8705975,296.258981037109639066225,71.213371433463,0.05958693910904927,0.028600632814069014,,
2021-11-07,152187,9373,958996,2218424,982,304074,1774856,135,61403,2687425,2677074,2668798,2651172,1383093,25233,2025459,148255,2606189,586860,3148,1652781,45896,2164226,240918,751,2634177,824877,6198,1636337400,4325,19108.976878612717,54322288853.95499700434118605318,1.469982008694,1.388972631774,66201376728.04323038560038582496,64760923168.87556506490640181,62553078824.89215358791323951792,45035501343.9111017153924424105589,0.22120498,0.4467430981704999578588,0.183717,0.37103279395694319702,21668.134174,43760.72090450606950867844,0,0,0,0,0,0,0.53724859305,5.566680567402,5.731504835344487,5.259905843895,5.415646795736228,0.00003203467843507823,2.01958879122206,1884.6698753658532,-9.566562091451798,2.00350161591191,0.0000326010880744792,0.000444073657935189,1.73591296102725,2.00350161591191,0.030661355445,29401540041.087903,18224044423.199067,1874475353.152523,26897697734.341453,28574212769.942765,9651267325.107695,28877458366.672448,29294660596.894248,29401540041.087903,5380852152.67439,14423250850.042636,29401540041.087903,82.0561316679,24748037940.955198,32667178337.680174,32778942557.210448,17610811002.559179,31932541882.294931,32772794765.881113,9010052679.601739,29512713350.548158,32779631681.114481,32779631635.228025,32779630925.502442,32779605314.127398,32777682172.901626,32747534305.045893,27464012802.538676,31033127885.678929,32442628001.261868,21372656298.216644,32779626011.449859,32778717129.10424,32767729879.106721,28888669788.838741,31677800602.356421,16687350122.054991,32612743181.201104,23465032164.320978,7435036240.509166,31802439801.099984,27627278335.867799,32779631683.331216,30973175874.600232,97955,1.133738425926,210852,5888541885.317606,11892433188.22905416360797358836,30624.60589041,61849.1107918651103783344446,112.769116,227.74724266962026589896,71.346192789435,0.05941413317539514,0.028563496719254372,,
2021-11-08,149311,9359,957988,2219198,987,303122,1773933,135,61097,2692197,2681846,2673570,2655944,1382202,25111,2025462,147651,2610961,585650,3144,1675725,47354,2177095,247024,777,2640095,840508,6489,1636424043,4240,15977.559669811321,57125251314.77770060449444045108,1.546229652923,1.461018819652,69760532456.84415002048854857477,68238610756.844141625749516205,65916114463.16066611840205446452,45116540304.9636188323747568540909,0.21896902,0.4659751662760768574466,0.180989,0.38515210676442208287,18025.310823,38358.60985232245540721709,0,0,0,0,0,0,0.539019346267,7.336484173884,6.002774768489573,6.932179464973,5.671969160801777,0.00003150705077988425,2.12804152055883,1893.8886720039839,-6.117523274665768,2.01958879122206,0.0000320346784350781,0.000438156052882156,1.74957830705289,2.01958879122206,0.030607203745,29356440574.687091,18019451215.932186,1726613814.093629,26844049217.506076,28528500864.407133,9614183583.558278,28832443168.99809,29248233127.715224,29356440574.687091,5425654799.443785,14376872291.278361,29356440574.687091,81.887636609,24785194562.329384,32669054048.716627,32780870086.510214,17669897996.287619,31934831064.323401,32774700081.568867,9047084178.141012,29522787483.659274,32781565480.831184,32781565434.944728,32781564725.219145,32781539113.844101,32779604111.1059,32749438343.530981,27484889477.737589,31037812485.108638,32444445374.936542,21415591031.591862,32781560363.81457,32780703074.769879,32770786792.644518,28983209255.210887,31714097807.370844,16850422649.823546,32622669527.940141,23648761641.331267,7451692142.273547,31810466265.356576,27664546744.737886,32781565483.047919,30975013328.617244,82319,0.952766203704,185246,4468293627.585416,9508714365.55019912237587802328,27533.80278503,58593.0755454221894559583149,230.669472,490.87421394138246103776,71.451036574477,0.05921096492178077,0.030160101794014738,,
2021-11-09,166874,9352,957621,2219329,992,302828,1773035,134,61037,2698484,2688133,2679857,2662232,1381530,25124,2025129,147482,2617250,585427,3145,1696786,49671,2185381,256462,813,2647771,862167,7007,1636510428,3886,17940.062789500772,61238163589.50171599549539408862,1.642941960339,1.552558406312,74738528884.49698599940587493224,73103868635.981357879195351945,70626920546.2941806382253176036,45490668988.1401422920135911168515,0.21407793,0.4880475958274445897951,0.180021,0.41040576321180049947,20154.152976,45946.75362320318382139632,0,0,0,0,0,0,0.539163439094,6.015089295587,6.383113673159103,5.684179767772,6.031957933355651,0.000033977884272869,2.27976604513807,2061.7150497238063,3.783786751003817,2.12804152055883,0.0000315070507798843,0.000442313929504131,1.83580638968274,2.12804152055883,0.030598168305,29376888015.293483,17985680485.89691,2310518875.949935,26861599996.236866,28547906109.20989,9663112051.784021,28853237707.163584,29267699095.332699,29376888015.293483,5262759797.304207,14401574936.787448,29376888015.293483,81.9365386281,24790333978.079339,32670948022.105088,32782715059.53009,17675621738.537062,31936583526.301562,32776531799.644571,9002098227.256309,29527090335.45267,32783420491.253497,32783420445.367041,32783419735.661247,32783394124.661243,32781446004.092306,32751284553.448033,27491543187.243461,31040294421.399364,32446434950.436918,21422687940.948073,32783416002.061635,32782585181.229782,32773616655.170528,29094917163.622639,31759969155.946477,16998228650.571076,32634560144.541571,23892385648.820238,7436658874.176675,31815912774.908957,27676067362.093379,32783420493.470232,30979898440.41948,94144,1.08962962963,214836,5450196810.464636,12425173627.81708649970547229252,28801.50798569,65660.6999545490321036342183,225.7073835,514.560029040256675939845,71.5741701832,0.05809513331239136,0.03228306392695416,,
2021-11-10,146793,9363,957432,2221512,1000,302726,1774231,134,61066,2707374,2697023,2688747,2671123,1381913,25156,2027044,147575,2626140,585302,3153,1666326,46833,2177378,244457,774,2654918,834395,6387,1636596917,4284,14930.40989729225,56126931757.97234299616692178106,1.515124293001,1.431787425379,68516554887.39148796510941437879,67006025121.222033929020927695,64747916835.11746575652120918434,45221738707.4492994625035353264758,0.21139521,0.4417320582861474639897,0.178657,0.37332219749552625849,17938.152153,37483.61598351626615022321,0,0,0,0,0,0,0.539458187559,4.683191597583,5.793905243951288,4.425600507521,5.475221214821228,0.00003226883149464212,2.08960296823257,1871.05310455141,-3.3969127775191783,2.27976604513807,0.000033977884272869,0.000481400344470087,1.96739037308279,2.27976604513807,0.030589925871,29377071719.15999,17772894431.067802,2152518910.850457,26860093812.675658,28548023734.164762,9864357528.372225,28853398696.983425,29266935391.317889,29377071719.15999,5481938116.746616,14335520817.137217,29377071719.15999,81.9173291042,24793157874.711213,32676613120.349776,32788553235.609524,17688439899.479847,31942292617.209742,32782353702.235199,8989432036.782727,29532444583.851881,32789269504.489712,32789269458.603256,32789268748.976758,32789243136.976776,32787282979.791832,32757062946.8633,27498148800.186107,31046863212.204228,32452147423.202317,21426860860.366682,32789264218.713602,32788376763.048036,32777980483.645514,28969103617.498708,31711117644.729477,16804401268.326035,32627589426.709932,23605895569.662416,7420323236.696524,31825543494.666034,27688098790.069432,32789269506.706447,30985750795.464562,84856,0.98212962963,201057,7001479402.129873,14630312140.70978220681640856361,38240.83593408,79908.1642755482915626289856,171.24669,357.8375917240027626933,71.715648383265,0.05836023281847016,0.03599755633663276,,
2021-11-11,161587,9364,959724,2227132,995,303246,1778668,134,61122,2724780,2714429,2706153,2688531,1385052,25189,2032242,147791,2643549,586586,3152,1670090,46838,2182461,244675,770,2672276,835965,6388,1636683067,4276,17505.092376052385,56065313476.15277800686026759172,1.508494244727,1.425525118086,68429518054.71257541640817711301,66916684081.053955727804791965,64665806413.58834070780206961669,45362796904.2098776048641600437185,0.20743935,0.4328879290927679760165,0.175357,0.36593794080978615663,21021.903518,43868.86229394275321137962,0,0,0,0,0,0,0.538694761513,5.706715851529,5.753091790666256,5.392839128536,5.436664331281341,0.000032123193944020326,2.08681684112859,1865.2119001249193,-1.3864839341945612,2.08960296823257,0.0000322688314946421,0.000452299407694666,1.82079861758934,2.08960296823257,0.030664860445,29383705101.801042,17666548468.421123,3153013987.568924,26866427551.845708,28553801600.475015,9889483342.473537,28859992750.338245,29273506479.113903,29383705101.801042,5477484376.623508,14316266622.10119,29383705101.801042,81.9314749979,24784545839.420755,32678433152.410299,32790601680.139605,17664522435.521869,31942048955.856056,32784386898.664827,8986148672.613223,29527819648.869814,32791338799.565504,32791338753.679048,32791338044.110409,32791312433.110405,32789329336.485677,32759016864.702807,27492363372.258104,31044998688.317252,32453359771.632432,21415934514.920762,32791333489.905544,32790422948.517205,32779983622.556537,28962213199.511194,31709524498.698462,16777521811.647385,32629081223.257279,23597308395.501911,7415539881.52702,31830201262.759174,27695865352.298097,32791338801.782239,30987772927.218591,101340,1.172916666667,242233,5746096293.369553,11991050515.75015035940646382027,34149.00213108,71262.7127548738537023155772,119.8197175,250.041804378270034973325,71.901151981388,0.05803094304732089,0.03578334520597926,,
2021-11-12,204171,9368,962356,2234821,996,303978,1783434,133,61220,2756293,2745942,2737666,2720044,1388931,25221,2038179,148077,2675067,588111,3155,1668371,46347,2181192,242902,763,2703287,832446,6291,1636769645,4237,22414.118008024546,54987171299.09316928981305799395,1.484579891497,1.402935919473,67195867786.1951377483119121173,65698980213.595444676428034175,63500453628.21631729348590507915,45262547452.6881140012694740843587,0.20330182,0.416533384991307250911,0.175137,0.35882810811640829385,28527.108065,58447.54801667427784146825,0,0,0,0,0,0,0.538359909837,5.431743076407,5.62094364284459,5.133026192045,5.311821736940186,0.000031973710625381375,2.04884238120105,1859.818536990145,-6.195104391359956,2.08681684112859,0.0000321231939440204,0.000441397803850567,1.82439568910946,2.08681684112859,0.030735049743,29358667033.812831,17412769147.678113,3426493050.147705,26838165689.865899,28528139467.113105,9605914738.448834,28834916806.307908,29246880261.962088,29358667033.812831,5685772181.029114,14255283150.11646,29358667033.812831,81.8311796702,24773421776.457249,32683703056.406087,32796209601.469312,17656585813.877571,31945131125.771016,32789962552.877415,8947875652.933783,29524923755.396425,32796992290.965091,32796992245.078635,32796991535.509996,32796965927.029195,32794927485.037275,32764531514.201613,27485982102.967868,31045480130.091252,32457987631.244377,21405577205.072537,32796986737.94961,32795988393.108673,32785246792.274279,28930984073.54553,31700592537.542947,16731782333.822217,32631400727.962404,23538818880.900648,7415925553.843714,31842937227.18778,27716277492.198024,32796992293.181826,30993332728.207123,140319,1.6240625,339550,6038023491.140419,12370958427.33601309219142023995,21198.23884166,43431.850145615262311575743,102.800121,210.62124469739606532705,72.03838523991,0.057987602985594605,0.03539929559570994,,
2021-11-13,229455,9354,964168,2242905,994,304302,1787995,133,61276,2796510,2786159,2777883,2760261,1392045,25205,2044266,148168,2715284,588975,3156,1673016,46408,2188318,243368,765,2743535,834602,6298,1636855952,4231,30788.373670527062,55048963161.36550130786355826221,1.486552817134,1.404784210897,67303961418.63473190008050593312,65801235508.923485506180355145,63601872225.4624394509298400366,45275190119.6522966721717932018932,0.19634485,0.4029057666455937749595,0.173509,0.35604588898007933643,41048.836528,84233.49505333852036255056,0,0,0,0,0,0,0.538288199345,5.111195433648,5.58170553371516,4.830051486393,5.274680935158386,0.00003186493208512617,2.05203124322127,1827.9888560574034,-5.536372864689397,2.04884238120105,0.0000319737106253813,0.000439405385215183,1.79115639091476,2.04884238120105,0.030767906405,29356210036.039548,17303025550.110926,1931565862.020268,26826571643.689923,28524958699.131153,9349118294.00754,28832597976.431673,29244409032.838555,29356210036.039548,5729265945.246654,14182746131.508703,29356210036.039548,81.7915647178,24770409908.948288,32684972976.098951,32797863156.012607,17655154287.0092,31944921785.905283,32791577214.196126,8943421753.044027,29522271494.904511,32798702084.297921,32798702038.411465,32798701328.842826,32798675720.362025,32796570677.334538,32766058566.931466,27479747746.541987,31043645677.941479,32458679261.715579,21409537698.110587,32798696546.402337,32797638281.920874,32786869480.456473,28928787667.842516,31701086444.896661,16748290534.322444,32632857797.30861,23545272834.796836,7411471653.953958,31857217144.861104,27749054140.479841,32798702086.514656,30994592521.71058,209065,2.419733796296,557612,6417031497.288539,13167949121.17104837322901202453,15944.8735531,32719.378700173741674394437,49.404548,101.37967605322490833596,72.257329682686,0.057420716726191666,0.03539978260370453,,
2021-11-14,220100,9343,966821,2254552,994,304847,1793676,133,61349,2829854,2819503,2811227,2793605,1396050,25205,2055198,148360,2748630,590348,3155,1671539,46094,2198879,242391,759,2776737,833514,6231,1636942446,4165,31505.290756302521,54541167289.6836918443846006572,1.474315018973,1.393225407872,66715125490.9247606566745663021,65220842626.83904867201979555,63045690186.3905854618173735953,45251608124.7021645112051772439854,0.19642403,0.399513025373907462479,0.176105,0.3581855098557542765,45450.949669,92444.1190234177966056217,0,0,0,0,0,0,0.538135314407,5.655623631965,5.4972640115803815,5.344555566491,5.1949059706713205,0.00003127574824372473,2.0339315173093,1848.2419346390332,-8.250435518940876,2.05203124322127,0.0000318649320851261,0.000441777535250594,1.79597086015275,2.05203124322127,0.030847776807,29340576117.804123,17260693504.119674,1264253958.927717,26815636035.689404,28509038344.115867,9225707083.207089,28817186306.450163,29227074296.292039,29340576117.804123,5774015593.179019,14172547294.882108,29340576117.804123,81.7523266101,24758631674.738425,32686782004.783154,32800191520.808194,17651412904.619936,31944409574.745666,32793759016.139408,8938072660.182347,29517452266.084484,32801067744.244362,32801067698.357906,32801066988.789267,32801041381.493681,32798894427.423849,32768148880.278818,27470713884.556299,31040927393.68271,32459709264.229635,21402023522.319127,32801062136.743866,32799961509.097016,32788708497.340659,28905355898.858554,31693205991.430251,16714453421.810817,32632865466.735948,23504828795.867091,7406122561.092278,31867381951.69506,27770499543.050479,32801067746.461097,30996958181.657021,231392,2.678148148148,600669,5799726056.924224,11796245618.9381705437744704832,12926.2175018,26291.04117650610330390674,52.664422,107.1158277466772797246,72.440121093379,0.057413227307909105,0.035168989018944115,,
2021-11-15,253020,9332,969684,2264016,993,305456,1800211,134,61383,2855159,2844808,2836532,2818910,1400555,25207,2062530,148616,2773938,591830,3161,1674266,45913,2206005,242031,756,2801960,833398,6184,1637028885,4275,31264.163274853801,54176694121.2748770807978965702,1.463512082478,1.382979909845,66284912596.2200282135694823987,64795721970.38306677110336145,62637475661.4115394164010428564,45291674315.3807386207472662553401,0.19267205,0.389327402399585768035,0.171221,0.3459818233431339667,47520.249805,96022.9333624678417318235,0,0,0,0,0,0,0.537953068977,5.889010777445,5.426007293241902,5.564958220418,5.127432268628543,0.00003169510540032323,2.0206740022727,1905.437488425914,-7.406611258489975,2.0339315173093,0.0000312757482437247,0.00044124616709391,1.77915541426948,2.0339315173093,0.03093049044,29335916426.041876,17229997117.391999,1385468940.855587,26811199659.292426,28504449490.6523,9299385520.411752,28812527540.393506,29222393347.311536,29335916426.041876,5933720874.336113,14201249607.264467,29335916426.041876,81.7330701653,24749504708.097278,32688606700.912686,32802462343.822057,17646672406.27268,31943959355.047257,32796014271.014526,8977141133.596213,29511592839.503206,32803367845.178646,32803367799.29219,32803367089.723551,32803341483.459751,32801153041.686851,32770295918.582211,27462817035.198809,31038412372.439591,32460732539.586334,21403306435.311834,32803362196.802184,32802221662.986368,32790787028.290442,28888779702.944212,31688073658.194944,16699586656.449474,32633267698.998946,23477785591.333251,7410725996.058586,31874175919.489218,27785155687.069672,32803367847.395381,30998308282.761932,246638,2.854606481481,607828,5570267925.647776,11255695583.0499420356437005152,10899.79201921,22024.926363397104862058567,74.97878800000001,151.507687633516311694340022727,72.600720587666,0.053879655034421985,0.03509351242656224,,
2021-11-16,283486,9366,968578,2263510,990,305279,1798801,134,61323,2863358,2853007,2844731,2827110,1399335,25234,2061419,148508,2782136,591096,3167,1640630,40974,2190784,222854,679,2808928,789656,5482,1637115190,4263,27391.630307295332,50628072527.52300603304948228288,1.380294563947,1.304412189327,61838885920.17168760254298176696,60442211035.680157527703922545,58439262658.54062279829511831101,44801223981.738199016358630234871,0.1920277,0.361954636183272060659,0.169989,0.32041370411746968963,40209.831406,75791.85137117945419608002,0,0,0,0,0,0,0.536933299898,4.382789691756,5.02467447236363,4.141843666205,4.748440514325925,0.000031247188471317906,1.88490845947367,1710.099155792783,-12.445592029190069,2.0206740022727,0.0000316951054003232,0.000442217920593717,1.77824467725873,2.0206740022727,0.03087218833,29387641054.396754,17255477460.263229,3502842030.532774,26859698290.950464,28556788006.004779,9542862804.55338,28864194348.048678,29274096279.961615,29387641054.396754,6393120170.999647,14270507669.522594,29387641054.396754,81.8709324629,24760009810.564756,32692603093.397152,32806445069.04977,17615368487.643531,31949128917.998905,32799990250.182397,8979062795.126598,29517161516.640778,32807368233.288553,32807368187.402097,32807367477.878259,32807341869.614503,32805132274.364572,32774276528.262607,27472436507.490597,31043293299.417923,32464992659.527286,21397478248.232826,32807361953.858956,32806130228.10767,32793120915.350681,28646569373.432902,31596853090.999166,16291350447.993566,32615668215.755797,23117197719.072709,7413131306.332973,31883038186.110166,27799756477.768624,32807368235.505288,31003766981.267003,209396,2.423564814815,500247,7485499086.852941,14109480552.19154053239755156347,18337.02740807,34563.6180830716876365105169,104.3297515,196.652031177135811893005,72.824857317789,0.0527355798568408,0.03712805890665945,,
2021-11-17,233552,9356,967927,2260736,990,304759,1797153,134,61250,2889044,2878693,2870417,2852796,1398616,25174,2058474,148290,2807821,590533,3164,1637408,40648,2186927,221224,678,2834483,786538,5454,1637203821,4290,22987.665034965035,50185751599.37494426957956297225,1.371312685319,1.295987436761,61301637752.97802490976753046395,59913802182.890984864014928925,57934381582.9104153455186688384,44702888268.5032403637676658804992,0.21208957,0.3962744879345380909935,0.175005,0.32698456959002669775,25928.586381,48445.74530938609176141855,0,0,0,0,0,0,0.537648272975,5.047091890458,4.974891755500295,4.769858656046,4.701624424101582,0.00003106061596978876,1.86842987108955,1602.4895973195291,-12.231841417055676,1.88490845947367,0.0000312471884713179,0.000445170036661483,1.66640618199145,1.88490845947367,0.030823850371,29397166423.18644,17240475003.880975,3851961668.271086,26859852957.772395,28566293462.91054,9588864495.733711,28873665084.795781,29283603363.903083,29397166423.18644,6366283152.563749,14292432767.649977,29397166423.18644,81.8669018299,24776233773.179256,32694457071.212575,32808205610.085102,17639794877.187983,31951175460.020505,32801785697.875764,8995475762.113472,29523931772.671634,32809172395.156034,32809172349.269578,32809171639.74574,32809146030.482006,32806892207.374237,32776117739.905486,27479952870.418808,31047935338.445442,32466853670.246349,21414806191.166353,32809166045.932818,32807885232.893885,32794823078.995208,28639572552.080894,31592973366.507412,16312303933.112183,32616186203.921254,23121624542.131212,7430978344.84212,31896413269.872479,27835488656.919663,32809172397.372769,31006987460.078848,122253,1.414965277778,349540,6500609283.417223,12145932565.41877397039824531965,20214.57850024,37769.522301333012173736492,106.623063,199.21771585626296829165,72.9575664309,0.05136692258211981,0.03711535136920089,,
2021-11-18,196078,9357,968383,2266533,993,304479,1802202,134,61152,2897687,2887336,2879060,2861439,1400161,25171,2064174,148117,2816465,590564,3166,1623900,39239,2187951,214878,667,2842368,772165,5242,1637287781,4224,20645.750473484848,47837627741.87226704091559968287,1.32095562406,1.248402045834,58463839726.96920275376428272269,57135916902.811334399703737335,55252709321.25515846943811671199,44258746215.3185846170041258937625,0.21110543,0.3761478000732226918303,0.178937,0.31883006941935244777,23098.734199,41157.34045036152644639879,0,0,0,0,0,0,0.538369952551,4.551898832218,4.75075359399289,4.301885476747,4.489818127096271,0.000031372958479770396,1.78180068638321,1570.2820125283733,-15.590125252514987,1.86842987108955,0.0000310606159697887,0.000438022858842922,1.65263916174466,1.86842987108955,0.030852307744,29388097352.94354,17203654070.770471,2930992156.895842,26847911838.543247,28557089581.570317,9532662614.584031,28864629385.782953,29274523979.438205,29388097352.94354,6639857692.856582,14275146769.858487,29388097352.94354,81.8243002261,24786476295.372949,32696530998.934612,32810688664.991741,17664812265.639188,31952362600.127127,32804254996.937077,8978075458.599211,29527508197.7126,32811660793.381054,32811660747.494598,32811660037.97076,32811634429.706997,32809374232.933953,32778395197.049785,27488558914.743245,31049703385.119601,32468656515.340199,21426900965.871081,32811654028.27358,32810342055.216986,32796292662.319408,28570224409.510441,31560738361.031268,16260093398.602457,32610144415.907918,23015873606.587472,7396909107.771253,31901725895.339335,27851990930.567993,32811660795.597789,31009478076.591119,109418,1.266412037037,260435,7208345792.608849,12843835480.95797106905605102529,36467.6653284,64978.111112936309312896164,106.718636,190.15133887467994450156,73.165056489695,0.05139980777469477,0.03793872299183792,,
2021-11-19,132481,9331,969921,2271324,998,304869,1805440,134,61227,2896691,2886341,2878065,2860444,1402434,25157,2068374,148252,2815470,591181,3169,1641492,40518,2196957,220829,681,2842082,786830,5409,1637374470,3975,14795.565534591195,49970429063.38309238482445589012,1.378494802359,1.302852459194,61063047853.51656080921472987847,59674244372.905542271489760645,57712326463.38172130961712996601,44296901046.7096222076639286424593,0.21315269,0.3966684571186100988863,0.180021,0.33501173416553789967,15778.627748,29363.38229767613738996396,0,0,0,0,0,0,0.538688995584,7.848003196915,4.960847937061454,7.417358590953,4.6886306161083064,0.000032077719993396776,1.86095918901427,1660.83240108952,-14.936446197867138,1.78180068638321,0.0000313729584797703,0.000447051243918969,1.56815457381761,1.78180068638321,0.030903040104,29398991474.372382,17222574586.799481,2717835337.196038,26851974701.203356,28568068570.622995,9533765028.879428,28875693429.239752,29285387309.377057,29398991474.372382,6020557382.48793,14246765172.861798,29398991474.372382,81.8341547301,24774945914.618089,32697324022.897592,32811711184.902634,17675826589.684161,31952205752.232605,32805254761.897894,8975537145.837821,29524446517.036163,32812674350.873958,32812674304.987502,32812673595.463664,32812647987.199901,32810392645.727135,32779338223.616638,27480109698.382219,31048067470.579261,32468894812.399839,21435961941.972201,32812667975.370476,32811387839.794277,32798086481.335843,28634265304.161968,31591326635.450343,16324756709.1248,32618194855.578051,23109846697.848318,7394769856.437334,31899816692.160653,27844140833.854743,32812674353.090461,31012139763.232163,74025,0.856770833333,161508,4181022042.140411,7780711388.79240626322802266497,30086.5890756,55989.914406334171314508812,181.280781,337.35613519363348574487,73.220837291114,0.050813199436372636,0.03825385545924989,,
2021-11-20,131493,9304,971434,2276201,997,305200,1807878,134,61272,2897654,2887304,2879028,2861407,1404878,25161,2072479,148431,2816432,592043,3159,1653151,41448,2204569,225099,690,2843540,797443,5537,1637460824,4242,13010.631541725601,51604232455.122389543465048721,1.41843152819,1.340599439733,62981324380.7397007784206775085,61547541118.40169934445429355,59525416983.7912766919324554331,44402090005.0693343963893609327456,0.2136041,0.40998711902924723493,0.177513,0.3407146373137910949,15371.80544,29504.313010020454499712,0,0,0,0,0,0,0.539093673648,10.66425670542,5.128186354224492,10.079088260749,4.846792824813191,0.00003212377258661858,1.9193785092573,1533.018683500724,-10.35446419684064,1.86095918901427,0.0000320777199933967,0.000433659988449908,1.65201260542354,1.86095918901427,0.030962729125,29432638272.609981,17246774942.945407,1311487630.038378,26885907186.22277,28597936105.057699,9583598133.936401,28909501382.492474,29318991145.842561,29432638272.609981,5719301879.769317,14261936952.075425,29432638272.609981,81.9357689958,24765484881.256468,32697814717.55255,32812437549.486067,17689493431.284951,31951415686.964209,32805937599.792474,8979694296.58554,29520116642.074189,32813394582.007642,32813394536.121186,32813393826.597348,32813368217.333607,32811113973.395752,32780020964.959143,27474829720.340361,31046349599.846596,32469037554.11158,21435573867.389256,32813388468.393303,32812129060.641888,32799259673.024043,28677177564.416803,31611452179.061769,16391327071.896689,32623537061.665647,23181972221.593073,7397950222.288563,31898181243.462999,27839241617.773971,32813394584.224145,31012859994.365847,71964,0.832916666667,152751,3076950929.692655,5905833488.4913514563613151315,23518.52180463,45140.945321306034357001299,169.516402,325.3661389654211882346,73.261319075305,0.04965617155019341,0.0386862679234882,,
2021-11-21,228239,9303,973162,2283701,987,305634,1812812,133,61334,2904180,2893830,2885554,2867933,1407819,25157,2079275,148608,2822956,593041,3146,1646326,40429,2208071,220649,670,2849487,787652,5349,1637547152,4258,23779.349224988257,49799990298.0759635418627254614,1.368160201974,1.29294116087,60767401644.3249175448679600723,59380330091.50001149124593145,57426516800.9654663888204331961,44415413894.2467677635548669422163,0.20037856,0.371059691722022132512,0.173993,0.3221990862784411511,30291.426928,56093.4639799978596282256,0,0,0,0,0,0,0.538531311996,6.665579335071,5.007938799492868,6.299117508991,4.732611134018135,0.00003136898303725749,1.8517933840927,1295.0551618348582,-14.199472510747356,1.9193785092573,0.0000321237725866186,0.00043492312968006,1.70400595835747,1.9193785092573,0.03103453331,29445937468.558162,17242292708.899288,2791552960.224842,26892843837.691882,28611725789.673215,9646493388.238453,28923271370.691543,29331967809.626196,29445937468.558162,5729504383.112565,14276265291.216664,29445937468.558162,81.9518178341,24756545582.317087,32699468549.408139,32814477740.076825,17672138163.582761,31951538478.058881,32807933863.007685,9084660409.399099,29516222434.013784,32815432953.927446,32815432908.04099,32815432198.517152,32815406587.553433,32813149466.306077,32781892865.871452,27465891402.134898,31045042356.361025,32470249749.837723,21422272934.965836,32815426533.144207,32814148251.229558,32800642849.747853,28615915144.647894,31585824299.297033,16313618965.391551,32619116780.393087,23075697406.944727,7569515767.137192,31899095481.861476,27836554507.256924,32815432956.143949,31011298179.522343,151171,1.749664351852,329447,4923117902.668196,9116597161.2692943295926057692,20846.82788422,38604.017955317814945347194,75.986532,140.7113572377482395164,73.359643902347,0.04972964795198858,0.03905778853504054,,
2021-11-22,485693,9302,972977,2287209,986,305374,1814096,132,61177,2981431,2971081,2962805,2945185,1407941,25096,2081124,148371,2900208,592762,3151,1633367,39145,2206897,215166,659,2926079,774857,5210,1637633964,4301,53428.450592885375,47860611018.79298582985009270036,1.321176117268,1.249668470355,58372678510.87030028216066834346,57029257465.16677432569817463,55213301929.8488903828973677477,44182359753.5095959166461921213761,0.18619184,0.3311374357991780544992,0.169268,0.30103881825785314184,92318.56794,164186.2170990082455839172,0,0,0,0,0,0,0.538780181967,6.892085492054,4.822486915385437,6.519056635858,4.561473499324469,0.0000315424264540774,1.77847447986538,1117.4807514176014,-17.775594965398284,1.8517933840927,0.0000313689830372576,0.000429642419113341,1.64477091421239,1.8517933840927,0.030949551571,29467723585.785111,17372109421.294126,3949010425.273415,26911047395.189922,28633445923.922093,9925452117.945028,28944753513.312216,29353716835.863437,29467723585.785111,6128153695.615286,14317503826.329597,29467723585.785111,81.9914594289,24782608289.518347,32705551954.121809,32820699289.977889,17683718662.266075,31957613179.561203,32814138084.245164,9052857876.978557,29524496813.518926,32821768975.479914,32821768929.593458,32821768220.098813,32821742609.135094,32819361017.290305,32788047395.159831,27479424009.31298,31051206645.519566,32476273761.434983,21442627452.116104,32821762190.738326,32820345059.227376,32806077928.350831,28561442888.076399,31563106320.745315,16268687542.391358,32618247516.056499,23021883577.92197,7565923204.060841,31933300939.96657,27921431951.835537,32821768977.696417,31045315833.842165,495825,5.738715277778,1177637,4762240546.136021,8469523278.28308313492324885298,5592.63759269,9946.3632337349186784720722,82.630752,146.95668368408520816576,73.418382185922,0.04895151358778839,0.0395544418000243,,
2021-11-23,383721,9305,973202,2288077,991,305033,1814818,132,61093,2993618,2983269,2975007,2957482,1408673,25099,2081849,148161,2912607,592681,3154,1629648,38681,2205667,212987,654,2938184,770511,5160,1637720188,4178,41071.895883197702,47114431324.04834006961441348197,1.302880118886,1.232123917339,57460137305.81480070124416997837,56135065970.198305143513140765,54339619157.47009808607678522246,44102397813.0472962856823671825354,0.19946274,0.3491772486738209502486,0.174477,0.30543749081589001503,54128.003085,94755.87868405092877894815,0,0,0,0,0,0,0.538998241811,6.794219921716,4.768608921666264,6.425242617385,4.5096375481169675,0.000030369882688684396,1.75058885019739,1046.1169332394343,-17.371005309182284,1.77847447986538,0.0000315424264540773,0.000434116007843776,1.58302538503364,1.77847447986538,0.030954946077,29461331654.38837,17366938861.045536,2535652718.724486,26913476181.877823,28627370224.833746,9962915196.798652,28938790207.72596,29345927089.155031,29461331654.38837,6154869806.661466,14191108576.497958,29461331654.38837,81.9949856251,24791486199.194157,32706954086.418169,32822227853.149377,17691711550.994205,31958443009.426401,32815670607.331891,9061672530.331542,29528216699.146325,32823319590.694344,32823319544.916787,32823318842.890934,32823293270.008009,32820888362.121491,32789565185.875268,27487943847.762567,31052841910.874989,32477529761.780023,21449816872.050096,32823312682.549241,32821861761.560809,32807352447.39994,28542770587.672669,31553429312.893992,16226381067.644511,32617076145.959463,22999909191.617492,7582050814.73592,31939468625.474289,27939851077.007885,32823319592.910583,31040766169.248114,271369,3.140844907407,760323,4831065224.721327,8457208916.97350336811169273653,7535.7187216,13191.945172256689678456624,48.57959,85.0428886011606252701,73.486095992334,0.04873868660902813,0.039503847942812996,,
2021-11-24,449343,9292,973083,2283622,987,305291,1810806,134,61276,3036218,3025869,3017607,3000082,1407527,25160,2076971,148495,2955207,593062,3147,1610711,37446,2192232,206483,641,2979963,754166,4912,1637806560,4053,41171.283493708364,44856959051.191013122661419725,1.246939548969,1.179456492168,54681682620.333779190177933222,53418029699.58629249648570025,51722367473.6898863375055751035,43852713361.7289104183432906485348,0.20780358,0.34617110241392679177,0.174477,0.2906537771672398755,46786.560304,77939.731156659311704776,0,0,0,0,0,0,0.538460765559,3.134649310457,4.513348752403189,2.965005386947,4.269091065275866,0.000029153025883997985,1.6658572600815,900.8729077901842,-22.357639090680472,1.75058885019739,0.0000303698826886844,0.000402604864781506,1.55702285247504,1.75058885019739,0.030919820274,29478703746.489665,17436424530.033317,2380788069.186278,26927252488.00515,28644670695.049404,10061021950.089748,28955943364.677104,29363253009.241424,29478703746.489665,5856308289.956107,14239862565.20998,29478703746.489665,82.0328799365,24765246796.957041,32708882907.511034,32823786808.94469,17674948143.147131,31960400768.711846,32817253666.43874,9065861510.683558,29527578065.519994,32824950808.790549,32824950763.012992,32824950060.987139,32824924487.305616,32822444904.825753,32791292151.62824,27478584390.653126,31055612971.32527,32479665012.439962,21435400839.478517,32824943418.329048,32823368159.752808,32808029522.027376,28458994480.680803,31515664582.660089,16145824193.56506,32609382198.381559,22837376049.4413,7478342622.822495,31954888420.42754,27961030647.502528,32824950811.006788,31048498999.943989,225148,2.60587962963,721589,10471650114.578116,17444274368.403225860060276454,15964.40677826,26594.42293445873032002819,89.5054495,149.10330286643306413425,73.700561195562,0.048425026309976256,0.04010194755797073,,
2021-11-25,383944,9292,977812,2301314,983,305052,1826643,133,61114,3087815,3077466,3069204,3051679,1416636,25103,2093227,148218,3006808,594888,3136,1626187,37897,2212766,208934,646,3031802,762836,4996,1637892353,4308,47852.603528319406,45396652774.14385447619205605624,1.262128165593,1.193827176084,55325094434.6996974145075094251,54043360821.64163174855460559,52331136453.5861890407068826451,43834767294.5700270742591354297799,0.20527374,0.3459598216944169708716,0.176105,0.2968000407626192257,54613.285085,92042.9586860597063368789,0,0,0,0,0,0,0.539129619389,4.243955635575,4.574516208217536,4.014290869948,4.326962915245008,0.00002856120656846572,1.68535839847034,986.160424362966,-21.200079989339876,1.6658572600815,0.0000291530258839979,0.000390865634088228,1.48728327644489,1.6658572600815,0.031072517422,29491961290.260622,17446801652.219044,2446379554.567217,26935904443.438636,28657761669.737591,10011243940.777089,28969073439.567371,29376484237.488382,29491961290.260622,5899812269.675691,14276411315.568791,29491961290.260622,82.0543611141,24780345227.68675,32709557458.868217,32825681560.647678,17697955006.073118,31956519357.503281,32819131360.620913,9084398191.27939,29525663264.54333,32826901673.364276,32826901627.586719,32826900925.560866,32826875355.268307,32824331496.616466,32792773515.658522,27482867208.331551,31051602068.637628,32478797721.040903,21438993021.622165,32826894427.255378,32825281290.232695,32809915421.334076,28492805868.458741,31527973669.564054,16216206865.459933,32612747610.057904,22902364036.572331,7563770904.228851,31968609806.565661,28011322875.679106,32826901675.580515,31050449863.413515,266051,3.079293981481,824760,7734977576.205606,13036209420.03787239997173272604,10650.58380623,17950.0508664419308069622182,38.320028,64.58298101941858596952,73.880235424196,0.048155299288123954,0.040259779714695666,,
2021-11-26,292071,9301,978723,2301185,984,305214,1825033,134,61133,3086016,3075667,3067405,3049881,1418066,25117,2092164,148303,3005010,595134,3138,1600031,35544,2200257,197729,623,3027055,735473,4669,1637978891,4223,42365.995737627279,41544964341.370410675564171447,1.168462792325,1.105231967504,50609648541.99434871746065336775,49434785704.992012585554300125,47870930764.90673785406400428825,43313016789.6060489320186649343194,0.19936129,0.3073430605561934555675,0.176105,0.27149026613565977875,54306.812179,83721.47804693790487959425,0,0,0,0,0,0,0.538857074464,5.320220538967,4.208507970990784,5.03231925951,3.9807665041516396,0.000028654663545958434,1.54163860274075,1022.46990203584,-19.951988288555434,1.68535839847034,0.0000285612065684657,0.000372369068663873,1.50390331941665,1.68535839847034,0.03110068506,29500978738.496842,17461522980.269773,3119801733.670002,26948575540.020276,28668255824.655175,9993177514.537032,28979508281.52809,29386015352.968314,29500978738.496842,5378167797.925713,14282477175.46938,29500978738.496842,82.0890196598,24780078582.622388,32711147909.991382,32827260431.621434,17689857470.166984,31957423276.522265,32820694921.760227,9095222395.770822,29525004454.287197,32828477730.515478,32828477684.737921,32828476982.733358,32828451411.671377,32825905148.370855,32794510851.457307,27481625490.432288,31052025926.298585,32479989846.517705,21436507119.016541,32828468641.076981,32826784737.185676,32809946112.920144,28345603475.265272,31458830113.527257,16066041890.787266,32596923390.629539,22695935897.977432,7531354034.593416,31968418086.171202,28007564931.072224,32828477732.731717,31051979808.887131,272404,3.152824074074,743810,6170510694.488125,9512697485.24752792754332859375,10539.65971245,16248.3462724643929268973375,21.720907,33.48578871774177586025,73.963479035793,0.04793662110807054,0.03903919868128571,,
2021-11-27,233603,9271,980526,2308220,987,305673,1829341,133,61148,3090853,3080504,3072242,3054718,1421351,25078,2097836,148394,3009847,595948,3138,1603877,35520,2206699,197974,626,3031901,736765,4664,1638065167,4226,29013.164694746805,41477242422.15015732244748250937,1.170875964837,1.107516444741,50629651136.25143689539267860956,49452795972.233691023816210885,47889932758.75414583590248560601,43240832211.7101499187556902090046,0.20041055,0.3090732019801554853805,0.175157,0.27012717064664557007,37201.609046,57372.33108067982158333346,0,0,0,0,0,0,0.539376707524,6.063151054713,4.226883444144446,5.735056232858,3.998154428803279,0.000028226875613624224,1.54220025832051,1001.4665512392772,-22.633187236206833,1.54163860274075,0.0000286546635459585,0.000380462819049936,1.36435734187816,1.54163860274075,0.031160308079,29511842362.950374,17468514663.103972,3037476913.968285,26894848576.487587,28682611799.410301,9840664118.378256,28990319373.791014,29394148743.065639,29511842362.950374,5361497628.955275,14291812059.717892,29511842362.950374,81.9228287995,24773242375.284043,32711772306.007487,32828277973.610088,17707463337.269388,31956768466.21217,32821677990.762256,9063029283.353979,29520679579.546325,32829492058.294917,32829492012.51736,32829491310.512797,32829465739.450816,32826914060.351831,32795426960.753155,27474563662.213456,31049209745.136842,32480004726.826309,21447444778.08425,32829482974.693052,32827799593.633124,32810907453.770833,28339585778.093345,31457200691.181409,16085856392.979807,32597313383.726523,22701923037.839281,7532760922.176573,31967844160.534643,28007540621.397313,32829492060.511156,31052992307.826051,185627,2.148460648148,476226,5414592472.505162,8350385909.79774977609442547262,12126.05145211,18700.7996818518373952957761,65.909642,101.64586691821233535742,73.942543093828,0.047320978358623374,0.03826769437180653,,
2021-11-28,191590,9292,981855,2312714,986,305864,1832381,133,61161,3093725,3083376,3075114,3057590,1423751,25116,2101885,148417,3012720,596523,3141,1616084,36179,2214773,201137,632,3035940,745987,4768,1638151557,4142,22837.889908256881,42723231268.8830956138874013612,1.207841756072,1.142484922996,52170426250.0475767097155503189,50955406844.59416161701118955,49347462212.9207544441139417224,43193097098.8397853856422425043298,0.20202835,0.321035094808236086055,0.175005,0.2780933802949702665,27878.902059,44301.2377503483705612447,0,0,0,0,0,0,0.538782838237,6.171997049993,4.376221145750006,5.838027654652,4.139421951245534,0.00002775719353306186,1.5890596285533,857.9634673189269,-20.99791301748246,1.54220025832051,0.0000282268756136241,0.000377349938917319,1.36450625892904,1.54220025832051,0.031208127146,29508681825.812659,17459378062.794451,1382736719.401684,26885857837.681564,28674096566.898884,9811981815.404121,28986740943.845483,29390204574.176142,29508681825.812659,5359136221.016124,14280064803.467046,29508681825.812659,81.8916661024,24775124589.055311,32712990457.432608,32829794401.662901,17688782612.018202,31956940234.152284,32823167380.93661,9063579141.744443,29519972796.749977,32831006029.661994,32831005983.884437,32831005281.879874,32830979710.70499,32828427474.991162,32796870465.634768,27475537392.336357,31048381498.783171,32480749241.738554,21436855174.289319,32830997691.127555,32829339279.200857,32812985277.519456,28379770360.273125,31476530003.288171,16107375978.694486,32603644652.228159,22758559997.539216,7533310780.567037,31968324251.042189,28007633832.853006,32831006031.878233,31054506279.193128,137995,1.597164351852,343766,5319348950.744875,8452762667.8160371648536393375,16717.47585265,26565.065968760771203471245,66.446248,105.5870501656404530184,73.920653484525,0.047375786167304125,0.03878587284685381,,
2021-11-29,194451,9307,983732,2318549,983,306225,1836633,133,61233,3100702,3090353,3082091,3064567,1426926,25136,2107291,148557,3019695,597382,3135,1623129,36459,2221517,202590,636,3043504,750501,4795,1638238799,4146,22483.209358417752,43242364457.422609941896821235,1.225620150613,1.159304496656,52795810536.924003607419921902,51561486519.86554557312948775,49939143485.38283872316402458,43076813407.9010212457249878290831,0.20332906,0.32694507762652512689,0.175005,0.2814011106431615325,27902.440507,44866.0195327250030968955,0,0,0,0,0,0,0.538134546583,6.560599146906,4.463467732662665,6.205619325008,4.221959153140108,0.00002776140666337065,1.6079604048065,867.5546942465247,-17.440900462911966,1.5890596285533,0.0000277571935330618,0.000370317014703855,1.40822319327642,1.5890596285533,0.031274762148,29516523843.523589,17453721467.260096,1860408836.576291,26892679899.43219,28679624746.724932,9941023118.894877,28995478378.388101,29396972170.173921,29516523843.523589,5515124378.031107,14271726380.644605,29516523843.523589,81.9049163516,24769920873.672954,32715618517.245151,32832810087.785085,17669122622.581713,31958081665.059101,32826157718.248551,9064414451.791907,29518871070.904657,32834024006.775069,32834023960.997512,32834023258.992949,32833997685.818109,32831439900.920646,32799788939.981952,27471785407.977026,31048423201.688048,32482754322.8613,21419764560.369915,32834016036.500828,32832360603.788557,32816156285.730246,28392494877.376172,31484862292.901925,16125494159.253504,32608011863.305167,22763370775.205339,7534146090.614501,31970546787.042308,28007961812.519516,32834024008.991308,31057446026.72132,137228,1.588287037037,347118,5004729487.927613,8047406853.3551120542492718845,16764.32529956,26956.37129498834697633514,74.641269,120.0202051165108594485,73.946335152554,0.047376836446320014,0.03866534944089805,,
2021-11-30,210327,9304,984781,2323412,982,306360,1839899,133,61247,3105296,3094947,3086685,3069161,1429141,25137,2111450,148558,3024290,597865,3140,1616160,35755,2222743,199214,624,3046743,742395,4708,1638325817,4207,28019.721654385548,41871851919.6943752460906384752,1.191565620732,1.126495911632,51124349143.28193753142438985448,49925924527.94543109296935494,48332520922.6873043242016878836,42905189822.3504260444629459200503,0.20377478,0.3172681450862530137432,0.175225,0.272817424819394649,33554.574516,52242.95968249739244903504,0,0,0,0,0,0,0.537912474621,6.072588664927,4.393507613774072,5.740973207892,4.153584392274368,0.000027268587932758255,1.55695491407844,805.4634632437,-20.878404761642866,1.6079604048065,0.0000277614066633706,0.000361468571509075,1.42364105204266,1.6079604048065,0.031315394947,29528312339.425016,17475519109.866673,2048283562.565014,26893426098.00508,28691396990.578819,10132989265.548892,29006111014.461702,29406650555.895744,29528312339.425016,5327429711.611574,14290914236.342692,29528312339.425016,81.9019755192,24769037802.657898,32717399383.364036,32834898313.513949,17662955370.384963,31958943700.286972,32828225566.365772,9057115222.047499,29518686474.882262,32836114056.707803,32836114010.930246,32836113308.925683,32836087736.142057,32833523341.543822,32801787206.781375,27471253665.840393,31048381991.66918,32484207321.874939,21423353632.178472,32836105230.216737,32834426342.998453,32817585093.923126,28347205694.8195,31463539540.94389,16052176925.378683,32604062378.003537,22708823893.112793,7529846860.870093,31972447358.695412,28010834930.430623,32836114058.924042,31042980426.50469,164665,1.905844907407,416262,5407267949.593083,8418872405.85780097522594343052,14695.03601328,22879.5085334359438828016832,58.215591,90.63905048343060495804,73.861345668752,0.047299679560539945,0.03881196692861378,,
2021-12-01,216401,9301,985495,2326888,984,306475,1842138,133,61172,3085756,3075407,3067145,3049621,1430248,25113,2114332,148523,3004751,598253,3139,1616016,35587,2225304,198574,617,3027028,741274,4697,1638410235,4315,23775.656315179606,41631600387.174120268660023058,1.185735674024,1.120990058367,50812563367.76075218450278877152,49615942120.389762176811134285,48038006803.06382517387608015133,42853196105.1100675015088421480608,0.20768948,0.3213554442484960068668,0.175269,0.27119162394739322679,29593.050345,45788.97226901229191647395,0,0,0,0,0,0,0.537843805544,5.335884064359,4.628247279746499,5.04452477882,4.3755276170890385,0.00002705966277819607,1.54728801982891,892.755093966394,-20.643482813028218,1.55695491407844,0.0000272685879327582,0.0003351855627648,1.3731280257959,1.55695491407844,0.031359840018,29541490105.00158,17510250090.220297,2504987097.284231,26906173804.5238,28704430353.645583,10206078891.808861,29019119607.509069,29415082247.101692,29541490105.00158,5514271894.524972,14323146571.192381,29541490105.00158,81.9317067038,24774990672.469541,32720920390.200671,32838579064.900226,17662660151.793537,31961650619.747556,32831892297.22467,9048502502.098515,29520103588.467028,32839757506.782833,32839757461.005276,32839756759.000713,32839731187.217065,32837199886.693885,32805384078.983162,27475223739.582925,31050278691.188137,32487464205.101617,21429996277.597521,32839748567.552703,32838101562.551356,32821109076.452433,28341594364.807036,31461559894.21725,16009850010.560117,32606390928.898348,22708148696.437187,7527563610.062739,31968499010.293742,28001000283.800749,32839757508.999072,31046583562.623063,142487,1.649155092593,322952,6154511063.752904,9522801236.84934930151259565464,23328.5747841,36096.024283120730622188331,103.421839,160.02337247337433756549,73.881118476223,0.04699315342184445,0.03881208853532122,,
2021-12-02,178318,9298,986447,2331325,986,306410,1844635,132,61210,3081990,3071641,3063379,3045855,1432214,25111,2117564,148547,3000982,598591,3146,1651852,38399,2243421,211607,648,3026283,774490,5070,1638497863,4246,19438.834432406971,46246078789.13237616430109781064,1.310249099534,1.239146034075,56386406753.22552569450309068608,55054729452.92406608911165924,53326495189.99914251323505983472,43034875409.0088952814594399195094,0.21424101,0.3678300113423635802424,0.176501,0.30303425488863460024,23017.410856,39518.55200941370937604544,0,0,0,0,0,0,0.537837136995,4.936781098342,5.464294975662445,4.668877636537,5.167765007826662,0.000030343061619386504,1.71689823224024,980.6519869100612,-12.688288416071137,1.54728801982891,0.0000270596627781962,0.000337501667028491,1.36713188147603,1.54728801982891,0.031410758809,29579493483.002387,17505766884.000616,2761525048.713556,26935829929.063211,28742529552.079961,10128182104.463736,29057122638.626852,29451449534.343632,29579493483.002387,5605314120.40937,14337924237.660615,29579493483.002387,82.0163607721,24774331622.227714,32722951207.106607,32840854581.267094,17663658220.462489,31962617998.134608,32834145702.092396,9010981372.796707,29522373698.882522,32842020389.202953,32842020343.425396,32842019641.420833,32841994066.637251,32839467854.386948,32807597702.690235,27473456551.898311,31051953578.196731,32489174281.099843,21436497088.130066,32842013321.56733,32840461188.84907,32825404932.028679,28513340867.04658,31542640636.395811,16188546354.648736,32628239299.445892,22935873030.200718,7534026951.679171,31968458423.587879,27996852881.692152,32842020391.419192,31059788046.037978,107437,1.243483796296,227629,6652517042.420068,11421694750.07908444479077313632,32677.40487517,56103.7786643779734466508408,185.509884,318.50159190269198253216,73.959876612088,0.04755806284826838,0.043786578555366024,,
2021-12-03,155957,9307,987488,2337145,984,306470,1848163,133,61132,3098440,3088092,3079830,3062306,1434717,25122,2122259,148484,3017436,598943,3144,1624998,35869,2235568,199793,623,3040134,745694,4722,1638585891,4235,17894.360566706021,42160969255.54297572498141228086,1.208551304332,1.142788704359,51435138792.1402630610741912446,50217704490.71976727396076381,48636326325.62611859783125071112,42559334144.7360355886100298349961,0.21968648,0.3440409258193647295088,0.178855,0.2800966167213498013,19543.748898,30606.56925655647620826588,0,0,0,0,0,0,0.537993346814,5.459325892246,5.163217752442319,5.162259922856,4.882264331255655,0.000029178442431234695,1.56605415963406,852.691734457853,-24.083369336253813,1.71689823224024,0.0000303430616193865,0.000379211763646526,1.51982773722999,1.71689823224024,0.031444341008,29587189624.854599,17499499002.867623,3095146105.524601,26921782363.768781,28750013607.280316,10158312601.971382,29063444928.248857,29458261166.675119,29587189624.854599,6162100300.182776,14329044918.797874,29587189624.854599,81.9691950787,24779082771.789046,32724281926.347951,32842597283.348686,17669735297.726957,31962901573.830138,32835859028.483578,9044504837.025009,29522113660.991033,32843780320.272173,32843780274.494616,32843779572.490053,32843754000.373745,32841204522.540667,32809241903.358032,27478746696.979887,31051549400.939336,32490086281.832617,21435330126.030533,32843771651.393898,32842122557.608045,32825272451.767443,28362775859.664349,31470866332.034624,16048989460.75489,32611468874.145595,22725883604.521817,7532936786.507922,31973859047.581772,28013903946.149688,32843780322.48841,31056605562.729052,88962,1.029652777778,213336,6016087145.326288,9421518298.65923094979737816928,33439.453482,52367.99522137575151279692,131.75978750000002,206.3429632868748546833331926812,74.046747901442,0.04804281947882331,0.04542787074626178,,
2021-12-04,165246,9303,988938,2342594,991,306334,1851801,133,60982,3105252,3094904,3086642,3069118,1437324,25085,2126570,148261,3024247,599196,3145,1595624,33529,2212380,188299,597,3043762,717144,4399,1638670662,3997,23136.670002501876,38267252020.16916653988204798186,1.101388333598,1.041459231672,46670309344.24840744534664542048,45563914942.85108679637668253,44130869221.01179873061659498564,42374072723.1112766819847262126273,0.21078773,0.2995134157763892280294,0.175357,0.24916902919491701846,24350.408859,34600.08859581503449579002,0,0,0,0,0,0,0.53863521103,4.700766484231,4.854504509891731,4.444986842147,4.590359624116051,0.000028904230570907212,1.42092433832078,851.172420998107,-28.405200509551218,1.56605415963406,0.0000291784424312346,0.000369969027113539,1.38679940128426,1.56605415963406,0.031486430071,29605302650.522364,17474135192.681219,2814172413.249477,26931238341.228387,28761216209.751953,10130756911.633005,29081560628.641725,29475239778.661436,29605302650.522364,5389357183.951269,14307851772.237651,29605302650.522364,81.9948540257,24792460700.840805,32725241580.606046,32843847180.685255,17691492252.263788,31962468926.67136,32837090391.518259,9023581173.524838,29522422327.849529,32845034800.553379,32845034754.775822,32845034052.771259,32845008479.047616,32842447091.033645,32810403939.672938,27487094206.919989,31050475073.675537,32490322740.882194,21446544248.548853,32845024019.702865,32843178876.945741,32824296340.611454,28214992982.2083,31393982960.169577,15859119262.886664,32592399941.865137,22518557482.584606,7519882375.822778,31976044650.814614,28030039420.603734,32845034802.769616,31057860035.788238,115521,1.337048611111,278841,6987165797.950972,9928233938.19106969022324879816,28629.24485754,40679.9908058236179739216812,128.658966,182.81465613258573111348,74.151395570671,0.04836533879285001,0.047929842416643324,,
2021-12-05,150476,9310,990334,2347793,988,306634,1854833,133,61061,3115475,3105127,3096865,3079341,1439532,25082,2130508,148363,3034470,599897,3142,1587788,32890,2212549,185056,589,3046827,708771,4294,1638757434,4321,23301.868780374913,37028305236.76557688760955078456,1.069490101627,1.011363873532,45174332252.58908030077592885112,44102007983.62211125201003803,42719130903.29639064919378447314,42239130763.2042988282267565656124,0.21941628,0.3017707428428652603384,0.176809,0.24317148787366262802,22300.5931,30670.771310239492752918,0,0,0,0,0,0,0.53812075296,5.016136071696,4.788295433227747,4.743511697691,4.528054078851136,0.000027881925153915986,1.37533433181378,764.1662392654418,-30.45548768918588,1.42092433832078,0.0000289042305709072,0.000346756252434063,1.25890615785484,1.42092433832078,0.03153354963,29609874742.934692,17463304430.942223,1553980024.148348,26923130165.690652,28772633047.269112,9995888240.067187,29085547983.639438,29474239376.066358,29609874742.934692,5592522842.002803,14316468077.410596,29609874742.934692,81.9675762549,24786616916.735166,32726035570.793251,32844873678.811753,17675153687.295719,31962155581.03663,32838091463.372107,9020217253.687324,29520701859.094567,32846073281.661967,32846073235.88441,32846072533.879847,32846046960.156204,32843466042.058701,32811351444.930668,27479511589.291837,31048995798.338023,32490701010.632698,21437932120.001243,32846057387.3024,32844171298.851122,32824530433.451858,28162444760.888981,31368693675.183311,15805476580.057634,32586319748.434188,22436774056.204291,7512353706.473868,31978037003.199298,28031024518.566435,32846073283.878204,31060906366.642313,101636,1.176342592593,243928,6548082590.744414,9005802794.60291407137302322492,31418.77170262,43211.3153860325766833781036,143.6412875,197.55479416468356944175,74.289239334151,0.04842147454147906,0.04806470153126027,,
2021-12-06,157037,9286,992493,2354435,987,306962,1859323,135,61031,3123757,3113408,3105146,3087622,1442962,25113,2136237,148432,3042752,600865,3143,1602255,33596,2222719,188670,597,3062269,719587,4394,1638843377,4352,22391.715073529412,38246584794.2435485090363978772,1.109927495608,1.049550924371,46692716320.4484619590243721364,45582572541.5701167724646491,44152779140.4552108325251656082,42068258066.5804678428874435350694,0.21606535,0.30713823055228222331,0.176061,0.2502717997553303226,23662.612529,33636.5499715772284951714,0,0,0,0,0,0,0.537936347827,5.240899287868,5.0273551943556205,4.955810819969,4.753882854739689,0.000028128905116490206,1.4215061811266,793.5919793320099,-29.048912671847777,1.37533433181378,0.000027881925153916,0.000328196599138142,1.21633723710505,1.37533433181378,0.031607764049,29603108143.208726,17420099465.408934,2116212679.478615,26905676037.181642,28765903973.244759,10007242858.166468,29078593369.800826,29466737203.283712,29603108143.208726,6017447803.561198,14288190152.353443,29603108143.208726,81.9112439974,24772756937.544831,32726972040.173367,32846151083.475819,17669785486.003046,31961232672.732014,32839340227.178699,9055574363.77662,29516795299.557899,32847353699.364313,32847353653.586756,32847352951.582193,32847327378.858528,32844737818.13658,32812529147.284583,27479023945.844127,31046614286.885495,32490912427.019556,21438323178.336487,32847342920.624559,32845475245.801763,32826503647.83263,28210516886.055456,31391735880.54059,15856972900.827611,32593627711.260567,22507540438.738829,7469025644.298398,31978706737.655656,28034916594.739019,32847353701.580554,31060560781.707177,109516,1.267546296296,261517,6267503322.877846,8909294713.7023627176424613036,31653.71712852,44995.954553824111970590632,151.0312765,214.6918930881906061049,74.445393407209,0.04845269955168466,0.048561782049833045,,
2021-12-07,178497,9313,993314,2359031,989,307249,1862419,135,61089,3127666,3117317,3109055,3091531,1444726,25094,2140492,148532,3046661,601293,3154,1594850,32983,2223407,185781,587,3059089,711868,4315,1638929895,4252,23640.237300094073,37129230752.38072332631432332675,1.088224773276,1.029031093336,45368185872.54413273755606430571,44285393936.175114539731318215,42900396184.29494871155494676283,41690087366.771252922512832848154,0.20888736,0.2884845731951942488224,0.176061,0.24314962112269069149,27388.266613,37824.65537602415664151317,0,0,0,0,0,0,0.537631413534,4.388230076676,4.917733444727885,4.14953353802,4.650234719551792,0.000027307319291412508,1.38105327768609,795.8376965305782,-31.61710524000235,1.4215061811266,0.0000281289051164901,0.000327389564767972,1.26004683809215,1.4215061811266,0.031631517676,29597165774.538857,17389395811.875451,3206387905.386355,26884720055.543075,28760128460.965101,10048633537.41864,29072078711.560676,29460229217.315505,29597165774.538857,6120101072.819325,14279243543.937396,29597165774.538857,81.8397959678,24778995609.052684,32729769568.443057,32849222914.198387,17661419942.451103,31963602833.611341,32842384456.845144,9043809833.028071,29516988873.482475,32850424094.786778,32850424049.009221,32850423347.004658,32850397774.280993,32847807549.734781,32815497792.385842,27475421010.632731,31047819387.781863,32493461286.694066,21435557397.060252,32850408252.66262,32848519679.541102,32828822813.244932,28164689051.008826,31371695263.376844,15769690516.807675,32590383050.561541,22440829715.916703,7452799385.38668,31981407716.774695,28036001069.419902,32850424097.003019,31063534533.709787,131115,1.517534722222,307781,7486030477.664393,10338606928.03637590928662439337,26586.80495404,36717.7941249777173999973036,111.819483,154.42866350631402009147,74.587967467125,0.04835342950216445,0.04851942544473986,,
2021-12-08,158156,9293,995482,2364716,989,307774,1866657,134,61192,3140303,3129954,3121692,3104168,1447809,25097,2145475,148775,3059298,602463,3148,1601345,33160,2229947,186994,590,3074706,715824,4329,1639016333,4187,22233.207786004299,37415193482.352007081232589004,1.10173653344,1.041812493939,45764138781.688387718752122294,44668461226.8907323694190255,43275002788.802149328532361478,41538187572.6632626097498433878418,0.20516264,0.28579142332578429032,0.176061,0.245252857840788693,26954.882753,37548.134044090604738489,0,0,0,0,0,0,0.537574500099,7.773518214274,5.009624223613667,7.350712399643,4.737148081861798,0.000027583788047988203,1.392999345913,890.0284618788297,-34.54078163159174,1.38105327768609,0.0000273073192914125,0.000320894386950353,1.22514247462259,1.38105327768609,0.03170627099,29606102036.250881,17377263863.501888,3478836842.980722,26859447990.500908,28769411173.146128,10076582443.701806,29081237738.136854,29468921960.066339,29606102036.250881,5917747493.002334,14290071915.537019,29606102036.250881,81.7565772642,24762222266.658282,32732019441.157847,32851738211.200032,17660908528.219583,31964028671.000556,32844883891.05059,9007887057.982277,29513467924.936441,32852950658.498997,32852950612.72144,32852949910.716877,32852924337.993212,32850318353.002814,32817924695.571264,27465653527.802966,31046658545.089344,32495109692.59441,21426000649.987069,32852936962.118006,32851042097.241479,32831501965.507569,28167735019.927617,31377584242.313418,15783721069.143624,32594080000.348534,22444765741.931498,7454428533.841782,31984176893.68762,28036156947.969616,32852950660.715238,31066061097.422006,131383,1.520636574074,319192,4226265347.958961,5887184865.361610022567076393,16695.82476907,23257.27298279257427331091,135.955168,189.385460097492028384,74.655024206137,0.04806024094899738,0.04713780599356653,,
2021-12-09,154715,9296,995231,2366934,990,307587,1867450,134,61127,3139676,3129327,3121065,3103541,1447703,25065,2146834,148684,3058671,602269,3142,1578709,31658,2219727,179780,576,3069813,696008,4118,1639104399,3996,20386.787287287287,34975062358.52329727408899100061,1.033273251751,0.977076163454,42761180523.78265941580475668086,41735025792.768537348928592805,40435509329.35722695320607605581,41384193824.1662256483529820838321,0.20838632,0.2712188138039174821176,0.176677,0.22994852237150082111,21897.443291,28499.94469273976841816513,0,0,0,0,0,0,0.538001288596,7.9762769988,4.695148073643821,7.542467701965,4.439790983528817,0.000027150154216148033,1.30151928305043,776.2159142473812,-42.909962808415905,1.392999345913,0.0000275837880479883,0.000314637673261588,1.2282389416779,1.392999345913,0.031697727531,29620638051.577166,17340552890.397413,1858570952.252019,26872488801.357327,28783702092.26088,10141179016.731624,29095809931.310504,29482641038.659945,29620638051.577166,5765461339.001783,14329364106.468946,29620638051.577166,81.7916201801,24774903710.751714,32733788002.922126,32853610953.293941,17675934980.963948,31965893077.840682,32846741055.350808,9018833033.981937,29516697420.040189,32854819039.389761,32854818993.612204,32854818291.607641,32854792718.883976,32852186000.251058,32819716546.090122,27471745778.912491,31049134123.71112,32496928578.172086,21427525159.345775,32854802238.41398,32852823503.594723,32831627299.741895,28064114072.323349,31327135503.123429,15683754285.639628,32581317165.478773,22297117489.081362,7462753871.729979,31986432712.629705,28043838880.49357,32854819041.606002,31067929500.503967,105081,1.216215277778,249606,4119066959.002144,5361045075.31718540108523012192,17916.8450955,23319.119383220773024666065,92.332615,120.17267887697137877445,74.686905002873,0.04825457851316896,0.045417544027487544,,
2021-12-10,164983,9299,996596,2370020,991,307650,1870196,135,61047,3144169,3133820,3125558,3108034,1450332,25058,2149631,148556,3062804,602629,3140,1559779,30236,2201546,172685,560,3071975,677335,3886,1639190494,4278,26665.207573632539,32940637607.22430286734042044348,0.978363993009,0.925066341903,40244291840.43842408436982045779,39276768369.199473121804573905,38051931695.52420497093797608174,41134273264.3741595420864170226668,0.21662515,0.2653350022294244451045,0.182309,0.22330259861998545027,29930.013264,36660.00986556797866297392,0,0,0,0,0,0,0.538314693668,6.435960920749,4.435515253766007,6.085353578152,4.193884790915011,0.00002582060156840746,1.22485778880903,760.266617975694,-41.38322889897881,1.30151928305043,0.000027150154216148,0.000313069348506706,1.15306497476689,1.30151928305043,0.031739836416,29630559660.109256,17370893140.375663,2120521212.897581,26893438493.993316,28793559265.979605,10133044576.076037,29104083965.008492,29490065499.139666,29630559660.109256,5635101050.396094,14337250760.133732,29630559660.109256,81.8517014483,24779054110.003588,32735005861.736654,32855088037.206784,17687027695.703303,31965942051.739849,32848218931.248415,9033893751.34162,29516265373.265876,32856297445.644452,32856297399.866895,32856296697.862332,32856270765.146587,32853661100.083928,32821181771.333208,27475705646.634367,31048185543.244153,32497577224.530225,21429408022.451604,32856278789.554953,32854133463.082273,32831385805.146017,27955606717.533852,31270934459.153512,15558256833.865054,32566885083.396521,22116960497.409578,7442717358.195734,31987702354.185203,28051669342.295057,32856297447.860693,31066407907.258658,138165,1.599131944444,311220,5105111397.108126,6253035457.48563708278767517778,17631.83536295,21596.4908753077979182874385,114.356981,140.07103888253625633843,74.769944962626,0.04831644557319192,0.044288265704668414,,
2021-12-11,127693,9301,998265,2375366,991,307778,1873947,135,61061,3147944,3137595,3129333,3111809,1452849,25088,2154290,148599,3066606,603246,3147,1595984,32433,2234937,183453,584,3078795,707740,4252,1639276654,4166,18736.703552568411,36232996848.90734285149020563525,1.077512444374,1.018814418463,44265948926.220106605956582037,43199447076.225030470097108625,41854539359.086725912525796308,41081612706.5031469718079116176426,0.2192383,0.295355141021866900025,0.180021,0.24252207685380474675,20510.838842,27631.9497946102263353935,0,0,0,0,0,0,0.538100199603,6.794046659071,4.894133652330783,6.423937590799,4.627523289323985,0.000027314261388877397,1.34718769951175,864.5190514952604,-35.442935241831506,1.22485778880903,0.0000258206015684074,0.000311540773708752,1.08326349577431,1.22485778880903,0.031800967212,29631731886.366659,17375242548.347963,2920592133.744424,26895284793.677203,28795192690.77389,9886560552.314964,29104951383.665307,29490538894.580784,29631731886.366659,5296997956.465512,14309518393.727477,29631731886.366659,81.8529766736,24773614448.672322,32736499509.454734,32856834161.283391,17680918524.885972,31965943953.141036,32849944781.016617,9030304961.619104,29515104770.572917,32858041191.496443,32858041145.718886,32858040443.714323,32858014537.997984,32855403118.774338,32822833878.641578,27476254552.780143,31047774451.512973,32498459097.47788,21427095473.624771,32858024929.92892,32856099878.061806,32835664869.415445,28124787625.94902,31354193794.978531,15734919386.697558,32591015986.162011,22394181579.277902,7445312005.221924,31988493047.930613,28052519114.070006,32858041193.712684,31068083069.831856,93555,1.0828125,213229,4836299019.207369,6515402549.83690827003330208575,28695.03664985,38657.6004117167752007107375,144.886911,195.18986431945366570425,74.611586311653,0.04884377885879626,0.04880258052455896,,
2021-12-12,118582,9283,999610,2380569,995,307936,1877477,135,61037,3152940,3142591,3134329,3116805,1455150,25038,2158666,148545,3071644,603772,3133,1599247,32467,2239808,183649,584,3083840,709082,4254,1639388732,4378,18073.72316126085,36025966482.89603221834950636645,1.081200821944,1.022304778494,44367256888.24561099471767978575,43296566314.071243114763008775,41950447876.9832048902887590758,41035167554.2380096411195795068849,0.22985714,0.310356878255582572741,0.181969,0.24569752664324503985,20194.5588,27267.02432178875841522,0,0,0,0,0,0,0.538702214734,10.50580542723,4.938312112592364,9.933524718259,4.6693083911271875,0.000026930767925717307,1.35021639204065,832.7235105011508,-34.09857173839107,1.34718769951175,0.0000273142613888775,0.000330226654066482,1.19350274376,1.34718769951175,0.031843734849,29618836280.698747,17363339860.477841,2257879363.619969,26681624290.198533,28782945776.324763,9852009753.576603,29092512153.896504,29477032732.589049,29618836280.698747,5165637379.781315,14286339932.21834,29618836280.698747,81.1994452883,24774519057.883517,32737532306.493104,32858160763.8778,17701414149.817186,31965916649.967482,32851251667.829484,9035471491.108794,29514458819.470669,32859367688.610814,32859367642.833257,32859366940.828694,32859341077.111431,32856724762.379748,32824067004.593592,27472944285.615571,31046529782.498592,32499008003.216381,21422251951.985032,32859351463.379912,32857425427.957825,32836973269.839775,28128187942.64991,31354866228.328633,15739270526.342286,32592198507.277398,22403189561.67593,7450332797.996566,31989541064.615094,28057357124.813037,32859367690.827055,31069425704.113532,87857,1.016863425926,194764,3127734272.106371,4223118084.14535288999455598115,18321.32198802,24737.749272079393362653013,159.155307,214.89410439166200722955,74.572400968105,0.04884296664340288,0.048892557724804254,,
2021-12-13,119495,9278,1000542,2383261,991,308151,1879249,136,61025,3155503,3145154,3136892,3119368,1456820,25044,2160869,148603,3074051,604326,3140,1567871,30278,2213725,173100,561,3083450,680476,3914,1639445025,4236,17450.745750708215,32794999714.446060079521304732,0.991179348593,0.937223201723,40402561390.6696014391542138796,39421800336.72673019282836606,38203195010.20950954867557771208,40762109751.4162365806033207572324,0.2401368,0.295219536273704522208,0.180329,0.22169298398538192724,18387.034379,22604.66435305643534654524,0,0,0,0,0,0,0.538250796734,9.874006976767,4.543868306840301,9.33650246622,4.296516880412903,0.000026277055455181597,1.22938065416756,698.9188409505792,-40.08957425825138,1.35021639204065,0.0000269307679257172,0.000326061435808622,1.19353311818432,1.35021639204065,0.031874633805,29616132351.567146,17371016075.520927,1926426909.088998,26676033662.3747,28780639103.87955,9603013205.883281,29090217456.396997,29473963967.766765,29616132351.567146,5483892349.645503,14211725145.227701,29616132351.567146,81.1705955901,24776309706.912785,32742156409.720372,32862952732.982611,17689159809.776924,31969683737.216033,32856032817.122021,9072444190.524196,29515974906.730413,32864159079.599669,32864159033.822112,32864158331.817549,32864132312.103718,32861513137.708856,32828835601.855372,27476763129.95203,31049344295.386555,32503354819.02607,21430271275.344134,32864140538.415472,32861993599.24927,32839175555.62439,27960963908.716596,31275144086.725162,15566271092.763815,32573888260.258975,22141944044.515891,7453974507.529764,31993440528.285949,28062293987.702909,32864159081.81591,31075155510.786618,76569,0.886215277778,172049,3328350806.227233,4091810091.45876143924181716148,23847.2684632,29317.370503398239236493792,169.872562,208.83804139667939448872,74.449241724458,0.04917556690063812,0.05090863284080575,,
2021-12-14,126746,9271,1001593,2387460,991,308109,1882350,136,60917,3156235,3145887,3137625,3120101,1458715,24972,2164452,148471,3074869,604527,3146,1580304,30995,2223743,176969,573,3085583,691307,4017,1639531333,3890,25989.960411311054,33735191899.69343702706960846298,1.020302942238,0.964794024615,41561812168.02163097993007155746,40551767929.611727342163922095,39300668822.87165691448315169511,40734776356.5850065003924681121318,0.2544342,0.321762331733822542374,0.184157,0.23288844709204013429,22705.962499,28714.39231808841852653803,0,0,0,0,0,0,0.538324349371,9.89321462254,4.715934742406015,9.354980718892,4.45936738158344,0.000026186556081861534,1.26461903208697,700.2274377261989,-37.8239128837562,1.22938065416756,0.0000262770554551815,0.000324539052985925,1.08998489000519,1.22938065416756,0.031910273201,29620834036.738243,17377307306.120926,1810506256.945465,26676169695.169834,28787399416.722181,9551501827.651136,29096691017.503864,29476721637.182153,29620834036.738243,5402302511.506701,14211424920.136633,29620834036.738243,81.1687222956,24788219692.893144,32742852592.892004,32863884300.057198,17692075578.769713,31969371141.787967,32856951597.754631,9077696630.369732,29515385837.008445,32865085144.757381,32865085098.979824,32865084396.975261,32865058462.041762,32862440844.233532,32829682369.054387,27478028994.21869,31048309164.101213,32503569539.921661,21450935870.511009,32865067728.646308,32862973060.719499,32840869687.991768,28025586568.568647,31306261509.138464,15669334242.13514,32582632772.64472,22239770952.70605,7461336770.359663,31993488144.259565,28069769241.491956,32865085146.973618,31077081576.112863,89241,1.032881944444,203151,3321982429.461885,4201042204.55601010148562013845,18165.49562693,22972.4314971083028864341021,121.28068,153.3738561524495407396,74.45123042965,0.04922395693636461,0.05156215727852867,,
2021-12-15,127823,9285,1001816,2390286,983,308017,1883103,136,60963,3156456,3146108,3137846,3120322,1459230,24992,2166534,148428,3075147,604562,3138,1593117,31663,2243288,180047,575,3086693,700578,4143,1639618349,4287,23116.842313972475,34908597345.21508232222040774336,1.055613713296,0.998251164534,42985438660.2036213689978016768,41938465512.44562598973889456,40649589580.02550791988250247648,40720803565.5143151820675543709295,0.24515921,0.3206348098219593593376,0.184861,0.24177297511481306016,22936.36058,29997.6313864618240035648,0,0,0,0,0,0,0.537505560871,13.36633058574,4.931839024945101,12.639997855932,4.663840558276669,0.000026783676876350547,1.30786361165856,748.2062830420947,-35.27587279355429,1.26461903208697,0.0000261865560818615,0.000328407365199891,1.12338826815595,1.26461903208697,0.031925365897,29639011484.124237,17384537588.362209,1281972498.616531,26691313248.593206,28807530565.478378,9555713887.928368,29115699095.249992,29494367726.175956,29639011484.124237,4634655388.203762,14148476514.958205,29639011484.124237,81.2102852344,24788734536.533317,32744566223.727711,32865715491.723002,17666148144.479609,31970757167.863326,32858754286.591065,9086688341.819915,29518920571.267733,32866912324.897043,32866912279.119486,32866911577.114923,32866885699.18017,32864267516.756498,32831466883.944635,27479788924.272818,31050240825.153922,32505155023.292693,21435995338.845014,32866895599.80641,32864936075.844695,32843612495.40264,28077909388.06861,31332362821.670004,15687201050.591511,32591405685.775847,22330958618.231756,7464027553.568263,31995230869.546861,28070317569.435048,32866912327.11328,31080908756.591183,93557,1.082835648148,215846,2458933071.891599,3215949088.23082423252892043744,13093.03631688,17123.9057649713670505244928,161.317464,210.98124109063973309184,74.411947214757,0.04917787173589712,0.05232769709412457,,
2021-12-16,118920,9279,1003102,2394477,983,308077,1886491,136,60946,3159339,3148991,3140729,3123205,1461606,24977,2170441,148395,3078035,605052,3148,1576956,30459,2225337,174120,563,3087888,684837,3949,1639704426,4259,19782.24841512092,33129027697.1320967970631191372,1.009773392261,0.954904196813,40873911989.4555864270630862602,39875500270.73295447842810334,38652900143.75845076175314321472,40478301669.1713378767965419495926,0.24552057,0.3053120526330158027988,0.181297,0.22544815371766148148,20320.018593,25268.54098689114202746612,0,0,0,0,0,0,0.537412506842,16.325507413657,4.732423694630542,15.438409908478,4.475272651996215,0.00002608977998908524,1.24352942253684,644.145711548974,-34.02706554332748,1.30786361165856,0.0000267836768763505,0.000325692257928021,1.1575729381216,1.30786361165856,0.031976991436,29628468163.043646,17386897887.272244,2382683195.356914,26641128948.55983,28796938872.077803,9480274250.852188,29105062472.186236,29481560464.573208,29628468163.043646,4778900390.562274,14145190588.128114,29628468163.043646,81.0517664805,24789978968.747388,32746638150.025692,32868080928.374687,17664360093.604434,31971557464.544446,32861105257.381376,9082080422.890503,29519322657.959834,32869276147.335168,32869276101.557611,32869275399.553048,32869249526.618101,32866630749.466661,32833759169.262736,27480017247.459281,31050381518.707986,32506789901.249963,21444451071.762472,32869258092.981049,32867128223.950783,32844451573.392951,27984402981.215544,31286120092.662355,15598255864.201389,32580280277.014217,22178565065.135777,7466934858.013398,31996749290.309077,28073894531.547576,32869276149.551405,31083221227.613008,82763,0.957905092593,189312,2013369343.856048,2503684017.51868781919993680832,20021.38870593,24897.1859358707431853514612,129.816811,161.43102401840409881724,74.418996263555,0.04930317061189403,0.051747527839712835,,
2021-12-17,150523,9275,1004354,2405793,987,308237,1891965,136,60972,3171175,3160827,3152565,3135041,1463826,24995,2181050,148549,3089884,605516,3144,1573327,30118,2233585,172501,560,3098923,680172,3899,1639790850,4370,21169.168421052632,32525048060.0803237251319454088,1.001434623354,0.947025909212,40151866818.5002620595639269666,39165788226.1988718577909827,37970384979.3030158028014386872,40094346532.5920519482527510975891,0.23641465,0.28875610639247035293,0.180021,0.2198770804976718042,22218.4855,27137.5879748465665971,0,0,0,0,0,0,0.537717989135,12.644024989694,4.705471057140814,11.957065376731,4.449819191626773,0.000026360428367288356,1.2213968398002,648.0763055093526,-34.62977344244883,1.24352942253684,0.0000260897799890853,0.000312959538880047,1.09752340494393,1.24352942253684,0.032019221961,29621059364.615564,17380592196.906061,3161045401.753662,26629386125.971044,28789502672.957378,9424038039.173648,29097508302.933572,29470760758.927589,29621059364.615564,5321248937.912352,14218224560.234348,29621059364.615564,81.0050705914,24787807176.961658,32750709580.017645,32872529756.901423,17676794619.177235,31974562620.255293,32865494946.754856,9069522799.306033,29519756911.776429,32873727446.651596,32873727400.874039,32873726698.869476,32873700838.934243,32871075747.833224,32837976760.355331,27480758308.785008,31053349116.254303,32510373329.853234,21440866300.254619,32873708742.294013,32871554131.972597,32848196331.038043,27955864573.817122,31274690862.628502,15564025864.959479,32579713718.931801,22138079425.438117,7454789627.124242,32002956797.57226,28082032402.372602,32873727448.867833,31087672525.429436,93981,1.087743055556,227310,2599941670.129724,3175560539.5612989379802411448,15424.80809311,18839.811859449103115396622,184.861787,225.7896024416176949574,74.376026383839,0.04928031742547202,0.05174356782779212,,
2021-12-18,160295,9258,1004120,2412296,988,308391,1892988,136,60986,3178191,3167843,3159581,3142057,1463434,24977,2186800,148623,3096906,605613,3143,1578939,30460,2241961,174425,564,3106743,685585,3944,1639876966,4142,36424.289715113472,33076860521.220378061039087576,1.021871218925,0.966354191079,40886461434.7295005629423750112,39880889431.58149432579892048,38665149418.14068210535371117664,40011364130.330389002923183928824,0.24137993,0.3002036119024540631264,0.184201,0.22909032045888794848,28772.246428,35783.97052411558078678144,0,0,0,0,0,0,0.538072695387,19.371033010846,4.826102135824356,18.318628207622,4.563905841711075,0.000026515314671584992,1.24369748513248,654.8733573821693,-30.199965987385458,1.2213968398002,0.0000263604283672884,0.000314353061090336,1.08706273105409,1.2213968398002,0.032011375516,29596040709.357459,17356045465.727884,1906437663.332056,26595583666.149325,28764523088.421347,9355678922.435679,29072409123.815544,29443467641.531465,29596040709.357459,4845338272.383288,14177612648.18618,29596040709.357459,80.8992985955,24786439818.956859,32751866623.69327,32873724642.096071,17689099457.06035,31975834787.554517,32866635732.803151,9070276500.737637,29519297941.44434,32874924907.979453,32874924862.201896,32874924160.197333,32874898306.261968,32872267357.952943,32839046438.117192,27478367284.012586,31053961410.49746,32511647248.50795,21448820271.123404,32874906856.037649,32872767118.693104,32849752519.545158,27982890108.213229,31290366628.420991,15604255081.663479,32585298444.473516,22182977184.66133,7454505002.413898,32005934017.598259,28086581977.521245,32874924910.19569,31088869986.757293,119199,1.379618055556,300614,1697117799.127617,2110701138.74858662297167170016,6706.24928963,8340.5453761843114864401824,205.054121,255.02529460375125495008,74.369721058705,0.04733294875987492,0.05167304580304403,,
2021-12-19,129495,9255,1005199,2417767,983,308505,1897341,136,60956,3182294,3171946,3163684,3146160,1465387,24962,2191828,148660,3101029,606093,3137,1582332,30548,2247968,174998,565,3110989,687703,3961,1639964072,3975,27650.473459119497,33230754875.67388738247406878321,1.031518262099,0.975480521161,41070430870.77470029363316851486,40057681697.050679995142010005,38839259354.09230986753420121576,39815515032.3902552065017096869206,0.24790505,0.3096856670486872100315,0.181649,0.22691789349884959187,25263.260017,31559.13738017468375705971,0,0,0,0,0,0,0.538064285845,14.981006376891,4.880742810136777,14.167155779012,4.615594037471268,0.00002664901928046683,1.24921080489763,657.823966248937,-32.87274582526855,1.24369748513248,0.000026515314671585,0.000313600066572815,1.10704967167063,1.24369748513248,0.032055188364,29601346563.573197,17357284049.119746,1709862893.867715,26601398855.493467,28769573609.411361,9514233749.116557,29077358812.170864,29444655450.666141,29601346563.573197,5519372597.723504,14155855397.351238,29601346563.573197,80.9116295376,24788628913.888281,32753712903.356397,32875903769.004482,17689994330.174668,31976633187.596328,32868799837.523993,9125985882.272972,29518732718.173039,32877101852.614685,32877101806.837128,32877101104.832565,32877075270.89676,32874443491.723343,32841073831.199589,27478868286.623815,31054358066.509358,32513087697.255953,21451696875.857639,32877083915.424618,32874951249.64429,32851897619.581571,27991583977.422728,31295082004.80392,15633572227.869961,32588071383.940367,22204112273.234611,7508842764.088451,32007651721.922791,28091198748.337407,32877101854.830922,31091036998.575352,101907,1.179479166667,237615,2194585665.856533,2741500126.06144086882533171679,10737.33855638,13413.1993404738163378833794,93.653747,116.99327267154900091961,74.322353876216,0.04724892811909271,0.050710969205288996,,
2021-12-20,144083,9280,1005883,2420435,982,308649,1898871,135,60962,3186305,3175957,3167695,3150171,1466759,25004,2193767,148666,3105045,606449,3138,1581711,30408,2248837,174141,565,3114748,685773,3928,1640049546,4120,30286.503398058252,32998732695.06498837777612001359,1.025146139728,0.969447446918,40773432747.56751509236212990099,39767076038.168011962620065315,38558112592.29936322470664335769,39773288087.8545492496820760387644,0.24269088,0.3009726532221345735072,0.183937,0.22810913585100423653,28586.559282,35451.56947634529282742458,0,0,0,0,0,0,0.537472068167,19.730683276109,4.8726652689426855,18.658667078469,4.607921467580809,0.000026411552066136524,1.24014818036069,665.5994739262463,-35.38803449244812,1.24921080489763,0.0000266490192804669,0.000317254580256985,1.11088404572509,1.24921080489763,0.03207533899,29612971072.572741,17343345159.628772,1880220678.394894,26608701458.133411,28779680749.011367,9490643664.673035,29087749615.433892,29452721118.345762,29612971072.572741,5334831270.608824,14059466833.821063,29612971072.572741,80.9319462979,24787465369.593181,32754318882.42854,32876671138.923186,17670937692.902372,31976781339.496314,32869556486.134518,9081672913.089081,29518515270.466072,32877871685.430634,32877871639.653077,32877870937.648514,32877845108.712597,32875206445.250337,32841814528.549578,27480727327.354159,31053740098.012261,32513493558.495137,21439134784.451094,32877853545.72155,32875705831.293648,32852479784.407871,27978773766.646906,31287559438.493133,15622202785.603145,32586650327.273157,22163667976.99699,7509803100.254915,32008592915.831325,28092932967.538636,32877871687.646871,31091536642.891301,117790,1.363310185185,268751,1666332140.025684,2066498771.32938650544098396196,7117.40375124,8826.6353109926351022347556,99.28108850000001,123.1232612475036382125468036069,74.313974833106,0.04682432930040794,0.050038150282679994,,
2021-12-21,154136,9279,1006977,2424301,986,308980,1901299,134,61011,3188692,3178344,3170082,3152558,1468356,25023,2196773,148721,3107439,607134,3148,1596049,31290,2269353,178566,578,3118373,698356,4067,1640136607,4205,32367.378121284185,34122728320.40819130872662712052,1.058449882346,1.000991940387,42145452342.83401568973675254142,41101732489.40161834961899719,39857586856.75968595675099259562,39818089685.463384805751897082369,0.25060996,0.3212242887455990173224,0.184201,0.23610328660212899994,29977.963528,38424.84956433219259044432,0,0,0,0,0,0,0.537230312932,15.954086958565,5.061746686825116,15.088019497302,4.786969815293749,0.000026114832532219936,1.28176984165194,732.9764911624396,-30.782243166942038,1.24014818036069,0.0000264115520661365,0.000314784444964637,1.099775391226,1.24014818036069,0.032115154067,29621673685.202263,17298852011.599571,2998447897.722849,26621572150.918258,28788743824.12614,9505423559.027246,29096451041.892228,29458838846.432707,29621673685.202263,5386462281.109356,14096691454.939074,29621673685.202263,80.9641999873,24783272037.006126,32756971038.918537,32879473485.629229,17664493121.175882,31978483832.663754,32872345038.263971,9046374906.743485,29518453770.842945,32880670905.532006,32880670859.754449,32880670157.749886,32880644335.813817,32878004569.805681,32844544158.438707,27480124835.316191,31053875212.149666,32515892367.88942,21440542046.747348,32880653751.125955,32878641937.318816,32856223607.789742,28046533923.270612,31322503235.326381,15701792634.472312,32598512851.949137,22268000667.813576,7512856325.892772,32010012702.87058,28092254304.584368,32880670907.748243,31095743995.186673,119620,1.384490740741,281975,2060955979.063158,2641671218.93540299960831322652,13051.99645329,16729.6554271752057946478826,96.88756599999999,124.1875601298618729603415834806,74.260081211774,0.04645060668846127,0.05060406127910597,,
2021-12-22,158440,9265,1008454,2427131,986,309169,1903474,134,61009,3192212,3181864,3173602,3156078,1470734,24999,2198977,148763,3110984,607926,3143,1611795,31989,2279423,182519,585,3122833,709902,4216,1640222805,4257,34690.897815362932,35466589659.38098307418927300861,1.101297004663,1.04161784961,43806800289.62179109761282040835,42718887393.235304407175018685,41432914938.24161329638865990659,39777462486.6231517797788946532613,0.25358076,0.3378206185893443355156,0.183585,0.24457217599523236635,29647.140897,39495.95969832249456890907,0,0,0,0,0,0,0.537378186548,16.235989906676,5.296204248702772,15.356163524704,5.009203563859521,0.0000273597018062388,1.33220130182331,751.5967014804551,-25.09303243282131,1.28176984165194,0.0000261148325322199,0.000318136142073202,1.13464485953061,1.28176984165194,0.03217084565,29620885781.793164,17297147046.103173,2794969686.069284,26622545414.750631,28788338351.914527,9518822503.123884,29095917722.620757,29453762601.201558,29620885781.793164,5480766573.938673,14076560389.233191,29620885781.793164,80.9613791121,24783978366.853755,32759129364.629968,32881819452.260954,17670616944.95394,31979206933.643209,32874685073.616028,9051436551.293958,29517622133.726002,32883018674.965548,32883018629.187991,32883017927.183428,32882992130.246809,32880346072.210204,32846892670.629251,27477445329.281904,31053657412.566726,32517638175.465363,21444685640.040128,32883002240.8989,32881043936.669981,32859596170.407293,28099161029.995205,31352255121.167717,15764038880.686364,32608506602.617184,22390526070.574553,7515919457.597031,32011242893.744056,28094124517.693617,32883018677.181785,31101091765.587289,116914,1.353171296296,276602,2025316526.198394,2698129312.80576442009499376414,8920.20610253,11883.5101823227002778039743,105.358357,140.35854035336504590167,72.75623230079,0.04625805635077558,0.051141792747952226,,
2021-12-23,160046,9267,1008452,2431071,988,309039,1906260,134,60970,3195052,3184704,3176442,3158918,1470742,24977,2202398,148655,3113833,607752,3156,1648366,34323,2311795,194306,608,3134252,741909,4587,1640309037,4170,32601.079376498801,39139904615.86174955004984126624,1.215708166654,1.149962206373,48442093756.41728850141412958244,47236390323.249533723333719815,45822326891.78537065233127962822,39846811171.5834706042314321497263,0.24888107,0.3666219715263525038283,0.182441,0.26875036782523989129,28403.054865,41840.00001276697323571185,0,0,0,0,0,0,0.537551105026,12.887021988761,5.910736655036564,12.190086935546,5.591081767444535,0.00002904742044908032,1.47308098412769,960.1991995354066,-15.852258286599355,1.33220130182331,0.0000273597018062387,0.000334328061457179,1.17630889903341,1.33220130182331,0.032169158987,29627206712.726902,17295692149.168177,1702070833.789165,26570096985.563296,28793845769.801124,9448126537.77337,29101294987.985171,29455636491.375995,29627206712.726902,5780587019.984061,14051377465.456193,29627206712.726902,80.7973016457,24795954756.50425,32760833799.922112,32883683615.578547,17677304444.985159,31980843965.845228,32876535236.235141,9042959528.482403,29521103349.485942,32884881601.970039,32884881556.192482,32884880854.187919,32884855066.251081,32882206587.009803,32848595640.01967,27482177055.130826,31055499741.216972,32519187097.804843,21463041747.404082,32884871298.080618,32883108144.727779,32863911427.386576,28272122775.066424,31438947530.88039,15927183766.798525,32633056041.551461,22663316885.849672,7508050262.18003,32014160874.537383,28102619614.929827,32884881604.186276,31106454692.930438,114123,1.320868055556,270892,2551782842.682117,3758982781.17832726074520751973,10869.55684648,16011.7374964446290500470312,98.832915,145.58888769240833491635,72.467959366022,0.04683205598965356,0.054927469970232214,,
2021-12-24,127813,9272,1009334,2429894,986,309202,1906018,134,60967,3193381,3183033,3174771,3157247,1471695,24969,2200808,148734,3112211,608225,3153,1629606,32955,2288608,187426,595,3127801,724296,4366,1640395546,4093,21882.405570486196,35775899475.77197509920172391936,1.156726875027,1.094174907777,45858034240.86300227087341259008,44713669723.97889260547126304,43378183276.97742173940699861184,39644651845.5853592441747027424127,0.24361943,0.3397051711870426545472,0.181825,0.253538450324278448,20543.938948,28646.65719473398728372992,0,0,0,0,0,0,0.537483879035,19.141206046421,5.625226982717986,18.106112871366,5.321033294826801,0.000027457737335795083,1.39440918643904,812.065983612967,-16.29479788857659,1.47308098412769,0.0000290474204490803,0.000359126038704947,1.30077481749211,1.47308098412769,0.032198364572,29625830636.94349,17311213236.830468,1763285048.303357,25656672247.788584,28792368277.116601,9686196318.518936,29098284613.169255,29452207391.988585,29625830636.94349,5882317295.87977,14049926110.85591,29625830636.94349,78.0144636987,24796142914.431278,32763048787.581835,32885874541.958573,17676270615.820956,31982278598.805264,32878727812.681384,9046272689.179065,29520496447.805091,32887071229.702815,32887071183.925258,32887070481.920695,32887044742.982779,32884394651.392921,32850838777.285742,27480534149.183797,31056451472.063114,32521181113.463152,21462567704.629791,32887057544.801304,32885147022.429887,32864784699.828955,28175844776.194777,31391360732.699318,15842573991.27686,32622430364.007235,22510442986.844613,7511056044.732237,32014576034.77949,28100577316.551551,32887071231.919052,31108647087.842321,84328,0.976018518519,202728,1718129523.926674,2395775591.65548860221213095296,10146.95239149,14149.0036290532422050997696,102.05462,142.3058996465453803648,72.391919362243,0.04667491710672986,0.05508087903448739,,
2021-12-25,106575,9260,1010110,2425605,985,309441,1905000,134,60996,3190418,3180070,3171808,3154284,1472708,24968,2196126,148815,3109282,608719,3153,1646476,34077,2294853,193297,606,3129382,739662,4528,1640481642,4230,16547.786524822695,37334613852.67338648772696073074,1.205244089958,1.140070910811,47836346924.36590500816188049466,46641078634.29945428630541073,45249612142.73244964022854803688,39690173403.8100843435587968064054,0.23326292,0.3392846518552247764216,0.182837,0.26593934385822544126,16377.856146,23821.85398618247343696108,0,0,0,0,0,0,0.537342237671,24.232189232641,5.898119176638366,22.921841541955,5.5791803152626755,0.000028750801484182734,1.45451601075398,825.5811015945507,-13.696931639340118,1.39440918643904,0.0000274577373357952,0.000344710131128225,1.23247115067276,1.39440918643904,0.032229674216,29637049080.801507,17324702178.264945,1150412460.705549,25668066612.288563,28804346180.558638,9624497090.672886,29109117346.772535,29462978234.952749,29637049080.801507,5268836687.009833,14039350302.237124,29637049080.801507,78.0465404511,24790733206.677619,32764197822.103156,32886955724.385434,17672194398.893346,31982670373.216646,32879838186.846701,9047165806.491397,29518747693.257789,32888154250.25493,32888154204.477373,32888153502.47281,32888127797.074168,32885473570.180614,32852049543.61207,27476910913.559716,31055912779.234466,32522114753.9158,21463355604.0367,32888143785.177997,32886302762.603761,32867109091.9053,28250949818.239172,31431527081.438877,15920360915.196749,32633831442.882491,22625290137.247463,7512311243.773398,32013307847.362408,28094726406.398556,32888154252.471167,31109738090.319356,70212,0.812638888889,171426,1357209368.775067,1974082756.82863776019169501666,9204.45440822,13388.0263070110401369097156,90.5463065,131.70105251888716917487,71.917088014415,0.04677028759989048,0.05569624281301617,,
2021-12-26,119897,9249,1010906,2427326,984,309527,1906204,134,60970,3194970,3184622,3176360,3158836,1474156,24981,2196380,148775,3113836,609165,3144,1648201,34085,2295454,193295,607,3133938,740282,4520,1640571048,4337,19671.816693566982,37345025248.41262581544565912824,1.199943690818,1.135058666506,47847339552.85720170722013060608,46649378045.10267871748496986,45260071655.27399989326390034684,39874654051.6695667167495493443869,0.23340792,0.3395559672241649255712,0.180021,0.26189001973738249356,20429.495277,29720.31552606802779968172,0,0,0,0,0,0,0.537551704662,19.658145152554,5.928347960550871,18.595162584358,5.607782083589377,0.00002863825446436709,1.45477483036636,819.4810016257034,-5.634509425228606,1.45451601075398,0.0000287508014841827,0.000354766819181798,1.28717629766427,1.45451601075398,0.032258542279,29641114336.469678,17331653512.535967,1896818992.552853,25670656701.565234,28808850775.131445,9566206001.554619,29113030194.029043,29464863868.428008,29641114336.469678,5343694853.645829,14025871654.076663,29641114336.469678,78.0503693568,24788442341.836999,32765764504.233625,32888655391.228512,17679999958.274166,31983413661.896327,32881533950.635325,9048007852.135151,29518890857.182272,32889859345.163091,32889859299.385534,32889858597.380971,32889832892.928511,32887165214.799266,32853751074.330239,27479263662.267816,31055908279.97038,32523467267.648776,21459238669.868964,32889848882.407296,32887997224.804607,32868833116.683035,28252815627.932198,31431803486.504265,15938949074.969426,32635313673.634549,22622680662.977843,7514610439.529159,32015201419.949235,28099400079.749742,32889859347.379328,31111393124.581369,87527,1.013043981481,227476,1673090675.246451,2433970203.26919446141161978836,13114.20499951,19078.2153535518304769204836,77.228001,112.34935205430808044636,71.82681077096,0.04668553026419546,0.05337786753890945,,
2021-12-27,150978,9266,1012254,2432067,986,309778,1908907,135,61028,3197615,3187267,3179005,3161481,1476397,24986,2201254,148830,3116486,609779,3149,1666213,35041,2317806,197997,619,3137949,753916,4656,1640654100,4191,22529.309234073014,39042491312.06387447726669438256,1.252203454239,1.184692104968,50119031121.80709453046456168212,48857598258.25598294547388521,47416911587.07789754953397860792,40024670872.8990525216615778450848,0.23617475,0.359845021959714567885,0.179361,0.27328138585397619606,22852.977206,34819.68366448117959325476,0,0,0,0,0,0,0.537293681506,15.257182954674,6.23843732772743,14.434606556368,5.902097957389891,0.000029995029351922622,1.52363883929046,879.419920263736,-1.2035673661644846,1.45477483036636,0.0000286382544643671,0.00035740761681321,1.28512066252813,1.45477483036636,0.032304322516,29601983862.705238,17371661363.019244,2980862106.081896,25624505168.328136,28769377720.775901,9780310476.920117,29073699232.258997,29423422040.785028,29601983862.705238,5157976403.536059,14132817122.513026,29601983862.705238,77.8995332475,24790519699.815523,32769954872.397073,32893099060.746008,17673898860.091115,31986546640.362535,32885915422.619633,9077544375.93925,29521204233.669085,32894298718.303985,32894298672.526428,32894297970.521865,32894272271.069295,32891608251.205398,32858100278.103543,27477800597.121824,31057864518.261641,32527228672.387843,21454379015.334275,32894289167.070973,32892559122.021075,32874246507.177782,28315920762.874053,31465081664.213197,16007098732.214917,32647845667.295395,22705626817.90326,7505373097.467702,32018377195.37734,28100019113.922618,32894298720.520222,31120834127.042452,96763,1.11994212963,244267,2155987695.647566,3284946590.12097099949366602036,12317.35808651,18767.2051780550577916976946,108.217599,164.88453693116044480554,71.406785518047,0.04680952393309093,0.05409853401664745,,
2021-12-28,140973,9296,1011846,2431873,990,309528,1908187,136,61025,3197485,3187137,3178875,3161351,1475758,25013,2200719,148796,3116358,609515,3156,1638626,33273,2290921,188904,601,3135889,729833,4411,1640740959,4223,23446.398295050912,36210974181.86336255407518010506,1.161030648635,1.098437895548,46469633992.93035992535193231738,45294592263.721689917915298895,43964392352.67351660370056060597,40024467956.5958240119255284957197,0.23546439,0.3325994387070696739503,0.180021,0.25428424041310615917,22431.985639,31685.75015787503007917903,0,0,0,0,0,0,0.537104142956,16.924357577493,5.86137388478225,16.011942271098,5.545379187524585,0.000029629436470291937,1.41252542988377,702.2394314257128,-11.109350177768286,1.52363883929046,0.0000299950293519226,0.000376729102005758,1.3451908684838,1.52363883929046,0.032293588798,29613653182.905974,17405769923.305644,2371296268.26193,25635626386.452378,28782024112.252063,9785763444.574411,29085248023.100186,29433996840.806512,29613653182.905974,5144595253.371318,14164812669.375033,29613653182.905974,77.9239496213,24800456040.700571,32773954830.844238,32897063572.612712,17669793698.032879,31990626263.857166,32889878285.291622,9075275245.363119,29526950930.178156,32898263639.489757,32898263593.7122,32898262891.707637,32898237194.255044,32895570879.096492,32862070210.775516,27486134244.445433,31063220534.333713,32531295189.986405,21454581610.970447,32898252783.193491,32896341460.951974,32876375711.481737,28200813549.82244,31408277745.714748,15858509589.378763,32635623417.922913,22531241470.18798,7467561087.382786,32023197094.577834,28105807116.331692,32898263641.705994,31124673172.284861,95267,1.102627314815,259718,1943841205.852073,2745725134.92198526736020355521,9898.15982014,13981.4024550015130443051278,82.830608,117.00034017273403843216,71.340558950842,0.047083939220273485,0.055477060900726724,,
2021-12-29,116277,9255,1012764,2435513,984,309599,1910780,136,61026,3200885,3190538,3182276,3164752,1477553,25000,2203954,148860,3119762,609886,3146,1621357,32212,2286350,183383,588,3131587,714265,4226,1640828309,4068,20315.555555555556,34296909513.0134192741595549085,1.099557255855,1.040286133079,43967265700.476616353523935872,42850066109.65007984496903925,41597230679.9464767202830607705,39986335833.21098676409095020193,0.23471324,0.31364545997118184642,0.181033,0.2419129766815155515,19718.25958,26349.35547649660908389,0,0,0,0,0,0,0.537628233292,19.382595203762,5.578990283581589,18.337785418804,5.278257405595448,0.00002875581885603851,1.3362921493955,603.5356306397377,-16.895208028688504,1.41252542988377,0.0000296294364702919,0.000371120472732525,1.24945395989234,1.41252542988377,0.032330864671,29629543638.808888,17451053224.514851,1571218726.509153,25665727010.765087,28797919232.097543,9810450519.263873,29100672386.397733,29446805609.965162,29629543638.808888,5091108275.595792,14175847560.694817,29629543638.808888,78.0055547385,24794007454.510424,32777889614.553035,32901235059.540742,17689278045.90406,31993616995.547622,32894034327.339504,9083464505.127362,29528297516.464349,32902435083.080148,32902435037.302591,32902434335.298028,32902408640.845369,32899739694.724822,32866172671.217473,27486278613.882796,31066026145.617781,32534845984.265781,21466932575.557299,32902418708.226817,32900453576.294894,32879094607.413432,28125219753.774646,31370444229.823145,15813971596.132283,32627605789.032945,22414237801.531435,7474584641.370956,32027026472.090171,28109922174.555545,32902435085.296384,31128844615.875251,84010,0.972337962963,205862,1697524750.396206,2268388997.359005755968393473,10057.02277037,13439.120574337213330811335,79.770699,106.5969588254914624545,71.164347060799,0.04718255617499151,0.05617469622727209,,
2021-12-30,125390,9243,1013184,2439020,983,309337,1912883,137,60921,3204290,3193943,3185681,3168157,1478864,25018,2206468,148641,3123172,609884,3139,1627708,32434,2291185,184386,590,3135287,718203,4270,1640914185,4298,23261.873429502094,34738661425.62718504472321028486,1.114053804015,1.054005139789,44524649682.06973119093344961357,43390477475.878047892402413255,42124724535.81200531811144018528,39966336923.4271546616098039965609,0.24047624,0.3253992313354451355912,0.180197,0.24383267672911555461,21901.133482,29635.41013622710099122666,0,0,0,0,0,0,0.537720534901,19.203238723368,5.693768436946186,18.168164088736,5.386868368189474,0.00002872769179072433,1.35314503975713,637.137203174146,-13.090287488635777,1.3362921493955,0.0000287558188560385,0.000367248082691126,1.17740004370879,1.3362921493955,0.032348339746,29636924345.965909,17464601063.143939,1216508811.624084,25672533545.895622,28805642703.173686,9791636413.315098,29105659048.171265,29453236641.688846,29636924345.965909,5070118348.938527,14198095282.090891,29636924345.965909,78.0211897762,24798858504.052631,32779782010.813936,32903365668.011769,17693460597.259599,31994874017.71229,32896153822.175519,9147230756.312483,29532162997.882433,32904565564.577153,32904565518.799596,32904564816.795033,32904539127.342261,32901864685.218063,32868236953.355891,27497260053.973395,31067534400.23911,32536504173.341249,21469674634.430327,32904549408.90524,32902596194.157492,32881538397.981835,28150973272.442396,31381049998.752547,15837879906.175569,32632200905.213964,22456822388.828721,7492021225.765877,32030144100.547173,28121738433.33135,32904565566.793389,31130975097.372256,91074,1.054097222222,241632,1713490419.027731,2318601061.17874040703497497203,8207.90999954,11106.4927026504981800117202,76.659256,103.73109200787200649528,71.00306845331,0.047187455266649025,0.05605287825205159,,
2021-12-31,124378,9251,1012860,2439711,982,309072,1912677,137,60816,3205731,3195384,3187122,3169598,1478622,24959,2206817,148423,3124616,609549,3146,1615960,31619,2286681,180654,582,3136040,707998,4155,1641000234,4275,21661.301052631579,33623857219.51695775996014793984,1.087255662036,1.028659374447,43169129225.92612689443827337278,42062438728.323888166618227895,40842582858.38991442416602203269,39704671801.9174498811446121176945,0.24223452,0.3177462272179400178204,0.180021,0.23613890196162289317,20527.680074,26926.76872417021223539498,0,0,0,0,0,0,0.537910774697,18.943140990721,5.5568755866956785,17.922224037983,5.257394708973616,0.000028297409845645554,1.31172975353777,621.957585146431,-15.223944299470928,1.35314503975713,0.0000287276917907242,0.000364922172416568,1.19530788473986,1.35314503975713,0.032324812228,29598363946.317949,17463311448.657729,2418990816.874881,25633219898.254592,28767458721.896611,9658125453.228876,29067243253.717146,29410647379.793694,29598363946.317949,4882234073.334333,14179045892.63285,29598363946.317949,77.8886621584,24819341218.054138,32785248590.88139,32908877779.019191,17702685848.441132,32000541123.176555,32901654136.320064,9154485995.401245,29539341088.478916,32910078548.260978,32910078502.483421,32910077800.478858,32910052114.02602,32907374817.528625,32873730792.54227,27507801994.679362,31073350100.585624,32542021249.875153,21488496808.464578,32910061876.567361,32908069980.987121,32886170236.92554,28104404166.374095,31360514285.995999,15794677911.890209,32630306459.096124,22384228296.663268,7483690366.079216,32037072891.503977,28137438846.521712,32910078550.477214,31136430921.259797,84743,0.980821759259,226581,1737308430.877299,2278879159.85376934545003208323,13709.26363191,17982.8490050696179215622407,91.157896,119.57452445310166973192,70.787635390336,0.04713188619275844,0.05625993213601785,,
2022-01-01,158030,9243,1013271,2445207,988,308762,1914409,137,60663,3212511,3202164,3193902,3176378,1479929,24889,2208923,148133,3131398,609373,3150,1633757,32488,2296132,185186,594,3143775,721461,4317,1641088951,4298,27556.389250814332,35119952438.37096214446097995482,1.138334066196,1.076987564678,45129088988.9419413838924467641,43968682867.05360127854969749,42697015831.88322495439373263648,39644854993.9038477443577064599969,0.24756496,0.3394552672857258587104,0.180373,0.24732322751219813302,23048.793267,31603.96478994007688912058,0,0,0,0,0,0,0.538688943547,19.472320541903,5.859373105749905,18.422928472251,5.5436028483184305,0.00002883045159025622,1.37117654810974,680.5234724750296,-20.136410978733203,1.31172975353777,0.0000282974098456455,0.000355776215037056,1.15391989249134,1.31172975353777,0.032333981804,29580680994.411545,17450549991.367544,2499541046.534743,25613005478.241443,28749946996.793801,9555835994.668762,29048609683.055839,29390022647.582399,29580680994.411545,4733177183.649355,14153001812.015842,29580680994.411545,77.8210977114,24839872373.137681,32787578661.813971,32911467800.464284,17729694476.052194,32002240550.668783,32904219759.041237,9173829799.776403,29543703095.110731,32912675649.329479,32912675603.551922,32912674901.547359,32912649217.094477,32909944949.924538,32876264647.013346,27518162355.759221,31075169563.242946,32543988325.034526,21514433750.751147,32912659689.441169,32910695301.033186,32889936330.995542,28183934797.954209,31398272838.32888,15886487775.55641,32642466287.927535,22529036513.444536,7501849733.299748,32041800875.277057,28157221909.765178,32912675651.545715,31138963024.669552,93102,1.077569444444,304228,1690228731.63579,2317601997.7602666264626315946,6812.97164734,9341.7869457691900908990916,186.210596,255.32760224473735880504,70.695898030024,0.047191605838423016,0.053226722721473926,,
2022-01-02,131365,9227,1014046,2449506,985,308829,1916652,137,60698,3217360,3207013,3198751,3181228,1481147,24909,2211857,148141,3136252,609677,3150,1636978,32597,2299905,185696,595,3148748,723257,4326,1641173133,4246,27412.370937352803,35267437318.5596452751932066944,1.144508544347,1.08283460186,45345872744.5013520454907567424,44176088435.1697578968726496,42902327205.6939025570077461376,39620388129.4684994191991406876397,0.26296748,0.362275716409104830208,0.184157,0.2537028879264900672,23806.446146,32796.8208566965110834816,0,0,0,0,0,0,0.538909173106,21.516814850943,5.921467920927129,20.357341810593,5.602378759210036,0.00002909335035230084,1.3776445528896,674.6693124018373,-12.03084871525042,1.37117654810974,0.0000288304515902562,0.000364571870498635,1.20622575975938,1.37117654810974,0.032358697486,29575579873.473166,17442573276.041199,1278268911.782247,25599808923.561914,28743976385.019321,9453563685.991649,29042899366.65039,29383921998.474944,29575579873.473166,4793298706.614105,14140917527.297008,29575579873.473166,77.7743048795,24838204522.774619,32790272141.422652,32914299109.129029,17738470154.195616,32004247622.523487,32907032770.530184,9191133004.603137,29545844153.1087,32915509770.887933,32915509725.110376,32915509023.158006,32915483342.705036,32912767898.27798,32879021032.618296,27520163746.216934,31076720477.172972,32546390677.435977,21524441088.068619,32915493900.586366,32913524684.99889,32892839701.076585,28192391124.025289,31403522227.594028,15915495548.58364,32645966737.143782,22545167343.246612,7519243590.739664,32045088664.563672,28161274135.437464,32915509773.104169,31141797146.228006,90530,1.047800925926,240263,1529757540.840773,2107462143.3810807312506476608,7910.2835848,10897.55909241173828663808,157.1936885,216.5570287106495572896,70.332632409285,0.04719297050464139,0.05080811310907439,,
2022-01-03,128794,9216,1014750,2452452,984,308957,1918332,138,60702,3219838,3209491,3201229,3183706,1481854,24899,2214087,148184,3138759,610008,3152,1622703,31670,2296117,181216,581,3150318,710917,4183,1641259648,3953,30629.359979762206,33835905835.81078273364747313045,1.100561703972,1.041668981099,43514501141.61197654868143371024,42390099223.513415374887875345,41185974310.78766580288338736416,39538447489.6603013717846504709477,0.27056519,0.3576730967051555623793,0.185653,0.24542360169318989491,25176.361472,33281.83929151643138000384,0,0,0,0,0,0,0.538906276787,16.389698691394,5.709103661505896,15.512661102756,5.403600881811584,0.00002845748693517326,1.32194794424647,538.9958503214984,-6.965634369475163,1.3776445528896,0.0000290933503523009,0.000359476285179827,1.2126651479576,1.3776445528896,0.032381161682,29577044448.283672,17428409090.561102,1365345978.441056,25595490339.143235,28745505830.658608,9423278603.953813,29043274276.574278,29383075566.919874,29577044448.283672,4850206394.237515,13986637716.690749,29577044448.283672,77.7577702791,24836292068.535578,32791644361.614065,32915744337.717069,17739153722.749012,32005017288.905554,32908461746.997523,9239851755.418052,29545719405.946626,32916955110.124356,32916955064.346799,32916954362.394429,32916928710.940821,32914207641.08485,32880386080.854006,27518693561.25852,31077157224.266035,32547504198.203653,21530285235.484537,32916938567.561975,32914920281.864828,32893100248.060652,28123040817.824111,31370379403.721452,15824703441.742118,32637692230.588333,22443136618.050603,7532086893.204324,32046221182.517222,28162603688.576594,32916955112.340592,31155519012.712928,93051,1.076979166667,234371,2008392938.280465,2654990915.99898820961194620855,10674.97548929,14111.7619029483707286053063,131.274097,173.53752266196169468759,69.827364337752,0.047289097410960164,0.0482385059690402,,
2022-01-04,138369,9197,1015919,2457625,984,309064,1921696,138,60639,3224480,3214133,3205871,3188348,1483787,24855,2218616,148097,3143415,610522,3147,1622574,31471,2299825,180437,580,3154812,709798,4156,1641345702,4194,33931.371244635193,33602889044.74609345542576272966,1.094045794592,1.035508097715,43219066835.13748275095130088758,42100218264.20720815959281569,40906599983.94593557323381556376,39503891929.1899863393285068643851,0.2802518,0.367944807725399364292,0.186797,0.24524726067301414318,29215.970269,38357.87874739141494651086,0,0,0,0,0,0,0.539518736655,15.789680645447,5.707784356396069,14.944842573797,5.402385302588073,0.000028599944050608895,1.31290791968294,495.32109225483913,-4.538999040946831,1.32194794424647,0.0000284574869351732,0.000351073930681407,1.17002614254249,1.32194794424647,0.032417507402,29580646711.120577,17437201165.972968,1212735399.20106,25594246588.794289,28749752149.887294,9415751534.154005,29046813698.327365,29386250397.137502,29580646711.120577,4149989787.896308,14000313036.321546,29580646711.120577,77.7501494258,24840862653.727754,32793029143.298429,32917371272.343969,17760191700.211492,32005387201.848757,32910062458.20703,9262428328.631494,29545108660.016337,32918581862.667821,32918581816.890264,32918581114.937894,32918555477.483978,32915829546.3621,32881896681.683311,27519641527.330265,31076556707.573674,32548466674.813558,21541066299.932374,32918565207.790206,32916536214.640593,32894459835.875744,28111872753.392432,31364524010.413814,15839606306.732833,32637447710.017294,22437934974.031711,7554328496.773595,32047683328.745961,28169798858.915327,32918581864.884057,31157249774.092804,104249,1.206585648148,260796,2084816191.287327,2737171688.62435479232028010138,9531.21906515,12513.612994868462671203541,121.065676,158.94808482216883676744,69.383237983265,0.0471536286043223,0.04791051815436835,,
2022-01-05,167116,9178,1016224,2461865,984,308865,1923014,139,60571,3229131,3218784,3210522,3192999,1484698,24852,2221409,147975,3148076,610576,3148,1601000,30109,2278413,173356,562,3157489,690280,3925,1641432194,4091,45264.977756049866,31650906767.9605847176657900989,1.040280978434,0.984622092103,40716859504.65574033979853661425,39660117240.734367334127405025,38538356675.2406903366899447374,39140251863.4533591139625851422231,0.28607147,0.3538168095296443511805,0.186577,0.23076079160082777255,37241.928751,46061.28815085668189503065,0,0,0,0,0,0,0.539849399045,15.34149983345,5.436076009803183,14.52067275589,5.145225803958664,0.00002841226317338474,1.23681263821815,377.9765637332677,-12.992806177041961,1.31290791968294,0.0000285999440506089,0.000345807809099762,1.1638449781935,1.31290791968294,0.032431805259,29584291228.654918,17446693755.553359,2346599808.241321,25590704517.346606,28751362838.966511,9684413920.159164,29050683469.715799,29388842649.500764,29584291228.654918,4158432460.767191,14006047480.375442,29584291228.654918,77.7341552198,24845303313.808426,32795093104.984149,32919586305.768596,17772273225.041781,32006840417.44944,32912240459.314648,9309637030.506901,29548268795.880964,32920798384.284459,32920798338.506902,32920797636.554532,32920772009.100396,32918035111.219639,32884039533.385884,27527417963.976488,31078380089.157345,32550363702.444397,21556124660.250205,32920780173.460073,32918552429.82101,32894837908.418029,28012299805.88236,31311565840.843034,15715977217.337908,32623941875.296242,22269360303.450756,7556320915.465446,32051158057.36433,28180915670.49823,32920798386.500695,31159413709.389396,130184,1.506759259259,339261,2145865706.996982,2654033826.3327929694399076233,10608.18911264,13120.342363121333999242416,146.07029699999998,180.661589397878696554297235637,68.753213666132,0.04735302429783251,0.04858974021696941,,
2022-01-06,195120,9176,1016526,2467158,989,308563,1925362,139,60446,3230494,3220147,3211885,3194362,1486072,24795,2225145,147732,3149460,610437,3146,1616074,30919,2300441,177502,579,3160139,702644,4054,1641518902,3998,52263.333916958479,32749560443.7136180376980481349,1.078947889172,1.021236038312,42122182507.6003150441279424403,41016363131.782344095438345025,39869108805.7160764646362656876,39040052749.8242147131730647421189,0.28346919,0.3625875875442719273985,0.188821,0.24152237097688454115,42054.638175,53792.40615504102121487625,0,0,0,0,0,0,0.540862902612,17.683240350964,5.672861930908754,16.737381389556,5.369426181143306,0.00002964674009996885,1.27910757265815,286.0591345574481,-7.381735858789365,1.23681263821815,0.0000284122631733848,0.000348814709878285,1.09500168770532,1.23681263821815,0.032443015768,29600648128.273225,17451153101.236596,3061056984.086691,25603445045.404446,28768463064.808473,9682626531.997921,29067204683.379099,29403999277.050973,29600648128.273225,4591646996.932727,14029472291.920212,29600648128.273225,77.7489638335,24871623816.123158,32804923767.152956,32929710113.041345,17811110169.630234,32015977252.816928,32922331262.108637,9319429632.75138,29559641481.660431,32930914807.446726,32930914761.669169,32930914059.716799,32930888452.91637,32928148114.903443,32894063357.380262,27543028120.893104,31088021124.362311,32559896423.811781,21586894340.327379,32930897622.432988,32928810517.247796,32905955722.173445,28096787730.35298,31356090671.335464,15860525551.982938,32643452654.981062,22403067802.7679,7570575860.303816,32061635050.360191,28201372011.175482,32930914809.662962,31169472887.149704,148357,1.717094907407,404293,1862266991.573645,2382039811.23316053564413445675,6327.28075042,8093.272722196364006128923,128.011385,163.74033193995791303775,68.080159323335,0.047413986856807706,0.04885401847206454,,
2022-01-07,164167,9166,1017068,2472783,988,308366,1927258,139,60339,3236752,3226405,3218143,3200620,1487305,24704,2228353,147537,3155721,610464,3145,1596145,29531,2284023,170670,557,3163199,683707,3851,1641605064,4166,43299.88790206433,30928966318.33969241528963973024,1.023145230514,0.968420662029,39805916090.05605036324193961343,38759160092.939270851600773165,37676832636.22730616474095007324,38905440696.8891730113690935928194,0.27605644,0.3336738413527305097476,0.185917,0.22472085622337083743,37450.921535,45267.52880962729425387765,0,0,0,0,0,0,0.54145277166,19.487287278319,5.3924775633053885,18.44497837101,5.104052226498623,0.000029116717460528058,1.20871601963979,305.78931074153707,-13.229247150322742,1.27910757265815,0.0000296467400999689,0.000374749067907683,1.13313910347167,1.27910757265815,0.032460964617,29595235995.049748,17444358372.968978,1796196534.879292,25588281958.533856,28757057494.340986,9067330654.101519,29061753364.247465,29396899754.704307,29595235995.049748,4572382619.358489,14012914990.729155,29595235995.049748,77.6994209815,24888423634.914544,32806166789.701439,32931191576.82162,17831337754.446026,32016489527.131664,32923771380.497434,9357778844.484175,29561780012.66719,32932397222.004081,32932397176.226524,32932396474.274154,32932370869.798604,32929611573.348814,32895449464.541847,27545987043.069138,31088568997.690646,32560825002.783454,21608261499.434872,32932377445.629518,32930119108.520428,32905643691.893858,27995666116.124553,31303298904.570971,15707871432.063939,32629154678.818457,22262366874.732858,7609440579.032869,32064639500.40813,28215664811.1651,32932397224.220317,31170954983.665556,135664,1.570185185185,350384,1689942615.094467,2042660711.13664184687816204193,6264.83874066,7572.4109462957098104268614,99.978692,120.84584664303251535468,67.634084058965,0.04759633753838977,0.04978207314235195,,
2022-01-08,139959,9147,1016075,2473871,985,307868,1926249,139,60221,3238454,3228107,3219847,3202324,1486313,24674,2228102,147286,3157429,609659,3148,1589921,29259,2281441,169005,554,3161469,678865,3805,1641691427,3988,39595.585506519559,30481711486.78297412471747285932,1.009686775625,0.955682747621,39236237790.3026214561494120532,38203736728.20095824132959931,37137651440.96783865460483453516,38859811515.3076415853560666817253,0.28192767,0.3358872095226052613502,0.186137,0.22176268657457132722,32331.747378,38519.88137874593611328868,0,0,0,0,0,0,0.541947884707,22.917058297455,5.342041479962205,21.691318307627,5.056317466682838,0.000028502399732954534,1.19139497560706,291.9332806487025,-8.461212129355982,1.20871601963979,0.000029116717460528,0.000378892781019197,1.06432759764178,1.20871601963979,0.032425149835,29603405785.708291,17456312908.806153,1086490353.642209,25584891753.678422,28765355384.875917,9060311292.608241,29069933871.371494,29403685471.064322,29603405785.708291,4411071474.200601,14027053522.621142,29603405785.708291,77.6876510171,24902423863.33037,32806779375.216663,32931816024.089721,17847981995.643364,32017715944.279431,32924370460.222962,9375353203.927783,29566857251.134575,32933022709.508984,32933022663.735877,32933021961.783507,32932996361.107891,32930225831.643954,32896048155.791334,27555299082.200286,31091032812.201887,32561508851.227421,21634821850.36585,32933000083.499447,32930714393.009462,32905807180.808826,27984763708.009026,31293960405.384167,15707925765.427355,32626482239.493579,22247610623.907071,7635928919.259132,32067876020.630625,28228297235.514742,32933022711.72522,31171569631.678886,114681,1.327326388889,302173,1437052796.404625,1712097481.3185455623447666525,6064.22086042,7224.8822640759103050265652,95.985554,114.35670676646014041124,67.214464082251,0.04757341545728599,0.04837864826916198,,
2022-01-09,151067,9148,1016348,2477806,983,307646,1926850,139,60096,3242123,3231776,3223516,3205993,1486666,24629,2229725,147076,3161104,609545,3146,1584502,28835,2280623,167177,551,3164767,674008,3747,1641777989,4090,44028.680929095355,29964750009.716786604015382515,0.996470303949,0.943174278387,38596365673.1036042496535838754,37579922081.70848404629683223,36532046361.85878520240581316008,38733081678.5436147458470787907723,0.28363915,0.332408385669100028667,0.186929,0.21906978329592088842,37252.032029,43657.18847223135051528642,0,0,0,0,0,0,0.542345126025,18.069552278697,5.281758389161885,17.103105695866,4.999264541621357,0.000027978971013025132,1.17194112896298,250.74611214791548,-4.320228873059836,1.19139497560706,0.0000285023997329545,0.000385205688287524,1.04958151015659,1.19139497560706,0.032427439182,29594760225.336896,17448591507.40097,1138654978.198919,25568477177.88675,28756628176.785809,9028782119.906873,29058496710.228205,29391835345.485366,29594760225.336896,4512438537.940163,14021038634.57906,29594760225.336896,77.6361957587,24917841050.155818,32807373393.829601,32932500715.357061,17861435432.010843,32017900333.387795,32925022128.973772,9385088254.03162,29569081724.954152,32933706921.489494,32933706875.716387,32933706173.764017,32933680579.088269,32930893063.046617,32896673995.75049,27563860512.923736,31091378998.283985,32561857470.536695,21647604272.048718,32933683981.459342,32931361081.421351,32905944970.64498,27960822018.746025,31280627656.55618,15699068846.53233,32622822098.7808,22213169566.777763,7645953852.661973,32069832809.504995,28241717922.183274,32933706923.70573,31172253843.659396,131336,1.520092592593,330912,1822607799.891812,2135989042.66194329238375311976,6455.58480703,7565.5653468669995873137494,99.659186,116.79469895237161093428,66.882867145901,0.04750285253503107,0.047217571196649114,,
2022-01-10,139871,9175,1015998,2482806,986,307138,1929059,140,59825,3245960,3235613,3227353,3209830,1487125,24528,2233817,146625,3164942,609037,3164,1572433,28050,2275108,163473,545,3167856,663714,3675,1641864789,4019,40533.293854192585,28893381888.216259931076875378,0.966145395038,0.91420365912,37204518673.22334111185454217962,36222208567.803554012039686615,35204335994.92458363360470849345,38508198521.9913592442154904791433,0.29679251,0.3352569458081079109699,0.187369,0.21165210226875122681,32903.308165,37167.59092869587426656085,0,0,0,0,0,0,0.542820136274,13.266449580999,5.128813696822486,12.553221091537,4.853079332222602,0.00002701297913252593,1.12960042626449,271.21705156078656,-16.15122178788585,1.17194112896298,0.000027978971013025,0.000371474011710054,1.0327226489652,1.17194112896298,0.032407265977,29606837434.321861,17454033298.83333,2417509163.576004,25578409158.1522,28768704528.487909,9024157238.750969,29070529646.97372,29398324426.269149,29606837434.321861,4527181366.228971,14044029655.234865,29606837434.321861,77.6609479671,24960757057.208162,32809347214.654745,32934794044.705524,17878323543.99338,32019922092.902432,32927270530.008218,9406208165.353311,29575286026.081208,32935999142.415902,32935999096.642795,32935998394.690425,32935972801.014655,32933179479.71018,32898799544.898582,27580951159.040092,31093789897.262354,32563780642.366145,21679514513.441362,32935975551.943497,32933563652.250925,32906982987.582146,27918137764.260414,31254806740.050438,15643783121.565927,32616242646.751865,22167571600.012648,7616120926.681505,32074530162.474087,28267643817.059341,32935999144.632138,31165299849.737905,110863,1.283136574074,284150,2482653625.112008,2804406593.19360559182128299592,15053.21634873,17004.1196041769977510555977,118.047201,133.34616856892993019249,66.68540850289,0.04757977533934635,0.04393498102356422,,
2022-01-11,156911,9153,1017559,2488759,985,307369,1932317,140,59814,3250148,3239801,3231541,3214018,1489539,24519,2238816,146666,3169131,609764,3163,1592022,28919,2292442,167923,553,3173049,677767,3823,1641951216,4100,46716.681463414634,30291592468.73181265419988762605,1.014598624989,0.960054790909,39037416916.36368793316864405745,38003659358.556540931835262675,36938803396.9381757299674585252,38475724246.9014516962062874219273,0.29762354,0.352730176221212158857,0.188821,0.22378224721157977305,36748.174126,43552.3007866641499810983,0,0,0,0,0,0,0.54274809071,12.131772926145,5.414239145548429,11.479580627358,5.123174921381285,0.00002771115210807113,1.18515550289205,333.75204337295133,-12.22477301576344,1.12960042626449,0.000027012979132526,0.000366769368690528,0.997386448071572,1.12960042626449,0.032463364178,29594705993.199834,17418762376.78339,2720165931.850658,25559171260.491481,28756581035.915541,9027281399.580875,29058420082.980135,29385585859.706912,29594705993.199834,4451922336.14435,13739292888.405343,29594705993.199834,77.5963033969,24953446427.050333,32811743180.030773,32937443156.235502,17877386930.153223,32020925757.472675,32929879737.201212,9408611220.329629,29573603716.709645,32938645450.725153,32938645404.952046,32938644702.999676,32938619110.323884,32935821527.841712,32901349960.390282,27578963642.314474,31093601392.464472,32565707309.64838,21677124712.616107,32938622728.80447,32936313309.569502,32911020625.369441,27991994274.217163,31292738170.844706,15711548042.815704,32629687745.939492,22294175237.254557,7617467888.747456,32076104329.074578,28269395939.313056,32938645452.941389,31167895948.505544,123472,1.429074074074,355861,2715072698.233142,3217783349.0629745205061583211,10320.57541772,12231.486749323275596817126,155.87548349999997,184.7366870359839065015099132385,66.465967310305,0.04767180915392256,0.0450079471518221,,
2022-01-12,140156,9148,1019110,2494514,987,307567,1935844,140,59863,3255709,3245362,3237102,3219579,1492337,24552,2243823,146772,3174692,610488,3162,1631695,30936,2328711,178490,584,3185909,708979,4171,1642041088,4096,44377.5498046875,33380328776.52222202542767465312,1.126448223604,1.077376008169,42993647149.84489956894390569142,41830500901.22904531717653411,41120686217.3566834960695005952,38167441919.589533659210418240323,0.29883995,0.389835729473345096807,0.189305,0.2469477483447296573,35223.069356,45948.37784133777193496216,0,0,0,0,0,0,0.542883330401,10.736690423947,5.964498646021806,10.268960816403,5.7046632124996695,0.000029673936335459815,1.30449670291186,356.9546043887873,6.110072457188825,1.18515550289205,0.0000277111521080711,0.000365568236283266,1.04345035270096,1.18515550289205,0.032515739048,29619415046.941937,17442598627.760176,2183345390.705189,25588664733.311792,28781272255.151398,9367283555.712313,29083091907.545807,29409533005.553708,29619415046.941937,5003254351.387359,13769361666.727964,29619415046.941937,77.6401421824,24961977416.823767,32830806460.823253,32956832077.533878,17892367453.813706,32038311964.427287,32949233480.285003,9397111267.131605,29589179019.587143,32958034352.240711,32958034306.467604,32958033604.515234,32958008011.839442,32955204510.809698,32920655393.931908,27593385577.857047,31110193680.703469,32584229890.337207,21690664391.540923,32958017594.45786,32955946188.348485,32933293236.595727,28165896117.284089,31393481187.46223,15965501646.453669,32672741246.115187,22587404569.336184,7612848575.780279,32094598456.379279,28285452428.926852,32958034354.456947,31522261517.08032,117866,1.364189814815,302257,3069664212.441868,4004366844.17694818147657775448,13412.62715661,17496.7279031838206992463946,158.9695435,207.37524535915350493591,65.898037845107,0.04810058094789325,0.04533798917177055,,
2022-01-13,124639,9149,1019524,2498623,987,307514,1938348,140,59807,3259176,3248829,3240569,3223046,1493904,24551,2247235,146739,3178160,610652,3170,1612306,29699,2309959,172121,567,3187540,691205,3956,1642124219,3930,43682.470229007634,31661746599.36927992704778417645,1.069463318067,1.022874854654,40766522920.12295741798508682182,39662208995.559950362974345445,38990632499.68611766605155168622,38118673386.3846933666089047096445,0.31557127,0.3903231203399270981189,0.18982,0.2347841573249838674,33149.815551,41002.27325687588646275757,0,0,0,0,0,0,0.542750555211,12.537678697098,5.698429368138699,11.991506448454,5.450191711318127,0.000029016392803723235,1.23687787021907,295.78879061186785,-2.1936378596263433,1.30449670291186,0.0000296739363354598,0.000386764175668962,1.14165650189111,1.30449670291186,0.032536554084,29632706765.379797,17452599269.842217,2347757194.984376,25598118748.588735,28793799193.586452,9355979662.897762,29095479489.401251,29411021619.891983,29632706765.379797,4696058678.84811,13783200332.584656,29632706765.379797,77.6660463817,24964900538.949555,32831691603.098462,32958012762.131179,17888631918.852077,32038719406.606621,32950393496.761661,9396098156.482648,29589363311.500121,32959214405.02559,32959214359.252483,32959213657.300113,32959188065.624299,32956381050.688861,32921765134.310109,27596881720.434628,31110882988.485919,32584991306.182795,21696911731.136216,32959196196.793272,32956948588.225296,32932753501.450278,28071506541.698244,31344080721.473377,15827262467.979494,32659345122.939225,22417614576.667655,7610909539.915873,32096203657.759906,28291102931.710415,32959214407.241826,31523429627.518746,105047,1.215821759259,262117,2628813132.280172,3251520788.25862147948225728004,11924.89216737,14749.6352265686752290057459,147.730883,182.72505993062261453881,65.80898952062,0.04826736560750662,0.04614286850165954,,
2022-01-14,149270,9143,1019886,2504162,989,307476,1942148,140,59780,3263471,3253124,3244864,3227341,1498175,24561,2251562,146738,3182455,610766,3172,1633204,30688,2334963,177131,581,3193269,705419,4125,1642209930,4227,41931.488999290277,32931102021.14630121895429267588,1.112245452605,1.063794832523,42403831607.13527913345702121484,41254304040.06214163409427382,40556674641.53822587968493867,38124526836.9525976182644550961024,0.28059046,0.3609874359506018366872,0.183629,0.23624381910979106228,37262.974865,47939.8542359853347191418,0,0,0,0,0,0,0.542679907575,9.109710948205,5.920411562294623,8.712882043958,5.662512003645927,0.00002984800011752125,1.28652783116932,315.87630958083884,-1.6313459827958021,1.23687787021907,0.0000290163928037231,0.000380218466454542,1.08009388718544,1.23687787021907,0.032569114309,29635220639.631731,17433591771.939365,1671002977.658596,25596882728.308609,28796404594.240967,9372932756.717199,29098100364.895045,29411996478.138107,29635220639.631731,4688333398.034518,13783070827.274993,29635220639.631731,77.660675399,24964191679.439446,32831835947.793431,32958701588.110353,17886676727.744257,32038376543.334267,32951068823.062919,9386075726.101976,29588821302.938709,32959902286.562551,32959902240.789444,32959901538.837074,32959875947.16126,32957062610.952101,32922461444.629609,27597699500.62967,31110624834.464387,32584983340.844146,21697505469.369388,32959885218.799453,32957793664.167184,32934769984.083203,28150306425.179747,31383661187.902223,15934698858.794313,32670538099.898598,22550983531.964848,7599097219.059471,32097266037.465897,28294467473.157673,32959902288.778787,31524133142.67475,132802,1.537060185185,322397,3618106268.81326,4654794410.9564440852745211832,13229.0702674,17019.567079504658187076168,124.8350795,160.60380408298464016094,65.652931177962,0.04835333132283452,0.04630167691975271,,
2022-01-15,204993,9148,1021421,2517083,986,307770,1945354,140,59862,3270549,3260202,3251942,3234419,1498571,24573,2259099,146954,3189534,611490,3166,1636619,30838,2343251,178124,581,3200503,708777,4163,1642296285,4079,61166.249816131405,33200764314.54827604588813632646,1.116953508211,1.068298004063,42762498183.9381025654014170163,41601418146.285812603357353995,40899725120.87667795289970461851,38284940124.7042625244773979041294,0.29624466,0.3843338061244301680842,0.183189,0.23766074166578475393,50917.643581,66058.14179527452152297097,0,0,0,0,0,0,0.542361067007,10.255994747097,5.972434332485028,9.809234348123,5.712269695994378,0.00003002667305783841,1.29735268856637,329.3813807570615,4.328266388721927,1.28652783116932,0.0000298480001175213,0.000388829968339305,1.12709915596762,1.28652783116932,0.032624392418,29635395900.60597,17419532514.207745,2260317976.224233,25591163148.732158,28797376448.808292,9388442374.579551,29098291822.770606,29410397113.839557,29635395900.60597,4704084744.595835,13796022712.529206,29635395900.60597,77.6399081544,24958094397.715415,32833141928.528883,32960164172.673041,17876953851.740675,32038326695.930911,32952441077.947755,9388438374.616967,29585810063.46545,32961351649.347754,32961351603.574647,32961350901.622277,32961325310.946441,32958499729.215536,32923692590.451907,27591684531.440841,31110164632.720365,32585757166.646831,21682833927.418491,32961334702.302217,32959235725.785699,32936236966.661145,28154823404.945837,31389218638.482444,15942335907.398957,32673381220.150317,22571044913.257828,7602071818.808834,32098464433.402264,28292479560.069949,32961351651.56399,31525525388.221623,171877,1.98931712963,471302,3213861986.512254,4169512488.88292748513969729798,11478.76550174,14892.0072851052860943404838,119.823147,155.45288191293337176639,65.452715165403,0.04823213112360474,0.04535171409963203,,
2022-01-16,221675,9158,1023946,2521759,988,308485,1950807,140,59935,3273380,3263034,3254774,3237251,1501903,24584,2266222,147192,3192366,612981,3165,1671758,32624,2368236,187464,601,3211797,736351,4431,1642382886,4081,67324.738054398432,36166203886.73300802695561309892,1.213317137113,1.160466980951,46583066324.29745639624793288876,45315648776.99520337394975418,44553982373.8390162402333582932,38393149572.7084068330727308172138,0.29774956,0.4207743435794802041808,0.183453,0.25925249277509052204,53341.238518,75380.88258846775612923624,0,0,0,0,0,0,0.541968283479,11.295317746305,6.521629704437906,10.803311750074,6.237557933121175,0.000032736145787838385,1.41318208355868,303.0918820448233,15.702123790483425,1.29735268856637,0.0000300266730578384,0.000389075849448947,1.13770837937696,1.29735268856637,0.03271274758,29638068663.26995,17448059893.021602,2409052103.890209,25592033968.941319,28799669403.738116,9480292371.24717,29100396797.917496,29401384364.741215,29638068663.26995,4865686297.571204,13860857969.360593,29638068663.26995,77.6380919945,24942539131.536385,32834751460.794984,32962059798.920653,17865032955.563897,32037986157.554081,32954317638.1367,9360021548.480304,29579889762.273192,32963244342.767334,32963244296.994227,32963243595.041857,32963218004.366021,32960405554.480071,32925461798.655523,27581503152.056359,31107160621.690275,32586786290.512072,21662884127.751504,32963233491.753561,32961274974.405725,32940363118.007837,28276637817.595627,31453550494.772902,16064892405.932281,32693704444.004385,22749720031.914015,7576760633.314402,32096838658.784486,28284331212.310783,32963244344.983357,31527418081.64099,179148,2.073472222222,509454,2918310496.910694,4124104108.49542132030966852392,7372.25150525,10418.33374270780990670307,137.934107,194.92600872406590789876,65.201124577067,0.048391990692977734,0.047701729276141094,,
2022-01-17,218276,9159,1028007,2530597,990,309551,1956566,139,60050,3267803,3257457,3249197,3231674,1507107,24570,2274105,147670,3186789,615492,3175,1715701,35070,2408472,200630,625,3209574,773033,4751,1642469260,4017,64704.829474732387,40268081765.646740216101575112,1.33873163773,1.280869191948,51814569760.5131749932044333748,50401483962.6228634684402702,49575048672.8096606587206478932,38704224431.7032415568388517880997,0.31134016,0.489359910924356172032,0.18399,0.289192791610861548,52303.901,82210.5067793256858052,0,0,0,0,0,0,0.540903131666,9.343385076177,7.271311711817613,8.93954677345,6.957032234266281,0.000037236154293635906,1.5717853775252,309.4296774396423,26.38003986618753,1.41318208355868,0.0000327361457878383,0.000421049488893522,1.23884455689631,1.41318208355868,0.032873345765,29659798973.131305,17491217685.07456,1938467652.383056,25619325857.99306,28821464779.440976,9041286167.532758,29120182401.638968,29420716864.272505,29659798973.131305,5131813554.863886,13870272099.786768,29659798973.131305,77.7157505153,24923804820.700179,32836641469.83214,32964259417.866339,17831100511.630979,32036345567.957419,32956470719.422662,9289016459.055308,29568829238.78679,32965422950.182226,32965422904.409119,32965422202.456749,32965396611.780913,32962597579.087437,32927572553.651323,27561341031.09361,31101974036.334417,32587703674.956373,21657921664.956313,32965414326.261899,32963687924.849566,32945085040.717916,28423394247.774126,31534131159.563234,16194793703.62054,32717713345.409495,22949992762.748304,7546221647.392757,32090336893.205375,28262331162.859068,32965422952.398249,31540596688.121841,167996,1.944398148148,410340,3528209817.280228,5545588599.6419200776615317456,11349.76972186,17839.402087097804299140872,182.85583450000001,287.410126862268006497253775252,64.89165967787,0.04848251078430043,0.051144469381270596,,
2022-01-18,223251,9176,1032025,2541876,985,310621,1962799,140,60152,3266020,3255674,3247414,3229891,1512517,24579,2283556,148097,3185008,617809,3163,1698970,33737,2407452,194190,608,3205202,756635,4566,1642555721,4008,64943.217065868263,37752836101.96652196493779168786,1.247500168861,1.193587125506,48506513467.43771119254624533964,47176610100.06422609281937241,46410214141.1178797351415133842,38882971464.2167502210740753247808,0.30586997,0.4500010139969478654702,0.183233,0.26957545324800191478,52029.706106,76546.97355763035456347196,0,0,0,0,0,0,0.540640540786,7.36683630383,6.78378282060856,7.048464751704,6.490609010738919,0.000034672967334547156,1.47121671995766,297.3137993288915,17.77169347156126,1.5717853775252,0.000037236154293636,0.000489481932574423,1.37839635912344,1.5717853775252,0.033020260011,29686684589.195631,17560899824.825171,3104186144.68741,25660961835.080971,28848838650.925643,9827766172.291987,29147232194.986624,29446493848.683501,29686684589.195631,5907684376.428264,13960296365.514449,29686684589.195631,77.8304466828,24910432086.940844,32841151746.034812,32969194309.532621,17825101711.337388,32037600269.822987,32961343678.957523,9336449700.951772,29560058414.348704,32970338636.155131,32970338590.382024,32970337888.429654,32970312299.753774,32967520633.742884,32932380498.669373,27548373607.864115,31099326383.995334,32591108190.371407,21626793336.128673,32970328315.768813,32968543394.159644,32948449969.139321,28322326456.726105,31486746458.180594,16098943983.147804,32708944890.67631,22806066383.856763,7560824052.013924,32087847436.08242,28247456810.713853,32970338638.371154,31545464044.51787,170104,1.968796296296,411332,4475508519.339656,6584442963.96545223553947896496,16568.78447433,24376.2727480091844629568678,179.762304,264.46930726291174404864,64.760891111312,0.04873355359227113,0.05289702247280701,,
2022-01-19,233319,9220,1040226,2562248,974,313049,1979199,140,60470,3283908,3273562,3265302,3247780,1523816,24694,2302085,149088,3202898,622980,3173,1677879,31884,2398529,184778,587,3214709,733105,4281,1642641901,4063,67377.793748461728,34524972304.92976527085129170489,1.140310643225,1.09089775229,44270841785.10304631488155836919,43052476038.954311732879083455,42352460781.02878767767933871357,38823492570.3232161408150194952416,0.29025589,0.3896988244984983714237,0.180197,0.24193327852246481901,57243.685212,76855.62155888886368670396,0,0,0,0,0,0,0.53728796307,10.154830510149,6.2031102397838715,9.714792933162,5.9343118982491925,0.0000321291589732796,1.34260436368233,261.2760473687211,8.261608164585716,1.47121671995766,0.000034672967334547,0.000464722420620604,1.2989630776123,1.47121671995766,0.033330745231,29731718529.071715,17652914547.783417,3371697078.79031,25714926331.863633,28894213307.899138,9813273338.276424,29192263870.756027,29490828959.549207,29731718529.071715,6343438768.023785,14063139533.709919,29731718529.071715,77.9858049064,24863744236.428995,32843641635.510954,32972713906.406439,17716455457.414585,32033408848.593774,32964808594.685091,9273463048.246849,29535219850.576382,32973855127.88532,32973855082.112213,32973854380.222073,32973828791.623297,32971027260.676756,32935495880.351509,27511031859.432424,31086501538.784624,32591745242.378466,21566406992.934617,32973838822.3911,32971859309.635781,32949311473.809647,28146234408.345552,31400739213.806099,15887283760.817279,32689337396.37846,22535765412.47418,7514902318.049542,32081742031.637344,28215579189.115323,32973855130.101343,31545004564.762229,197218,2.282615740741,467372,3247110337.996013,4359584509.15145252732953855029,12164.05690979,16331.5158871642523650270107,143.6387895,192.850065576747643739535,64.548712568623,0.04920989420484318,0.05575251120689927,,
2022-01-20,286390,9147,1045420,2575168,977,314128,1985977,140,60440,3287355,3277009,3268749,3251227,1531046,24640,2311266,149383,3206346,625813,3139,1660781,30527,2381926,178587,580,3216663,717128,3998,1642728231,4008,67937.64371257485,32524330865.9804594699035064199,1.075377902066,1.032081052294,41591609679.9434033896307455712,40443089477.21172270565129285,39917048883.5730675516193683253,38676273336.1248367816637249518346,0.28328198,0.357283692539398986418,0.180021,0.2270478609851397711,55116.191378,69514.1864450397633499798,0,0,0,0,0,0,0.538935402048,4.648134158779,5.7973366916139275,4.460991047501,5.563924404331922,0.00003094577381920462,1.2612298619891,237.44823623273797,-1.6024701935854724,1.34260436368233,0.0000321291589732797,0.000432342350064693,1.18398352243411,1.34260436368233,0.033505888819,29794661690.207448,17855327662.945695,3453488781.268558,25787790034.312989,28958699369.847433,9937495055.888803,29253415022.04926,29554124614.721825,29794661690.207448,6167533708.877641,14328721293.177841,29794661690.207448,78.1992596975,24847282572.895499,32846381901.832421,32975899890.236838,17772486649.928962,32031850598.396464,32967928678.722416,9234493352.40706,29524269707.752691,32977025783.035209,32977025737.262102,32977025035.371962,32976999447.773164,32974193044.070275,32938636464.669074,27498040209.540144,31080669395.563387,32593066060.37536,21576790418.27803,32977008328.613954,32974825931.642982,32950577022.338034,28033759136.121728,31345236450.023014,15857560699.869566,32676292426.987865,22353191666.810021,7494266843.156477,32077972839.309786,28209225905.751246,32977025785.251232,31649305242.915383,194563,2.251886574074,475659,7094680286.489777,8948022638.5862898949980354307,22483.95771659,28357.438887863565671469169,240.008215,302.7055278807002404565,64.304901420987,0.049408592942755146,0.056679011044516246,,
2022-01-21,251847,9117,1046204,2589474,974,314124,1989866,140,60481,3297535,3287189,3278929,3261407,1533056,24626,2318628,149455,3216526,625739,3137,1621006,28199,2363356,166605,549,3219405,681738,3632,1642814469,4118,69622.218067022827,29030514366.39503464695779807364,0.973331978936,0.934246165103,37175876656.91907475260370739616,36146630314.360043077665339435,35683015613.08689858844151698935,38194446973.3363824503162134937178,0.26840625,0.3025591995412968778125,0.180417,0.20337388977954931677,52576.758753,59266.80933392405804820093,0,0,0,0,0,0,0.5392796473,4.000274489783,5.1369660097279715,3.839636611474,4.930682335231607,0.000030889910760161734,1.12724349578781,260.2610071670145,-15.384897594303938,1.2612298619891,0.0000309457738192047,0.00041875230362711,1.11554728618129,1.2612298619891,0.033537205557,29762745435.927058,17850762704.680204,3568881988.851435,25753543466.761044,28926795527.349861,9963609300.729825,29210256966.456492,29513058488.440354,29762745435.927058,6348007207.006264,14354343021.608898,29762745435.927058,78.0896564573,24841728052.824314,32848354760.402643,32978335748.190941,17785149106.241313,32033210712.819777,32970263063.133059,9258909642.583555,29524695052.093207,32979455453.357513,32979455407.584406,32979454705.694266,32979429118.095468,32976587528.802115,32940848805.428592,27495658811.784524,31082229078.074053,32594505873.099665,21584585962.722413,32979431837.438336,32977004037.370583,32949291507.108141,27838151271.597983,31246255602.447552,15634319938.540986,32648271010.454482,22057310635.354789,7504996571.308064,32082440710.332227,28214776008.520495,32979455455.573536,31655108897.433635,195885,2.2671875,518952,8244298119.993573,9293331433.09842510796977174513,25313.92579075,28534.9582004782325484607575,309.187883,348.53003008815239110623,64.630333461408,0.05011422279624563,0.05970212472665568,,
2022-01-22,216176,9127,1048912,2594580,976,314284,1995045,138,60471,3299778,3289432,3281172,3263650,1537582,24599,2324824,149485,3218771,626918,3143,1603078,27013,2342312,160454,535,3220360,665051,3471,1642901133,3986,69151.824887104867,27458368867.8098168753861598182,0.92490421001,0.88777641109,35134116530.6802152060800851212,34159468830.33232960210990135,33723751652.1497977636037435868,37986762467.3214952733332962097987,0.28268329,0.301134952588305920729,0.181121,0.1929433598559948721,49454.310637,52682.3551861178217407837,0,0,0,0,0,0,0.539105123337,4.048256173452,4.816456358437583,3.885749786779,4.623112635649419,0.000030439517909679147,1.0652732695601,204.372139332208,-27.683998297560013,1.12724349578781,0.0000308899107601617,0.00043946161420258,0.994576822891404,1.12724349578781,0.033644121225,29791375365.166151,17843376981.894063,2550747846.234574,25775892113.718982,28968186708.919279,9939616002.234255,29249124769.71695,29548310003.236304,29791375365.166151,6482817661.386223,14407586096.688833,29791375365.166151,78.1530079,24843504431.133744,32849794023.232552,32980202562.166493,17780397543.852259,32032077848.579438,32972124560.256696,9197805899.16911,29522106879.015109,32981318063.887989,32981318018.114882,32981317316.224742,32981291730.6259,32978466072.070227,32942660516.578336,27490517647.634144,31080446737.784496,32595032447.196834,21587228617.073609,32981293271.82432,32978636019.474663,32949057468.397389,27727796824.070826,31188218357.494539,15476510147.612012,32632533774.31373,21908215984.460458,7500304912.642995,32081507140.510228,28214148057.900893,32981318066.104012,31657371508.135068,174946,2.024837962963,418628,8147043233.675152,8678827382.7846189702933406352,27025.98853875,28790.063173768001854303875,218.3414305,232.59328954916433972305,64.249043009262,0.050233775941139265,0.05689876041584584,,
2022-01-23,190135,9145,1050604,2602897,979,314547,1997590,138,60527,3309785,3299440,3291180,3273658,1540537,24628,2330459,149507,3228782,627630,3143,1626495,28155,2374934,166232,545,3231538,682512,3625,1642987452,4009,69317.688700424046,28009100667.41820493459116315916,0.973952554678,0.934859512654,36981147739.35024742506468183824,35951885791.49046181556332393,35496778140.71554915911110626032,37970173764.3354845534814048597748,0.30789148,0.3451987920809744060264,0.191329,0.21451239797236595222,49319.904364,55296.01342655528580769352,0,0,0,0,0,0,0.538972855288,5.337610506505,5.058759151518382,5.123366567376,4.855707901074393,0.00003091088681756549,1.12117032949718,224.37758333622398,-19.59531388628049,1.0652732695601,0.0000304395179096792,0.000443710643404118,0.940662820492174,1.0652732695601,0.033704467184,29824065405.998354,17900375777.844525,1669294575.684573,24982020956.601362,29001011337.193154,9822569377.016799,29281883270.629185,29579619248.125564,29824065405.998354,6571452555.995098,14491138669.964221,29824065405.998354,75.7388625816,24839058593.260496,32852589058.66043,32983297306.94516,17777704479.436985,32033395667.453905,32975150612.142594,9197754839.41814,29522329123.159948,32984415270.292583,32984415224.519476,32984414522.629336,32984388940.030428,32981543987.900681,32945699656.828431,27487305786.456742,31080130049.024243,32597154796.931543,21572414210.870787,32984391549.416025,32981958566.69473,32953967406.814267,27826142405.570452,31240427172.051675,15568958952.337361,32649958852.744669,22033626221.344085,7497628873.042606,32085060567.68833,28216426025.966425,32984415272.508568,31660468714.539624,160186,1.85400462963,381454,6179621992.333085,6928408825.3121048491831282003,20492.74767955,22975.860668183644363268669,181.051507,202.98957775915099125026,64.429007997175,0.050379195488919476,0.05735732479783465,,
2022-01-24,183651,9154,1053936,2613460,974,314798,2004272,137,60549,3318762,3308417,3300157,3282635,1545897,24602,2338949,149656,3237760,629007,3157,1612277,27070,2357063,160825,532,3239386,668007,3486,1643073490,3983,68798.54230479538,26631661948.60824328045153269816,0.933041776416,0.895595475381,35207569995.35252420402332340464,34223428162.79132506077860788,33794564385.01834942840936596792,37734183918.9679261580776397475919,0.33348602,0.3559189110736876217776,0.196653,0.20988142657186616664,49896.845967,53253.30004114164021181896,0,0,0,0,0,0,0.53795150073,4.29169562363,4.820140585202327,4.119454540396,4.626691117079722,0.000029112816696843317,1.06726786050488,203.43466723025483,-26.623849265733526,1.12117032949718,0.0000309108868175656,0.000442539162596256,0.989136303108689,1.12117032949718,0.033826704115,29854809638.087304,17946368627.790588,2260180412.58579,24953119019.259057,29032218174.319323,10183557060.872538,29312464150.948269,29609489089.149253,29854809638.087304,7032652430.19563,14608013270.006372,29854809638.087304,75.6418632474,24837901934.113526,32856178297.510425,32987388433.296681,17746215188.267035,32033927899.832311,32979201426.396139,9184162516.037046,29520778361.231404,32988503913.471393,32988503867.698286,32988503165.808146,32988477584.209216,32985622972.963906,32949674912.811044,27482012125.0943,31080088498.853097,32599631661.231334,21575314345.473702,32988479159.861512,32985798864.103284,32956155211.746128,27724480333.510502,31189752470.756283,15449666300.980854,32637961678.99573,21897042131.44982,7508114119.380061,32087554732.755985,28219598711.587449,32988503915.687378,31664557357.729809,149622,1.731736111111,360862,7686589825.72182,8203650277.8767052579156324816,25437.8857068,27149.037854064103183649184,186.05919799999998,198.5750021767138265408827899024,64.405271669142,0.050505877308062365,0.057067320299118506,,
2022-01-25,203773,9127,1056587,2632786,973,315316,2010749,137,60576,3336125,3325781,3317521,3299999,1551023,24621,2348710,149766,3255123,630334,3137,1606821,26635,2362320,158816,528,3256233,662768,3387,1643160569,4002,68438.936531734133,26092629421.32494190827341320732,0.920464440426,0.883525058613,34434519342.49436394071240268948,33468717689.68740926933453238,33052619291.10013043868034127124,37409939841.4043878376899622821788,0.32802266,0.3423677431265913340008,0.187413,0.19560894312174610644,50989.153921,53219.01100328603919446148,0,0,0,0,0,0,0.538618061359,3.416289313054,4.718671971628625,3.279189377657,4.529305801732386,0.00002824516710283316,1.04373198829188,203.17222692882393,-28.25473973666191,1.06726786050488,0.0000291128166968434,0.00043756212666553,0.942753290316872,1.06726786050488,0.033919138271,29895433165.001914,18013862406.17472,3482387014.894585,24999357798.764839,29072757123.397945,10300950262.674924,29351326048.111021,29640760854.565827,29895433165.001914,7117172164.462913,14684414215.678772,29895433165.001914,75.7746294113,24825876701.557328,32858754098.447259,32990612162.168894,17769939275.743779,32034338882.373975,32982315607.134803,9199443262.380584,29516535262.008799,32991725583.246168,32991725537.473061,32991724835.582921,32991699252.984013,32988797250.899396,32952690909.207038,27477257110.542477,31077814019.315472,32601357953.503393,21563419430.133348,32991700339.855191,32988930544.120987,32958168254.579573,27676674621.491533,31167406038.831522,15428658898.122519,32633471536.001113,21810377635.171379,7516438664.838914,32091625427.444982,28225560903.98656,32991725585.462021,31667726640.430373,155444,1.79912037037,378442,9657181392.51088,10079509136.1007271988755156544,31154.97050704,32517.4393124877399871148352,182.5089595,190.49043918001720109886,64.506962958475,0.05052879177381778,0.057072304550202915,,
2022-01-26,235189,9118,1056843,2642379,970,315181,2011951,137,60552,3345170,3334826,3326567,3309047,1551618,24612,2351319,149596,3264172,630206,3138,1622233,27230,2372341,161692,537,3266044,672386,3485,1643249405,4122,68681.36147501213,26946448031.9309658009257527264,0.953546011758,0.915135061241,35578592934.9386389136223664496,34578710154.4917698816039176,34145408216.1723076960099398208,37311878500.0780796943892374342521,0.30915159,0.333372824367800053584,0.186577,0.2011948295400034352,52369.969467,56473.0222906802529598992,0,0,0,0,0,0,0.538558234712,4.815453247986,4.884426547850713,4.62147609938,4.687671001583961,0.000029282370390598816,1.0783474358576,212.52643336183766,-29.225521951135537,1.04373198829188,0.0000282451671028331,0.000424560539510235,0.9238466755122,1.04373198829188,0.033921241377,29896507988.794567,18017050408.202808,3386013334.73315,24988651278.704714,29073755689.735622,10403869152.430143,29352312796.279768,29638873179.417998,29896507988.794567,6396699696.162087,14689100624.152781,29896507988.794567,75.7378125695,24830731572.385118,32860448728.605013,32992514547.046828,17768989443.859672,32035804978.747769,32984157760.500187,9221412217.281619,29520442427.179675,32993626867.813568,32993626822.042196,32993626120.251856,32993600538.652926,32990661549.546253,32954482903.142114,27481393544.274332,31079262810.817132,32602824502.713813,21571547344.570511,32993602343.51515,32990864795.36347,32961358568.958211,27737802411.136773,31197583508.237352,15530577019.697853,32644130068.027182,21910232239.588182,7536510659.405224,32096210216.806695,28236640299.6082,32993626870.029421,31664570323.772108,169399,1.960636574074,454381,6851613995.80161,7388420383.858711075169810736,17228.67752364,18578.500230834659707673664,167.575691,180.7048167019154976016,64.7140203728,0.050582640502837874,0.05665316687431729,,
2022-01-27,195582,9092,1058538,2644344,957,315437,2019919,137,60500,3345370,3335026,3326767,3309247,1554678,24547,2360960,149683,3264373,630899,3110,1607488,26477,2374011,158434,510,3265373,662461,3348,1643333116,4065,68141.5987699877,25996387275.36379661732205072588,0.927852161593,0.890619175672,34326760001.10841501493568944859,33359953937.994008508951800865,32949290804.25100460017956032799,36995936876.5812065497970625548729,0.34051101,0.3542472779815923859899,0.202681,0.21085718358589088319,48807.826036,50776.74145529712647369964,0,0,0,0,0,0,0.539339081692,5.405555312838,4.800081785556568,5.18864040636,4.607463408471547,0.000028100640827232457,1.04034015810999,232.7348005361724,-26.348925399835476,1.0783474358576,0.0000292823703905988,0.000437089716172322,0.959735059787588,1.0783474358576,0.033986524829,29896149014.632278,18606356534.620821,2664755411.906021,24988353158.059412,29073469373.316597,10683646253.382675,29351915907.390612,29637159177.549996,29896149014.632278,6522940118.701201,15262113906.597594,29896149014.632278,75.7321322331,24831938013.309312,32861946282.548845,32994597882.265194,17795874812.794335,32036036020.949445,32986244081.493617,9242168209.40369,29516832711.368659,32995707924.190288,32995707878.418916,32995707176.628576,32995681595.858752,32992779963.80697,32956269186.623563,27476690524.572711,31078606172.820319,32603778536.653322,21571368590.35677,32995682577.112208,32992907908.694387,32961459780.105333,27668010326.136671,31165327184.324161,15454523650.374834,32635055900.295538,21806855684.318419,7552266652.027295,32095742127.405571,28236835342.249527,32995707926.406141,31671651379.978201,143337,1.658993055556,445656,6104036683.898453,6350274488.83609564483756484547,14729.78485581,15323.9867058195116542705419,147.885579,153.85130663904741683421,64.808306526984,0.050624527255465866,0.05555262074660785,,
2022-01-28,160175,9063,1059393,2647561,938,315405,2022420,137,60465,3348568,3338224,3329965,3312445,1556927,24498,2366286,149651,3267570,631239,3093,1616165,26613,2380893,159224,497,3268797,665321,3357,1643419791,4087,67348.269390751162,26215135105.5981901539650578518,0.941506701044,0.903726652457,34626442202.9313558551589375774,33650421934.0167575871644169,33236979262.9789183433116497414,36777690657.4741328774383202454461,0.34398853,0.360981043818078009582,0.200597,0.2105061888161648718,49336.898232,51774.0664856867392659408,0,0,0,0,0,0,0.539104799561,4.209415806392,4.8306045456406235,4.040503643035,4.63676580372202,0.00002778476335673439,1.0493984895894,201.10654612223888,-21.469381522287808,1.04034015810999,0.0000281006408272325,0.000431206833403631,0.933578310134999,1.04034015810999,0.034028099411,29892376466.105914,19078861445.826818,2467631360.992304,24981106191.467297,29067083157.733958,10999583511.084627,29347661196.118204,29631160163.529241,29892376466.105914,6654890074.457839,15710642974.878624,29892376466.105914,75.7084281196,24833294350.443529,32862337139.067316,32995355276.511119,17788553508.02885,32035489838.147185,32986959262.419647,9230649184.182264,29515939951.515422,32996466589.307168,32996466543.535796,32996465841.745456,32996440259.975654,32993544843.910819,32956965486.401254,27474695702.589058,31078103519.056413,32603835284.792884,21575338847.486432,32996441458.662677,32993687692.222726,32962772186.694165,27683768133.118698,31172691936.895003,15479444792.100448,32637525671.153751,21835708085.648133,7540332185.535363,32096251839.214888,28240682553.692616,32996466591.523021,31672410045.095081,143426,1.660023148148,388383,7838728248.56574,8225949584.346650402871507156,21139.70067855,22183.96996244238429088737,128.6358185,134.9902336409961979239,64.839069171018,0.05062495061630198,0.05498104882925497,,
2022-01-29,151867,9115,1060309,2651935,934,315608,2023570,137,60565,3350973,3340629,3332370,3314850,1558174,24555,2369184,149727,3269974,631797,3099,1621654,26888,2385783,160240,498,3271414,668897,3419,1643506087,4137,66230.203045685279,26463685885.71296110243670025075,0.951128366408,0.912963227355,34928780898.09196795550815355541,33943348923.260355097513496985,33527222678.38165627175218086735,36723519276.3593406068326797610165,0.35139704,0.3719655405767249470344,0.203693,0.21561586533766714323,50498.917527,53454.79619427074603717097,0,0,0,0,0,0,0.538214520215,4.539714893227,4.884840705239179,4.357553519135,4.688830753950628,0.000027791572459178126,1.05853350550911,203.18968664331035,-21.772354447746302,1.0493984895894,0.0000277847633567344,0.000412248249688605,0.94113720981359,1.0493984895894,0.034060760999,29900294293.349756,19099674742.129584,1795706141.36052,25000328990.989325,29075099490.362949,11053566301.261591,29352887899.691983,29633214686.509201,29900294293.349756,6445892034.336893,15745683828.960486,29900294293.349756,75.7646994979,24830261786.605942,32863149096.498982,32996222834.180493,17759642897.374511,32035562983.919971,32987791062.943976,9235583924.580074,29516118311.78223,32997331415.548478,32997331369.777106,32997330667.986766,32997305085.216986,32994404133.103806,32957804180.414371,27473259426.414305,31077461895.884287,32604420069.937163,21534397669.394973,32997306486.014649,32994565883.31037,32964013206.728085,27703032573.846579,31180969580.060543,15481527345.571823,32640975282.987867,21848683997.396984,7545266923.923167,32096440795.006268,28236845144.763249,32997331417.764331,31673274869.326385,143709,1.663298611111,358861,7268591132.671726,7694047251.77943456873413242386,21779.98089907,23054.8395310140244158755277,121.666849,128.78843617621755449439,64.863112334025,0.0506302669797589,0.05493564516546391,,
2022-01-30,216281,9220,1059822,2660433,917,315552,2023875,137,60627,3384227,3373883,3365624,3348104,1558149,24709,2372622,149808,3303229,631823,3096,1612442,26657,2385655,158440,495,3304203,663157,3409,1643592778,4087,66654.460484462931,25982618545.98812230630032082536,0.937685027993,0.900061775446,34302056990.8725189187552838664,33330897841.19488946117156543,32925736675.93560908795754860668,36581640920.8323189331314069690428,0.32930344,0.3422892033872015640592,0.194938,0.20262519191993347684,51130.285943,53146.55942977486089098774,0,0,0,0,0,0,0.535751480797,6.033465131277,4.867996898345077,5.791381088567,4.672675579101015,0.000027365404986634336,1.03943403502618,185.24829542189613,-20.758522689387917,1.05853350550911,0.0000277915724591781,0.000408196287444617,0.950961357253325,1.05853350550911,0.034047543027,29894508146.528174,19104345465.453875,2497752199.723888,24996890298.414852,29069265021.689155,11068245175.025112,29347047289.290614,29623695924.850253,29894508146.528174,6511291560.251446,15769615777.600259,29894508146.528174,75.7465319147,24826310023.925208,32866245575.019366,32999546537.256839,17680177104.053947,32038689376.712162,32991030745.032041,9225398657.085675,29518744052.413875,33000705992.569627,33000705946.798255,33000705245.007915,33000679663.238113,32997701399.122952,32960933109.413642,27478504623.19002,31081196417.365219,32607754867.731008,21428083382.424496,33000680619.526685,32997829198.991136,32966271418.0451,27671648608.528598,31166763690.383685,15455535210.356467,32638812746.164388,21738135273.695639,7535081656.428768,32109732637.937587,28255096625.082535,33000705994.78548,31676600502.220726,155268,1.797083333333,422146,5469610791.932809,5685299615.48145951828711593962,17009.26659898,17680.0106138138108838612964,122.8876095,127.73356379730653011671,64.872030731614,0.050550874881158905,0.05480069148672706,,
2022-01-31,207420,9206,1059758,2666448,907,315368,2022737,137,60580,3388152,3377808,3369549,3352030,1557786,24669,2371386,149670,3307155,631832,3086,1618650,26832,2386708,159368,484,3308424,666490,3440,1643678887,4081,62920.001470227885,26270097515.81519058945299491189,0.954964388301,0.916648506657,34698207372.74682263445095777662,33713818173.536556312478642295,33306016812.28161520026346979915,36334556343.4752461753806178447039,0.32823091,0.3450939437837870431747,0.19493,0.2049446301744512981,48628.394168,51126.70322032629316742456,0,0,0,0,0,0,0.536047480239,7.205383034519,5.02106003194903,6.916282616811,4.819600852663043,0.0000273349576258433,1.05137552031217,203.02486970409262,-23.323110961782238,1.03943403502618,0.0000273654049866344,0.000398165875070741,0.933006339028264,1.03943403502618,0.03404847409,29888311052.065452,19402406382.391393,3432502548.814353,24986407813.656517,29063337128.394312,11300309719.272744,29340834485.430719,29615726380.52416,29888311052.065452,6766214522.13004,16096583305.340046,29888311052.065452,75.7102441449,24831416430.9977,32868299532.24893,33001520073.433082,17691002188.699763,32040348300.28984,32992970704.527965,9238974230.876657,29521682326.680972,33002677635.213233,33002677589.441861,33002676887.717018,33002651305.947216,32999638237.757867,32962942914.25871,27481516536.887823,31082983743.665725,32609799957.797869,21435069519.453564,33002652544.617686,32999787962.341019,32968907384.037507,27695226674.48027,31178744562.91733,15454153801.913048,32644037964.704825,21784197009.812278,7548627128.545407,32113131034.519755,28263508508.00624,33002677637.429086,31678516542.207995,148153,1.714733796296,412723,4580280809.406166,4815595119.16525492972864284022,13071.83982024,13743.4123924421727614843208,133.360705,140.21218060857281127985,64.87534915848,0.050554160834863825,0.05404658414852431,,
2022-02-01,170955,9233,1060798,2664529,904,315362,2025256,137,60583,3386380,3376036,3367777,3350258,1560006,24690,2375360,149692,3305383,632193,3094,1634357,27425,2398369,162456,492,3307412,676389,3559,1643765318,4094,62974.064240351734,27137742774.87787147739155000983,0.986159166751,0.946593027769,35830992887.08753900957198945499,34813264878.483987623440431145,34393401378.30112443481619180921,36333884118.443076296553708744166,0.36984618,0.4015279786795066559286,0.207447,0.22521734466238806969,44798.358462,48635.87970925327006379874,0,0,0,0,0,0,0.535607871984,5.769494014561,5.281008454963888,5.538013529734,5.069126720717521,0.000027989664342544517,1.08566209519727,168.94563755456738,-21.194324550545264,1.05137552031217,0.0000273349576258434,0.000391388940756015,0.936206192586519,1.05137552031217,0.034095727126,29899300262.714828,19427727661.402484,2339605596.554099,24996490984.560729,29074598850.301796,11324494163.185694,29351995138.41985,29625508115.775165,29899300262.714828,6248126376.019912,16118944575.658213,29899300262.714828,75.7381824735,24834747122.594006,32869190726.389082,33002659461.403919,17677104078.920278,32040187966.580967,32994108901.88771,9245652704.390023,29521611974.875694,33003816789.026984,33003816743.255612,33003816041.530769,33003790459.760967,33000804180.618134,32964065228.90717,27483344889.585269,31082874828.398204,32610324876.661419,21424896389.161947,33003792409.790814,33001025911.895539,32971292383.819079,27750632925.712361,31207358105.928532,15533170282.765152,32653496724.277388,21878587499.588704,7555435220.894795,32112463452.044284,28262451218.965179,33003816791.242837,31679655696.233623,121127,1.40193287037,396109,5720400559.901878,6210422057.23070928236625347306,15999.28527547,17369.8175738255913159419669,190.021887,206.29955997375888264849,64.830890821167,0.050612223941165595,0.05451272223577494,,
2022-02-02,154921,9235,1061199,2667673,902,315552,2025829,137,60609,3390760,3380416,3372157,3354638,1560697,24696,2377429,149804,3309764,632640,3096,1604616,26427,2388026,157549,480,3310501,661110,3370,1643851763,3936,63195.851880081301,25723297659.65499735388922391014,0.937094450532,0.899526859252,33972733331.99715828839491493026,33006374837.48767362935790209,32610785494.44141166373817771884,36253264879.2437137362830096124291,0.36151691,0.3721143038809192951394,0.205863,0.21189760373819772042,45669.707687,47008.45524596089811083658,0,0,0,0,0,0,0.535446576449,5.508693890764,5.068403137923691,5.287853440308,4.8652136969653315,0.000027862716484072045,1.02931368792934,139.9654774915997,-22.13659453012243,1.08566209519727,0.0000279896643425444,0.00038834975659559,0.963286798799715,1.08566209519727,0.034109947698,29899675250.479999,19434965230.987663,1428606652.185294,24990727279.069121,29074728139.3857,11350139674.654029,29352297855.060463,29623032308.417727,29899675250.479999,6049410241.823911,16121558222.384918,29899675250.479999,75.7174802754,24831309250.055767,32870508379.759111,33004068109.549314,17672536534.336384,32041200790.504662,32995480342.711711,9261008295.367831,29520056922.159659,33005228365.377086,33005228319.605714,33005227617.880871,33005202036.940175,33002205344.798331,32965448464.948266,27480494048.150095,31083251290.467312,32611652764.191483,21419117821.325935,33005202764.016751,33002309630.53962,32969780181.654507,27652630513.611193,31160240193.812685,15437312929.05366,32639940330.166679,21691627992.518239,7570790811.872603,32114220496.071307,28262358700.224137,33005228367.592939,31682067261.773426,126328,1.46212962963,346617,5991479835.706196,6167112205.84502072401984819064,18977.93703612,19534.2503599394853795877608,169.4285735,174.39514982989224499649,64.600072082165,0.05075488362865035,0.054809757073000086,,
2022-02-03,139590,9250,1061474,2673850,905,315518,2029748,137,60664,3396834,3386490,3378231,3360712,1561753,24710,2382454,149825,3315837,632738,3104,1623476,26977,2398419,159921,481,3317172,668369,3493,1643937721,4036,62577.262388503469,26339457525.86620396938903647598,0.959564338811,0.92109094627,34778696226.06235679006368602582,33788288759.903399486752063335,33384256710.30705003763655326509,36244256710.460018976971278162707,0.36954752,0.3893914486785595646592,0.207783,0.21894051238871023143,46459.883769,48954.68232677736821616249,0,0,0,0,0,0,0.534961052523,5.083721610665,5.237325320246116,4.879891591997,5.027336615208226,0.000028434016880411286,1.05369790785921,137.74519501250938,-19.743198128192258,1.02931368792934,0.0000278627164840721,0.000383121846315345,0.911268918075531,1.02931368792934,0.034131582532,29910052958.067792,19368925428.755919,1399773131.780751,24997162212.630638,29084806987.127527,11311525374.569124,29362331714.625236,29629891046.405434,29910052958.067792,5881148316.619984,15970352909.378978,29910052958.067792,75.734459264,24832428724.492179,32871264864.912383,33005164911.445906,17657098680.473232,32041600877.826001,32996550294.516046,9224359222.107131,29521706353.692112,33006325593.250089,33006325547.478717,33006324845.753874,33006299263.8132,33003295715.551493,32966351471.258653,27479472999.751604,31084035261.49868,32612295975.073986,21413150575.133226,33006300565.229844,33003451549.06132,32972395482.682615,27703063864.815421,31183582094.979371,15421166891.973058,32647457825.129751,21796229498.737579,7533739740.811903,32116535823.948369,28264869252.465632,33006325595.465942,31682948652.838829,125721,1.455104166667,330902,6492551741.272069,6841188186.44605000447795740549,21927.41781606,23104.8742775371896481569126,149.787155,157.83041184768320644755,64.45169234584,0.050655377840102295,0.055115787838921695,,
2022-02-04,158148,9275,1062337,2678697,902,315797,2029859,138,60699,3399973,3389629,3381370,3363851,1562675,24737,2383898,149940,3318976,633255,3100,1653316,28405,2431423,167317,498,3321855,690888,3744,1644024695,4153,63458.506140139658,28210164506.41426729439183722926,1.021933542102,0.98096269176,37216762018.04842357433829059151,36153977668.435150418525425515,35724686140.25105662057134024594,36417986576.1916163161823848303463,0.36589822,0.4125402266688802489158,0.204353,0.23040241338278629917,48255.023007,54406.21747003801052205123,0,0,0,0,0,0,0.534304274573,4.468565086788,5.637738925013093,4.289413602005,5.41171350530431,0.00002744584232512446,1.12747262522589,153.86424680867373,-8.84046698857992,1.05369790785921,0.0000284340168804113,0.000394546861087346,0.921539506035826,1.05369790785921,0.034149606411,29937845674.562499,19386166955.471566,2808627282.895762,25020709040.064134,29112459490.29614,11349543069.988906,29389981676.356783,29656949057.290092,29937845674.562499,5286622987.776184,15991445293.284013,29937845674.562499,75.799620861,24829983334.579,32873929689.591702,33007857690.616995,17636858392.051523,32043793126.280111,32999201457.129094,9277401829.029173,29521725356.351977,33009016079.741806,33009016033.970434,33009015332.245591,33008989750.304917,33005970813.913756,32969052200.010055,27479241187.185774,31085268839.003903,32614730540.026585,21394578286.643734,33008992469.19629,33006413646.305581,32977748033.938345,27830684725.043719,31251432638.989232,15577300788.464988,32670041410.858886,22011958295.491362,7553404862.509276,32118835193.508653,28264541150.773502,33009016081.957659,31685635057.519546,131881,1.526400462963,352861,7386938634.854891,8328571095.02239601808624632799,26422.30998335,29790.4312014598663958889315,157.234565,177.27766777680084088785,64.051286941842,0.05088742693972334,0.05584347041276397,,
2022-02-05,187075,9266,1063349,2680945,896,316125,2031125,138,60728,3402356,3392012,3383753,3366234,1564327,24764,2385766,150126,3321360,633910,3090,1655613,28461,2433916,167678,499,3324265,692047,3738,1644110518,4030,66813.275186104218,28239879726.65964224109073473074,1.024081169731,0.983025914441,37290018342.71961474444345937452,36223645044.987304175042455705,35795067289.94216118786602018573,36413147165.4017185757318835217211,0.34958223,0.3949038962476292673009,0.200746,0.22677175998369992918,47869.344184,54075.37599688746047091272,0,0,0,0,0,0,0.534093834772,5.036006502896,5.691829764034193,4.834113783131,5.463645191429008,0.000027214739149659604,1.12964522323583,109.36746918942363,-11.684892859458097,1.12747262522589,0.0000274458423251245,0.00037962908095805,0.984070769328176,1.12747262522589,0.034183209445,29919221346.325502,19372781769.29436,2882303966.255999,24998892701.699278,29093660804.736675,11007472962.667498,29371226329.105747,29635544640.447701,29919221346.325502,4830215178.130998,15963503426.138606,29919221346.325502,75.7303991302,24820011306.851644,32875189403.396827,33009221472.618766,17630640563.716447,32044316710.765821,33000544103.540795,9291934209.754101,29518415799.390502,33010380226.634791,33010380180.863419,33010379479.138576,33010353898.19788,33007329122.7057,32970420069.250648,27476315833.856077,31085018598.229823,32615798426.943334,21382526884.19224,33010356640.012193,33007777631.918708,32979172465.903793,27830309516.706581,31252726306.904875,15611837388.707072,32671552178.500783,22003402128.019533,7567330800.122293,32119091838.790971,28261346250.271792,33010380228.850644,31686999204.412531,136933,1.584872685185,444520,6554872439.078618,7404680339.72535491244972448294,16170.04964121,18266.4193366791232467165543,137.471611,155.29414869668418302213,63.006238536813,0.05083343133466567,0.055423219190834254,,
2022-02-06,148365,9259,1063989,2684855,893,316357,2032702,138,60752,3404834,3394490,3386231,3368712,1565066,24785,2389317,150265,3323840,634215,3085,1661020,28676,2443223,168836,500,3326996,695623,3758,1644197368,4117,64958.866650473646,28504925148.96965659380987318042,1.036998142947,0.995426762777,37718792290.39825732071337694519,36638646324.811520076312897805,36206714120.8050691978372683166,36373056737.8017657112076112786077,0.38179871,0.4362383046975885742453,0.207447,0.23702627909507776221,48241.79443,55120.4550107379129580049,0,0,0,0,0,0,0.53399747951,4.720575759635,5.772140790197892,4.531336414454,5.540746104666076,0.000026974387094974472,1.14258716248043,82.78884912260011,-5.471000308167256,1.12964522323583,0.0000272147391496596,0.000374350977933831,0.987378003478476,1.12964522323583,0.034202253901,29883570296.217499,19323391500.002472,1310440800.24764,24947702971.814094,29058046333.016939,10931749927.0182,29335529528.494109,29597317343.725026,29883570296.217499,4692445837.553853,15927487621.864618,29883570296.217499,75.5722106093,24814262003.060254,32876439914.580996,33010585830.021626,17628186868.055518,32045187042.077551,33001865292.628422,9309590686.571146,29516768805.37039,33011741709.03788,33011741663.266508,33011740961.541665,33011715382.39859,33008689938.831218,32971689728.131244,27474863243.681916,31085447461.113857,32616831777.37561,21380749201.458194,33011718344.936622,33009189217.225023,32980854441.982649,27845904189.43827,31262105864.210435,15634384220.220191,32675463185.615378,22023141822.394302,7584939818.282675,32120012230.906469,28259970000.167433,33011741711.253733,31688360686.81562,126354,1.462430555556,353174,6993160027.96359,7990294873.1224828096661275437,20848.31028083,23821.0116862851264126791569,130.4004375,148.993865869331657188125,62.565449689193,0.049968078183737566,0.054587853192424526,,
2022-02-07,148466,9268,1063623,2687099,900,316054,2033246,138,60782,3405923,3395579,3387320,3369801,1564853,24804,2390777,150164,3324929,633820,3093,1679103,29586,2453716,173259,510,3329070,709004,3914,1644283653,4053,63123.006415001234,29878741566.92039369274460069312,1.085670476467,1.042148987065,39541315842.2443016898554941408,38408028508.25883802157293744,37956215210.26155686463258242208,36421102626.7590816769694125724274,0.38513942,0.4613068547682026170048,0.206861,0.24777104686974177184,47733.023824,57172.98709341444071123456,0,0,0,0,0,0,0.534199543775,4.464036516235,6.087971915107216,4.285085792104,5.843922168036839,0.00002729081133131018,1.19776587597344,81.92704274329772,0.534742927141662,1.14258716248043,0.0000269743870949746,0.000374695868811658,0.99791268632424,1.14258716248043,0.034196108983,29892626831.285658,19326310368.284976,1494361851.921222,24945393892.305998,29067068974.894995,11204054293.514321,29344298272.562878,29603932966.863786,29892626831.285658,4755531218.501355,15915197173.324647,29892626831.285658,75.5633466679,24812791489.463459,32877136119.95003,33011405316.940667,17635293596.952388,32046106799.519793,33002658909.471576,9251187520.810829,29520860955.570298,33012558324.434217,33012558278.662845,33012557576.938002,33012531997.794927,33009504492.936862,32972420425.949628,27477180155.984568,31087644405.114926,32617516993.94119,21374602954.643305,33012535801.786196,33010081186.55177,32983155004.185191,27924421132.509928,31302921298.358293,15683218162.4137,32687921747.296094,22144201580.412703,7509371413.667844,32122155483.714672,28262032022.995362,33012558326.65007,31689177302.211957,123937,1.434456018519,325809,7395225869.364739,8857749191.44110097275603653216,24178.33415804,28959.9835923833264878024576,139.833179,167.48741013508583476576,62.068652961678,0.04980490047980678,0.05525357093828425,,
2022-02-08,162299,9279,1063734,2689888,899,316011,2034953,138,60807,3406492,3396148,3387889,3370370,1566727,24798,2392781,150131,3325499,633483,3091,1674320,29283,2452879,171591,507,3329276,703733,3881,1644369841,4117,65104.278600923002,29404576957.47884931796981338114,1.068095402125,1.02527996938,38888982989.3565058320971804967,37773049788.45889960415197629,37330087938.98493010383671880294,36409653025.351948456459261272263,0.37280039,0.4391453917667747118306,0.205717,0.24232719434141577318,49869.507843,58744.47867109387712402922,0,0,0,0,0,0,0.533947404044,3.685882261529,6.029615776715933,3.538130811836,5.787913950969105,0.000026670410295129964,1.17796387435854,72.16019757521315,0.5139119403454596,1.19776587597344,0.0000272908113313102,0.0003808024099467,1.04763324264575,1.19776587597344,0.03418788107,29919941943.196378,19311421497.93653,1433220253.394126,24962206055.335191,29094250096.117222,11233729927.853239,29371463492.610453,29630566661.376759,29919941943.196378,4395860331.382823,15896152254.712518,29919941943.196378,75.6115863599,24816392444.807064,32877943043.99903,33012581988.831441,17627596198.044626,32047456678.005161,33003831859.562659,9284275024.460891,29523097385.52221,33013731433.761752,33013731387.99038,33013730686.265537,33013705108.12244,33010675976.622602,32973618192.345666,27477880155.639993,31089042436.671473,32618165976.259463,21362681336.528836,33013708605.572908,33011228851.690396,32983787058.889183,27900212580.142736,31290549629.180547,15657390992.165978,32684413119.572027,22108714659.638817,7559285010.088991,32123798632.500609,28263663255.080746,33013731435.977605,31690350401.715861,133770,1.548263888889,353380,8956805750.56782,10550793603.8157200807432661828,26374.22345316,31067.8824420822252187359864,164.718559,194.03251193839575814386,61.930904486193,0.04981474894014497,0.05525573595899727,,
2022-02-09,162280,9304,1064383,2694866,900,316007,2035761,138,60859,3409749,3399405,3391146,3373627,1566861,24828,2394631,150194,3328755,633715,3090,1681237,29584,2458117,173150,509,3332853,708432,3937,1644456449,4082,62006.977707006369,29822167728.85976783602567652096,1.081278104099,1.037935698276,39485552967.3701612924680651456,38349911438.56635156601135936,37902797472.41749738855557744128,36517481319.2851114621856096168245,0.37390112,0.4471683447961373765632,0.199959,0.23914166145608452224,48429.543072,57919.48046248024648200192,0,0,0,0,0,0,0.533436144236,4.439080699361,6.1549408698106935,4.261142723534,5.90822363399404,0.000026932811758735066,1.19595347774336,69.60535990520447,5.874028544615095,1.17796387435854,0.00002667041029513,0.000376751401617835,1.03217554248822,1.17796387435854,0.034207674801,29910089649.370094,19257010818.242775,2785561700.466009,24935892811.759786,29084224353.229465,11247185330.37204,29361681235.58566,29618014638.610777,29910089649.370094,4326318835.045343,15885369302.298455,29910089649.370094,75.5267825513,24815886387.998897,32880241688.115108,33014814187.149429,17611906750.484916,32049097677.073617,33006029761.238446,9284058573.086166,29524652460.598919,33015960653.607732,33015960607.83636,33015959906.111517,33015934326.968442,33012888851.620968,32975742147.80097,27478675168.277594,31090903347.761198,32620181919.993028,21340504391.226624,33015938095.029055,33013470878.104269,32986487414.329408,27923781468.332102,31305007633.973042,15662887033.426587,32690189796.681586,22136434899.467489,7561033982.787882,32126422923.656854,28264504511.650928,33015960655.823585,31692535017.278548,129525,1.499131944444,349299,7437567120.726858,8894984263.98295448724878316288,25140.43858696,30066.7949600681752879225856,154.240333,184.46426265964393493888,61.101880001304,0.04835929847047917,0.054869948385261394,,
2022-02-10,179182,9311,1066258,2699154,898,316134,2037793,138,60839,3414606,3404262,3396003,3378484,1568666,24838,2397595,150224,3333616,634163,3092,1669894,28937,2454920,169796,500,3336979,698763,3842,1644542814,4077,63366.017414765759,28808619687.01550231753069487724,1.044805046729,1.002928528774,38141897491.08568006892308608595,37040177965.597996710674476295,36613143528.70041436056429037439,36506233972.0774623431588864649867,0.37723929,0.4357525167614118035193,0.2004375,0.231527169607294824375,46638.84787,53872.9551161150531026579,0,0,0,0,0,0,0.533321187777,4.877978562413,5.992738231550344,4.682465765561,5.752545086488241,0.000026484614362877435,1.15510904699617,24.20466063502292,-2.535233209697777,1.19595347774336,0.000026932811758735,0.000368925143626564,1.04714430599015,1.19595347774336,0.034259572217,29931078193.955763,19255132493.718106,3235511299.300294,24940173191.380972,29105330676.416908,11321231801.008251,29382642242.6122,29638066608.128337,29931078193.955763,4491667307.420638,15892576252.264408,29931078193.955763,75.5301167011,24821669844.005127,32884403770.525351,33019020608.977862,17610356465.392974,32051652668.959202,33010206614.36272,9311270424.50605,29525627629.942045,33020170336.050182,33020170290.27881,33020169588.553967,33020144013.039953,33017086734.363556,32979906116.448343,27481752594.786249,31092792970.533586,32623344198.817014,21342872151.797451,33020147155.373086,33017616928.166328,32989531765.242116,27870873502.727867,31278135683.977202,15598272734.01686,32684760033.145407,22057022445.472934,7589744588.350556,32130051981.36005,28269987236.891087,33020170338.266035,31696698786.934367,123632,1.430925925926,409995,6769232360.45008,7819201540.7751262399332361936,17764.37360227,20519.7886622020191857933059,168.0393815,194.103809822290839668855,60.828093188033,0.04829975184697722,0.05455139274977621,,
2022-02-11,169064,9313,1065553,2696800,895,315888,2034620,139,60819,3409516,3399172,3390913,3373394,1566488,24855,2395015,150131,3328526,633563,3092,1638868,27497,2419427,162440,487,3330444,676588,3613,1644629172,4076,66933.247546614328,26931725268.3692480913071192574,0.980257648506,0.940967712332,35691930182.28809141479168204536,34659347693.55116855685063546,34261353577.32449252918172441552,36410764289.0343074205369995536591,0.37801724,0.4085845236153233045904,0.199469,0.21559849053716418924,48096.267731,51985.43494615664013552276,0,0,0,0,0,0,0.532937109508,2.080875057403,5.569069692605896,1.997471017337,5.345854507185429,0.000025517716825060694,1.08086214167196,16.173255519164638,-17.14335963752989,1.15510904699617,0.0000264846143628774,0.000374966561752975,1.0125226596133,1.15510904699617,0.03422300777,29921150733.666058,19190596790.084449,1978642291.31422,24916892016.135565,29096389933.417314,11312912348.600708,29373553752.303321,29626599094.987674,29921150733.666058,4429374547.164949,15867213031.264818,29921150733.666058,75.4560628434,24825813980.862208,32886289039.887499,33020578687.173296,17598501576.425072,32054160102.920069,33011747922.925361,9360496490.342149,29530317789.859773,33021722941.171813,33021722895.400441,33021722193.675598,33021696618.161584,33018639863.052627,32981524340.271792,27489189951.050642,31096209961.066262,32625207572.004162,21338968471.260469,33021698465.416081,33018875234.333323,32988565952.494965,27747678434.020668,31216447083.277682,15484976556.647799,32667293528.39416,21849566231.80229,7601325023.179256,32131776316.934458,28272291172.313531,33021722943.387666,31698171539.551212,127233,1.472604166667,369485,15869152175.142468,17152365806.54273043811272079728,43960.55015143,47515.2943857522352913849028,196.56083,212.4551596826180453268,60.477563120551,0.048523229250330716,0.05263782785841855,,
2022-02-12,133793,9300,1065230,2696860,895,315761,2033699,139,60772,3410089,3399745,3391486,3373967,1565761,24836,2394803,150070,3329098,633415,3088,1628919,27116,2412882,160387,478,3330495,670036,3548,1644837035,4027,65566.873354854731,26318485163.56205576333013465976,0.960068222664,0.92158791101,34908105407.7071618748230791284,33897840397.09853489835453602,33508960280.69422603044473552832,36360025864.4539300571144766158429,0.40729814,0.4305606916139458110728,0.207927,0.21980260682067664404,46125.699667,48760.13710693761083798884,0,0,0,0,0,0,0.533334742447,1.49688244089,5.340076238894398,1.436886180755,5.12604165981131,0.000025065866628438806,1.05711430848652,13.856454623773304,-14.53365494369392,1.08086214167196,0.0000255177168250607,0.000369641722738501,0.951958191283504,1.08086214167196,0.034206928087,29919250782.704431,19164914389.741008,1202120577.677502,24896536686.976138,29094518749.521018,10774474887.393395,29371650902.110102,29610742554.825872,29919250782.704431,4321760773.615612,15834969210.604128,29919250782.704431,75.3936223584,24829632837.241718,32886706828.586388,33020927649.341897,17611818568.225572,32054816653.405719,33012085354.520536,9379559874.40146,29532051470.638881,33022072565.967817,33022072520.196445,33022071818.471602,33022046241.95761,33018986084.653932,32981876298.384677,27491846046.976303,31097361814.409239,32625789881.195071,21347455582.618395,33022047601.88757,33019162221.637081,32988055213.290355,27716473516.807208,31198968137.450806,15422504463.189553,32661881305.078847,21801011334.235561,7616810169.147958,32132976913.707635,28276608537.539676,33022072568.18367,31698521164.347216,113248,1.310740740741,313755,22060565122.633606,23320539044.43466568769834999112,71225.5828394,75293.582749821676698224888,154.8896895,163.73610700748429773554,61.068289691438,0.04844506289200409,0.051984304848498045,,
2022-02-13,130461,9309,1065127,2698773,896,315719,2034136,139,60793,3412333,3401989,3393730,3376211,1565844,24837,2396350,150045,3331343,633318,3091,1622286,26826,2410932,159049,477,3332458,665858,3496,1644852362,4023,65036.910763112105,26013015139.90019173499397358725,0.949347863917,0.911297713088,34477777853.70315011613031743225,33479544334.876950401683587625,33095898041.83271297986600898175,36317328098.731364574612682533841,0.40655108,0.42446763179554076551,0.207927,0.21709026397458200025,45197.909288,47189.763996167556810886,0,0,0,0,0,0,0.533449259176,1.268339384503,5.135222340164541,1.217503956609,4.9294010685196445,0.000024743569246291014,1.04406962046575,14.996584710075426,-18.84593592376472,1.05711430848652,0.0000250658666284389,0.000363165167948512,0.932449972113144,1.05711430848652,0.034198937105,29926900842.82888,19183832421.724906,1285389544.208221,24915019678.760523,29102717037.3222,10785086361.785567,29375578521.559039,29617865323.159545,29926900842.82888,4277823060.409467,15842855367.98683,29926900842.82888,75.4486418767,24833086316.296574,32887056646.163338,33021343421.210179,17615822444.765077,32055373371.755551,33012487244.622729,9372596260.402526,29533868263.336931,33022489281.90193,33022489236.130558,33022488534.405715,33022462958.891701,33019400447.221711,32982261637.736083,27492807334.319051,31098042111.183901,32626209012.878218,21346566957.541741,33022464050.384454,33019543277.461427,32987801258.818263,27689753812.496299,31187148057.970361,15408270847.524861,32658416578.235133,21747910785.532936,7606377883.329959,32134326173.152619,28279121932.882419,33022489284.117783,31698937880.281329,111174,1.286736111111,310638,26036003996.717244,27183400811.297323051998336393,84506.44388882,88230.610797910495889617915,140.65374,146.852296938888279405,61.481827284335,0.04819216430990596,0.051307891823238236,,
2022-02-14,154978,9308,1063821,2703339,898,315363,2034001,139,60704,3417319,3406975,3398716,3381197,1565138,24814,2397829,149890,3336329,633168,3087,1624898,26921,2413482,159464,478,3337575,667447,3515,1644888510,4080,65500.236274509804,26155427580.43785133530317373753,0.960592127193,0.922091687424,34691356062.47933360257337315262,33685407334.765733161452245415,33300929858.91472498902508768689,36114553805.3240010907714673252195,0.37596173,0.3949438572083545507917,0.196477,0.20639702938042623933,47537.35329,49937.4914298560745014241,0,0,0,0,0,0,0.534159225282,1.028131154146,5.004436500506862,0.986923756693,4.803859168451927,0.000024632686131622432,1.05048951979329,22.917711373659742,-19.028223469893476,1.04406962046575,0.000024743569246291,0.000362436518788198,0.919695683963158,1.04406962046575,0.034174168159,29926126795.906256,19181284459.811169,2517316883.72023,24898323198.488057,29102418084.784264,10836042211.669212,29375114937.418554,29616583006.244018,29926126795.906256,4356844991.451243,15785842092.767656,29926126795.906256,75.3946531618,24843629620.937831,32888471223.733714,33022843060.619876,17640069252.621251,32057172932.912599,33013947835.227998,9387378821.302945,29537238807.171744,33023990631.508625,33023990585.737253,33023989884.01241,33023964308.498396,33020883454.879521,32983696003.660352,27499601110.179283,31100642074.189374,32628306625.455106,21355287288.70591,33023965525.08997,33021036498.572618,32989552525.798116,27707856310.176893,31195188624.890967,15422304256.779539,32662173702.722514,21778464153.111766,7616993059.259646,32138654830.70517,28290892006.544998,33023990633.724478,31700392275.657841,126442,1.463449074074,346903,32120406526.507023,33742150427.59562063480469327567,96428.54030129,101297.1709954700439151203441,150.140151,157.72065512568204938679,61.277864072551,0.04764316199643391,0.051286347207923265,,
2022-02-15,219514,9274,1063591,2702583,900,315272,2033691,139,60656,3416249,3405905,3397646,3380127,1565279,24795,2397401,149899,3335258,633311,3088,1647055,27886,2426834,164568,495,3337742,683600,3690,1644974750,4104,70946.593079922027,27576619237.60319774251545776544,1.013133795772,0.972528838584,36580013230.63800574192388121792,35517026357.54055289503049872,35113938485.73037059494039878752,36105806936.1401406264752667409208,0.33755299,0.3738767660778885584928,0.190713,0.21123545576951447136,54477.33887,60339.5966993059543484064,0,0,0,0,0,0,0.534661020716,2.10975879322,5.233330427444324,2.025202670589,5.023586009828677,0.000024883433341548496,1.10760910776672,27.99902650307987,-21.62304343842691,1.05048951979329,0.0000246326861316225,0.000357759814106715,0.929251332608704,1.05048951979329,0.03417315573,29937191547.229398,19191774352.167703,3422273177.419616,24897429105.838727,29114051188.724329,10907835938.521916,29386163475.821341,29619612103.157604,29937191547.229398,4606956395.199899,15705578627.800298,29937191547.229398,75.3871220979,24842900163.103388,32890617199.515982,33024957611.78728,17657770304.11135,32059197320.852693,33016058653.53677,9375909317.641497,29539034523.211367,33026103678.345733,33026103632.574361,33026102930.849518,33026077354.335505,33022997088.214086,32985838765.662914,27502592265.006289,31103404353.14413,32630619486.716809,21380534628.677536,33026079719.262972,33023278225.573567,32993738692.256594,27802196559.965268,31245196472.40691,15585760384.433013,32679334076.995512,21964368595.605352,7604912873.546574,32140641081.839297,28294324567.069687,33026103680.561586,31702464560.381641,161389,1.867928240741,493182,15653971338.661292,17338481227.42044111236462980224,33012.85318249,36565.3368582914717285087328,171.941266,190.44371222254026946752,62.269287538769,0.04678254960768504,0.04957571619631973,,
2022-02-16,155211,9259,1064040,2706183,901,315392,2035449,139,60687,3418121,3407777,3399518,3381999,1566557,24812,2399689,149867,3337131,633753,3085,1641236,27595,2425641,162772,493,3339214,678478,3609,1645061353,4050,64953.594814814815,27101563541.6937188108484373311,0.994669855864,0.954809617292,35912345432.3229527386063042434,34864640547.81269835817262355,34473199922.7051707360139362949,36104789162.5621087704495804597078,0.38594811,0.419627586540702952503,0.205585,0.2235252230642363205,49691.204549,54027.4707840835643088777,0,0,0,0,0,0,0.534840724392,2.51874729347,5.12628641531228,2.417811422709,4.920856444454092,0.000024673703859839403,1.0872642608373,24.596862283803773,-30.826162631108442,1.10760910776672,0.0000248834333415485,0.000348824893202961,0.975167382551354,1.10760910776672,0.034196917228,29962113663.932536,19222885772.860055,3136858103.010777,24926381302.023907,29140663130.496064,10901212940.907479,29411783940.98598,29643701196.238599,29962113663.932536,5281220765.67653,15712150563.209128,29962113663.932536,75.4658689524,24836219930.675692,32894380246.883971,33028862515.712437,17665792519.348593,32062346396.059562,33019946839.055216,9387209110.820937,29542668881.696454,33030006341.105805,33030006295.334433,33030005593.60959,33029980018.095555,33026893547.68812,32989701058.531393,27504180136.515269,31105437224.496641,32634318796.945759,21383172007.165262,33029982017.497693,33027143051.814259,32996953481.117694,27775847790.20635,31231181891.076744,15575720383.625917,32677967650.294435,21895487648.433543,7614863181.544849,32144006162.941493,28296701156.4838,33030006343.321658,31706367223.141713,128751,1.490173611111,352159,13113664252.447166,14258018470.3054922086611720918,39332.07118559,42764.355304800577217094507,164.742277,179.1183900310587285321,61.695416397492,0.046772895703265316,0.044626963754680775,,
2022-02-17,142103,9275,1063236,2706804,897,315102,2034308,138,60675,3419248,3408904,3400645,3383126,1565479,24810,2399174,149800,3338258,633338,3080,1602478,26432,2408551,156860,479,3338824,659702,3395,1645147527,4092,63497.124633431085,25498627888.31479734348529255751,0.944077500229,0.906213703735,33788185053.62940089906364633663,32799431274.604624547983990715,32433053761.48837176552395079658,35789630666.3647862828525737359073,0.40455674,0.4138049438591397676466,0.207653,0.21239996646003710177,47616.327897,48704.84148205385419264773,0,0,0,0,0,0,0.534653826677,1.52719550824,4.715791610147609,1.465944795331,4.52665695352181,0.00002518737945915785,1.02286009092109,14.972391703398563,-30.47522658996651,1.0872642608373,0.0000246737038598393,0.000346204455916141,0.955661619322863,1.0872642608373,0.034172209831,29965617076.000546,19212194405.059939,2425113561.367197,24928754298.501539,29133930083.353965,11021332378.293315,29413671252.960892,29646323410.458315,29965617076.000546,5514460386.412356,15874937991.646843,29965617076.000546,75.4661070071,24845390249.639753,32897443725.605206,33031901961.363033,17661244774.086813,32065824025.993988,33022965726.1455,9344833386.89148,29548848989.59961,33033046602.626254,33033046556.854882,33033045855.130039,33033020279.616004,33029925474.910165,32992724784.337741,27510786646.843394,31110281243.332321,32637583457.146334,21380424660.806041,33033020839.951401,33030017905.287485,32996381317.543103,27672314159.515541,31180570399.861695,15451911203.06188,32663812875.009019,21694369284.932758,7618715930.652109,32148671013.599242,28304361456.873076,33033046604.842107,31708201394.662162,117700,1.362268518519,321299,21629874123.260922,22124335012.33039852659738264498,68232.60021656,69792.4036612929468238712504,169.496039,173.37073386230461656251,61.651102874752,0.04696170537448112,0.04442556129332779,,
2022-02-18,131763,9272,1062464,2706932,900,314846,2033386,138,60610,3419428,3409084,3400825,3383306,1564703,24793,2399132,149727,3338437,632835,3083,1549968,23777,2377042,145497,451,3288516,620557,2805,1645234142,3891,61361.474685170907,24865693220.962794149769302710536,0.921326195389,0.884306177055,32920203588.878454279976627273632,31955963391.275360020967558028,31597429367.817638772752294086128,35731322688.5554757293416530594077,0.41092971,0.40951458818477293620888,0.208445,0.20772717634403945796,44414.104879,44261.155683094803292713912,0,0,0,0,0,0,0.534834606874,1.872939470125,4.512968269885872,1.797682461401,4.331631660841109,0.000024886395095019488,0.996556292278728,9.406023615702942,-25.7743889982976,1.02286009092109,0.0000251873794591579,0.0003541779806565,0.900304079086642,1.02286009092109,0.034145152496,29993768358.23776,19239675893.590664,1787271912.932227,24951619305.021737,29164110575.574688,10320279294.984999,29442068062.885884,29673426754.212881,29993768358.23776,5502889123.555935,15893262621.427454,29993768358.23776,75.5332303879,24852759586.615706,32898364000.879356,33032817805.101744,17667706562.185169,32067313495.06184,33023869350.184802,9328137877.870388,29550636724.775491,33033962899.772391,33033962854.001019,33033962152.276176,33033936575.762163,33030840484.849981,32993633321.907018,27515421022.963992,31112690759.128276,32638668870.004435,21389743695.127192,33033886653.417854,33030619565.788245,32992159339.305317,27413770355.915409,31070370155.577031,15153801062.053122,32626383249.515506,21111640230.686951,7602020421.631017,32150966205.276868,28310004093.48729,33033962901.988244,31706617691.978926,108082,1.250949074074,289866,17637496261.305268,17576757879.246305016067350739104,61585.54177426,61373.45916853326153157594128,157.00388450000003,156.46320901067768261560476836184,61.846476485849,0.04648333996534029,0.04193116233212201,,
2022-02-19,177722,9277,1061186,2726044,900,314689,2049867,138,60597,3437274,3426930,3418671,3401152,1563547,24792,2416667,149800,3356283,632279,3079,1549166,23817,2394453,145718,450,3306551,620812,2806,1645320439,3977,65599.50917777219,24911517796.441609063670042264077,0.925928994964,0.888794135176,32943752279.482921367783298232539,31977507181.0686184872642227555,31622526107.240074307568342814353,35579134532.6241125906127144612525,0.37002818,0.36900251436165683822474,0.190625,0.190096614534035853125,48154.727667,48021.249591109091722745631,0,0,0,0,0,0,0.534709299195,1.105670522707,4.3782901015396005,1.061327036267,4.202696519401461,0.000024871083002239308,0.997228141817893,7.219163076078235,-20.932086063586134,0.996556292278728,0.0000248863950950195,0.000357866105962632,0.880212669198375,0.996556292278728,0.034126926499,30038034370.240935,19268266879.502312,2724706453.645371,24980760923.001289,29209051216.159214,10128210197.65956,29487212163.902034,29717865445.098555,30038034370.240935,5799240405.535305,16013252954.478924,30038034370.240935,75.6183375382,24856592194.896441,32898546918.320306,33034178610.078144,17664293610.996135,32068677052.288487,33025213220.66399,9334953383.501789,29551715920.406207,33035321503.48117,33035321457.709798,33035320755.984955,33035295179.470942,33032194198.730504,32993809350.849654,27519353879.253808,31115511939.025394,32639282470.602348,21383136804.641549,33035245446.60406,33031972044.087256,32992370940.985671,27421816746.917722,31074676295.868637,15147473762.765818,32627810325.780815,21110056687.281932,7608834927.262418,32157994171.69665,28324978325.396114,33035321505.697023,31710422902.420221,130138,1.506226851852,354609,29878088297.780099,29795270474.266181824702217511407,88024.1205526,87780.1301738235027477276718,174.194589,173.711746303201583980977,63.158099535953,0.04592216845181354,0.04076945854412458,,
2022-02-20,230015,9268,1059562,2713015,902,314151,2028276,138,60517,3428110,3417766,3409507,3391988,1558392,24775,2397190,149380,3347117,631409,3070,1512080,22134,2359799,137052,438,3290601,591724,2570,1645406895,4093,66817.04006840948,23360117980.324519760931639183384,0.87496604276,0.83987692842,30982342265.539877965486721689896,30072040150.119363024322514226,29739844960.352886766564636843344,35409765352.5054265468735649818498,0.32818183,0.30777075194873890600308,0.184201,0.172744725933515744076,53280.648372,49966.889433722736629221872,0,0,0,0,0,0,0.535690830951,1.854370855192,4.068124941602381,1.780004276622,3.9049792945178816,0.000024325969203061993,0.937805581584876,-15.891180019776025,-16.805412043698613,0.997228141817893,0.0000248710830022393,0.000361629627646008,0.880695626159533,0.997228141817893,0.034026781959,30021156348.146261,19221314463.446911,2652905325.994017,24909339887.747634,29192260791.585948,9971151844.433253,29468856957.927312,29700395649.912744,30021156348.146261,5934628858.976467,16043497757.720055,30021156348.146261,75.398166414,24871490438.923209,32901844969.496726,33035911773.398082,17697651836.299767,32072951940.589115,33026868552.624847,9340966668.210209,29563159852.936702,33037063195.019793,33037063149.248421,33037062447.523578,33037036869.009597,33033890594.218689,32996579700.916273,27533219571.018002,31120272932.459168,32643003748.004264,21393129942.019844,33036980143.378996,33033511137.307681,32991849373.233253,27264576065.778999,30994550385.858731,15042321468.94806,32602493083.186323,20886889030.728006,7615352888.139507,32161168016.645947,28333894689.405299,33037063197.235646,31712164593.958844,162351,1.8790625,480295,17815780001.46672,16707737925.66370034590216932672,37836.72856459,35483.49523678441543273314084,106.07315,99.4759921262897896794,62.44045235102,0.0458986126867202,0.037172994093632845,,
2022-02-21,142340,9263,1059443,2720226,903,313827,2038003,138,60402,3433378,3423034,3414775,3397256,1559107,24763,2405749,149124,3352385,631120,3069,1478634,20805,2344431,129402,403,3287932,565946,2364,1645493182,4092,58886.047898338221,21464236973.8043686581546863964,0.808684177325,0.776254553849,28516857137.062499571061099913435,27677831273.1109678795545240575,27373282221.673059096096516983945,35263280693.0800147844738687948553,0.40194807,0.34693804416756997123215,0.198194,0.17106945861376411853,47173.027412,40716.99577455974592529394,0,0,0,0,0,0,0.536281191195,2.282093306503,3.7224616966980606,2.190577448099,3.5731845937066042,0.000023266500152902144,0.863141460456745,-21.724805794961412,-18.974643866434796,0.937805581584876,0.000024325969203062,0.000355715944059158,0.828478992917578,0.937805581584876,0.034040147875,30010214865.486383,19160505777.653707,1438633772.91755,24867577282.69272,29181273912.277256,9871841428.368846,29456679906.122579,29688044991.434421,30010214865.486383,5983802600.11114,15998954411.972912,30010214865.486383,75.2685924351,24881509782.183447,32902572763.354179,33037304130.242364,17717900037.521284,32073507640.002551,33028292407.612321,9358646120.25014,29566484769.365963,33038451333.41151,33038451287.640138,33038450585.915295,33038425007.401314,33035290914.487384,32997441624.805613,27542764101.408162,31121411653.396862,32643660161.240951,21409755880.174407,33038359488.183498,33034646705.9217,32988916642.882031,27128195466.217184,30913630788.00696,14680152212.363713,32574853728.185668,20675594696.927623,7627226253.780955,32164198895.183028,28347223965.126746,33038451335.627363,31713552732.350561,117361,1.358344907407,314890,14477257017.264094,12495920765.28899005708752861403,46684.55349395,40295.37368353904055259419275,95.635872,82.54728623013432635664,62.684522367085,0.04625482453465277,0.03869046119925636,,
2022-02-22,140949,9272,1058576,2725861,906,313279,2045779,138,60246,3437846,3427502,3419243,3401724,1559010,24706,2412695,148816,3356853,630317,3072,1489722,21142,2358168,131318,414,3294881,573011,2460,1645578576,4069,60080.721798967805,22066727288.5150941840126468795,0.837168651422,0.803597737344,29337246878.87897645229919913805,28472427380.5323386553823411275,28160807468.99093206249880213172,35043413091.3177841520034727593716,0.3849579,0.3418122720967434387135,0.194497,0.172698005381888015805,49246.894387,43727.360483130314179703655,0,0,0,0,0,0,0.536782298191,1.771969979697,3.834490218515791,1.700913028585,3.6807250943200414,0.000023242431553830817,0.887921178125565,-18.322226075542915,-20.804078134695377,0.863141460456745,0.0000232665001529022,0.00033469726439722,0.763367545252647,0.863141460456745,0.034021095715,30012751743.871869,19166437637.402971,2143719362.023993,24852124076.0343,29184363146.726587,9851055753.652524,29459363700.594983,29689610777.823551,30012751743.871869,6022445957.192376,16003620023.050744,30012751743.871869,75.2174441577,24905127290.860955,32903892032.300392,33039228445.74678,17735487327.234256,32075378038.49685,33030236262.388778,9329984694.598528,29572457505.660721,33040372951.621117,33040372905.849745,33040372204.124902,33040346625.610932,33037223724.665872,32998891923.816774,27553949004.252678,31124701349.062387,32645002552.956494,21433167309.961437,33040283935.708037,33036656703.989101,32991647044.524877,27184117000.066415,30942290166.641508,14793666090.258799,32585177993.650249,20803669227.79131,7607695478.49539,32168930266.230628,28364604227.332506,33040372953.83697,31715436192.702888,127928,1.480648148148,321818,18646124557.64045,16556288884.69613789453022310425,59424.17264657,52763.98138547940829782656205,88.86887949999999,78.90856018433886297520571874435,63.447369451868,0.0461235753143271,0.03771926041611136,,
2022-02-23,124023,9263,1059718,2726019,901,313611,2043875,138,60314,3438252,3427908,3419649,3402130,1560518,24713,2411537,148932,3357259,631106,3067,1483856,20893,2352746,129888,410,3293443,568122,2407,1645665063,4080,57853.26887254902,21647016812.206052713135931258392,0.822575926127,0.789591193721,28762078503.974475843013629972768,27913363210.346299501326101122,27608738814.867979944005111222664,34965864658.1006989766210063041428,0.43418189,0.37794951481280137404508,0.209325,0.1822146063903993039,45005.124125,39176.3572339087012078495,0,0,0,0,0,0,0.536773883349,1.743775180877,3.7405291915948027,1.673850987996,3.5905365276664436,0.000023332269869734666,0.870486594484172,-8.250875997552455,-18.437851761751638,0.887921178125565,0.0000232424315538308,0.000336814858538945,0.783693083125243,0.887921178125565,0.034059292378,30027724364.054016,19209352300.516084,2270704828.039535,24867719904.444386,29202161263.032016,9856757793.908819,29473772302.992512,29703832415.591452,30027724364.054016,5862608429.609315,16030454957.855912,30027724364.054016,75.26235216,24897861729.88523,32904998645.513408,33040234615.436426,17735749946.763351,32075464696.447482,33031217019.304638,9329902041.880927,29570798698.985244,33041380170.925291,33041380125.153919,33041379423.429076,33041353844.019872,33038222003.579596,33000088907.82862,27549300194.571093,31123718506.421346,32645903869.904189,21432049565.790644,33041289059.072215,33037606521.858439,32992006047.836047,27150411005.335809,30923727405.667994,14748252349.185136,32579639331.252046,20748698735.637543,7606902788.127681,32168191614.199177,28359822217.533721,33041380173.141144,31716443412.007062,103655,1.199710648148,288333,18948188123.950089,16494143751.662744939956028491308,66758.92192866,58112.74660111395513208316952,119.297847,103.847176564323795177684,63.710823883537,0.04499889660781403,0.036978114259889505,,
2022-02-24,143091,9291,1061044,2728511,902,313320,2044590,137,60291,3438348,3428004,3419745,3402226,1562917,24760,2412906,148848,3357355,631217,3084,1476639,20669,2348703,128116,401,3291617,562089,2365,1645751213,4045,59359.845241038319,21106699339.139382095253480466667,0.808282544905,0.775871503889,28105145326.085549565709184517603,27274358887.5191037847568416945,26978166865.821277939215411848163,34771436675.504426783579136613143,0.41545416,0.35336829699123111662712,0.206597,0.175722948720738227779,45798.420706,38954.261355253144347301742,0,0,0,0,0,0,0.535550801272,1.52420143242,3.6085480604037294,1.463083008604,3.4638501451387658,0.00002221721110420827,0.850559053232807,-19.319475431303996,-18.507905978354685,0.870486594484172,0.0000233322698697347,0.00033586280987888,0.769614978099302,0.870486594484172,0.034106011057,29983565794.809933,19172883186.728977,2208781861.207024,24815089862.269981,29158484957.976065,9779134839.961009,29429496740.396953,29658883286.999322,29983565794.809933,5261700224.35818,15968199170.237617,29983565794.809933,75.0990578211,24901151337.419465,32906662098.168188,33042001696.773887,17696282276.989939,32075801451.397207,33032971937.241982,9267315182.89431,29573715445.238693,33043144056.110776,33043144010.339404,33043143308.614561,33043117729.205357,33039985503.836552,33001949435.609859,27555720570.652737,31125635269.508443,32646943400.617,21427349255.889459,33043050705.459517,33039307355.856952,32992751167.6285,27125252842.441022,30906008719.660286,14606844766.286346,32573548326.871792,20675430663.681166,7595059491.548458,32169404036.79476,28362818663.27976,33043144058.326629,31718158502.084709,110237,1.275891203704,315154,21678987668.888333,18439259226.695358161459535140731,70869.76028838,60278.91621372047598759688266,193.914526,164.935755642648537054482,63.961508176743,0.04499148285369255,0.03699086943862839,,
2022-02-25,176702,9293,1063670,2728533,895,313179,2045167,137,60219,3438218,3427874,3419615,3402096,1566489,24781,2413209,148789,3357227,631226,3082,1501716,21409,2361311,132377,421,3296398,577401,2495,1645837666,4203,62205.112300737568,22299179650.521407377934774803128,0.862910881951,0.828310079344,29726954858.1453047912761863838,28846559117.617850614479995402,28534970241.113307526009231146844,34449623338.7865517793012806724453,0.37234814,0.33496013766916606225928,0.194761,0.175204773072277066972,47077.091932,42350.014678753885851973264,0,0,0,0,0,0,0.534733855716,1.461499753569,3.7525933353450767,1.402896871694,3.6021227085670198,0.000022876458271875433,0.899588588435452,-17.522347605153605,-16.577110630395545,0.850559053232807,0.0000222172111042082,0.000327888234714182,0.758927701011214,0.850559053232807,0.034140371674,29967177528.452639,19152130893.94885,3751728900.410983,24788197557.400914,29142106222.412171,10178158086.174907,29412959265.096858,29641443046.529767,29967177528.452639,5589797044.201653,15925674355.779811,29967177528.452639,75.0133330404,24905350222.574403,32908585058.259665,33043912379.398885,17670309955.40129,32076541763.732157,33034887700.435089,9252644868.190226,29574470910.385859,33045055526.829797,33045055481.058425,33045054779.333582,33045029201.724356,33041897120.470163,33004058862.245056,27563823772.36254,31126777018.048137,32647784528.483366,21424764241.919173,33044967785.463661,33041359791.737622,32997320597.777416,27215335790.742434,30956488832.727799,14832369838.000797,32591878390.339577,20822671858.911174,7579166106.922665,32170504253.802585,28368577078.549428,33045055529.04565,31720022472.429097,126433,1.463344907407,426855,22610373657.853627,20340034122.866671853668353584404,56341.0976963,50683.8085475184134984492276,209.831683,188.762187519005230025716,64.317851675036,0.04522664239334318,0.038082944910906615,,
2022-02-26,125033,9301,1061937,2728001,895,313210,2042462,136,60213,3437386,3427042,3418783,3401265,1564597,24765,2411829,148800,3356395,631391,3070,1494515,21187,2357133,131255,418,3294222,573462,2465,1645923347,4096,56788.292236328125,21972616504.561225038922786370394,0.852345698982,0.818169188611,29307992686.431274522714752726789,28439462448.5653068425917633545,28132829935.923358910896749235038,34385100694.9902699813941201990795,0.42225552,0.37449553112843535548784,0.209751,0.186026726541598424217,44582.159988,39539.612610769278266568396,0,0,0,0,0,0,0.53534119987,2.298621316847,3.67753831971257,2.206453484748,3.530080044656684,0.000022707907318131086,0.886893156845967,-28.03090624159691,-14.749695094227036,0.899588588435452,0.0000228764582718754,0.000322596209087532,0.797058003449147,0.899588588435452,0.034123277376,29975753017.367808,19137114617.005235,3073366069.359905,24774817952.933382,29150638201.792601,10162572429.063625,29421462288.512352,29649628548.049211,29975753017.367808,5615650901.091767,15911167635.406003,29975753017.367808,74.9714139063,24909999270.423192,32909279968.518614,33044542753.818203,17690717139.282469,32077683645.55223,33035483764.787515,9189025272.080419,29574951557.592729,33045685896.025214,33045685850.253842,33045685148.559643,33045659569.950439,33042520771.406641,33004709814.096618,27561962056.485929,31127635724.103608,32649254127.523821,21421288978.183267,33045596662.516012,33041952116.973887,32997378411.62071,27190546381.189069,30944669085.508329,14810121590.474322,32588748542.6216,20798869287.951891,7552559814.429444,32171324787.098286,28367798380.928478,33045685898.241067,31720652841.624514,105581,1.222002314815,316736,14376307074.177968,12750248364.804705511808121055056,45753.33956443,40578.32376254280345238215381,172.539186,153.023823351173473562862,64.269709128889,0.04515009248984013,0.0377010387825719,,
2022-02-27,140310,9308,1062499,2731706,896,313475,2043061,136,60278,3442176,3431832,3423573,3406055,1565788,24814,2414177,148936,3361186,631925,3068,1480805,20745,2350163,128474,405,3295744,563658,2368,1646010195,4093,55922.918152944051,21130043714.955346107833751561096,0.822202185166,0.789234933014,28225881489.498098963993760753013,27388925996.1908484323269607495,27094128534.993133718648780585284,34329611376.3158170216601097929798,0.38155072,0.32589462724182444768064,0.184994,0.158009269834359300578,47045.966451,40183.458963935446458114387,0,0,0,0,0,0,0.53499834846,1.668768750616,3.4985068973635,1.601857325207,3.358229771955731,0.000022677203453813225,0.854131862840737,-34.71186908612994,-18.607481208121925,0.886893156845967,0.0000227079073181311,0.000319292293703706,0.787526052977156,0.886893156845967,0.034154116776,29973064123.479265,19118508994.872405,1333828957.509689,24738620152.489608,29148137363.802386,9565968397.508724,29418441188.713772,29644967005.508288,29973064123.479265,5392865151.168374,15875997218.305646,29973064123.479265,74.8605272888,24898614958.444241,32909756494.469392,33045134666.458111,17679705719.533167,32077506238.902578,33036036765.102882,9198478673.49701,29572811084.155345,33046280926.377896,33046280880.606524,33046280178.912325,33046254601.303099,33043102252.583887,33005294978.91208,27558723882.087391,31126899179.97581,32649643851.867566,21404611792.016111,33046187943.960367,33042426730.822914,32996251685.800109,27130909281.056075,30910418710.367868,14640889433.308162,32577266322.169345,20673027938.55349,7562013215.846035,32171772939.535905,28364799946.168396,33046280928.593749,31721247870.184132,123302,1.427106481481,322045,19802792278.074791,16914195857.920183183582607560967,61895.41208075,52866.84362182605492303351275,114.117196,97.471133201641501013452,64.652118657669,0.045185592374257615,0.03805489497646581,,
2022-02-28,124513,9331,1063664,2738767,883,313797,2051304,139,60315,3447741,3437397,3429138,3411620,1567701,24881,2421979,149079,3366752,632670,3061,1529635,22629,2390107,138924,443,3311982,599875,2624,1646096565,4052,54961.900296150049,23655116371.782160811489671278393,0.921230638648,0.884298960204,31625286807.610780589772597117543,30685343775.4276475640296426155,30357444777.522426174147280187455,34329391013.3275565764070967562044,0.44373929,0.42462816601703481840037,0.208215,0.199247521190284738395,43700.776543,41818.655717807510194477379,0,0,0,0,0,0,0.534107528782,1.431052006833,3.8473657800047976,1.373681843124,3.6931267980569764,0.000022161837893088015,0.956931638884253,-27.131992206432994,-9.59836094899904,0.854131862840737,0.0000226772034538132,0.000326692562385079,0.764804032594745,0.854131862840737,0.034197629878,29985168260.700222,19120174062.660682,2279430240.10007,24719755738.626381,29160319721.065055,9352408492.000067,29429876345.128434,29656755738.044971,29985168260.700222,5657601865.98123,15879166349.516843,29985168260.700222,74.7981086012,24891352416.495563,32911659256.149411,33047494683.28206,17651526083.433064,32078622627.427703,33038409474.709306,9370933244.236877,29571188787.479253,33048637457.911078,33048637412.139706,33048636710.445507,33048611133.836259,33045467396.644517,33007335353.226208,27560034205.02,31127057737.29085,32651319976.547263,21388324805.537874,33048556255.020283,33045146242.3096,33003476650.873058,27332411428.697768,31024241170.20099,15157536355.036841,32618086897.263462,20947523287.685587,7601179450.306213,32173565774.138737,28364972548.432075,33048637460.126931,31723734009.796235,98483,1.139849537037,286225,23093945784.162899,22099327387.543088240381957929447,81886.76922152,78360.04027408573979419672456,116.657206,111.632971325237912377118,65.109379908067,0.045992371874307256,0.043908610824063214,,
2022-03-01,143208,9441,1065859,2743480,883,314858,2053909,134,60810,3453968,3443624,3435365,3417847,1570924,25169,2425513,149882,3372979,634211,3079,1535553,23024,2394956,140320,443,3318837,603336,2657,1646182614,4157,56901.711570844359,23753983487.765253377071810228587,0.927486294608,0.890308703342,31809397359.743323286919192715563,30861850150.6115028052172004405,30534341566.096207015833318301773,34296352996.976629721155724028691,0.40358615,0.38842585724595533923845,0.205717,0.197989455473301535551,44871.111559,43185.575057229963239571477,0,0,0,0,0,0,0.529962676721,1.209303966308,3.783931571850657,1.160829925411,3.6322555177938014,0.000021708533171658776,0.962436043075203,-25.67047103422806,-7.407684312457363,0.956931638884253,0.000022161837893088,0.0003283386891191,0.852838912728854,0.956931638884253,0.034291588482,29970082697.949284,19101185520.182324,2637592338.509602,24681103392.455929,29145933705.210999,9366534013.757825,29415597224.147588,29641073486.199699,29970082697.949284,5786713149.724294,15743549168.984528,29970082697.949284,74.6759934466,24837182001.399649,32913757333.664018,33049775565.887591,17515754413.962735,32079386203.3947,33040664881.167875,9093681553.226376,29564108768.357656,33050920719.856268,33050920674.084896,33050919972.390697,33050894395.781449,33047741660.948744,33009621501.944688,27540873069.549251,31126084992.383821,32653013170.709662,21282887176.235028,33050840167.385214,33047434215.649213,33006043798.969082,27324396859.265991,31029449456.334911,15005938214.089425,32621784797.429032,20857881283.45209,7574043723.801464,32173090203.032778,28331569392.988182,33050920722.072121,31726099397.246191,111181,1.28681712963,307295,27330531977.801306,26303889051.855390783198749615118,92346.6579542,88877.7520726594689487297026,148.763457,143.175312909268109256771,65.814948160781,0.045892866442591385,0.0438470476348401,,
2022-03-02,210059,9449,1067518,2747896,897,315582,2056188,138,60984,3464841,3454497,3446238,3428720,1573477,25266,2428524,150303,3383852,635649,3002,1527342,22662,2391868,138214,440,3327687,596276,2506,1646268521,4045,63475.678368355995,23180881721.841701019741779230716,0.918564711604,0.883410166697,31085348426.078337010810571472728,30142137183.754597698606264026,29895675816.83508535065183918342,33841217753.4974128012638561187354,0.37726091,0.35462207832730507526516,0.185565,0.17442953727913757694,48468.972347,45560.425828591193580219572,0,0,0,0,0,0,0.537303456092,0.758129272232,3.558663491475842,0.729114779067,3.4224692811587056,0.000021370932115074223,0.939991578579676,-23.244340303410418,-10.594115953871775,0.962436043075203,0.0000217085331716588,0.00032410331809181,0.86499479164081,0.962436043075203,0.034350763227,29954789528.595601,19080591700.983001,3711089526.603583,24660733404.514041,29130605216.877989,9746751350.694042,29400288910.401981,29623947231.325325,29954789528.595601,6166347400.187581,16083855174.831869,29954789528.595601,74.5717287904,24826656769.849189,32932435967.10501,33068663339.673365,17768526361.054089,32096407620.696938,33059529481.121183,9370497490.609735,29574273757.259135,33069815871.079725,33069815825.308353,33069815123.614154,33069789547.004906,33066624268.648518,33028498786.800737,27545663863.632848,31141158572.678059,32671505274.596225,21219383575.801049,33069733182.780159,33066252692.475201,33023790091.39986,27280964365.719842,31017957016.21258,15139442515.014826,32631345235.507998,20717088612.996632,7658669152.780326,32191210962.989651,28337310765.206855,33069815873.295578,31804195375.885545,128476,1.486990740741,332854,43620286255.300195,41002701735.21697421708510583682,134726.68647353,126641.95069506254663856997628,230.090827,216.283439688433136232052,67.019037629684,0.04591054068661746,0.04392788032061629,,
2022-03-03,143663,9509,1068219,2748560,903,315993,2056697,138,61203,3466646,3456302,3448043,3430525,1574365,25428,2428599,150582,3385655,636308,3019,1511026,22097,2377301,134633,420,3325751,583733,2420,1646355904,4109,57627.11949379411,22294264843.434740767655239198934,0.887568107224,0.853602584797,29909392272.991861504617700419696,28999517943.409988411647111013,28764817422.057504601063448518048,33698137674.7905303321019314675519,0.39529566,0.35748905150132540314308,0.198281,0.179317138520403442478,42042.065263,38021.105604920354374599394,0,0,0,0,0,0,0.535702813856,0.903267310371,3.3238746776777686,0.868701009669,3.196676393974662,0.000021282645504717512,0.904358655243838,-26.029390178877783,-16.699803811469376,0.939991578579676,0.0000213709321150743,0.000318139000211672,0.845495037356637,0.939991578579676,0.034386041377,29962053119.595702,19066627969.447257,3351982361.705823,24652016889.719093,29137630603.163122,9563190086.938451,29406946433.680965,29630806559.607596,29962053119.595702,6358401468.207899,16050000291.698518,29962053119.595702,74.539344163,24804511788.881491,32935095181.229681,33071335809.611681,17717025771.196933,32098537023.57836,33062204675.355361,9294463245.332515,29574151493.092536,33072489656.134939,33072489610.363567,33072488908.669368,33072463329.881185,33069295065.151623,33031196078.844914,27541796906.388462,31142259223.11326,32674167034.925661,21176098156.054454,33072402891.544203,33068764612.55353,33024620644.838116,27198259848.358051,30977108840.612562,14852616113.963172,32619668776.597625,20562441575.094871,7581948106.143219,32192690988.692032,28324069761.04538,33072489658.350792,31806869161.109296,106356,1.230972222222,308938,36614288238.529357,33112448474.106683290041356352166,119735.40052149,108283.74580069703558830907862,178.0658795,161.035419329431300425521,67.996711968812,0.045902052310140454,0.04383702171578554,,
2022-03-04,142676,9532,1068939,2751087,892,316425,2057546,139,61346,3470870,3460526,3452267,3434750,1575413,25520,2429943,150873,3389877,637014,3008,1484572,21190,2360999,129369,403,3323718,564653,2254,1646442395,4015,63212.872229140722,20717948522.19261918261564526218,0.833442223158,0.802161921365,27864955060.34366030929279564795,27015043171.706473091166232015,26819142669.86474782943699488627,33433577380.7572109053666135460927,0.3926761,0.330818703722921120129,0.205453,0.17308844397707248517,43654.980418,36778.10804612825989916402,0,0,0,0,0,0,0.534682145813,1.151255050978,3.043031994035912,1.108046770387,2.9288225665634937,0.000021543074856728516,0.84247221494489,-24.296348308993025,-18.152043946905746,0.904358655243838,0.0000212826455047175,0.000318778054543382,0.81711182952423,0.904358655243838,0.034413008514,29922215054.796329,19010992834.88263,3402358306.422252,24591847843.371162,29097899334.721721,9558072012.414524,29367659263.957481,29590958315.273222,29922215054.796329,6296119248.966861,16012129112.302678,29922215054.796329,74.3512719734,24788026566.399008,32937767716.001477,33074063472.861779,17684730368.964375,32100767351.494858,33064917733.946719,9339308935.967384,29572963896.895594,33075221430.655302,33075221384.88393,33075220683.214785,33075195100.633683,33072016597.439251,33033922385.136533,27537716387.017273,31143840362.246051,32676794967.122167,21142689861.511185,33075127493.429259,33071283181.597112,33024196020.073397,27079795225.887363,30915136463.678879,14666006805.594328,32599662076.875609,20352031652.429311,7561950798.786918,32194895737.65576,28316445538.022218,33075221432.871155,31833860148.870443,111173,1.286724537037,376006,28729707986.753291,24203980722.31994152015959113299,79635.41999242,67090.6286690806526145177338,194.344798,163.73009243407722818222,68.753022426532,0.04608321733668899,0.04460105890565946,,
2022-03-05,124145,9551,1070096,2752956,893,316921,2058536,139,61511,3472864,3462520,3454261,3436744,1576828,25584,2431248,151181,3391873,637811,3006,1496313,21608,2370095,131532,408,3327966,572115,2299,1646528671,4101,55419.571324067301,21246697179.49395534828179675675,0.856821526867,0.824665211985,28605497688.80565840857202555925,27731751165.984087133089448375,27531939938.23212159881747474125,33385596406.9996885466690414684239,0.39437408,0.34106376255332385112,0.206113,0.17825125650030863825,39549.804386,34203.5792315182331605165,0,0,0,0,0,0,0.534046184286,1.111850169289,3.0617787012785005,1.0701226881,2.946870850659812,0.000021958802995431615,0.86482296847025,-25.750875179372358,-17.92496103296776,0.84247221494489,0.0000215430748567285,0.000321821748312694,0.770548409227863,0.84247221494489,0.034452169451,29908505583.116721,19001511553.83096,2947790076.947263,24567683738.877067,29084203703.675796,9554424487.87211,29353883076.819507,29576082846.883568,29908505583.116721,6184122756.083788,15977956467.848857,29908505583.116721,74.27487335,24770763169.951128,32939210089.366731,33075550005.892876,17664490245.118112,32101508025.772054,33066394449.089554,9305602324.886998,29570094780.3738,33076709025.765624,33076708979.994252,33076708278.325107,33076682697.743961,33073499542.437026,33035426277.51224,27530362444.127719,31143361686.797848,32678052391.263424,21119327364.967382,33076617727.615766,33072857542.638553,33026907964.474395,27113733769.080601,30936431319.42425,14694570423.358327,32608734195.419903,20383529868.191362,7525806143.391958,32194783895.424292,28305938864.04783,33076709027.981477,31835347743.980765,100285,1.160706018519,309302,29749250341.098688,25727834989.753564709967642032,96712.07922248,83638.82744011514117501122,171.336626,148.1758495049970163765,69.375130629243,0.04611653480995794,0.04466833217749454,,
2022-03-06,123158,9565,1070988,2755231,896,317349,2059165,140,61644,3475698,3465354,3457095,3439578,1577807,25648,2432479,151450,3394707,638540,3014,1477679,20960,2356705,127720,399,3326410,558690,2213,1646615250,4099,59968.238594779214,20232000288.79979290165102666006,0.820058595375,0.792073492508,27266745277.03511641099962121667,26432544900.137960603230275715,26336247534.89107770760102768128,33249752433.3180858278011387146722,0.41221124,0.3397885412895650794516,0.208921,0.17221500761298315389,43315.157391,35704.98015924023207708619,0,0,0,0,0,0,0.533104759047,1.504422146669,2.8868480670807597,1.453082634142,2.788332252998837,0.000021466691235886314,0.82430683183109,-27.269909407532854,-26.888971546786824,0.86482296847025,0.0000219588029954316,0.000324769050440365,0.791699622688723,0.86482296847025,0.034489374458,29896363274.27684,18965695892.464456,2860153731.566171,24544258894.296734,29071993182.887911,9544089808.492366,29341541038.893492,29561504290.316562,29896363274.27684,6167304125.294771,15956480065.145836,29896363274.27684,74.2002761358,24756681402.527027,32940873701.306858,33077232791.019999,17634248691.865203,32102415512.750866,33068059966.933392,9240546836.831803,29567481321.108921,33078392926.38041,33078392880.609038,33078392178.939893,33078366598.358747,33075177921.195633,33037111245.675799,27524789286.078111,31143272474.056296,32679592606.353864,21100024622.980056,33078296423.741213,33074362674.012322,33026268321.180744,27023837190.504767,30887955632.123132,14536122310.19865,32593480571.22035,20252750186.270261,7419311964.636424,32195288214.56283,28297915841.621447,33078392928.596263,31949568434.836992,105080,1.216203703704,317932,21987440826.924591,18124397688.11577128002987933419,72907.25543108,60097.9487418935846236962772,148.98850249999998,122.8122404750334155565883633782,69.937840770641,0.04540209142547933,0.04299810680931867,,
2022-03-07,140267,9615,1072020,2757903,894,317718,2061543,140,61739,3479269,3468925,3460666,3443149,1579738,25707,2435080,151704,3398275,639270,3020,1467755,20528,2351917,125563,396,3327276,550979,2152,1646701631,4033,64255.774857426234,18902652910.800377943077828834304,0.800970149441,0.773637370541,26452921180.487760989289290653024,25641790021.529802717764082832,25550226059.602140324105210566944,33026101158.6429712064693415173699,0.4059092,0.3245840350987683382144,0.209281,0.167350903723062538592,43221.211192,34561.707718266565342809344,0,0,0,0,0,0,0.532215952853,0.977691180692,2.746667277002029,0.944327868847,2.6529383790580545,0.000020962394796525306,0.799646904033632,-29.249456478814164,-29.212562706805343,0.82430683183109,0.0000214666912358863,0.000322258684845191,0.757158384182726,0.82430683183109,0.034530947721,29897136897.266572,18951864727.716571,3661523681.281113,23638749572.405472,29072268721.69254,9550079004.145278,29342271907.929801,29560298515.505168,29897136897.266572,6241301889.008202,15953678145.554382,29897136897.266572,71.4577145633,24756617958.617072,32943029332.443528,33079590420.660905,17606104120.209803,32103784689.511491,33070411374.007648,9198906096.753816,29565223265.792152,33080752323.657204,33080752277.885832,33080751576.216687,33080725992.635607,33077533920.465337,33039443889.478242,27521523714.459527,31144146960.573845,32681555450.798323,21074589256.298254,33080652486.794358,33076627667.719724,33027141472.377428,26960456910.568668,30859149982.235622,14464158983.326725,32585055589.235307,20146284741.48997,7378210101.922046,32196625410.86215,28292523109.103136,33080752325.873057,31951885176.719867,106480,1.232407407407,379718,33835584261.356181,27056520200.762555347791555079392,90192.61783439,72122.24761795850635156620448,208.910104,167.054317884944080617728,70.843657424499,0.04543731972141581,0.04308209405087228,,
2022-03-08,118237,9612,1072716,2762104,896,317949,2064915,140,61725,3482892,3472548,3464289,3446773,1580755,25699,2439059,151749,3401902,639709,3020,1469520,20603,2356098,125719,396,3330930,551715,2159,1646786771,4201,57105.116162818377,18908918848.427599066815846356,0.803563476624,0.776143195417,26473307405.87864142118012579,25660620964.055619790931543,25569949358.060838324881602198,32944886341.8969782934257832345751,0.42026187,0.33630790141710607566,0.208921,0.167185719399105178,41068.830127,32864.680475692434322486,0,0,0,0,0,0,0.532156046208,0.841782852536,2.670042934962676,0.813058398024,2.5789321139255588,0.000020664281222756844,0.800234152618,-28.42124547255667,-29.96296659934631,0.799646904033632,0.0000209623947965253,0.00031973078345301,0.736483407755764,0.799646904033632,0.03455363338,29901567380.060959,18950789244.402841,2506667600.415212,23629232502.219842,29076680220.947983,9569697322.875186,29343645492.250776,29563528094.169868,29901567380.060959,6177456465.492342,15955363418.986612,29901567380.060959,71.4263562105,24755140063.421734,32944059873.623996,33080790310.764103,17604760498.012428,32104290228.045823,33071599099.23523,9178567280.044889,29563448091.94102,33081951473.199302,33081951427.42793,33081950725.789631,33081925144.607576,33078732244.184705,33040532263.508883,27519934762.195262,31143500779.500301,32682441410.461313,21074524793.018389,33081851683.349109,33077828730.569007,33028322293.657979,26969090820.888622,30859981333.433081,14462560420.428803,32586313140.826007,20154586836.492769,7352715246.50412,32197522306.573924,28294021546.992323,33081951475.415155,31953084324.641311,97722,1.131041666667,298277,39299863825.636353,31449093226.510898647570922154,132294.13021461,105866.28118862378383334898,164.78060349999998,131.86306660970512895831694764,71.935184320683,0.04542443174417319,0.042930359472072285,,
2022-03-09,107803,9623,1073991,2764752,893,318373,2066486,140,61865,3486766,3476422,3468163,3450647,1582637,25771,2441042,152041,3405775,640639,3011,1494434,21522,2374640,130812,405,3340018,569794,2270,1646873662,4039,61374.797722208467,20042044902.651222037439839509678,0.851934000571,0.822863997188,28064782657.427135838012019712682,27202452302.731575438160905411,27107145884.811496799718360522054,32942437605.0425178237416908175396,0.44754039,0.37965595312580315128254,0.215961,0.183203306617759291746,40226.272708,34124.615893672127771567688,0,0,0,0,0,0,0.531213961223,0.617401642812,2.708840914218972,0.596334438272,2.6164088543563833,0.000020203112402462835,0.848316624843186,-28.817157737988808,-29.175088232184937,0.800234152618,0.0000206642812227569,0.000310437217928731,0.734471016553169,0.800234152618,0.034607728466,29902460524.364646,18947065678.138631,1740843688.219317,23625665601.397423,29077411517.779544,9588358964.048287,29344531964.580044,29561611934.323911,29902460524.364646,5816574896.042397,15952066648.102455,29902460524.364646,71.4135047732,24736840568.81786,32944877870.473513,33081745161.10797,17574103736.405936,32104034587.019492,33072538716.540446,9177918692.749857,29560070503.268841,33082910123.015984,33082910077.244612,33082909375.606313,33082883792.824302,33079682005.925681,33041475669.783887,27512845909.550372,31142451707.236394,32683030830.938204,21040372182.233184,33082816668.574339,33078979016.663013,33032059960.833098,27064514779.414066,30917224541.327531,14561259300.067237,32607717603.240101,20265098217.740542,7351580901.498659,32197169783.567783,28284882643.231186,33082910125.231837,31954042972.837339,89883,1.0403125,274744,53584097986.106472,45456281148.840402476103699699792,195614.28702244,165942.85173798254125986309384,234.625255,199.03650442457185026243,73.4208253087,0.045498990026656604,0.0435055376485002,,
2022-03-10,91580,9639,1074624,2767066,893,318509,2067427,140,61914,3489699,3479356,3471097,3453581,1583565,25822,2443004,152142,3408713,640986,3016,1475422,20799,2362093,126641,397,3338268,555237,2171,1646959508,4201,53704.513211140205,19068582129.16267077730391635215,0.815813138974,0.7879808357,26702146706.550758727792928280955,25879261903.2959590337283901425,25791175542.079118529861826408365,32730714217.3973242933736963682034,0.44754175,0.36118970421944378249625,0.215881,0.174227308483728597855,37026.02446,29881.9469314969848026493,0,0,0,0,0,0,0.530872933081,0.742818081153,2.4977749085096392,0.71747607926,2.4125607516855045,0.00002044089084927786,0.807052535812455,-29.069075067254225,-31.487496910553798,0.848316624843186,0.0000202031124024628,0.000311083813849159,0.766361440650082,0.848316624843186,0.034631750374,29899477440.55822,18958588155.701104,2097879423.022584,23627435988.37273,29074353890.56701,9604382114.850031,29341123194.020511,29558138721.299164,29899477440.55822,5965417117.98976,15959438798.002445,29899477440.55822,71.4121689867,24734394393.792864,32947888942.9107,33084842004.838752,17564466143.945378,32106444023.819199,33075614357.989591,9141467606.748843,29561476920.359948,33086008060.034849,33086008014.263477,33086007312.625178,33085981733.506211,33082777029.768885,33044550670.792826,27514951401.678342,31144612447.332318,32685867299.623718,21034830657.129992,33085908946.36423,33081899429.221559,33032725810.077907,26973562844.146166,30867813595.94562,14447957682.08011,32592554053.860747,20133957268.571385,7316480992.652336,32200042442.521262,28285143772.745434,33086008062.250701,31957244909.856203,82732,0.957546296296,244812,44541199119.568914,35947087697.57558008158635202387,184430.62582303,148845.20425195440698409983865,202.7024515,163.5915274984761727334325,74.660999923724,0.045009686215456826,0.044060199585301274,,
2022-03-11,102113,9610,1075508,2770556,892,318756,2069232,140,61938,3493566,3483223,3474964,3457448,1585126,25822,2445179,152206,3412580,641545,3015,1469012,20467,2358730,125086,393,3340509,550119,2120,1647046721,4054,52220.031080414406,18681705167.021878903135808712111,0.802090094644,0.774725946036,26163258213.223816092345147010097,25355841210.3347343086200902215,25270671095.389403249840791039153,32618852156.2999762734566040299331,0.42213485,0.33379448085162484116365,0.211911,0.167564280067728764199,35426.822598,28013.033885551077358229382,0,0,0,0,0,0,0.531339487423,0.775605318752,2.380038486255725,0.749144726176,2.2988409658448985,0.000020366312498799466,0.790729504687009,-29.6746737766923,-33.88292108326543,0.807052535812455,0.0000204408908492779,0.000309048407097509,0.733954654892633,0.807052535812455,0.034663676215,29902886088.554389,18940472325.552314,3086665644.206329,23625911334.137679,29077748972.303991,9567543669.867817,29344552179.600345,29559849485.891048,29902886088.554389,5735138762.622717,15969453265.2035,29902886088.554389,71.4043526795,24726270376.477697,32949213704.106747,33086327423.078616,17580692418.738515,32107045320.689344,33077086963.074713,9181621322.938975,29559556066.847339,33087494593.777381,33087494548.006009,33087493846.36771,33087468266.448765,33084255488.809861,33046001601.111777,27511607940.372282,31143641402.949382,32686992643.525989,21049779469.696231,33087393444.880254,33083308790.495898,33033180960.363277,26928695730.318824,30846535575.364854,14423344106.858685,32586584290.658503,20086817334.781037,7362506336.548832,32201050028.495174,28284630551.599708,33087494595.993233,31958679859.040017,83923,0.971331018519,254630,42660221372.93328,33732695716.05768754469063975952,171993.43605335,136000.28449988220154797593015,215.146756,170.122887806896781692804,75.872244347789,0.04502057568616352,0.043765081493402656,,
2022-03-12,136438,9600,1076042,2772440,895,318884,2070443,140,62012,3494888,3484545,3476286,3458770,1586418,25822,2446927,152304,3413902,641687,3013,1470192,20459,2360310,125227,393,3341692,550596,2123,1647132570,4122,65813.984473556526,18686209926.549795151960967058691,0.804978092121,0.777528057855,26178694821.569907183747138890463,25369497164.7090270383139542965,25285992179.179036033287546128106,32521002841.9306173482300753435715,0.40280567,0.31868186877233317185253,0.208929,0.165295300239281133411,42300.637623,33466.376597824219780113957,0,0,0,0,0,0,0.531386078832,0.817069485097,2.3163170866565714,0.789207130104,2.237329864491099,0.000020311486968284093,0.791155369715459,-23.589721569510427,-31.508166110131576,0.790729504687009,0.0000203663124987994,0.000308564486260163,0.724606824173962,0.790729504687009,0.034694587315,29899850758.519152,18960814097.471614,3130712581.962911,23618887821.326849,29076219639.173521,9596023234.766124,29341501264.309343,29556097236.514677,29899850758.519152,5770058016.282137,15994196800.920469,29899850758.519152,71.3794559046,24718564318.455238,32950761022.292471,33088029346.386489,17583137930.499387,32108011316.995676,33078779672.609093,9152615046.392235,29559327879.321859,33089195652.216905,33089195606.445533,33089194904.807234,33089169324.888289,33085956346.196117,33047691562.54624,27506323427.406657,31144369783.552276,32688292733.086245,21043013567.166233,33089094345.361128,33085008026.526929,33034859861.682741,26922593242.498167,30847800461.635254,14409010826.516749,32588233039.266619,20086034947.186584,7332734996.827963,32202037909.822688,28280617046.684837,33089195654.432757,31960842518.547534,105015,1.215451388889,374317,40497407207.059222,32039741171.418432649218301912898,109350.10225812,86512.92058044617665777227708,237.731652,188.082673031126838008268,76.953922721084,0.04471741563936497,0.04365645940237653,,
2022-03-13,126343,9621,1075550,2779203,896,318585,2072193,140,61897,3501409,3491066,3482807,3465291,1586807,25800,2453088,152119,3420419,641250,3021,1469530,20421,2361184,124903,394,3347933,549634,2116,1647218759,4137,57679.190476190476,18632705299.410190021775580059056,0.808249179059,0.780690509865,26115639360.970720544661919504704,25305718421.135490912146842276,25225180966.959973664102699658456,32311371341.4064710346060911124001,0.39991932,0.31560289424967213328032,0.207257,0.163560262738755150232,41023.723778,32374.544838783718082826928,0,0,0,0,0,0,0.531272846198,0.818874557119,2.2492630546923222,0.790953597079,2.172570497420211,0.000020872825472012064,0.789166410489176,-28.226871048768167,-26.987320578327108,0.791155369715459,0.0000203114869682841,0.00030686558551852,0.726275763344623,0.791155369715459,0.034676123656,29908644626.163789,18884152016.063568,2477112219.483382,23610616280.361506,29082800855.646685,9768435928.356943,29350743453.430194,29564207008.901062,29908644626.163789,6035793742.772764,15995677747.15407,29908644626.163789,71.3469237412,24736285695.645954,32953945601.147362,33091524298.914191,17581247591.359809,32111475117.225756,33082225067.761528,9147929969.202054,29564269021.933335,33092689972.744652,33092689926.97328,33092689225.334981,33092663641.416054,33089447892.402728,33051046172.793803,27516456891.063595,31148326532.765653,32691514003.430895,21050079091.354644,33092588333.871654,33088444157.423739,33038081234.873558,26930359576.562553,30849915703.265836,14418533507.142265,32590776132.700637,20076034589.11278,7342790792.245946,32208245853.516968,28296555505.02237,33092689974.960504,31964336839.075281,102580,1.187268518519,299953,40412404668.394335,31892112331.39277628235381721796,135826.15172662,107189.43660865490043122106512,183.238634,144.605775056719882025584,78.001907973439,0.04471816371118666,0.04248319672147719,,
2022-03-14,177201,9615,1075264,2812522,896,318500,2079259,140,61923,3544484,3534141,3525882,3508366,1587725,25788,2486407,152147,3463492,641031,3027,1476854,20714,2373631,126362,399,3392323,554456,2159,1647305243,4232,66572.218809073724,18800497793.981677091642962843192,0.823618057085,0.795533932896,26588724999.346988659998369632928,25763158464.724177827241441012,25682089880.69161768289729110956,32282833979.4500137840665936749063,0.3625873,0.2913141726423884680376,0.193925,0.1558055147813373046,49403.607103,39692.429736949063572904136,0,0,0,0,0,0,0.531329629584,0.875571433839,2.234066964579966,0.84571577845,2.1578886759419906,0.00002026358538328927,0.803431815296312,-24.899258735540762,-23.997640667016178,0.789166410489176,0.0000208728254720121,0.00031359782805525,0.722178353477198,0.789166410489176,0.034665428442,29914035419.878421,18885758903.428058,2089944863.448715,23400240612.886241,29087383183.082088,9785809454.667174,29355774083.59625,29568474254.810283,29914035419.878421,6008632026.114884,15998252066.677476,29914035419.878421,70.7085345177,24735859895.681319,32954312202.378964,33092760768.637106,17583791351.120141,32112009045.471055,33083198979.799594,9121371046.885803,29566081851.931422,33093940881.293792,33093940835.52242,33093940133.884121,33093914547.965238,33090684805.720957,33051641884.760039,27515838500.801808,31149751349.706373,32691900092.254876,21059592882.901831,33093840886.799739,33089485787.119044,33039489269.335183,26967943233.267864,30869319095.135255,14472056091.674836,32597463964.64416,20133202743.689184,7314278802.920834,32221225623.709333,28325968613.979043,33093940883.509644,31965487788.431505,136253,1.577002314815,392933,37796962765.688591,30367282407.524298022949382776392,96905.23278267,77856.74708629224198234851304,153.748699,123.526596337016269498088,79.019379048874,0.044628092821919235,0.04273215125659885,,
2022-03-15,152283,9588,1075347,2825928,896,318278,2084806,140,61764,3557841,3547498,3539239,3521723,1592320,25691,2500288,151998,3476849,640939,3033,1476461,20596,2377419,125910,399,3405316,553246,2160,1647392892,4031,68162.734557181841,18743555280.961914685447362282404,0.820523416181,0.792851741174,26492969509.196727338378618859939,25669807222.8280506526574697595,25599509520.390445540638250256733,32287889640.6180570522188431243746,0.36682369,0.29364993099587635602893,0.204661,0.163835352421069236017,47966.598917,38398.251928832425055653249,0,0,0,0,0,0,0.532011795886,0.996532084076,2.178492543653815,0.962924619108,2.105024149595843,0.00002034007709269396,0.800520628849997,-22.9323359015323,-23.32689188936539,0.803431815296312,0.0000202635853832893,0.000310279895081917,0.734680554533535,0.803431815296312,0.034683258065,29930622688.065922,18855819983.304431,1910482072.332499,23414206461.972532,29103976101.843026,9789192567.938898,29366254378.678852,29582629842.461922,29930622688.065922,5879174365.12598,16012975046.249132,29930622688.065922,70.7491671496,24749583559.564854,32954330864.455594,33093495166.583607,17606757126.546855,32111598961.724648,33083856595.924263,9161079510.377934,29565811683.478046,33094674331.480835,33094674285.709463,33094673584.071164,33094647998.152281,33091421843.123678,33052223340.212992,27518943872.114805,31149648137.713095,32691843862.992837,21093534107.269809,33094573898.132356,33090118711.531028,33039506874.457073,26967875743.122605,30865417299.661267,14494085639.831006,32596004067.91535,20161097497.047058,7360963718.798484,32225175709.948701,28344377858.58615,33094674333.696687,31978575689.131089,130762,1.513449074074,363033,33209843278.037628,26585164624.944527730992533687116,92047.30659979,73685.76776321236993602170063,179.658438,143.820285765968197324686,79.897919429702,0.044599421265308206,0.04273907851135603,,
2022-03-16,134901,9583,1074467,2830736,901,317978,2083610,140,61755,3562114,3551771,3543512,3525996,1590176,25701,2505083,151834,3481123,640509,3031,1493113,21233,2388524,129618,405,3413875,566136,2253,1647478468,4035,69127.968773234201,19569459462.915604396801337917996,0.858096327382,0.829160830164,27662544268.092192609142940923976,26798900223.909500672459666038,26729747509.531991303982988504812,32237108335.4639786914199247502113,0.39341855,0.3287923663348413940774,0.209149,0.174792456091777428212,46209.763138,38618.965399357874754798344,0,0,0,0,0,0,0.532400838041,0.765031181118,2.206808156957623,0.739233893673,2.132393328168765,0.000020333230448536972,0.835731732361988,-32.69957817433704,-20.443591619415773,0.800520628849997,0.0000203400770926939,0.000305398032703277,0.730106593132148,0.800520628849997,0.034652751788,29942872457.499262,18864397457.947113,2928404785.833028,23415958381.294667,29104264160.008393,10027512473.415159,29371977969.601093,29594749346.472814,29942872457.499262,5951925648.543854,16018854018.739064,29942872457.499262,70.7435269629,24757734814.594285,32959465932.39498,33098611061.542608,17622355572.234435,32117159798.152752,33088913243.430602,9175412752.792828,29574888874.617017,33099789316.43415,33099789270.662778,33099788569.024479,33099762983.331596,33096539812.376928,33057223291.59915,27529049260.842766,31155783783.535607,32697229111.399118,21101432851.048714,33099694116.459041,33095326346.871283,33046787914.752322,27054704248.6136,30918703048.17974,14572492936.370128,32617627136.213322,20284071483.145003,7374430672.558456,32232755194.054231,28356464344.187885,33099789318.650002,31983645558.111099,117457,1.359456018519,333035,43265934952.208945,36158714769.87066809222295158266,133847.29187243,111860.42910850656043907719084,192.927148,161.235339617697648450224,80.946797113338,0.04471094139388594,0.04370584691124008,,
2022-03-17,149914,9587,1074714,2835644,901,318103,2084641,140,61700,3567749,3557406,3549148,3531632,1590169,25682,2510216,151838,3486758,640685,3026,1493962,21227,2390313,129719,406,3419580,566703,2246,1647564328,4093,69428.03029562668,19587970591.678992469734399105117,0.85947396941,0.830498300945,27703823097.18783971030177417584,26837891796.0797581593196031015,26769836936.074102789971962254016,32233463819.979933325176676894749,0.37735042,0.31582256468736222734338,0.207389,0.173573745771761337821,46969.939137,39311.382352394491177169793,0,0,0,0,0,0,0.532872089467,1.179576961503,2.171015575555616,1.139809577985,2.097823565340349,0.000020430092717188574,0.836947696221889,-39.210070726803615,-24.43654621896054,0.835731732361988,0.000020333230448537,0.00030182637359617,0.758334611649099,0.835731732361988,0.034654610442,29944150466.138787,18860818499.289655,3401089707.02998,23404055809.105053,29105356529.066746,10020048272.70806,29372228349.322867,29595843353.821286,29944150466.138787,6044164791.071745,16005055254.611643,29944150466.138787,70.7049367265,24763573486.989769,32960602158.996136,33099841319.323444,17638610114.67753,32118125026.510874,33090097156.522857,9173488849.956927,29574172808.895194,33101020793.046708,33101020747.276336,33101020045.638037,33100994458.945176,33097770876.888085,33058350179.857094,27529846957.598802,31156196292.803768,32698273572.202176,21106304210.868465,33100925675.824672,33096524324.089936,33048013108.972271,27056946937.983467,30920288123.001398,14593944826.585688,32619146713.789829,20287341890.968099,7380216329.30339,32234940990.75353,28362626393.038785,33101020795.26256,31985077510.718144,124473,1.440659722222,404443,28061772886.004047,23486236168.842956507228263984783,70162.56355052,58722.39592462959466558133228,181.797776,152.155229801463022718864,81.556563638924,0.0447029643475427,0.042231302803125405,,
2022-03-18,128898,9559,1075050,2838747,880,318178,2084064,140,61705,3570757,3560414,3552156,3534640,1589242,25647,2512929,151865,3489765,640990,3003,1502356,21452,2395877,131129,404,3424207,572021,2261,1647651858,4259,65140.880957971355,19965920956.063351068862523455137,0.875912665348,0.846680568585,28253270104.287104074157545502675,27369360873.0512927994695050085,27310365225.502699896838788953612,32255807253.4211572391536247410675,0.40354973,0.34443845909580397127783,0.207399,0.177019550918818971429,46955.432494,40077.481440541178535773674,0,0,0,0,0,0,0.532879134845,0.748575401744,2.147447119726386,0.72359296977,2.075779721274895,0.000020406430211327484,0.853521718613971,-30.921185424874178,-21.498227307069246,0.836947696221889,0.0000204300927171886,0.000297204033348973,0.754084760054736,0.836947696221889,0.034662006471,29941397256.730089,18866105746.745368,2560576415.923927,23392399420.703547,29103222631.866092,9908469305.7592,29365241325.177708,29591324211.958811,29941397256.730089,5508121527.294897,15913189841.219959,29941397256.730089,70.6676461959,24761299059.671274,32961631542.912434,33100814044.65221,17639361484.74457,32118810819.139881,33091032365.004565,9344825764.735576,29574626996.280309,33101993172.799573,33101993127.029201,33101992425.390902,33101966837.698063,33098741276.8463,33059270815.817747,27526794849.998581,31156698992.024209,32699284550.435395,21107144333.329432,33101899977.4557,33097533860.651047,33050018740.946156,27084620644.458781,30937154936.608718,14713375984.060713,32626098268.881856,20332517174.739205,7531839987.537961,32236258162.983113,28364842546.292034,33101993175.015425,31997270403.208772,116356,1.346712962963,336703,44219985185.02565,37742717752.20742918610208335615,132335.8275677,112951.5029797854256961683367,148.158644,126.456620454395502815324,82.569420332372,0.04468657574061919,0.042518123653979445,,
2022-03-19,111033,9552,1075609,2843245,882,318351,2085649,140,61774,3574508,3564165,3555907,3538391,1589870,25681,2517025,151997,3493515,641404,2997,1524031,22262,2410577,135519,418,3432913,587589,2370,1647738303,3943,70755.084707075831,20789950459.104122320314145786263,0.923066150784,0.892456158394,29800898166.017733678229560301677,28868030480.6924575705467717095,28812664261.768316417861728334825,32284683108.2592723325063428631916,0.40869182,0.36792815377850547969854,0.210337,0.189357604664829129889,46044.854814,41452.257162167694784355358,0,0,0,0,0,0,0.533090336454,0.509882844526,2.1633067416713088,0.492974511382,2.091568868017261,0.000021336589782506396,0.900258179325697,-30.622796207575618,-11.986185860960669,0.853521718613971,0.0000204064302113275,0.000289731436314309,0.771395084415137,0.853521718613971,0.034689024257,29938576858.241639,18841574854.440594,2008910320.530478,23093320268.054679,29100212776.89468,9791312382.439104,29361890675.611241,29587543434.705643,29938576858.241639,5486831472.865085,15908045952.511917,29938576858.241639,69.7628317888,24750208754.8659,32962136707.415304,33101434908.361216,17646683134.673961,32118783926.14983,33091625477.20369,9343467554.900344,29572965274.122241,33102613059.671489,33102613013.901117,33102612312.262818,33102586723.570001,33099359991.963321,33059807703.894031,27522782929.294244,31156413282.758458,32699671579.379899,21093184350.8645,33102525519.054208,33098276870.491593,33052957257.491995,27169129116.268297,30985417605.359268,14864441653.263147,32643770235.529479,20449369415.22578,7530670241.045945,32236786312.851028,28361395479.393023,33102613061.887341,32004890289.749225,112664,1.303981481481,309692,64921998096.81433,58446559804.82443444104320683801,210256.80269953,189285.40638912117182469882241,192.497501,173.297449775006537583197,84.265534972149,0.04438182376148385,0.04272967867247828,,
2022-03-20,103716,9548,1075669,2846094,882,318445,2085560,140,61788,3577203,3566860,3558602,3541086,1589618,25705,2519638,152077,3496209,641513,2998,1514617,21946,2405624,133656,415,3433282,580617,2319,1647824171,4049,68877.148678686095,20009973539.339457660009783028944,0.901923687979,0.872015428169,29085191062.71769357761830462124,28174140629.851553370734689891,28120710960.338278501269571711984,32247951185.2127155198665231699566,0.41907404,0.36820642084019724687064,0.212508,0.186713569945560542328,45080.632691,39608.701155444273508721206,0,0,0,0,0,0,0.533177275716,0.424024639538,2.0038288277009753,0.40996376138,1.9373808188594863,0.00002127678651643827,0.878619016439666,-27.409536093628816,-11.834482081226575,0.900258179325697,0.0000213365897825064,0.000305293524725469,0.813951022613143,0.900258179325697,0.034693037986,29928427049.653548,18720734626.977565,1356206277.362499,22774346064.604584,29089547984.33007,9686429250.776858,29351565451.629442,29577165459.863233,29928427049.653548,5290512702.898337,15894655079.614828,29928427049.653548,68.7978067471,24743177852.613191,32962831678.180015,33102124235.771186,17649928631.579524,32119391998.10367,33092280044.444104,9336166455.429644,29572009842.583169,33103302474.182288,33103302428.411916,33103301726.773617,33103276135.665014,33100047073.384578,33060452645.025201,27521769460.8797,31156743861.218713,32700414018.052467,21093368879.341065,33103212319.183685,33098881429.11232,33052571474.850592,27129851751.774972,30963893406.147649,14836629141.395881,32636544098.848185,20391372375.747532,7523388793.409445,32237890923.382863,28360458910.782219,33103302476.39814,32005579704.260024,107572,1.245046296296,293266,78069289823.433543,68593162638.808405671563420116638,266855.30958365,234464.1496380891392318050609,184.7338745,162.310695116278695665917,86.451393403944,0.04429386790890451,0.04270053337348731,,
2022-03-21,114189,9553,1075982,2848709,882,318489,2086129,140,61819,3579344,3569001,3560743,3543227,1589980,25736,2521440,152129,3498349,641698,2992,1530769,22616,2416375,137350,431,3439397,593517,2408,1647911108,3945,68497.008871989861,20786061944.683261120923831146544,0.933935215124,0.903049493478,30223797973.248273251575708888596,29275675093.884920860828087398,29224281308.518859448961171429308,32361771441.745406483437775550131,0.41309342,0.37714218829293889865016,0.211349,0.192955444203212782452,44181.167832,40336.111665729459117949536,0,0,0,0,0,0,0.533141829138,0.506106509483,1.9951028469166767,0.489369304886,1.9291237616571946,0.000022232640427243297,0.912970698717348,-23.20237599539614,-8.449164194960261,0.878619016439666,0.0000212767865164383,0.000307014580712674,0.795228945206654,0.878619016439666,0.034703607993,29924420849.516707,18713533560.08721,2470160263.710955,22767501710.499628,29085631725.82963,9643078887.299369,29346062462.316447,29572709096.570603,29924420849.516707,5086358149.471369,15882078071.735104,29924420849.516707,68.7738250602,24742912808.816375,32964362864.291684,33103715994.158544,17649603604.565884,32120643782.70444,33093853410.015546,9327785543.071815,29573354816.438141,33104893742.687825,33104893696.917453,33104892995.279154,33104867403.170573,33101634902.205425,33062012377.829159,27524086270.536388,31157932918.545409,32701861755.474435,21089276435.557207,33104808017.850246,33100570426.552825,33055892546.093486,27203543972.249524,31005667169.31353,15008329844.108601,32652164513.92264,20493038881.374701,7511986353.821301,32239607233.254674,28361603277.751764,33104893744.903677,32010097749.661271,106952,1.23787037037,303305,65410922650.948679,59718255756.383020370620674983292,219734.14353128,200610.83455181073482731664544,185.6023095,169.449470187768476515206,88.27913570779,0.043350157738644826,0.04339722150604204,,
2022-03-22,150384,9553,1076221,2851642,888,318512,2087178,139,61781,3582724,3572382,3564124,3546609,1590629,25708,2523795,152198,3501733,641826,3004,1559902,23807,2437582,143811,446,3449017,615300,2593,1647997528,4049,71581.591010125957,22095931750.24778572998165094986,0.989625652814,0.955357241634,32167998659.78934108611830311046,31156812812.73837136906820341,31054096446.57973379430374539394,32505219087.9604556948267924007222,0.40503149,0.3935425863075118846534,0.209413,0.20347290435717723158,48128.271931,46763.09145799248639312746,0,0,0,0,0,0,0.533334342609,0.758847842512,2.063371269411136,0.732570724678,1.9919215703490925,0.000022925008985785357,0.97163454206366,-12.537729630487629,3.6072466557101883,0.912970698717348,0.0000222326404272433,0.000315000771989915,0.828321028708325,0.912970698717348,0.034707037376,29905997443.881625,18667407245.70503,3419139477.254549,22740990355.610571,29067359245.784925,9526012216.205867,29317346232.294434,29552608558.453195,29905997443.881625,5456232315.368701,15866704669.043679,29905997443.881625,68.6891714462,24748282293.373992,32966435772.046139,33105917752.315016,17657151609.531319,32122550296.966572,33096036982.77896,9282113886.072709,29574520915.14596,33107096614.036152,33107096568.26578,33107095866.641236,33107070276.532611,33103832266.341946,33064175259.78808,27525415227.118185,31160735713.661816,32703850641.86531,21107861035.049903,33107017507.598819,33102969054.878111,33061077865.559018,27333965484.784186,31076223445.775094,15152891599.651546,32677105659.437101,20694649387.762846,7510082624.049986,32242370508.117603,28367339701.9387,33107096616.251981,31960675647.269359,118826,1.375300925926,391721,43628109301.422145,42390578002.1906112438611237507,112791.5359863,109592.152416705427955487858,257.5328625,250.22782492153101702675,89.485937532109,0.0435575957832481,0.04352484088912053,,
2022-03-23,130027,9559,1074852,2852590,886,317854,2085883,141,61628,3583322,3572980,3564722,3547207,1589189,25639,2524224,151810,3502333,640627,3014,1667485,28532,2553057,165765,500,3504652,688477,3532,1648083925,4098,60798.101756954612,24987572398.82166155310371924772,1.109483670097,1.071066512226,36373474990.63807256603454071754,35228574495.92477779269646607,35114001265.4184476781524048435,32784146329.4898704000950543882773,0.41629803,0.4573506982439353816446,0.210162,0.23088684192029913684,43147.625464,47402.57030168556492236848,0,0,0,0,0,0,0.53338115986,1.105140775798,2.2856341916600167,1.066873995674,2.206491458924134,0.000025708066352658704,1.09861365004282,-2.2860750424877248,27.28083406646591,0.97163454206366,0.0000229250089857854,0.000326420471138101,0.881089395976617,0.97163454206366,0.034653072786,29912315120.258806,18665845936.614109,2932789692.665635,22744640390.957946,29074644015.184606,9514185926.225585,29323498749.702417,29558833279.822011,29912315120.258806,5610295004.886453,15825844151.265858,29912315120.258806,68.6972372182,24772590392.779585,32967853854.187311,33107344205.764661,17659462248.531647,32124895563.799921,33097439700.102611,9309838916.363628,29582728191.85509,33108522715.684468,33108522669.914096,33108521968.289552,33108496379.980896,33105256023.75977,33065571860.586865,27538497318.412035,31164975152.647684,32705332284.845701,21135333564.552065,33108498596.96117,33105532306.137664,33073153656.6926,27819733703.770526,31300351071.771255,15692958358.595487,32751834522.148762,21639029104.065474,7443875816.935658,32246690348.285498,28384990854.339615,33108522717.900297,31962101748.917675,103646,1.199606481481,300298,29958647299.033781,32912978859.53697289505527650242,100574.16206267,110492.1472836680030650235294,202.84610700000002,222.8495020082464422740130008564,90.315274618375,0.0445771285348367,0.04595461960887113,,
2022-03-24,144406,9479,1073577,2854115,890,317424,2085479,143,61483,3585453,3575111,3566853,3549338,1588285,25535,2524977,151603,3504469,639576,3009,1679985,29191,2577044,169280,504,3507404,698249,3647,1648208612,4112,59854.734678988327,25715038391.47465038884263603296,1.137543713647,1.098157157214,37447586422.26992280929281907112,36266838932.28812256621722508,36150993194.07372107531067911736,32919690006.6484841246848899897651,0.39884182,0.4510870024311439319856,0.202989,0.22957898330845916712,44064.841848,49836.99407904805186344384,0,0,0,0,0,0,0.535752249987,1.136708222945,2.3039881371325075,1.097350594721,2.2242143599185553,0.00002571921978726863,1.13099223755208,5.537782521288718,27.37529697620763,1.09861365004282,0.0000257080663526587,0.000363643630095139,0.99752398826602,1.09861365004282,0.034598396343,29921385222.238422,18665606692.479152,2211397081.229021,22736706351.877612,29083728391.891257,9529616603.222419,29332479493.264751,29566992196.008937,29921385222.238422,5460717349.040064,15724781323.535215,29921385222.238422,68.669414636,24787184018.726891,32969597789.614175,33109203286.815557,17738962316.603456,32127776103.720933,33099280821.343591,9399088442.763237,29587716905.77233,33110383233.76596,33110383187.995588,33110382486.371044,33110356903.062278,33107110091.5266,33067396993.177324,27545461317.788042,31169098587.455247,32707263054.071069,21191773971.667773,33110359672.573214,33107595346.953362,33076181179.354708,27895233888.885578,31337889209.222745,15779602097.945431,32763473894.380652,21802674773.779734,7474955902.185796,32251300649.911784,28400366379.179382,33110383235.981789,31963962256.999167,110482,1.278726851852,309881,29128304491.535401,32943886272.97992508536890118408,95116.24694459,107575.7369594180367609992472,202.81552599999998,229.3827855610420349742352489584,91.109016722068,0.04463054257133644,0.04596609820285047,,
2022-03-25,150471,9461,1070790,2825137,888,317075,2074031,142,61379,3555725,3545383,3537125,3519610,1582914,25500,2495236,151419,3474744,638767,3021,1660961,28384,2524148,165351,502,3477055,686417,3526,1648256674,4246,62304.830193122939,24981469916.69691754037775899236,1.103898701609,1.06567857523,36373779282.52502639399998190847,35225509047.506955405023943385,35114415140.64225946644273324125,32950287222.4543840608120707926076,0.41681956,0.4578838115516635073756,0.208921,0.22950349017494546471,44655.130097,49054.46657577625521850447,0,0,0,0,0,0,0.536056116141,0.665527711174,2.160128705586928,0.642485240707,2.0853388793074585,0.000024770947391612306,1.09851805311551,-0.1569514351795071,26.195861036373994,1.13099223755208,0.0000257192197872687,0.000363654494950962,1.02689473482117,1.13099223755208,0.034502996643,29926847189.254944,18644192268.035793,1716071206.510184,22741064514.913436,29090558682.596466,9444957803.203858,29337262586.291939,29572394945.85242,29926847189.254944,5390526250.022824,15738177172.262063,29926847189.254944,68.679885372,24799520124.496344,32971973285.580266,33110502176.213492,17749719084.068721,32132006418.762323,33100763545.377704,9420082389.963714,29594516068.588239,33111680938.634668,33111680892.864296,33111680191.239752,33111654610.64647,33108405305.807679,33069251730.978748,27556678941.416314,31174247989.901798,32710799930.888842,21218936686.209573,33111656819.716636,33108682339.050433,33076809387.385586,27837066812.848423,31309393533.638034,15790219542.000585,32757106352.595196,21710064299.918231,7542431855.589057,32248345468.526724,28393896687.729403,33111680940.850497,31965259961.867875,107133,1.239965277778,310166,49752520270.65141,54654041705.3059335713676743691,161205.86811125,177087.5563883660272217804875,190.599018,209.37646217908804656918,92.492562620846,0.0445673027526734,0.046191601244292384,,
2022-03-26,136437,9455,1071929,2803493,889,317459,2070616,140,61461,3533964,3523622,3515364,3497849,1584162,25535,2472409,151590,3452982,639573,3021,1683556,29531,2531705,170999,505,3456322,703751,3706,1648343054,4110,67248.647445255474,26217745742.48184334340505580884,1.148059102406,1.108312508495,38173185229.87161148463490660768,36964276322.61517673507320557,36851603363.18685571308656473002,33250191692.9848961735975118146154,0.42896858,0.4944901123673724272556,0.208225,0.2400297095132145195,47662.698503,54942.79590006490352882946,0,0,0,0,0,0,0.535708254825,0.462557086087,2.1531948551553213,0.446543042365,2.078649771770836,0.00002589272069197834,1.15274203151982,-4.7239733440497895,35.52757179392486,1.09851805311551,0.0000247709473916124,0.000353852080602079,1.00038191143048,1.09851805311551,0.034545091903,29930881521.203923,18640209857.851459,2513293888.030896,22743809998.769062,29094223259.802738,9457939415.718135,29341144243.943368,29576124692.844525,29930881521.203923,5347009038.341219,15763491889.245829,29930881521.203923,68.6810534269,24789311400.069189,32975876259.551896,33113936665.382067,17740040600.10477,32134901495.308249,33104380014.676032,9344855687.942658,29594669545.89195,33115115250.016795,33115115204.246423,33115114502.621879,33115088921.028619,33111832732.919898,33073155591.352663,27554608777.818208,31176030013.185434,32714487117.841631,21212924140.875144,33115092045.166026,33112381575.179551,33082612559.906511,27934030871.260415,31359995249.376927,15814575296.223992,32775511743.45269,21864806284.769249,7541172695.144606,32244146495.085821,28374906620.099246,33115115252.232624,31968647238.966611,111110,1.28599537037,308023,71591412710.545986,82526430527.32864317573358044252,236311.76186057,272406.5004391813806680314974,170.69442550000002,196.7666388199785898182506303964,94.552022740906,0.04470900151657271,0.04638117566694062,,
2022-03-27,124696,9441,1073168,2807253,887,317729,2072329,140,61449,3538525,3528183,3519925,3502410,1585702,25528,2475633,151649,3457543,640155,3024,1693787,29978,2540429,173268,508,3461355,711196,3781,1648429325,4100,68582.736341463415,26793897113.41808996273945212357,1.172446357417,1.131857563462,39052511586.92556437337180911088,37813795592.533142280077902055,37700556901.55705774119770367379,33308570016.7513363042395104985157,0.42365669,0.4995906038420937215717,0.210901,0.24870174466240910293,46711.11513,55083.3605718211605925209,0,0,0,0,0,0,0.535724990126,0.531609180825,2.1099932206360483,0.513205459948,2.0369475929717393,0.000025209597894343083,1.17923454446593,-0.10487780833879737,31.085983039961988,1.15274203151982,0.0000258927206919783,0.000366456987998976,1.04914288521454,1.15274203151982,0.034579778797,29912989185.145974,18565776804.490076,2466260322.476708,22721431660.190149,29077653360.499521,9476016529.590818,29323918248.841363,29558332574.960208,29912989185.145974,5344529609.901301,15750230526.420425,29912989185.145974,68.6099203985,24787228032.791221,32977472487.294004,33115650732.219809,17741514173.30835,32135583892.189262,33106067595.076509,9338962378.24272,29592767622.58884,33116831395.063387,33116831349.293015,33116830647.668471,33116805065.905224,33113542610.140765,33074834152.597375,27552034375.722244,31175445035.368917,32715694768.629239,21219868302.976402,33116808594.87028,33114138824.310709,33085036234.290875,27970595498.593773,31378363319.730583,15841783251.413894,32782607469.119856,21933799271.840894,7535241989.405941,32245368376.745121,28376338404.071449,33116831397.279216,31970363384.013203,110257,1.276122685185,353221,62295446714.960535,73460942729.21810195662260207255,177149.65837417,208900.9966951594816547570281,243.428063,287.05878098202870939359,96.373884673003,0.04461202284666219,0.04563683670073455,,
2022-03-28,119204,9461,1074062,2810872,885,318011,2074198,139,61492,3542323,3531981,3523724,3506209,1587034,25525,2478486,151807,3461343,640780,3033,1695306,29994,2543558,173427,510,3465161,711892,3791,1648515872,4071,64688.887251289609,26785629109.930221270122930502,1.171901002113,1.13133299825,39057266678.949689746205260915,37816618933.7293735477400945,37705211050.808874044059513224,33328128065.870309487162837472771,0.42162226,0.49722865617375146782,0.209369,0.246913591598418383,45493.463002,53651.468670498425023414,0,0,0,0,0,0,0.535103755982,0.452328402186,2.00940151517651,0.436670031441,1.939841536744805,0.000024973133570440813,1.179322591207,-0.8892609179072182,32.97234081735296,1.17923454446593,0.0000252095978943432,0.000358567329634773,1.07318433759994,1.17923454446593,0.034618523471,29907701030.373051,18567537993.515194,1706617641.60398,22712724499.338186,29072505567.593074,9466364442.128825,29317022373.152923,29552783213.239254,29907701030.373051,5487783333.198815,15511424160.197863,29907701030.373051,68.5803984444,24785769064.444097,32978896693.277412,33117209921.21433,17721775410.826864,32136132124.151641,33107609125.098078,9300539876.943608,29590345845.344626,33118390987.798016,33118390942.02979,33118390240.405246,33118364659.464601,33115096462.585473,33076345863.634143,27546223656.323985,31175431493.430737,32716956586.271412,21211845285.417997,33118368193.5176,33115695222.965348,33086563984.65345,27966600063.338135,31378317362.888451,15838933169.219076,32783931771.914694,21926419178.991247,7539432194.852753,32246212987.841474,28373794355.7867,33118390990.013845,31971922976.747832,107901,1.248854166667,301782,73217580036.845387,86347146210.958416330864712109,243424.60325868,287076.13387856243371442676,237.331392,279.890272188204270144,98.537420421226,0.04461000339415976,0.04546020133925571,,
2022-03-29,115649,9445,1075085,2814350,889,318212,2076034,140,61468,3546668,3536326,3528069,3510554,1588622,25507,2480972,151885,3465687,641291,3030,1699752,30124,2547863,174293,511,3469674,714919,3817,1648601623,3995,66270.23829787234,27001614238.5944400384732274789,1.175099840738,1.134419614318,39381799775.2855497731759921841,38129194410.82787549872558585,38018459847.785665788845261649,33513577663.7969785296449708807157,0.41937818,0.498670159739256583078,0.201625,0.2397463095419690375,47858.598974,56907.2410855080758241154,0,0,0,0,0,0,0.535649064246,0.542516318262,1.9477980460521378,0.523735202056,1.880368145386307,0.000025052200074472072,1.1890703511071,-0.919659511847514,39.21390862909608,1.179322591207,0.0000249731335704408,0.000352406845434607,1.0722590792484,1.179322591207,0.034653344007,29908434578.779349,18519537188.972124,2203592122.538478,22708172156.049659,29072905007.432985,9457914025.781696,29317157606.626493,29550315524.030627,29908434578.779349,5568133320.880678,15519233844.926481,29908434578.779349,68.5636877762,24783977450.37061,32980185965.412332,33118640781.448875,17740602293.464916,32136495892.534225,33109023967.381714,9334563379.947425,29588277542.420095,33119823176.134042,33119823130.365816,33119822428.741272,33119796846.800649,33116521504.177769,33077745255.980026,27544541045.636557,31174991882.768497,32717956925.655023,21218474627.004893,33119800523.71005,33117135709.967419,33088205289.57839,27977409925.447071,31384557329.977501,15851588857.32948,32787058610.084632,21958188579.454395,7535309886.761055,32247243221.047926,28376115321.471884,33119823178.349871,31973263661.30319,114118,1.320810185185,305989,61048528981.46275,72590995790.559882089839910525,200906.22304782,238891.633179072673673241522,212.9529675,253.21605983452385531925,100.306167237732,0.04455655181550083,0.044583029546205626,,
2022-03-30,101672,9419,1076579,2818896,884,318566,2078554,142,61455,3551189,3540847,3532590,3515075,1590702,25480,2484681,151985,3470209,642056,3025,1703473,30142,2552306,174725,509,3474258,716640,3814,1648688444,4075,62836.950920245399,27114073896.56316866132932085912,1.17580285065,1.135100691686,39503722541.05258574995116595733,38244979757.299818601821052435,38136242615.62450581936901532072,33597233174.9498555441847043815279,0.42966032,0.5124477653514461088592,0.205101,0.24462009692062545681,45449.468968,54206.72499862564813646408,0,0,0,0,0,0,0.535847768378,0.514783108765,1.87706139311434,0.496963128219,1.8120841299915431,0.00002530979842270658,1.19268115182581,-1.652977893721755,24.63598269322898,1.1890703511071,0.0000250522000744721,0.000349863215966927,1.07174813485406,1.1890703511071,0.034695791079,29931173626.718413,18552968955.949969,2299219918.338791,22733715423.485752,29096209791.704552,9504969193.926467,29338198619.663768,29573311462.104196,29931173626.718413,5461924984.736005,15555000586.442285,29931173626.718413,68.6367566206,24781171229.150251,32981987940.34753,33120597245.535734,17748231816.89232,32137175062.776084,33110959201.963415,9419709466.977456,29586076971.256444,33121779846.973964,33121779801.205738,33121779099.581194,33121753518.640549,33118473659.789878,33079651915.952452,27542150101.968444,31174477544.400554,32719343730.857414,21228489744.200249,33121757247.456772,33119093996.445953,33090251397.084297,27978737715.392499,31386830791.287944,15872278027.387512,32789251829.894928,21969160371.167507,7534475099.187853,32248206507.327554,28378219829.8684,33121779849.189793,31975220332.143112,105780,1.224305555556,282692,64341232812.85885,76738575661.1330942877233169185,228186.41424395,272153.6353714757035332463495,212.82552850000002,253.8329964693167770442080365162,102.164663032272,0.044300847563038426,0.040158013249062964,,
2022-03-31,116352,9402,1077851,2823140,886,318866,2080594,142,61486,3555349,3545007,3536750,3519235,1592351,25488,2488053,152043,3474367,642773,3040,1689478,29353,2546542,170866,504,3477575,705055,3704,1648774687,4127,63148.023503755755,26009880826.77205289153451523454,1.129311123603,1.090218126133,37915387724.32865814105810388786,36705625752.22121521496038331,36602883025.30465059540243262534,33573907962.0031450839886748038741,0.43537324,0.4983612710024604032344,0.207653,0.23769539213635158218,46939.330109,53730.32162731291941282554,0,0,0,0,0,0,0.535383856474,0.800496633881,1.759703040943924,0.772786101124,1.6987879706057731,0.000025123362524438518,1.14467593599106,-4.029876623146828,18.935273073684872,1.19268115182581,0.0000253097984227065,0.000351922032272367,1.06835675438226,1.19268115182581,0.034739376604,29927346995.130725,18551691828.907545,2887036944.889519,22722484162.517759,29092287626.601748,9530596008.44961,29334320118.581086,29565868475.297607,29927346995.130725,5219077452.658492,15545180306.113942,29927346995.130725,68.5998017899,24775771949.575413,32983317280.001303,33122067614.601434,17733653570.674481,32137392193.994657,33112407622.816012,9395863515.04177,29584854935.171567,33123250458.624452,33123250412.856226,33123249711.231682,33123224128.291081,33119938654.428537,33081069567.861423,27540733913.311547,31173442039.451269,32720378764.262351,21240886520.29689,33123227137.93081,33120480857.293486,33090331446.203629,27908901844.884803,31352276193.818572,15804839099.947233,32779761044.329189,21874533240.3511,7523726726.034045,32248767624.505103,28378697697.169496,33123250460.840281,31976633625.667939,107814,1.247847222222,298644,41378375696.917102,47364830930.65831336752703310812,142980.80043183,163666.6815630559610870194398,222.797731,255.03120126910940428486,103.373942506669,0.04438129775836222,0.041120712947333715,,
2022-04-01,127505,9408,1079315,2827223,888,319296,2082805,141,61534,3560235,3549893,3541636,3524121,1594225,25490,2491435,152224,3479256,643787,3034,1697912,29734,2554209,172651,505,3482807,711199,3754,1648860897,4124,67702.489573229874,26441871517.00947376326923361825,1.147227017411,1.107515329476,38581928684.44560961255817086095,37348668484.466665160339427405,37246400939.21723278541740635549,33630596297.7738586392417455376417,0.4234004,0.493146900732029202012,0.208665,0.24303826364181250995,48513.217639,56504.77166108312863027917,0,0,0,0,0,0,0.535531705632,0.885802145691,1.7533516073315785,0.855139776476,1.6926586923172977,0.000025183155620777,1.16472941625003,-1.677561906895711,23.9084947984249,1.14467593599106,0.0000251233625244385,0.000348796481252894,1.03408447454835,1.14467593599106,0.034793617767,29909299011.297748,18484455802.032053,3633538812.881448,22702158242.162275,29074230135.828206,9394674614.017334,29315385461.264736,29547652454.057616,29909299011.297748,5345391649.957091,15524753589.472494,29909299011.297748,68.5343434572,24769988823.59454,32985160854.123453,33124044429.340388,17739610407.94397,32137903638.801156,33114361325.551504,9358087781.748921,29582017638.126903,33125229039.104536,33125228993.33631,33125228291.711766,33125202711.771099,33121911212.22157,33083005226.014055,27534881965.941966,31172592657.00576,32721914343.264142,21229169456.484204,33125206017.965769,33122490527.532056,33092835067.03982,27936007468.880824,31365340904.451792,15808628248.017885,32785744732.353625,21911573194.652897,7517198989.301989,32249466606.32277,28376623814.641054,33125229041.320365,31978586974.420183,114580,1.326157407407,348781,37395742607.377896,43555921457.32763162351143133688,108498.29781203,126371.1590747276090764218609,210.430539,245.09463885064917166617,104.378680743714,0.04440913401279581,0.0407903772347694,,
2022-04-02,103052,9395,1080944,2831838,886,319719,2085578,141,61623,3565625,3555283,3547026,3529511,1596621,25511,2495564,152449,3484645,644748,3033,1699715,29728,2558146,172757,505,3488176,711803,3754,1648948190,4149,61257.307785008436,26370415600.726261441538772312,1.146755803331,1.102997218293,38530974120.9844366260302857536,37297596294.2939092260589884,37060686460.0942071242592272808,33599981800.0030954626740295720444,0.44890404,0.522136770300439141536,0.214885,0.249940632937965684,44844.616066,52160.4194029183269844944,0,0,0,0,0,0,0.535131770291,0.767848435331,1.7095384298291856,0.738548421364,1.6443048530370896,0.00002531866159526311,1.1631367146984,-2.432290816266214,28.614538928119053,1.16472941625003,0.000025183155620777,0.000337943627599861,1.05443902328444,1.16472941625003,0.034854874062,29896761991.022074,18511674853.171892,2576370998.941062,22671810860.65543,29060677011.166449,9413189480.863647,29301004034.409028,29534822650.754369,29896761991.022074,5402776447.659944,15555838942.894355,29896761991.022074,68.4395248299,24755731371.848619,32986525695.193494,33125594176.882537,17727192454.552292,32137874861.604079,33115887606.742097,9358811232.968713,29578534947.320092,33126780052.161075,33126780006.392849,33126779304.768305,33126753723.82766,33123457776.022093,33084512480.992249,27528264781.754946,31171325498.608841,32722891808.417529,21220728931.551022,33126757012.977282,33124035511.837012,33094290844.801269,27927061648.471181,31363058532.456497,15803321134.189937,32786416769.015379,21904506871.57613,7518530785.912368,32249785468.471485,28372077632.970832,33126780054.376904,31862708821.554137,99898,1.156226851852,278255,43142342329.691553,50180442321.7511494730334226152,155917.25776586,181353.086962565994607716624,206.72423300000003,240.448545220166601221301440952,105.527060053551,0.044377019917637886,0.03990556925965609,,
2022-04-03,93235,9385,1081897,2835087,884,319941,2087363,141,61565,3569003,3558662,3550405,3532890,1597823,25471,2498227,152471,3488023,645255,3039,1708397,30033,2564920,174669,509,3491943,718256,3819,1649034578,4180,60379.917224880383,26860313086.25341843954646431706,1.167747781211,1.123188840599,39259770675.07946698410401091616,38002492961.68174239166466081,37761695647.1388130945078704514,33620077303.3007710212949245114579,0.41926167,0.4968750249454322372202,0.214069,0.25369726670946030814,41344.651333,48998.33715408463931092798,0,0,0,0,0,0,0.535119203855,0.705195777864,1.6975071708353406,0.678286904825,1.632733662008077,0.00002551906222684939,1.18511912845606,1.3692741114960958,40.6715981171657,1.1631367146984,0.0000253186615952631,0.000336949107759509,1.05318167246431,1.1631367146984,0.034882808613,29895683900.203161,18393951118.009676,1366216708.480097,22664652389.204351,29058787704.220006,9242695831.396342,29298821252.467354,29532241349.082564,29895683900.203161,5342151019.093868,15564216538.15487,29895683900.203161,68.4168873745,24761219724.183153,32986931213.024312,33126091876.486484,17727042558.626877,32137490074.940696,33116369523.88256,9370447661.237589,29575702723.536564,33127277865.813483,33127277820.045257,33127277118.420713,33127251536.48009,33123952187.121658,33084957365.131518,27525881399.312213,31169879140.047216,32723029407.838717,21236758709.689253,33127255156.960712,33124564988.419434,33095373897.6516,27954113382.248245,31377738881.6878,15845090491.249194,32791620605.404172,21970882890.221604,7531092556.772575,32249726902.470027,28374658820.324299,33127277868.028336,31863206609.73019,98613,1.141354166667,271844,46976001428.100452,55672157870.82103758194534813912,173765.52183607,205932.8437940757412355180842,209.834543,248.67893072013564568058,106.872604182547,0.044380451077312075,0.037016312363951004,,
2022-04-04,96839,9402,1082738,2837602,891,320069,2088645,142,61530,3572196,3561855,3553598,3536083,1598809,25489,2500371,152488,3491219,645726,3044,1718632,30436,2571973,176999,511,3498767,725669,3890,1649120506,4201,58517.14306117591,27478192830.39382856522425279688,1.19295592809,1.147624292113,40164498305.45719996845841589616,38877334131.11858304821447404,38638270576.9093262599846948868,33668048718.0810340279301236855583,0.44819498,0.5433921819743145542992,0.216326,0.26227392631165920304,41868.133941,50760.98053885576224228264,0,0,0,0,0,0,0.535259043844,0.625926722434,1.6868424505607458,0.602141868642,1.6227434120975253,0.000025982067245904083,1.21240131242504,2.6847591737146206,40.19069296570685,1.18511912845606,0.0000255190622268493,0.00033653504866014,1.07347154782702,1.18511912845606,0.034909630034,29896819823.18088,18389718356.033569,1277910375.657044,22664271762.814297,29060036285.196946,9217942063.179305,29300011382.829842,29531287127.112391,29896819823.18088,5255391841.095905,15574552363.173417,29896819823.18088,68.414131857,24759225502.811116,32987648794.91371,33126868669.644705,17732091461.069313,32137459944.91599,33117132178.392685,9400065829.504148,29573514262.012683,33128055777.533801,33128055731.765575,33128055030.141031,33128029449.977103,33124727765.446485,33085702212.520603,27526351173.444332,31169005436.80765,32723542666.008704,21230908721.69994,33128036082.053094,33125381485.037412,33096891287.389484,27986698364.705201,31396192003.106639,15840871896.526958,32797925643.019119,22020609988.602566,7527600338.492368,32250233901.704535,28376004955.704442,33128055779.748654,31869208801.519045,93415,1.08119212963,252424,52926412297.792541,64168051731.79245369526753362664,211063.06497469,255893.1369797656479301222376,190.791371,231.31570859977271632984,108.382950879226,0.044420291403825064,0.036974326817005895,,
2022-04-05,102097,9401,1083083,2839105,892,320273,2089255,142,61570,3574594,3564254,3555997,3538482,1599432,25478,2501709,152638,3493620,646068,3043,1705748,29826,2566051,173784,505,3497302,715704,3790,1649206880,4031,61296.779707268668,26606296419.91373983887128720158,1.152711641982,1.110948751373,38864207573.7028949199106687906,37613486107.942790119214322665,37456152349.51131195245641838607,33715463745.0270517993307445227281,0.41965581,0.4922511592519506806499,0.216321,0.25374190106063638959,39108.564338,45873.87014148570264331502,0,0,0,0,0,0,0.535205625716,0.70874214559,1.5934317294346092,0.683064326769,1.5357014935416442,0.000025671042240604395,1.17298783317679,-3.1489350219730476,42.29990434158488,1.21240131242504,0.0000259820672459042,0.000343904034826153,1.1046163242573,1.21240131242504,0.034919878394,29923363134.1512,18412219121.807227,3215978960.301502,22682499909.531202,29086944844.896944,9247937744.671103,29310476166.824829,29557680695.896104,29923363134.1512,5173989362.316805,15619160190.427142,29923363134.1512,68.4596395526,24762465531.468568,32992174712.076521,33131471934.045313,17732786260.984181,32141728843.497883,33121726339.830866,9396291390.770175,29575465558.339882,33132660435.061387,33132660389.293161,33132659687.668617,33132634109.504654,33129329624.109504,33090298553.360277,27525640457.144815,31173062219.077045,32728039987.459495,21231246578.174687,33132637527.786724,33129922463.066701,33100353777.510845,27935584794.473427,31372016723.200527,15784621948.878758,32793780345.071905,21937966148.963264,7526014261.626419,32254609777.560425,28377292229.00457,33132660437.27614,31932259900.828833,93192,1.078611111111,264348,46748539851.08735,54835468464.1057677304862826065,184207.2455448,216072.857807059855358265192,201.061288,235.84244454685452910552,109.679333954946,0.044414144068453336,0.0362425303565017,,
2022-04-06,119500,9402,1084153,2841807,896,320427,2091027,141,61550,3579077,3568737,3560480,3542965,1601119,25460,2504034,152706,3498102,646583,3040,1665189,27743,2523818,163406,489,3499590,684220,3450,1649293131,4141,62202.778314416808,24067559807.20209656200043097603,1.046416346633,1.007671851401,35156357599.02437152732356726405,34023396962.880038118777864205,33854662213.84940943840025311006,33596911699.7700054164882197935456,0.39465188,0.4187374162011113603404,0.211634,0.22454998653574386022,40158.591832,42609.46376844001134541256,0,0,0,0,0,0,0.535660849886,0.71631366016,1.4113851310732521,0.689791510271,1.3591273422324197,0.00002450135934225935,1.06102982760683,-15.413035413885435,32.68729263562615,1.17298783317679,0.0000256710422406043,0.000342442718132188,1.07557815652723,1.17298783317679,0.034956747812,29928597917.932282,18410236048.784388,3390982199.298237,22683207560.231241,29092058488.416122,9237823118.801862,29315403615.719889,29562645097.45034,29928597917.932282,5095769031.999407,15554758818.910257,29928597917.932282,68.4586272608,24766245024.364552,32993549338.535848,33132992143.460788,17748685192.828341,32142118971.264358,33123237615.049394,9331680626.118127,29573409596.112609,33134184055.852782,33134184010.084556,33134183308.460012,33134157729.296071,33130848073.218123,33091800321.59952,27524650352.710849,31172782278.004803,32729072113.439147,21234473407.835798,33134159175.893382,33131040575.317672,33098063560.897398,27749334462.860962,31278001129.471093,15621543180.722284,32766104624.403491,21637760419.437486,7510020798.091452,32255819317.276039,28379787849.480854,33134184058.067535,31907361445.445082,101757,1.177743055556,317631,46256529647.47165,49079557677.5470656728797713695,147139.47583442,156119.3726787539813659410886,211.063935,223.94513056706917267605,110.937408398975,0.044982675911389554,0.04098543521371996,,
2022-04-07,105152,9393,1081500,2837624,900,320024,2086506,141,61806,3576679,3566339,3558082,3540567,1597766,25479,2499551,152812,3495702,644964,3039,1674463,28310,2527925,166337,500,3497922,691503,3539,1649379538,4118,55513.424235065566,24793423808.2984021659529758238,1.078405250108,1.038576085275,36230711566.6223508771191691661,35061275190.56988901381997915,34892588460.4355987120225604928,33596564522.4829678423525259047212,0.40030332,0.437690197420436865228,0.215309,0.2354180792614881161,35639.004448,38967.5581324505316767392,0,0,0,0,0,0,0.536112449536,0.676802394065,1.4218592083288013,0.651805785313,1.3693451235057483,0.0000250957145521695,1.0933963710829,-7.574898871799992,36.63455471199365,1.06102982760683,0.0000245013593422592,0.000333269059520652,0.974325619739898,1.06102982760683,0.034860650323,29929621240.942344,18390103499.24416,1652250386.57117,22675604624.280022,29093033165.094216,9228874371.162432,29316233629.124144,29563437793.134777,29929621240.942344,5046620275.017426,15551889118.970858,29929621240.942344,68.4320642246,24758640956.843843,32995514398.074309,33134740911.279261,17764587518.406408,32146785875.29346,33124989724.527124,9332323050.906293,29583246279.279625,33135935441.525056,33135935395.75683,33135934694.132286,33135909112.968389,33132595574.389743,33093627053.19129,27521585989.702513,31180232829.527909,32731676869.448782,21235583393.627544,33135911239.344656,33132867912.618576,33101062235.385873,27797137083.905351,31311666986.062315,15718002867.817432,32776972155.293945,21722381546.621719,7510920731.956736,32260925020.831661,28374386572.742252,33135935443.739809,31912112920.109632,89030,1.030439814815,247499,48959542304.09649,53532185885.178826656847389021,198433.44806154,216966.412011954953515641666,198.0009995,216.49357432408709735855,112.304230700355,0.04503268144342549,0.04112025669609745,,
2022-04-08,94834,9387,1080180,2837070,898,319620,2084621,141,61779,3579444,3569104,3560847,3543332,1596338,25472,2498409,152667,3498467,644213,3040,1635120,27045,2508584,159854,481,3499072,670422,3315,1649465979,4211,53710.807884113037,23225828203.71812098135773868264,1.012702728359,0.975309395875,33943232675.49517175091148211248,32839537323.67065501452262988,32689902799.42993956738142410472,33517469366.8414409268596842483961,0.40776325,0.41759475227708133866,0.217281,0.22251982092431456328,35190.78426,36039.2625757493180939088,0,0,0,0,0,0,0.536249115532,0.640477109776,1.3029505079568122,0.616827945176,1.2548399813529163,0.00002425534406259791,1.02411081007688,-15.918380018334496,20.7227089609602,1.0933963710829,0.0000250957145521695,0.000337656765181776,1.00566333089325,1.0933963710829,0.034811573129,29938817254.653076,18396617311.554935,1442502222.745522,22679018691.321653,29101977689.462205,9236049502.493878,29325122814.965348,29571794911.547666,29938817254.653076,4948547441.370554,15583180055.131706,29938817254.653076,68.4255045056,24771595966.642489,33003686222.970989,33142903064.772768,17773495134.941417,32155821400.717261,33133140741.237416,9332032989.53831,29595342314.572272,33144101535.925493,33144101490.157267,33144100788.532723,33144075207.368826,33140754550.854756,33101805129.289029,27534391550.640066,31190422310.948925,32740153706.44605,21253336643.631767,33144075806.178809,33140854839.471339,33105636062.219511,27690970222.92863,31261938685.340634,15548626604.175411,32766219332.928512,21527130927.816705,7508133473.769773,32271855675.079183,28389413306.57888,33144101538.140246,31920279014.510069,86302,0.998865740741,256779,51749080540.474218,52996792793.03875849204823787984,202031.29225557,206902.4303727306854603082216,173.146705,177.3214123196925686804,113.755673289932,0.045219461655534636,0.04233761787945993,,
2022-04-09,80015,9380,1081064,2839922,894,319797,2086307,141,61732,3583570,3573230,3564973,3547458,1597700,25448,2500940,152670,3502593,644598,3035,1650466,27347,2516114,161466,485,3503625,676207,3373,1649552727,4149,47824.398650277175,23586586376.64877207543242267203,1.030275183488,0.992233372567,34518586535.52832032015917066479,33395856413.597459245863315595,33244024590.0475392362206400341,33504239535.9447428504856467805277,0.39595765,0.4123739700549126164705,0.215406,0.22433668700086614582,30594.855536,31863.31174719529093078192,0,0,0,0,0,0,0.536131773788,0.77709956989,1.301562992678931,0.748405998135,1.2535041691113091,0.000024401019564322844,1.04145978756797,-13.344051897414898,29.04485660521948,1.02411081007688,0.0000242553440625978,0.000321464546008728,0.942030765963903,1.02411081007688,0.034836463246,29938197317.112803,18391221879.345304,1251421983.530826,22647620828.191999,29099778290.856527,9208742760.019809,29324306986.586629,29570733102.836837,29938197317.112803,4836993457.608002,15576137790.570329,29938197317.112803,68.3301048621,24773547540.711214,33003872731.418968,33143225249.854034,17769779735.011003,32155326967.878576,33133451420.654557,9332159827.139674,29592628240.397129,33144425685.248954,33144425639.480728,33144424937.856184,33144399356.692287,33141075280.481834,33102096598.650232,27533952710.994194,31188815483.141523,32740033489.553769,21254689046.288059,33144400369.20127,33141223959.105523,33107282635.363067,27722099211.962537,31275916335.443385,15603693670.962686,32771331013.370956,21589495479.603871,7508065730.288156,32272015673.969164,28392627362.91498,33144425687.463707,31920603163.83353,77268,0.894305555556,232013,42651452879.023822,44419773054.85343211974507418134,184918.22570539,192584.8960605813988058203583,150.77436849999998,157.0254417887048067477492486406,114.942461456482,0.04523874852505072,0.04101820308071699,,
2022-04-10,104807,9370,1081594,2842772,894,320027,2087454,142,61731,3586002,3575662,3567405,3549890,1598649,25441,2503302,152796,3505025,645086,3034,1647056,27213,2515975,160952,483,3505894,674556,3347,1649638963,4104,54892.85477582846,23397966379.20583198259420190848,1.025846547289,0.987970320509,34272932895.97064993018535437984,33155050971.52663140338380432,33007510321.58557483801990027424,33409414874.5238746539418669286644,0.35219259,0.3641495980633140557088,0.202618,0.20949692116007485376,35598.218678,36806.78524032450269471296,0,0,0,0,0,0,0.536336655549,0.787877496937,1.2706361811129658,0.758787545006,1.2237218504284209,0.00002446381935923287,1.03395019771232,-14.977415768745875,30.759025884785217,1.04145978756797,0.0000244010195643227,0.000319665926371059,0.958630529912685,1.04145978756797,0.034859230704,29921110363.775301,18371784554.787896,2331362182.113012,22629684128.863564,29083933662.059062,8805018663.599657,29306360267.4194,29553620828.031941,29921110363.775301,5002693134.454948,15562286803.149963,29921110363.775301,68.2695188364,24772996105.619534,33006904154.625554,33146366727.665613,17778254935.243886,32157726690.564323,33136569078.013259,9372498667.231236,29592192007.250884,33147566458.724734,33147566412.956508,33147565711.331964,33147540130.168067,33144213110.893822,33105200349.82549,27534478576.198734,31190449858.221124,32743055456.998917,21260932391.86778,33147540985.589514,33144337692.256638,33109966090.499602,27710402996.87827,31271382995.033076,15589001341.959256,32772290803.972696,21571597211.986233,7511413154.886234,32274478418.104038,28395341790.09908,33147566460.939487,31923694578.923407,101076,1.169861111111,297018,42071980212.42486,43500332258.7854987896118962752,146092.56076109,151052.4320832281283160696288,198.1513405,204.87861768693624136496,116.123662657517,0.04521957287146695,0.040767227486849515,,
2022-04-11,136645,9352,1082559,2845556,894,320407,2088014,141,61776,3590900,3580560,3572303,3554788,1598932,25422,2505183,153035,3509923,645908,3039,1544921,22543,2430027,139112,436,3447505,601268,2478,1649748866,4093,70510.327143904227,20913307879.119074286191901564096,0.925821088737,0.891638870693,30640056712.913840362374991610956,29637376701.7280959786837411165,29508795919.46299987068142903254,33095008404.614664247891366618009,0.33551418,0.31009913913468138350622,0.205101,0.189564696000813695679,45103.507227,41686.937830906521767023833,0,0,0,0,0,0,0.536254151479,0.795107041568,1.1196611928223685,0.765750913701,1.0783222089798714,0.00002337269581013716,0.924250471722779,-27.053421492420362,16.822877920324043,1.03395019771232,0.0000244638193592328,0.000321288955714518,0.950259355058604,1.03395019771232,0.034889508294,29924276654.230017,18371816950.140393,3378592455.340293,22627316424.450624,29087171673.674286,8814560433.7713,29309376191.126868,29553152105.598212,29924276654.230017,5015099229.263224,15546940770.248684,29924276654.230017,68.2547949407,24770566430.802798,33010670656.588693,33150043875.639543,17777494430.932589,32160554996.885783,33140220239.551336,9329863886.113843,29590615444.655537,33151248117.574211,33151248071.805985,33151247370.181441,33151221789.017544,33147885351.001146,33108834209.629834,27529596715.237792,31192443136.307005,32746734098.618591,21270334961.357921,33151159015.647577,33147124103.589461,33103282177.395331,27234876268.023124,31049641300.869126,15108701744.253944,32700905533.027905,20698993981.12508,7504204509.289226,32277632696.82376,28395158640.970663,33151248119.788964,31927271689.09026,134431,1.555914351852,427096,41694069334.888784,38535763250.813213084418844410736,98559.52618929,91093.68857322487343515883691,174.786231,161.546256452396618255949,117.281169520875,0.0458526437053458,0.046374749991278594,,
2022-04-12,104878,9345,1083074,2846779,899,320332,2088975,140,61650,3594315,3583975,3575718,3558203,1599847,25304,2506473,152937,3513338,646095,3046,1560561,23072,2441288,142415,446,3454017,612560,2583,1649811905,4106,68093.57330735509,21609433867.150465678977715175725,0.957005679181,0.922019285648,31661711203.814002088288065167081,30624919340.7929264399983863815,30504216413.365330889093474449403,33084141392.8959283704664355634967,0.37017725,0.35353677750248105570525,0.213725,0.204117480941137694525,42808.037807,40883.700274641826500498383,0,0,0,0,0,0,0.536803225829,0.70095427364,1.137974658089034,0.675328655528,1.0963723666044856,0.000023818798480814266,0.955047284787169,-27.53305853729221,21.01975858237167,0.924250471722779,0.0000233726958101372,0.000309600670292889,0.849876970644016,0.924250471722779,0.034901848352,29928137236.580839,18368350378.878881,2134235090.477672,22626559136.248525,29091092689.508461,8674579269.557214,29312937854.305493,29556745977.175017,29928137236.580839,4933067867.931865,15540150257.83795,29928137236.580839,68.2509979579,24789430939.191233,33011309275.22298,33150774289.756431,17796091335.154248,32160583128.194876,33140948642.810942,9316172459.362305,29590526299.357792,33151982845.283496,33151982799.51527,33151982097.890726,33151956516.726829,33148615963.841979,33109559207.650327,27529735443.943175,31192489713.804566,32747159297.566796,21290735958.869085,33151897059.883597,33147961150.886375,33105574504.911548,27303816407.358199,31085853127.124629,15215397751.293927,32713143409.081301,20823603000.298099,7523728352.021694,32278805454.789516,28405364360.933582,33151982847.498249,31940006426.135387,115642,1.338449074074,350802,47295499997.941547,45169438855.685631490987997610443,136305.68947826,130178.37863725520332675244594,174.785791,166.928695113927600315679,118.614481256777,0.04593796418795384,0.046619724161978515,,
2022-04-13,92199,9346,1084059,2849064,898,320469,2091068,141,61654,3597720,3587380,3579123,3561608,1601630,25331,2508804,152929,3516745,646531,3043,1572407,23531,2448981,144845,449,3459654,621304,2645,1649897832,4086,66698.637787567303,22030091699.134890742305690689924,0.979261999114,0.943611250522,32320172306.014912711843871122844,31260413029.0047561758504715395,31143532817.940575733591156227773,33004622190.2538899312797978040555,0.39787618,0.38787569981969555998186,0.215309,0.209897282748816054593,41036.153204,40004.723685418268005021508,0,0,0,0,0,0,0.536743463567,0.684320921034,1.1415914094975383,0.659407717893,1.1000309401119448,0.000023688944644022596,0.974865345846277,-31.351365630236906,21.337657693669872,0.955047284787169,0.0000238187984808143,0.000315409998230651,0.882559985589848,0.955047284787169,0.034937531143,29906071497.273162,18340597622.75621,1489108917.415889,22598086795.269812,29068982740.267815,8902074683.65233,29290750579.441817,29534174881.058687,29906071497.273162,5040314737.653154,15003710952.075577,29906071497.273162,68.1620490465,24788998979.468893,33012628355.531576,33152263245.865001,17794910138.639454,32161003193.494109,33142436771.486767,9352460247.475104,29590290834.226424,33153473391.547019,33153473345.778793,33153472644.154249,33153447063.790352,33150104740.182689,33111027097.906028,27531235947.115517,31191991188.10248,32748167097.949312,21288765365.4913,33153389924.588036,33149505607.335399,33108085004.270714,27350089100.297664,31110609993.562588,15245668036.271105,32722759823.029467,20888976874.479761,7523573753.796093,32279809100.472747,28406992932.697714,33153473393.761772,31946496970.722649,103138,1.193726851852,313294,48447259720.892536,47229554603.112307430382692688472,155329.5430572,151425.3887126014524438180444,132.43873200000002,129.10993027462241229807091692554,119.901321287599,0.04593871121632413,0.046644600738798406,,
2022-04-14,114272,9325,1085157,2856237,897,320641,2096739,141,61654,3607884,3597544,3589287,3571773,1604305,25310,2515268,152918,3526912,647098,3037,1553144,22561,2441198,139671,437,3464020,604596,2497,1649984298,4044,65557.702522255193,21033902391.182411413605125060098,0.937576117953,0.903443832303,30875436626.238203753577476392196,29862298728.927477082218640559,29751422050.470238635327439241014,32931125308.1643653617146020599475,0.3618788,0.3370049638892040314792,0.205937,0.191781865222419800858,41460.453708,38610.658332830095015542072,0,0,0,0,0,0,0.536799390564,0.755180128966,1.0752723186833286,0.727687935655,1.0361272282429628,0.000023330322470231346,0.931264732527034,-36.183951461052004,16.33238407170843,0.974865345846277,0.0000236889446440226,0.000312603198105882,0.895377763504876,0.974865345846277,0.034985832322,29900118304.369874,18337430384.36432,1373994679.372599,22586383502.471797,29063777796.646304,8887468832.276592,29285771813.700586,29529351834.778162,29900118304.369874,4935130804.43259,15003364667.422771,29900118304.369874,68.125036241,24784729419.426023,33012905008.879544,33153091804.752743,17797211668.675431,32160276487.69413,33143250220.018975,9349714686.798673,29588800055.119278,33154306767.736841,33154306721.968615,33154306020.355643,33154280440.791746,33150929280.070734,33111581460.053452,27528698641.659297,31190295789.336989,32748138262.205683,21290971096.681562,33154217243.653663,33150180660.621709,33106340144.91715,27248020193.350809,31054781341.368843,15120740069.761335,32704622813.259124,20742498499.219796,7521838836.670963,32281417794.051947,28412366271.706595,33154306769.951594,31947330346.912471,114570,1.326041666667,331033,43902514775.315553,40884863679.498396652070453159802,133205.26859148,124049.36882603634521020207032,116.66855849999999,108.64931392581710974784167472966,121.111870261037,0.04603394525991727,0.047583054775593346,,
2022-04-15,115274,9312,1084560,2855163,897,319922,2094844,142,61339,3609379,3599039,3590782,3573268,1603780,25303,2513540,152318,3528408,646414,3038,1563081,23023,2446645,141582,443,3467433,611933,2567,1650070425,4014,66552.842052815147,21519997665.437654719362731731123,0.962227654218,0.927325064523,31606046185.655338168768768424791,30566139292.0536791235079256015,30459609729.530898972564643891701,32846744787.588506365732622740475,0.35936339,0.34255029038938813089371,0.205981,0.196344016469503353109,40439.521694,38547.526779196013891849966,0,0,0,0,0,0,0.5373516089,0.808622610186,1.0860427910277082,0.77929168932,1.0466490927070877,0.000023520280396798182,0.953214211356889,-35.45769756564256,14.057439061559387,0.931264732527034,0.0000233303224702313,0.000308387552822239,0.861330776465349,0.931264732527034,0.034956418952,29908032546.743418,18344648714.357579,2218409661.239992,22576245096.896107,29071658133.177511,8885867325.339784,29293410574.844325,29536828265.926466,29908032546.743418,4929883270.141471,15016396538.246414,29908032546.743418,68.088230774,24805456819.111832,33016026670.567633,33156118759.342811,17817149142.864124,32163277722.33037,33146269524.376888,9428050641.4022,29598218457.870979,33157338410.380366,33157338364.61214,33157337662.999168,33157312083.835271,33153952040.16028,33114733156.462821,27552249806.053507,31194056137.10987,32751212594.91244,21316576953.453279,33157250961.099773,33153279754.542803,33110601674.147876,27321301100.534215,31085175046.455947,15217070512.197828,32716206329.047179,20841057130.040528,7547519412.752775,32286809832.650764,28437143164.873657,33157338412.595119,31954632407.517309,112531,1.30244212963,345963,41004713441.012312,39086275584.589777199615275017368,122467.47007961,116737.73290880884626695193329,130.491367,124.386225483787370477263,122.229974245666,0.046076364635651644,0.04717401678110035,,
2022-04-16,117358,9309,1084982,2857738,897,320011,2095742,142,61349,3614677,3604337,3596080,3578566,1604269,25310,2515218,152376,3533708,646589,3034,1563570,23029,2447799,141633,443,3472366,612067,2565,1650157180,4044,72389.136003956479,21488938338.148665630572345054178,0.963537889142,0.928589286167,31603089176.720553577346060851513,30561956945.2067980400917471615,30456809586.821567593061542144823,32799010327.3156837356162150646139,0.35628532,0.33956976083295357454868,0.211569,0.201642983016160067481,43266.576712,41236.672636847566020247688,0,0,0,0,0,0,0.537599735728,0.849811938086,1.0724032984851353,0.818988303269,1.033506024667379,0.000023568088299172013,0.953083783617449,-32.81894822120983,13.876146373281896,0.953214211356889,0.0000235202803967982,0.000313626710108942,0.883106918761456,0.953214211356889,0.034966991351,29887881043.120623,18324428899.132683,2190003424.562465,22546746369.544722,29051409686.38052,8628625864.367585,29273032703.095219,29515291269.725235,29887881043.120623,4837031252.664802,14986599048.854738,29887881043.120623,67.9963221886,24804367212.334636,33017405960.068234,33157548662.270769,17826147796.916035,32164325339.235806,33147679112.520753,9428004491.566619,29598162519.747805,33158773360.574384,33158773314.806158,33158772613.193186,33158747035.429267,33155376022.005841,33116122588.97618,27551428694.120572,31195049215.164402,32752430681.535289,21317944854.283815,33158685542.755991,33154698487.396102,33111990832.49515,27320374648.719141,31086092705.834676,15221623904.90452,32717380731.328643,20844420177.090052,7547901224.569215,32289063498.830438,28439622201.763083,33158773362.789137,31956067357.711327,121438,1.405532407407,390205,39018954520.070332,37188332806.785795898088862423068,100619.14780764,95898.47809686887969679951036,141.31743,134.68735087549399583607,123.290120128941,0.04607477547101035,0.04717831815200705,,
2022-04-17,95063,9315,1085900,2859975,897,320264,2097070,141,61376,3619737,3609397,3601140,3583626,1605400,25303,2517116,152523,3538768,647107,3034,1548480,22326,2436295,138098,431,3472764,600407,2466,1650243807,4080,74341.783088235294,20703389137.787160742026814185,0.930391461525,0.896645803598,30469799667.3214091061609842107,29465402807.8229529462785687375,29364648256.13021774681074256145,32749440345.6609346880533379620692,0.38044229,0.34958363215548039619325,0.215485,0.198006454474405811125,44319.624661,40724.745308309393136678925,0,0,0,0,0,0,0.537557631495,0.950197197815,1.0237101992860587,0.915733178177,0.9865798346711193,0.00002314298989222737,0.918887414318425,-33.28212812302099,7.658351776988291,0.953083783617449,0.000023568088299172,0.00031089070752415,0.882838175106252,0.953083783617449,0.034992896941,29876798181.044879,18312142975.452805,899870077.537814,22530931227.4602,29039078271.961562,8561756905.308725,29261168911.219137,29502940942.960947,29876798181.044879,4816174871.459884,14957054767.725692,29876798181.044879,67.9472440378,24804057737.753319,33018002679.019631,33158219111.853008,17825114465.657602,32164288950.508211,33148341092.117243,9391877161.355663,29595430301.292147,33159448252.849291,33159448207.081065,33159447505.468093,33159421927.704174,33156044850.035612,33116779716.701098,27547117675.966209,31194430008.906736,32752775774.883471,21317716120.011268,33159355509.965841,33155224088.172315,33110915408.275043,27241733880.682553,31046187332.707057,15089670635.405779,32704724923.327762,20738525439.976897,7546352155.023162,32289718288.095523,28438894505.557442,33159448255.064044,31956742249.986234,116495,1.348321759259,368037,34897438480.486185,32066817011.670256845524403458625,95087.05231052,87374.295632774542427257331,113.876828,104.6399840317040209559,124.218458936637,0.046135872047145886,0.04766257650754747,,
2022-04-18,105194,9305,1086399,2864152,897,320132,2099073,141,61307,3628922,3618582,3610325,3592811,1606566,25269,2520963,152389,3547951,647199,3038,1557445,22630,2445985,139647,437,3482758,606194,2522,1650330027,4096,64534.350341796875,21012191096.85173002877121763392,0.945953411824,0.911557864112,31032691911.083386611963763288344,30007356026.250253168784236551,29904320870.908258670164888125078,32805729672.5189073327342154678108,0.37148465,0.3476310217169970856209,0.211525,0.19794263872999276965,39572.402351,37031.394597527051326843926,0,0,0,0,0,0,0.537651392255,1.133961582293,1.034595487025302,1.092729922023,0.9969768495832085,0.000022925382074162884,0.935788387802826,-26.928300654390394,3.946668777143638,0.918887414318425,0.0000231429898922274,0.000306650815999655,0.850044258260169,0.918887414318425,0.035003965726,29884628350.191319,18297359102.464418,2213564768.871661,22453998543.60992,29046870228.512895,8923618225.049806,29268963331.726618,29509953079.875526,29884628350.191319,4882304949.434924,14921916871.948681,29884628350.191319,67.709856293,24811241624.48927,33020453434.228486,33160845845.94205,17829639936.62708,32166154838.880791,33150942830.340085,9386302091.143235,29598746528.605114,33162082703.199291,33162082657.431065,33162081955.818093,33162056376.054218,33158669844.867339,33119340482.490938,27552176089.527212,31196255656.838949,32754966713.78453,21329899204.308187,33161990916.697695,33157913203.094588,33114317875.280929,27283223891.429719,31066131673.222022,15156677469.074766,32713056843.875442,20806625912.012104,7540150824.014864,32294436061.182106,28451858122.105042,33162082705.414044,31956285481.509103,106525,1.232928240741,328898,29244449920.745127,27366616643.514564985512276328902,91190.00993892,85334.55238446562624126338792,117.856778,110.289004276255571654628,124.876263791237,0.04606863015547177,0.0467943563513507,,
2022-04-19,103459,9302,1086817,2867013,898,320373,2099564,141,61368,3636467,3626127,3617870,3600356,1607017,25281,2522436,152532,3555493,647596,3036,1566071,22995,2452719,141734,445,3491417,612820,2567,1650416573,4090,66946.277506112469,21341005268.239494084018307640094,0.963057716956,0.928040875727,31591945161.277304102099795341446,30547580476.5020958445457899035,30443259980.365767123590274627165,32803792135.2416781529553121939727,0.36090907,0.34381477399589076993087,0.209058,0.199156061725001625978,41253.71113,39299.74763076115995023733,0,0,0,0,0,0,0.537864831843,1.063973281285,1.0434485471137211,1.025287143573,1.005508690071226,0.00002296078979330997,0.952635449133741,-20.68741640964027,8.424178319518267,0.935788387802826,0.0000229253820741629,0.000305988280555062,0.868788978396229,0.935788387802826,0.035013299242,29887991877.140201,18292819764.794134,2406121326.707809,22402069215.086934,29050182288.193128,8901664497.65602,29272143126.474357,29512180697.758037,29887991877.140201,4743864741.632835,14090282572.74402,29887991877.140201,67.552045812,24806151295.459648,33021016378.917521,33161435419.304207,17837039643.254249,32166452046.887009,33151513870.569164,9388870427.703221,29597722420.970322,33162680632.864253,33162680587.096027,33162679885.483055,33162654302.119256,33159252917.952487,33119912783.014543,27548994261.425162,31196128410.656388,32755494707.38681,21328977809.005077,33162590067.349976,33158552343.125221,33115755393.759254,27317437884.581795,31086586722.958252,15245015173.582533,32720180669.579221,20855362657.456194,7548982065.683988,32296120762.65972,28452862476.761493,33162680635.079006,31956883410.174065,114305,1.322974537037,340716,31168715623.210277,29692423406.638772247473138656257,91957.00553609,87601.50326986700473181221269,114.154554,108.747674820451890206514,125.622962672877,0.04608177792696253,0.04663132673255353,,
2022-04-20,106965,9290,1087477,2870476,895,320444,2101252,141,61333,3643040,3632700,3624443,3606929,1608719,25244,2524858,152552,3562068,648024,3047,1560038,22624,2449189,139884,439,3495235,607287,2528,1650503039,3960,68876.826515151515,20964241843.369866507171328913232,0.949969165298,0.915514036655,31065310208.8204708119914262176,30037356742.670487142903667501,29938579680.4293191991511318383,32701387943.5595959737471698251587,0.36073577,0.33790984228247799865502,0.207081,0.193977736251932616606,40699.652532,38124.340062089701659455832,0,0,0,0,0,0,0.537489111535,1.123620959112,1.0190610567199783,1.082867526152,0.9820999835749583,0.000022628563428791308,0.936723969132526,-25.81928195814435,2.6017560529105057,0.952635449133741,0.00002296078979331,0.000306868111563131,0.883332449951981,0.952635449133741,0.035042016464,29904738827.243919,18303601464.971893,2877053784.076418,22380383692.737432,29066722060.320284,9509051465.130257,29288570125.727868,29528529846.656759,29904738827.243919,5411226897.339655,14022229767.127064,29904738827.243919,67.4844117199,24807204618.55389,33021917960.796337,33162532105.724786,17825172125.322372,32166559228.185497,33152594041.671443,9395447888.591534,29596549504.430203,33163782747.562847,33163782701.794621,33163782000.181649,33163756418.167905,33160343456.294192,33120994262.948278,27547261914.73027,31195787778.889944,32756256472.084005,21341192578.8904,33163689325.519515,33159580046.594688,33116018731.645085,27280375422.105508,31066477956.332999,15178012147.936461,32714636412.507697,20814848917.492764,7555206883.743302,32297836937.625859,28457937704.904235,33163782749.7776,31960941181.16205,112824,1.305833333333,340052,29515098023.790571,27647499770.180677972597168212346,90283.46133922,84570.68225269711976162146972,110.7123345,103.706897404767893341947,126.329845466886,0.04608135066292291,0.04626341616084145,,
2022-04-21,121148,9277,1088438,2872234,898,320657,2102616,142,61304,3646176,3635836,3627579,3610065,1610217,25216,2526379,152611,3565204,648515,3046,1546650,21987,2438904,136603,427,3494542,596717,2440,1650589237,4130,71027.225665859564,20307067506.276324823988882182303,0.928854631339,0.89516851906,30123344157.027922534554711570168,29123795648.9921689135123244015,29030882194.442610769756373382298,32430633535.8348977628957750056243,0.36673423,0.33308060400235015663447,0.214429,0.194751771154876766581,41954.763093,38104.754584244695230196077,0,0,0,0,0,0,0.538059412794,1.238544000958,0.9827777024559406,1.193626603906,0.9471360003921406,0.00002244909803689219,0.908234292725689,-24.857829376157614,-6.525112744892211,0.936723969132526,0.0000226285634287913,0.000304275696116167,0.863582759731174,0.936723969132526,0.035068183124,29901641487.707267,18309526389.610066,3453279594.961667,22358842502.338327,29063568730.170375,10022718305.260605,29284964448.59673,29524841646.225039,29901641487.707267,5778252401.851612,14489480312.086706,29901641487.707267,67.4130581267,24811946574.174747,33024945551.713148,33165677851.947792,17845779440.757324,32168816377.655088,33155728648.779595,9428624918.656579,29596916661.051045,33166931040.022359,33166930994.254133,33166930292.641161,33166904710.627417,33163487102.336684,33124138154.165949,27547985368.86957,31197334503.235149,32758964756.806053,21354402152.974886,33166833470.078931,33162594909.568617,33117547648.395509,27214892789.199162,31031753632.654419,15048649814.070909,32705337931.725567,20733521081.048016,7554591212.753197,32300368626.957444,28462115104.155054,33166931042.237112,31964089472.242282,114401,1.324085648148,388668,26778968705.660975,24321577702.309355042197107286775,69522.62795109,63142.83482558944313347855101,140.720578,127.807254631780151528242,127.008869962597,0.04611992031626801,0.045110855864765126,,
2022-04-22,95289,9267,1089434,2874546,897,320844,2104213,142,61279,3648484,3638144,3629887,3612373,1611806,25192,2528531,152639,3567512,648974,3039,1547692,21946,2440314,136467,427,3496512,596678,2432,1650675911,4055,65584.153390875462,20244941930.305000487441133631932,0.929177646158,0.895312381353,30077106840.270951917347703588002,29078531195.4764440522792172285,28980901833.692957355762630685319,32369597960.7740457133749174670848,0.37067853,0.33613970806872966279423,0.216717,0.196523896632294528447,38931.254089,35303.745226965257409684499,0,0,0,0,0,0,0.538189105848,1.294188952068,0.9761167837546861,1.247020305953,0.9405407520891665,0.00002282005415017778,0.906822707181691,-21.434206570698873,-17.457542317415566,0.908234292725689,0.0000224490980368922,0.000304337377986456,0.838351627934993,0.908234292725689,0.035101754681,29892661198.903629,18296929927.052823,1901984800.015968,22325137835.624052,29056248102.776352,9896893881.834402,29277286368.187688,29517301774.077732,29892661198.903629,5934912768.264777,14433416680.716734,29892661198.903629,67.3101373673,24811169054.593202,33025421115.331001,33166318500.956806,17850425566.825594,32168476556.326363,33156360435.651241,9422159530.690048,29594655547.917614,33167571345.604069,33167571299.835843,33167570598.222871,33167545016.209127,33164126224.667476,33124763619.04642,27545668394.833573,31196015488.204779,32759173123.996471,21354777677.224452,33167473420.554535,33163226067.411941,33118112602.114632,27210658161.292415,31028631643.819162,15040222182.813942,32704997966.729139,20732478397.316069,7547508003.482875,32300171856.060514,28462816191.69386,33167571347.818822,31958729754.091109,105027,1.215590277778,335272,25628074860.948044,23240120225.259944395995619062404,76746.13468073,69595.13761691024129238651443,128.835477,116.830936034184485651607,127.571703914157,0.046105144864803306,0.03844208618333869,,
2022-04-23,80048,9249,1090391,2876860,897,321119,2105705,141,61291,3650480,3640140,3631883,3614369,1613029,25183,2530346,152751,3569508,649644,3040,1541914,21637,2437836,135087,421,3496562,591917,2399,1650761863,4081,62898.555746140652,19867916737.577664908219486565312,0.914290373357,0.880968394291,29567870265.06237837046801107369,28585603711.877041308591854553,28490247681.776988636957088616676,32339693303.8781235468327970818755,0.37640248,0.33554422263202797537744,0.219408,0.195591396739065040224,36877.656493,32874.609594587804033425854,0,0,0,0,0,0,0.538281980414,1.38287656685,0.9546149229377575,1.332476622418,0.9198232862700836,0.00002252135747538918,0.891450615925878,-22.64860586964684,-21.179775923543556,0.906822707181691,0.0000228200541501778,0.000305952097604907,0.840446714002023,0.906822707181691,0.035139261318,29895188784.983854,18293133867.548137,1201630016.018998,22287175960.883104,29058709372.49048,9708872838.633517,29279626794.084476,29518444889.073861,29895188784.983854,5886554548.353106,14399890519.929156,29895188784.983854,67.1942772999,24805429701.6365,33026045776.402773,33167012621.770463,17853879372.087287,32168174856.138802,33157044974.713459,9390090528.903895,29591720043.773452,33168264999.602102,33168264953.833876,33168264252.220904,33168238670.20716,33164816690.605464,33125431013.516863,27541891130.059257,31194671089.684871,32759615030.922266,21361183988.122266,33168164919.410383,33163869128.027584,33118001818.35684,27173591000.326938,31010698962.546857,14974442951.792189,32699404434.365747,20701223977.798723,7548929668.185369,32299699729.237125,28460761785.302802,33168265001.816855,31959423408.089142,97974,1.133958333333,306518,23984978700.860263,21381424035.850946590006843585914,78573.86841743,70044.72339639686636204325354,111.251873,99.175550708757556669494,128.059383959317,0.046095899642738615,0.037894352921620404,,
2022-04-24,83318,9228,1090516,2879137,899,321012,2107300,141,61181,3652566,3642226,3633969,3616455,1613412,25141,2532198,152628,3571594,649600,3047,1539840,21523,2438018,134423,419,3497693,590042,2404,1650848394,4002,66077.931784107946,19713535210.734735465737482552206,0.908907247163,0.875782097942,29381782613.355124820375265644325,28405151034.7709984948383341705,28310962750.838685716642808921846,32326491735.0548454837454138742614,0.38098071,0.33748153076498721963993,0.21812,0.19321574441514115596,37870.625918,33546.676958617771926128994,0,0,0,0,0,0,0.538732588146,1.405177280486,0.9443028425287775,1.353965556469,0.9098876998767136,0.000022419292580542632,0.885823145127183,-20.527139729640442,-19.361985666517043,0.891450615925878,0.0000225213574753892,0.000303068692815483,0.827228151188541,0.891450615925878,0.035142106249,29905085790.687473,18301524263.6733,909603274.719533,22254481968.750482,29069126488.586934,9649856225.066975,29290379110.086681,29527536258.065706,29905085790.687473,5875195659.338813,14383999344.90502,29905085790.687473,67.0944151693,24814903773.032566,33026575577.750916,33167651718.202731,17869169346.857332,32168428224.385538,33157680489.175222,9391503974.276778,29592499516.000048,33168903717.428522,33168903671.660296,33168902970.047324,33168877388.03358,33165453442.146667,33125999257.05342,27547390916.862228,31195050938.698474,32760040205.325201,21386354231.879416,33168802608.961745,33164487530.214409,33118294174.537478,27170936002.146028,31005010269.935257,14955158316.978032,32697763535.247847,20723570330.351422,7549685411.930073,32300819406.554747,28469423208.847277,33168903719.643275,31960062125.915562,99403,1.150497685185,303402,23604782243.689481,20909662447.147299482936904262023,78072.22556273,69158.18439505634324959468959,100.355618,88.897329167942138564094,128.641618091565,0.04609584516819907,0.03768255494191668,,
2022-04-25,103251,9235,1091118,2881362,902,320830,2108368,141,61126,3652504,3642164,3633907,3616393,1614389,25131,2533844,152560,3571532,649885,3042,1546019,21714,2442429,135493,423,3498931,594350,2415,1650935104,4003,66924.670746939795,19993684363.669103975933205864249,0.925005636412,0.891457431082,29796334690.270970896621706798249,28803934517.4419348538791997115,28715677973.255435212363872778635,32212057437.6590936872338326258192,0.3769611,0.3386088241829582826639,0.218389,0.196169956275308185361,37996.924502,34131.091850567227497467998,0,0,0,0,0,0,0.539305312545,1.077467186318,0.9516536907196351,1.038389488864,0.9171390108491412,0.00002219362833555548,0.898259327508749,-17.363469546386046,-22.076292618180243,0.885823145127183,0.0000224192925805426,0.000302931247972141,0.819952878833339,0.885823145127183,0.035170625412,29907762554.616205,18371445774.035626,3101472939.219966,22258254104.769501,29072033636.37378,9544994507.714141,29292940804.024952,29530178157.921046,29907762554.616205,5993364012.53302,14405933557.911771,29907762554.616205,67.1011537879,24824572620.88872,33028765554.182078,33169946987.20329,17889401312.855369,32169705344.695649,33159963503.978873,9393774406.685433,29594765415.588495,33171194304.120748,33171194258.352522,33171193556.73955,33171167974.725806,33167744383.519658,33128267597.953725,27553229958.530655,31197014812.345345,32762063885.269088,21387672294.494665,33171094657.002635,33166809825.699919,33121146329.40408,27199319858.916856,31019757587.278393,15012034312.689066,32704312054.766179,20743091585.599444,7551808287.024205,32302580821.684202,28475153623.417913,33171194306.335501,31968137812.602615,100798,1.166643518519,322961,30786268693.436829,27654053013.070218746071376316921,99785.70347308,89633.43889671628027338597692,114.52608749999999,102.87412633995813600694422491251,129.52109549934,0.04550342480394376,0.036446408454080856,,
2022-04-26,124976,9232,1091745,2884743,901,320755,2110147,141,61077,3654903,3644563,3636306,3618792,1615671,25125,2535846,152457,3573930,650152,3045,1512964,20433,2420723,128288,403,3491054,569294,2234,1652375287,4109,73569.824531516184,18385379376.74424692056046332835,0.85447721096,0.823566496023,27412711202.509719817224595644022,26497746682.839611356004410247,26421056316.046034821553913732556,32081266593.0700715095395663751687,0.35374728,0.29231558712395908923216,0.211437,0.174718886304167590914,43209.522247,35705.763914220278988137734,0,0,0,0,0,0,0.539375476807,1.175815363972,0.8706038453679805,1.133280240662,0.8391097493971235,0.000021704212718651962,0.826340168958922,-33.03317406546755,-29.925715555325105,0.898259327508749,0.0000221936283355555,0.000298205554653114,0.838391020342073,0.898259327508749,0.035196991874,29901954941.32137,18361724399.01103,3319226686.321115,22249165739.948675,29066129050.151475,9504851259.823947,29287117098.899921,29522796398.458536,29901954941.32137,5597815216.438174,14358555528.141645,29901954941.32137,67.068810673,24832822865.270839,33031038180.243447,33172394983.980069,17893047840.154792,32171179737.714054,33162395669.279299,9385644132.411917,29596768435.358964,33173639900.884798,33173639855.116572,33173639153.5036,33173613570.489878,33170182567.386959,33130661824.913222,27558251613.590421,31198339349.339412,32764135407.911198,21399121946.958554,33173528308.710426,33168971921.75713,33119548091.653708,27056529231.181307,30938435101.047219,14766550385.893957,32676956130.156923,20540941041.085581,7539981237.049202,32304914453.781889,28481415939.75322,33173639903.099551,31973583408.553198,122148,1.41375,404864,28213307054.454504,23313788918.267880810988293884688,70287.53200459,58081.41107237853813602545198,100.26988850000001,82.85703660458227828359868958922,130.227998955267,0.04579118244698756,0.03842973830118891,,
2022-04-27,104096,9237,1091868,2886870,900,320735,2111255,141,61036,3657685,3647345,3639088,3621574,1616492,25103,2537267,152448,3576711,650186,3047,1521259,20720,2427518,130076,409,3496705,575432,2274,1652375289,4236,64197.696883852691,18694928146.264328987260254975288,0.869412490202,0.837962460993,27870976931.722855983494579947647,26939886246.4756344635497175385,26862775360.590978757669760594544,32057253887.8972240425311639344202,0.34816801,0.29250584142920166331551,0.21283,0.17880453241921045533,39105.185885,32853.378176637380071489635,0,0,0,0,0,0,0.539324703774,1.150808134273,0.8796116929431104,1.109178930823,0.8477927189263861,0.000021421717247825227,0.840128423714751,-35.81678463242112,-28.76177985745989,0.826340168958922,0.0000217042127186519,0.000294975847267664,0.77678979541125,0.826340168958922,0.035205412762,29905160460.620464,18356458749.799978,1638036287.48493,22252464764.377288,29069243235.834529,9411490782.255515,29290385105.183591,29525169279.04617,29905160460.620464,5567277273.081589,14346091571.34107,29905160460.620464,67.0766876671,24837115918.816404,33031910518.871078,33173416085.48643,17891915037.374216,32171829648.897902,33163406401.38101,9383568650.735801,29596967866.261265,33174662519.602144,33174662473.833918,33174661772.220946,33174636188.207246,33171199577.997002,33131659019.162044,27558576328.070869,31199166235.252088,32764938177.702844,21405838692.447475,33174554319.928698,33170053749.024202,33121442567.207054,27093741902.48926,30960826050.293424,14837578321.452593,32685085191.097767,20592622383.238108,7537001108.044757,32306385209.801242,28485190038.867913,33174662521.816897,31974606027.270544,112317,1.299965277778,345130,28827274967.76298,24218613078.65841183566409771798,83953.3490935,70531.5948394963747684282185,149.785835,125.839337453347780352085,131.008785632253,0.04580740210010172,0.038722639460803156,,
2022-04-28,125034,9244,1091693,2890565,900,320562,2113099,141,60972,3662216,3651876,3643619,3626105,1619190,25108,2540222,152344,3581243,649819,3045,1525980,20794,2431039,130373,408,3501568,576389,2281,1652375290,4086,72378.688693098385,18766338146.659840061789195716352,0.876732084123,0.845106348928,27995512923.771715623186356120792,27059725993.280667914181716636,26985650624.430798008354920283336,31931662398.0554336062166813299328,0.32770898,0.27654235539120090757328,0.207169,0.174822805356263660584,44168.944421,37272.655529080657475571656,0,0,0,0,0,0,0.539396361718,1.236751595225,0.8790997457397053,1.192139131325,0.847388603564886,0.000021230398676449206,0.843865662122536,-36.75235097143412,-29.03147729342982,0.840128423714751,0.0000214217172478253,0.000291019523333777,0.795681453070881,0.840128423714751,0.035206123418,29897816638.67484,18343611062.101894,1530939827.443765,22238537469.883232,29060981867.106376,9336643459.985032,29282540411.686362,29517090630.862031,29897816638.67484,5092261560.030815,14058190786.489756,29897816638.67484,67.0333785195,24841860753.116939,33032104409.378229,33174072059.148513,17894646616.52518,32172197140.435532,33164040464.470008,9383140129.501531,29598550190.030763,33175319459.600894,33175319413.832668,33175318712.219696,33175293129.205974,33171850622.394058,33132349763.1048,27564451231.665754,31200053791.908188,32765043713.661507,21406838027.014993,33175211651.495417,33170712180.890709,33122374621.978224,27107753017.186464,30966450920.221991,14830780008.20603,32686750034.097766,20604177479.003512,7537420714.596986,32308422671.920865,28492836586.133881,33175319461.815647,31978609671.775301,134781,1.559965277778,394474,26824561690.39917,22636326512.01550912759529269512,68334.14584205,57664.8392265794635820014388,149.786935,126.40005108108026186716,131.713408439685,0.04576652364362872,0.03866279745333974,,
2022-04-29,97300,9221,1091899,2891774,898,320665,2113268,141,60985,3662001,3651661,3643404,3625890,1619172,25089,2541394,152346,3581028,650118,3051,1506816,20084,2419283,126265,397,3495577,562465,2185,1652375291,4021,74056.528226809251,17922760758.943492688349946190686,0.839980577042,0.809681228283,26744071942.484324232601555269962,25849543272.328184486588905177,25779373489.736364418706308457986,31838917081.4823701620824328954528,0.37094927,0.29903175901081121336554,0.217993,0.175729770925398421286,41206.899621,33217.942919929617122403342,0,0,0,0,0,0,0.539348789134,1.367465076379,0.8363409116878491,1.318138577176,0.8061728510720153,0.000020878945028261763,0.806125751402102,-38.606163058316476,-32.41062373057138,0.843865662122536,0.0000212303986764492,0.000287606345996155,0.803577363646765,0.843865662122536,0.035217112374,29895495518.623744,18335570791.753393,1529302467.403149,22233207074.417693,29058590173.276384,9249651162.369285,29280196946.531659,29514492460.812302,29895495518.623744,4684933140.549168,13952691329.66485,29895495518.623744,67.015826152,24836994360.976137,33032847931.246546,33174809354.00713,17893464876.422627,32172628167.98619,33164763801.597762,9386312811.034124,29599173036.474948,33176054597.167678,33176054551.399452,33176053849.78648,33176028266.77277,33172587772.479374,33133059676.395984,27562617859.365404,31199872862.388933,32765849583.908073,21419958043.88103,33175939809.803577,33171293854.616289,33120765208.339556,27021950191.076636,30916497215.730294,14703175412.501136,32670339655.928722,20493396870.20326,7540618314.577681,32308545929.096298,28492581127.215977,33176054599.382431,31979344965.593843,111085,1.285706018519,336362,24260988578.387605,19557407647.51052247906316774571,72447.16966383,58401.52908221052810249537066,119.772723,96.551876325850824463746,132.302852263209,0.04585488297185665,0.03905745411805931,,
2022-04-30,92790,9204,1091874,2893108,899,320435,2113057,141,60995,3662858,3652518,3644261,3626747,1618885,25073,2542252,152249,3581885,650010,3053,1480972,19126,2400301,120754,390,3487050,544043,2071,1652375292,4011,68398.228122662678,16746186054.526987070258785606816,0.792514500968,0.763928717213,24995175374.439236448629727946149,24156905855.2846087916469623335,24093606157.357574768432944437604,31539076375.1564360473973348082608,0.3670928,0.2765458171283348172688,0.217281,0.163686543815247036801,37993.370784,28621.939108914919674236064,0,0,0,0,0,0,0.539699501579,1.16564866695,0.7773929173754226,1.123604034724,0.7493525650520809,0.000019975034448871603,0.753340346441921,-44.2048731084949,-34.18745666303545,0.806125751402102,0.0000208789450282618,0.000286304143780974,0.76478969257427,0.806125751402102,0.035217840504,29898221235.541961,18326846151.759445,2608212313.255017,22229243573.134496,29061256130.929954,9125778959.718246,29282840231.111295,29516663855.947299,29898221235.541961,5003023883.825573,13919341940.969756,29898221235.541961,66.9976737657,24841948206.091354,33035942660.711036,33177882302.910751,17906758552.34433,32175476585.663758,33167818258.313941,9387370199.824322,29604739104.620172,33179127456.566916,33179127410.79869,33179126709.185718,33179101126.172008,33175657899.15525,33136105593.380371,27566637919.894405,31203219068.258267,32768899668.622613,21434730555.987883,33179000617.203527,33174110988.440591,33120531734.526461,26905437522.689568,30850343464.268696,14620352195.95191,32649898281.653514,20360742213.904841,7541408899.216155,32312250870.257959,28498364997.660681,33179127458.781669,31982365302.951524,103498,1.197893518519,323057,28464089051.454358,21443146707.176316556635629341718,91838.92382517,69185.96669130676036456295157,120.58381,90.84064920068677789901,133.076790489596,0.046091990895483305,0.040007886888028185,,
2022-05-01,113776,9193,1091276,2894547,903,319985,2112950,141,60837,3665472,3655132,3646875,3629361,1618307,25021,2542891,151960,3584499,649514,3066,1497465,19716,2413907,124123,397,3495994,555870,2148,1652375293,4117,67205.058780665533,17532394882.338654233749716383543,0.830402512885,0.800452232363,26172632662.373242255870118855671,25293088517.8610479213117244395,25228659495.050036685325240837717,31518007540.0400904297086268707031,0.35117892,0.27700028983668290344884,0.211209,0.166595860070746727493,39448.630585,31115.996671170450207941045,0,0,0,0,0,0,0.540232800155,1.149839524976,0.8089966129426228,1.108368050849,0.7798183829600092,0.000020509318702625095,0.788772543171677,-41.79314319599911,-32.278473251648954,0.753340346441921,0.0000199750344488716,0.000275975891052672,0.715351911701672,0.753340346441921,0.035195349089,29901871131.192441,18326727206.679563,2421130271.973654,22227440640.669859,29064537636.494273,9003551355.089707,29285759294.417675,29520027099.589393,29901871131.192441,5030882065.992899,13901854469.411902,29901871131.192441,66.9875098486,24861526234.42277,33038228269.643576,33180223000.443906,17925718577.586373,32177885656.65032,33170142132.813283,9385397229.672254,29610577756.869091,33181470231.43757,33181470185.669344,33181469484.056372,33181443901.042662,33177994747.017229,33138401414.424857,27579159424.513964,31206711174.451648,32771227862.699336,21468812423.187351,33181351618.771284,33176616421.506398,33125044069.701355,27001144750.634792,30901305464.343507,14711435802.873667,32668212685.53701,20478111779.644478,7540051067.720308,32316553054.548921,28514693076.576435,33181470233.652323,31984708029.522521,112332,1.300138888889,377293,28857479250.713181,22761987298.108935806313969774537,77109.17700741,60821.60165000978772473112657,140.39894149999998,110.74283014556648780444463656646,133.840978016768,0.04623894091453099,0.041105131707308465,,
2022-05-02,100694,9163,1091192,2895523,897,319738,2112938,142,60639,3667202,3656862,3648605,3631091,1618267,24954,2543055,151610,3586229,649399,3051,1494313,19565,2411905,123221,396,3496707,553678,2121,1652375295,4140,63971.477053140097,17363360964.327808066312384484888,0.825878487817,0.796091992288,25958799919.016394025655627143716,25085922814.4676479416191438965,25022558463.265498458461425195398,31431742443.9054750283418324947901,0.35261035,0.27585131470364077976065,0.212094,0.165923685282505143546,38450.747917,30080.482221360567506592103,0,0,0,0,0,0,0.541241196567,1.161546754658,0.7979642984324492,1.119653900293,0.7691845682934472,0.000020284985297082063,0.782312018645059,-41.06590652686693,-32.74118091544281,0.788772543171677,0.0000205093187026251,0.000278807730671177,0.748250751066108,0.788772543171677,0.035188198854,29894030232.158531,18327754392.157277,1319282692.503207,22194930603.777032,29056698281.009827,9033544055.830567,29277921684.938539,29511792267.968896,29894030232.158531,5146021284.029118,13697064357.444897,29894030232.158531,66.8881497546,24876070597.475517,33038891548.868371,33180908350.156238,17959550147.206799,32178272828.069121,33170820268.97132,9470275924.584898,29613179759.128184,33182156605.804971,33182156560.036745,33182155858.423773,33182130275.410063,33178676216.654653,33139074881.416868,27588475700.092404,31206408246.544003,32771835067.772298,21488646432.533274,33182036712.922176,33177270994.65798,33125321706.94241,26999658329.061148,30893936367.252866,14757456498.299334,32666178010.914153,20481146390.065315,7571382163.933288,32318055249.723257,28528990191.479829,33182156608.019724,31985394403.889922,109046,1.262106481481,340325,28567215632.906196,22348476128.847532946410365885564,84672.42515702,66240.25584816099296572216418,119.691062,93.635756326990912762658,134.632732149429,0.04606871120359025,0.04105730907931164,,
2022-05-03,83803,9048,1088158,2893370,892,317889,2110568,143,59946,3666285,3655945,3647688,3630174,1616852,24680,2542048,150866,3585313,648231,3052,1486524,19127,2405199,121171,397,3494075,547752,2099,1652375296,4178,62290.80253709909,17258444757.19601979119671508369,0.855810554097,0.825093369238,25651231576.203666668641458762283,24667252593.8276208915828050255,24730544610.620491045865417117582,29973025517.6431654826385028931271,0.38033724,0.29257657548470861634012,0.223219,0.171712479701228237947,36565.242159,28128.019577176595586670167,0,0,0,0,0,0,0.546141306494,1.070610160606,0.7837469250952682,1.03218327973,0.7556162844237881,0.000020402275435690242,0.769255662381913,-43.43359986054885,-35.09043572825647,0.782312018645059,0.0000202849852970821,0.000273389626358537,0.744435521232253,0.782312018645059,0.035032329888,27437293209.031759,18590118624.768211,2462708026.458466,22435252154.99513,26600006093.290363,9232276006.730674,26821591718.558156,27055233666.927428,27437293209.031759,5541562853.089215,13955863313.804409,27437293209.031759,67.2811545361,25081591934.764233,33201675857.397329,33344270347.159006,18211366924.283238,32339167148.844329,33334144279.020681,9737880448.055153,29776898178.859805,33345521949.196738,33345521903.428512,33345521201.81554,33345495619.60183,33342042438.328796,33302423260.212685,27771659497.388938,31371595569.937731,32935252281.205581,21748626861.006192,33345399874.796377,33340564470.507304,33287849112.97934,27160519191.903628,31042216182.593191,15033699174.115392,32823446239.636363,20712856566.806521,7770473111.455489,32484194603.091729,28726459410.328172,33345521951.411491,32148667627.671614,96139,1.112719907407,303140,31146278242.44336,23959450900.12213195671059094768,113358.13523505,87201.38740661685885512365065,121.703098,93.620797265920871266474,134.914287528004,0.04600941286331737,0.04061419674943501,,
2022-05-04,97958,9047,1088431,2897532,895,317781,2113142,144,59860,3670841,3660501,3652244,3634730,1617560,24654,2545095,150731,3589869,648273,3046,1547577,21232,2450928,133503,432,3516981,591793,2414,1652375297,4054,68416.850024666996,20085031517.159156873683564164348,0.99225240806,0.956640116818,29852772578.823488914858664991942,28705905791.905393455492331971,28781345971.215459181004514784416,30085865588.5529446287242256312724,0.35768647,0.32020174072703626861662,0.202901,0.181637436258789397146,41145.032764,36833.126825579229912853944,0,0,0,0,0,0,0.54669371524,1.132971510945,0.906119708707108,1.092308761136,0.8735987506278067,0.000022582251413174786,0.895202272333746,-30.338341519499913,-26.16287501840737,0.769255662381913,0.0000204022754356903,0.000276618761837823,0.731497127709839,0.769255662381913,0.035042376961,27440924868.046396,18583998300.605629,2693766364.664017,22436305333.317038,26603447770.4378,9417434217.739222,26824537759.341668,27058261085.44548,27440924868.046396,5614610635.414871,13946270487.469634,27440924868.046396,67.2802885029,25090730381.852227,33203481787.38432,33346264263.796599,18230877708.557893,32340523375.700985,33336121159.383506,9751370631.689298,29779199580.611498,33347516532.790074,33347516487.021848,33347515785.408876,33347490203.195166,33344029414.115447,33304310047.657786,27778025979.512451,31373023843.2203,32936938506.424874,21751434352.535232,33347416552.226102,33343066670.129634,33297011095.521417,27423338835.393635,31193927255.913431,15449939457.908675,32878128658.862763,21101406973.495415,7729925079.750835,32487036952.283632,28736439894.755618,33347516535.004827,32150662325.938896,115031,1.331377314815,339326,29433676145.288763,26349093768.398074412455079496198,87239.69994113,78097.17762501374314391237298,102.132915,91.42961758806933184959,135.635430544978,0.04747227097032754,0.05033259281911859,,
2022-05-05,93881,9061,1088055,2898090,896,317310,2111991,144,59712,3671620,3661280,3653023,3635509,1617291,24608,2544834,150510,3590647,647775,3045,1497048,19419,2415531,122905,403,3501940,554749,2140,1652375298,3986,63170.570496738585,17757667331.338486179988114870599,0.878210537904,0.846691546153,26375781655.239724206720586639362,25361390501.8268298479137852305,25429154384.737359890048448620103,30033551770.163770794721369809348,0.37512487,0.29668722037957128725841,0.21789350000000002,0.17233252717628698468855122009486,35518.323181,28091.532766447029947847483,0,0,0,0,0,0,0.546977977589,1.103437309938,0.7963995680707686,1.063834925352,0.7678167734750935,0.000021667361482968193,0.790902561004743,-46.407492386351535,-32.57367735326373,0.895202272333746,0.0000225822514131748,0.000304825945108608,0.843554316997737,0.895202272333746,0.035022074382,27458811487.045418,18589702116.389918,2894991913.460175,22452408434.206593,26621161708.569091,9379409879.604086,26842789533.06648,27074946252.924797,27458811487.045418,5637209994.135607,13954670387.313579,27458811487.045418,67.3256533719,25111093243.336172,33204917684.626531,33347711860.993374,18241149312.718405,32342095325.360943,33337554475.103906,9740848211.931403,29784140041.725652,33348964782.691981,33348964736.923755,33348964035.310783,33348938452.097095,33345470791.993768,33305790060.9158,27788015376.143789,31376072262.66112,32938345105.065408,21764858653.368724,33348845960.466626,33344092155.017123,33292512049.993199,27223235278.274159,31073600398.570693,15103229460.280046,32836110201.139312,20789178311.045623,7725640143.046671,32490031609.179759,28749566589.498362,33348964784.906734,32152069848.443521,94684,1.09587962963,293757,30222799686.534985,23903289672.813863591509820433855,107535.39503512,85050.01933193313332097157416,112.37503000000001,88.87769901998483267631561004743,136.447865838909,0.048281297406660866,0.05433261747064072,,
2022-05-06,102123,9068,1088130,2898774,893,317160,2112287,144,59669,3672942,3662602,3654345,3636831,1617472,24587,2545253,150392,3591970,647615,3040,1494057,19321,2413330,122173,403,3502351,552520,2117,1652375299,4122,64811.883066472586,17598211497.18148731566944837446,0.871831104189,0.840540617351,26158153804.631620950956539825106,25150519519.3346895261484186765,25219323607.608181162080553961511,30003694154.6918209148453923575612,0.35286981,0.27676513817724316745559,0.214605,0.168320385579393346095,38482.21698,30182.62202662322760977622,0,0,0,0,0,0,0.547098905912,1.29304774651,0.7864445626736272,1.246639568025,0.758218644696489,0.00002176085497455669,0.784326486239339,-52.92228774752096,-26.078752375095796,0.790902561004743,0.0000216673614829682,0.000287953251908137,0.751066852381275,0.790902561004743,0.035018642746,27449531375.138584,18564448092.225434,3311781041.29755,22437354604.15314,26612793252.871996,9287793861.299129,26833328771.027311,27065414429.264893,27449531375.138584,5483189794.585024,13912858848.193917,27449531375.138584,67.2761985751,25121442638.35181,33207027718.309979,33349850085.913071,18246352224.823351,32344084911.075294,33339691736.629616,9749191188.80335,29787817738.678036,33351103477.732501,33351103431.964275,33351102730.351303,33351077148.137593,33347608642.663268,33307921341.973008,27793856405.672192,31378213717.779682,32940304289.390895,21768318672.939032,33350983496.775197,33346197693.362149,33294242606.932795,27219018014.773296,31067904493.633861,15122054386.524406,32835440795.855309,20769949538.713082,7734783807.45718,32492758306.113089,28756641888.761209,33351103479.947254,32154114453.700149,109055,1.262210648148,347266,25792631068.695679,20229843696.977689040804549116181,75514.66389742,59228.15099420809720866460538,133.149986,104.433060662197180499254,136.937947753448,0.04827177625445596,0.05177879096178231,,
2022-05-07,88561,9073,1088501,2900999,894,317176,2114326,144,59642,3674607,3664267,3656010,3638496,1619340,24565,2547897,150369,3593635,647816,3041,1484869,18917,2406607,119843,402,3500069,544764,2079,1652375301,4122,63458.777292576419,17112348628.485096387577066786192,0.848743663724,0.81828217564,25443346241.546122769496895274128,25800944470.2581805382561912,24530182206.891560033584524709248,29977656775.5634321850893461216069,0.35181913,0.26839726110666599133328,0.211789,0.161570485187998968784,38343.00788,29251.27549938319620715328,0,0,0,0,0,0,0.547338558922,1.298563527029,0.7620002941327013,1.251957962716,0.7346520335543829,0.000021484424352879113,0.762884215837456,-53.61718301634323,-30.228027455231505,0.784326486239339,0.0000217608549745566,0.000290762515754644,0.743959456422018,0.784326486239339,0.035039679716,27452854354.6932,18566227583.61147,1806951926.855554,22431121621.385257,26616489231.993664,9242285173.640904,26837260774.55715,27068079676.764987,27452854354.6932,5377246584.434547,13903836092.146921,27452854354.6932,67.2566747551,25126882887.462641,33207137988.9248,33350265511.412572,18254571502.331411,32343825030.527653,33340099617.539652,9747371567.609486,29787303564.216613,33351517453.96396,33351517408.195734,33351516706.582762,33351491123.998193,33348026875.129615,33308312663.811081,27793555178.63943,31377619197.891423,32940319576.55991,21770333636.367634,33351392376.744283,33346495835.358546,33293204398.155364,27169198714.298263,31037468128.242197,15113277481.020023,32825176507.413546,20722408313.740754,7734606622.938868,32492886348.08439,28758608349.903692,33351517456.178713,32154528429.931608,108985,1.261400462963,327570,25683393043.140567,19593455161.761464194786231677552,78970.96637114,60245.70375397324716840941984,131.221376,100.106716530871968659456,137.55898968108,0.04810690090395091,0.051307294971798034,,
2022-05-08,80784,9054,1089075,2901810,894,317081,2114618,144,59571,3675000,3664660,3656403,3638889,1619769,24529,2548287,150253,3594030,648053,3043,1474099,18513,2399825,117544,395,3461116,537159,2046,1652375302,4125,59082.226181818182,16586061804.074160843047780808448,0.824440233615,0.794851423486,24679577172.110260924332452509216,25026080883.2347216250623888,23793837620.317126096277584332096,29934950001.0364167020706331248853,0.38091742,0.28186860318913746768448,0.223449,0.165346225210728293856,33682.241918,24923.949347617849811926592,0,0,0,0,0,0,0.547715211498,1.176259729677,0.7361563481433493,1.134044267131,0.7097360092004676,0.000021726269705653456,0.739972992542944,-54.26810846105551,-27.744831393060466,0.762884215837456,0.0000214844243528791,0.000289351518648708,0.723827797896767,0.762884215837456,0.035055624152,27451498200.81263,18541017945.556356,916095458.259287,22414415081.657992,26614648170.327474,9178166749.37906,26835677490.167004,27066109041.44433,27451498200.81263,5057569908.672759,13903164066.744662,27451498200.81263,67.2056157543,25132385295.640007,33207658211.79641,33350745622.554324,18267396197.852073,32343671288.351855,33340578897.414348,9747589800.362015,29788259500.292809,33351997193.382886,33351997147.61466,33351996446.001688,33351970865.417075,33348505051.703371,33308801541.481769,27796565161.11837,31377476003.247895,32940625187.095553,21785243050.821046,33351819286.298732,33346879453.112953,33292205700.307768,27123129232.818328,31008348449.646426,15023725856.123332,32815088840.726963,20690014655.582959,7734122874.027869,32493089131.859378,28763598756.025137,33351997195.597639,32155008169.350534,88424,1.023425925926,268096,28354279547.39393,20981401088.08427813931880992992,106433.06130776,78757.59088140979205660044544,101.9217575,75.41934790251124670408,138.285753582376,0.047815650480654365,0.05044060201667243,,
2022-05-09,100642,9018,1086917,2897254,901,315419,2111231,144,59021,3670841,3660501,3652244,3634730,1617034,24335,2543571,149150,3589870,645958,3057,1396615,16055,2345439,102429,297,3200571,486034,1786,1652375303,4219,53161.303863474757,13862978584.900726495295340491796,0.692850043531,0.66798521963,20603161493.274800344898004209649,20891364749.76066693817018185,19863760540.479343974251560223334,29736826439.769365846368515139281,0.36566129,0.22587534246166159599387,0.213373,0.131804215445042377119,32264.855325,19930.562641756092786990975,0,0,0,0,0,0,0.549884466768,0.978462020327,0.6124302704341685,0.94334722737,0.5904515306360257,0.000020281009542662638,0.617717403069003,-65.25648587712732,-40.68734957962185,0.739972992542944,0.0000217262697056534,0.000293682405967904,0.702763183610567,0.739972992542944,0.034969098404,27474740352.440902,18571255924.351635,1466648593.612842,22442266505.727932,26638980068.539197,9208100362.360419,26860056034.716729,27088848177.121267,27474740352.440902,5109401711.815779,13940504961.328394,27474740352.440902,67.285686177,25195866798.82725,33209519951.90419,33352448640.100111,18340682025.772674,32346362092.073703,33342301177.108283,9704601570.080784,29804479052.442406,33353700882.54613,33353700836.777904,33353700135.164932,33353674553.580341,33350207395.927997,33310561290.146856,27832605991.923999,31383502148.926625,32942520711.390491,21875812275.767534,33353143320.004401,33347842407.54125,33282873629.560867,26822525682.053687,30806045080.752814,13581582985.111077,32744216606.678969,20375198532.483179,7694518531.672082,32499002001.604622,28806541737.145256,33353700884.760883,32156711858.513778,88237,1.021261574074,268863,34087885060.276969,21056679835.548954084205798691907,130005.80382392,80306.84752201012216102195176,149.099321,92.101245367471663446963,139.134369098236,0.049186725927520526,0.05887932297556674,,
2022-05-10,94896,9012,1086959,2897436,903,314914,2111598,144,58722,3670846,3660506,3652249,3634735,1617523,24199,2543442,148706,3589875,645694,3043,1403376,16167,2350127,103303,302,3209472,489915,1807,1652375304,4195,51561.076042908224,14082226304.001594504494713561652,0.709559433505,0.684095742248,20933505087.204827424979251521714,21224931557.49946369964814365,20182272300.63585527424232608586,29502116522.9340858107388916970371,0.36370719,0.22825547864061152932953,0.214077,0.134350514492018137899,30395.737088,19075.766738775847915027456,0,0,0,0,0,0,0.5515006026,1.063390801231,0.6200399853040929,1.025229297388,0.5977888446564198,0.000020250579004028097,0.627580330871687,-62.05534483817026,-39.30265381637839,0.617717403069003,0.0000202810095426627,0.000273574367847392,0.585062471290097,0.617717403069003,0.034962662925,27478344706.731491,18555467594.300258,2680472881.854599,22438922335.953196,26642315479.427349,9238389010.716244,26862924204.27304,27092214510.154473,27478344706.731491,5002332968.003973,13817808787.267643,27478344706.731491,67.2712297598,25232477479.789538,33211629161.626567,33354644991.399269,18395797481.555448,32348007973.286704,33344506109.991224,9704804565.488145,29809323034.340695,33355897334.671069,33355897288.902843,33355896587.289871,33355871005.70528,33352402837.841657,33312771154.922427,27847129508.788967,31385540680.868224,32944470818.429234,21906538802.664573,33355354041.590823,33350114651.098212,33286092479.052112,26874931390.285043,30829136370.800331,13686122933.740219,32752905325.210502,20459208638.570607,7690108508.95867,32501970855.249293,28827591472.650351,33355897336.885822,32158866853.91078,83572,0.967268518519,266850,31367487191.240455,19685617990.092088665520968497585,124453.14921294,78104.34856108031774818002978,153.9319855,96.6046863918257256445385,139.904941718581,0.049213981470907005,0.05916688683594895,,
2022-05-11,118939,8999,1087737,2899677,906,314683,2112991,144,58471,3672749,3662409,3654152,3636638,1618689,24036,2545019,148411,3591778,645999,3044,1327055,14181,2287344,90358,261,3124667,442655,1562,1652375306,4055,62596.306288532676,11477695328.196463297688159579345,0.582808521158,0.561895513772,17068760199.070224738557556489028,17304710555.56224187012640635,16456279263.798080098902445706882,29287080712.4639216528667442820523,0.33916649,0.17354028319469430804137,0.207586,0.106214895307769976418,37277.110706,19073.465508338430110492978,0,0,0,0,0,0,0.552570421929,0.951118988776,0.5038888184896739,0.916989840495,0.48580769887569386,0.000017768337802490302,0.511666949157313,-70.92342972938161,-44.63979572511561,0.627580330871687,0.0000202505790040281,0.000267861621279829,0.596073346177202,0.627580330871687,0.034984720249,27478142809.487288,18552826824.716829,2509460296.144846,22431965455.458065,26641599290.214508,9230088512.611633,26862480939.000291,27090693260.984014,27478142809.487288,4755852845.661203,13826707188.249821,27478142809.487288,67.2438723981,25266132356.17088,33214748139.424278,33357870286.737644,18433264138.980269,32349980357.34755,33347722651.109125,9692882575.612122,29811773519.834987,33359122034.456803,33359121988.688577,33359121287.075605,33359095705.491014,33355624345.25385,33315971469.987382,27854725771.105557,31387400969.82866,32947262034.881185,21949348813.615617,33358425389.818452,33352194273.609125,33275597433.086307,26556315078.722642,30607631488.91104,12962442564.013052,32671973255.229359,20057274865.888378,7681701886.020031,32505045027.570203,28845212199.228081,33359122036.671556,32162091553.696514,109908,1.272083333333,339123,35073552762.946303,17945977738.324780912636918763839,105440.20802316,53950.26955772271398358736908,217.88719700000001,111.48567734942844673833049157313,140.747763692151,0.05136285318676376,0.06625243411810722,,
2022-05-12,155854,8880,1072251,2869709,901,309668,2087881,145,57591,3641654,3631314,3623057,3605543,1597564,23684,2516036,145975,3560684,636131,3012,1258924,12588,2228638,80753,241,3011159,405122,1358,1652403616,4232,56166.681001890359,10606138409.773495698032926368254,0.549315996361,0.529605835901,15766887121.738126560595480067948,15983011542.3956746432286497,15201151047.825543858970442920166,28702763484.3840956253054574601184,0.33717603,0.15934495991289066065658,0.198294,0.093711138009919449684,35091.258253,16583.667408437007093451558,0,0,0,0,0,0,0.558770915864,0.836469763004,0.46519713563132065,0.806456158161,0.4485052674727294,0.000016278861388061217,0.472586855930686,-70.84569505296183,-50.51691539691657,0.511666949157313,0.0000177683378024903,0.000247388231498933,0.486345124481076,0.511666949157313,0.034408601671,27529430368.481382,18599106983.813592,2527463441.864111,22442728308.400289,26692309210.63448,9755032113.486623,26913275561.979245,27141293918.830775,27529430368.481382,5346413030.674797,13829019965.622053,27529430368.481382,67.2684362353,25394189520.764456,33219961663.554626,33361690493.351248,18642240779.185798,32367406456.128014,33351624622.824258,10079416995.622544,29871381949.276182,33362940426.349865,33362940380.581639,33362939678.968667,33362914098.384054,33359452223.53991,33320123688.403665,27942424912.185797,31419621066.337983,32955843572.039542,22119028719.010778,33362077914.429291,33355405914.84874,33270045042.037275,26383435937.526674,30487846665.275339,12909428694.235074,32622619975.884006,19862131135.083048,8022477277.653508,32527037891.705557,28932706476.826714,33362940428.564618,32165835458.731181,104074,1.204560185185,302143,39885411169.852869,18849321062.263431953462682238134,134173.8338239,63408.7902750032335407301954,382.9548105,180.979409857726658265003,141.719713916538,0.05163541113698295,0.06635495756988902,,
2022-05-13,125938,8882,1064244,2849832,902,307810,2072437,144,57307,3621427,3611087,3602830,3585316,1585586,23583,2497066,145072,3540456,631593,3021,1311961,14228,2254793,90423,262,3086561,440410,1607,1652490343,4141,47995.588505191983,11873172041.941752716990176899487,0.61875525228,0.596553950967,17642855886.918660195137125621896,17882878867.73848234678178335,17009819871.277124078863873562876,28513464446.4212127410728375379853,0.28996866,0.15332448751637672032218,0.179273,0.094792798816683857429,33642.163842,17788.706993426907870917466,0,0,0,0,0,0,0.560053388087,1.176291916879,0.5219710278693932,1.134085873081,0.5032424012864514,0.000018055161226156783,0.528762272158573,-72.44072337246924,-45.760481238610815,0.472586855930686,0.0000162788613880612,0.000241306145866611,0.454817433754927,0.472586855930686,0.034100071384,27543401130.613336,18615763931.368999,3158718990.750173,22454650543.564219,26707974377.290547,9853245695.932967,26928418545.505773,27153437798.056484,27543401130.613336,5264733859.157932,13840058594.688508,27543401130.613336,67.2973362025,25451593216.399866,33224409827.840846,33365080136.511388,18686925552.892409,32378695744.509393,33355090728.206337,10097370736.091779,29898128142.411985,33366328905.660999,33366328859.892773,33366328158.279801,33366302576.695203,33362848694.660608,33323795782.695272,27979713633.610743,31436087845.420998,32962363428.952871,22176018431.537795,33365657594.316811,33359692693.890016,33286585450.813241,26765457813.523064,30713030623.547842,13373885145.433423,32707811412.9963,20402873402.681714,8103205688.143705,32537761205.345376,28962788735.877962,33366328907.875752,32169125459.420012,116020,1.342824074074,279078,28365687487.171666,14998705367.056893130088424592618,104793.73333191,55410.97254456031837516096443,203.18268899999998,107.43534029892868596755155682854,142.344135875538,0.052410325372896416,0.0704428573298806,,
2022-05-14,101982,8865,1063699,2851500,904,307672,2074734,144,57263,3622683,3612343,3604086,3586572,1585252,23575,2498753,145040,3541711,631463,3020,1316033,14323,2260798,91016,263,3090848,442900,1626,1652576286,4064,50048.263779527559,12007685662.739656204175838211507,0.627046502016,0.604548184905,17865199510.045337236591195164179,18107861765.63173428596401585,17224199324.969831126241624376159,28491028101.7338458124404234011231,0.31399554,0.16811779110100381182342,0.195994,0.104938045773039136462,32101.64768,17187.69030497778300128864,0,0,0,0,0,0,0.560498916515,1.382194880006,0.5310381502238775,1.332601973227,0.5119845957206511,0.000017816309316141487,0.535414582961923,-73.37754614678884,-42.506726147671415,0.528762272158573,0.0000180551612261568,0.000262276136130699,0.508751457229541,0.528762272158573,0.034097030921,27553052182.5428,18609595715.612249,2872038531.073641,22426893186.795409,26717520215.602581,9681043419.585567,26938020471.952913,27162867293.126846,27553052182.5428,5239195882.700564,13845600393.234344,27553052182.5428,67.2127151784,25453470893.039642,33224932418.744119,33365791281.570013,18702189457.22033,32379333221.437586,33355811070.169896,10112103784.224447,29899735459.116689,33367039444.51592,33367039398.747694,33367038697.134722,33367013114.550146,33363559807.358383,33324324503.89664,27983729853.768007,31437318095.947647,32963105638.527115,22189073923.643466,33366373590.103024,33360481221.345862,33287959278.353594,26789106607.269745,30726366986.539078,13412040389.435764,32713438880.544876,20449640735.300094,8117841121.25477,32539088024.15486,28967514138.608334,33367039446.730673,32169835998.274933,102236,1.183287037037,286270,24140618612.754116,12925239246.990581164755789525068,86951.08541514,46554.87913563372850726771422,167.832299,89.859860376625766550977,142.853948606246,0.05243145670914127,0.07052250285801787,,
2022-05-15,107185,8863,1064387,2853892,906,307918,2076474,143,57341,3623507,3613167,3604910,3587396,1586034,23632,2500798,145155,3542535,631919,3017,1356039,15297,2296495,97479,279,3141472,466690,1755,1652662596,4151,54910.438689472416,13296956423.179688195873401620145,0.696252221908,0.671270883765,19849449304.268710472211556427296,20118356429.84389454098531865,19137256524.961687021222512840078,28508992402.0428350356948892157851,0.31020953,0.18453156253190495862211,0.196037,0.116614773002193234919,35553.735118,21149.531721897784129331066,0,0,0,0,0,0,0.55997136905,1.405455932705,0.5938674921705982,1.355028560562,0.5725596899587699,0.00001907668479036048,0.594861036448187,-72.772582699911,-37.59419138312999,0.535414582961923,0.0000178163093161415,0.000260784544900387,0.514974972491695,0.535414582961923,0.034125191072,27562412999.212621,18576532496.998619,2801649723.160899,22353046524.232835,26726919673.304297,9685520332.96368,26946196156.824622,27171913113.585015,27562412999.212621,5278914689.239867,13858678125.379975,27562412999.212621,66.9890444785,25440084514.024129,33226026639.325564,33366967278.672002,18685243478.304513,32379865634.847088,33356980015.890083,10067219982.184878,29898474368.047634,33368212215.526655,33368212169.758429,33368211468.145457,33368185885.560883,33364734508.351247,33325439664.730096,27981174568.985328,31437038299.413106,32964058440.496696,22171181922.202734,33367635031.020317,33362250767.782868,33296014204.679187,26950632425.0208,30838465310.770149,13667808947.940626,32755729769.200649,20660856317.247684,8131355953.022373,32539212808.853221,28962375061.760449,33368212217.741408,32170969944.891594,114612,1.326527777778,321865,23741912813.673153,14123138863.604103437188237423611,77489.94819189,46095.75089574399960831860343,129.772767,77.196762680369079123429,143.366582773453,0.05289070579815002,0.0737126731482147,,
2022-05-16,114153,8869,1064937,2852742,906,307913,2075892,145,57202,3621113,3610773,3602516,3585002,1586319,23582,2500232,145035,3540144,632225,3028,1331158,14667,2272494,93392,271,3116581,451929,1677,1652749415,4083,69658.284349742836,12311049196.768901932075037446677,0.656928784456,0.632967163136,18568721953.896154754291719642449,18818457597.35050220549282715,17891423752.944546468243319386387,28265958796.8327098600804922143043,0.33835178,0.18826756937926504949226,0.20754,0.11548055502758894418,41361.813129,23014.768897968272856314793,0,0,0,0,0,0,0.559820929611,1.293153228025,0.5561006890084855,1.245985180754,0.5358167945569146,0.000018616016952777316,0.556425532560417,-75.39709866536167,-41.61840311158243,0.594861036448187,0.0000190766847903605,0.000278107080473839,0.571867523588387,0.594861036448187,0.034136752817,27555111004.318968,18547560227.757755,4085435341.472465,22125241342.033781,26719101306.714203,9664148451.325996,26938151325.98526,27164244885.31483,27555111004.318968,5817228130.743757,13837495760.25918,27555111004.318968,66.2999275197,25454097944.797695,33229383772.036875,33370198283.931934,18682031246.998397,32382513982.383703,33360212395.927028,10088745645.150381,29900046811.731985,33371441219.131344,33371441173.363118,33371440471.750146,33371414892.165548,33367968594.206874,33328735203.528926,27986961176.036908,31439125873.768716,32967268501.228216,22183208884.55304,33370824760.498616,33365075657.436297,33294937124.273313,26853508703.859874,30771794798.873349,13521215320.315194,32732864349.279379,20522671022.748908,8061710312.10608,32541307580.058826,28969575526.521938,33371441221.346097,32154210592.415411,122245,1.414872685185,393628,25806254431.506083,14359258865.440393484252500516611,68849.11168135,38309.40363360680084932712295,148.99647,82.90544016937219472799,143.905984203716,0.05308166338032632,0.07422966190775074,,
2022-05-17,101657,8882,1065228,2855488,911,308007,2078241,146,57191,3624516,3614176,3605919,3588405,1587070,23600,2502786,145060,3543547,632453,3024,1346235,15021,2289589,95512,272,3132592,460381,1725,1652835458,4140,56166.446376811594,12729571541.847164956790490037178,0.683014342258,0.658193746444,19301090100.201649468371129550414,19560122530.5916606853897519,18599692594.319973784951800707782,28258689321.8015554157248275375752,0.34005722,0.19667383959449013258484,0.212185,0.12271828445329550357,33698.309864,19489.590571838941090368208,0,0,0,0,0,0,0.559780749304,1.203047147478,0.577690605803146,1.159328670215,0.5566974521533754,0.000019000967242726435,0.578355135628322,-71.49744410625416,-37.0591949986266,0.556425532560417,0.0000186160169527773,0.000275101442603441,0.53327041010049,0.556425532560417,0.034151572125,27552550303.588978,18500772248.451212,3415858168.906765,22009956785.492749,26716537601.374374,9655089314.69145,26935126969.044142,27161458820.361925,27552550303.588978,5791123831.165281,13766695372.167405,27552550303.588978,65.9526041056,25454672922.375812,33230181723.109048,33371140526.754072,18681218533.557789,32382975145.474008,33361150847.664511,10108820363.924062,29899207893.023418,33372384733.736534,33372384687.968308,33372383986.355336,33372358406.770738,33368909686.469283,33329596789.646832,27987745522.634194,31439217353.090495,32967986255.835396,22167488955.025847,33371790461.157717,33366274433.494925,33298356865.963411,26913499574.41015,30808775270.966465,13531564387.889235,32748095881.88466,20595686720.748088,8049525923.037962,32542406937.626203,28971128674.921938,33372384735.951287,32159639378.170931,99096,1.146944444444,293732,27739881022.875061,16043502651.298421516843139077642,97806.73455234,56567.02722738188833329537348,104.339275,60.34515554398578694655,144.600578199161,0.053100520882000866,0.07484688967358283,,
2022-05-18,88568,8899,1066131,2855404,910,308262,2077999,145,57268,3624975,3614635,3606378,3588864,1587609,23617,2502602,145205,3544006,633116,3008,1297478,13875,2246751,88077,266,3078634,432304,1552,1652922208,4131,54067.520939239893,11226021227.89647212047421792403,0.600724634687,0.579678041546,16961576355.76002893191076889909,17188950716.1657718575745485,16367321723.97798689888539136952,28235193591.8269070939082647928848,0.34685157,0.1762852826706174789651,0.214394,0.10896449709852650742,32032.436651,16280.29865815565572905693,0,0,0,0,0,0,0.559680954966,1.388477209957,0.5093462370695908,1.339831435777,0.4915011173583813,0.00001766501890749713,0.50824415374743,-74.56871343690267,-45.68813202087747,0.578355135628322,0.0000190009672427264,0.000276344047256408,0.548273978895071,0.578355135628322,0.034185285902,27681697126.150091,18619563817.54692,1879201657.156908,22087851173.739621,26845719308.490302,9800308617.880131,27063942390.683983,27289902541.88735,27681697126.150091,5729263652.184134,13852389095.832355,27681697126.150091,66.1850113011,25450841111.401673,33230761384.513704,33371644754.609297,18678171076.873493,32382677620.552386,33361654637.236176,10083260511.731334,29897389217.831768,33372890233.11301,33372890187.344784,33372889485.731812,33372863906.147214,33369413453.376234,33330138212.78859,27983524107.36059,31438283894.727006,32968433328.446584,22145266356.896313,33372195663.483046,33365992712.464998,33289761851.980397,26695191205.433356,30668377676.939665,13442839388.432086,32695612289.806153,20274505421.079603,8059588049.450369,32541599748.419813,28966047486.745673,33372890235.327763,32203659605.913864,92352,1.068888888889,276420,24035605335.109026,12215955893.34970057764551730318,89926.99857636,45704.8712904884305690087548,105.2328505,53.483981048802315949215,145.136448210861,0.05375328166979914,0.07735966735376323,,
2022-05-19,74464,8894,1066809,2857047,910,308442,2078857,146,57274,3625425,3615085,3606828,3589314,1588443,23664,2503897,145279,3544456,633403,3005,1316481,14312,2263021,90778,269,3094346,442714,1622,1653008724,4163,48768.36752342061,11722787032.402571090436523860852,0.62937881702,0.607329700898,17743308794.151516439828138523228,17980032179.6600315197111681,17121704975.583089622531895960306,28191779440.8103314080520854624146,0.36260588,0.19277394379956480231464,0.216277,0.114980403084303202006,28515.688655,15159.93552610028725210109,0,0,0,0,0,0,0.559416729741,1.503437513054,0.5338498622917683,1.450767376388,0.5151474254017463,0.000017570127721649574,0.531634908401278,-65.34018582773275,-44.19324738705566,0.50824415374743,0.0000176650189074971,0.000264571606636477,0.484994878798664,0.50824415374743,0.034204001248,27690710428.431647,18606550617.216774,1585037570.514651,22050446363.003334,26854792060.775865,9845353815.544525,27072743854.12651,27298414922.587067,27690710428.431647,5636036845.463995,13846870165.968949,27690710428.431647,66.0687765084,25442498345.112316,33232823680.559461,33373745336.034089,18670526753.50505,32384263062.59137,33363745185.35835,10115029319.141589,29897204300.946616,33374988196.940273,33374988151.172047,33374987449.559075,33374961869.974477,33371512043.643993,33332229696.949508,27985297118.407832,31439284638.07323,32970230243.316971,22135327185.304539,33374323200.277984,33368380048.769827,33295359530.039276,26773954941.148216,30720277934.076385,13524234187.454042,32716904383.843671,20402594941.665775,8050673692.781286,32542857580.632342,28965182446.607836,33374988199.155026,32205757569.741127,78641,0.910196759259,239821,22199118958.634364,11801826574.162653968261392317192,93850.10274584,49893.99077673517731236518352,122.753519,65.260055829499538597282,145.459534526464,0.05381929864751697,0.07797824506079343,,
2022-05-20,86029,8934,1067476,2859692,910,308391,2080560,146,57265,3628137,3617797,3609540,3592026,1589720,23688,2506185,145173,3547167,633765,3026,1307569,14101,2254807,89093,266,3088561,436668,1585,1653094730,4145,51754.521351025332,11403701641.878889429348034658189,0.615359598271,0.593801629069,17280805960.766278612878197210661,17510626814.27108983620605805,16675405340.170023566124258114312,28082451316.7854717912402788308745,0.34614279,0.17921733198445769341761,0.207261,0.107310521893091247099,31330.768405,16221.677541129899172499395,0,0,0,0,0,0,0.558089563706,1.346796646919,0.5228998361796081,1.299614152786,0.5045810213019034,0.000017716641729771774,0.517755496176759,-71.36711418592111,-44.72699394505321,0.531634908401278,0.0000175701277216496,0.00026365910627756,0.502300488728045,0.531634908401278,0.034237999251,27699858957.833081,18608668654.646583,2609222805.532507,22025264291.903771,26863694259.11849,9869867534.465502,27080493511.889626,27303871798.788551,27699858957.833081,5481591081.410513,13819772350.06051,27699858957.833081,65.9905658785,25449797961.584526,33234029154.734341,33375140295.21644,18627011263.719756,32384531194.633341,33365124948.364117,10078660670.235228,29899339494.830927,33376383422.726626,33376383376.9584,33376382675.345428,33376357094.760852,33372904812.310103,33333572936.750612,27989487152.276272,31439239480.08669,32971243388.460298,22131731891.098839,33375702220.127862,33369573796.607716,33294773523.51082,26732831563.531012,30690033590.00691,13429992811.504381,32705854552.223695,20295319488.516446,8017830239.494741,32543978003.026901,28969339681.086372,33376383424.941379,32207104440.813368,90514,1.047615740741,274634,24782051174.008525,12831043201.876616753069972870475,95169.79576209,49274.68482584172387575126631,123.2123965,63.7938954849850639929435,145.888807865509,0.05379584993663038,0.07798693989071526,,
2022-05-21,78673,8912,1068150,2861236,908,308564,2081465,146,57255,3630169,3619829,3611572,3594058,1590526,23669,2507330,145291,3549198,634213,3014,1315937,14295,2263627,90396,268,3096822,441611,1616,1653181642,4108,52797.60394352483,11613449325.56101747100312051907,0.627745578622,0.605754613623,17618196068.86212153247267373672,17851754028.52383667050763025,17001001545.660245723492893413775,28065822633.9716749985010258950878,0.35562467,0.18771362661850853798665,0.214385,0.113161400874154633075,30042.460666,15857.67164060567940927467,0,0,0,0,0,0,0.558448187931,1.502130767723,0.5340028283657431,1.449508644586,0.515295826822938,0.000017941555610605036,0.527841970632995,-65.76738391428349,-41.88262050215083,0.517755496176759,0.0000177166417297718,0.000263887557081484,0.490483258330046,0.517755496176759,0.034264440114,27695647478.18427,18582427030.941911,2587927397.167546,22001754259.203786,26863511266.24291,9180909908.654356,27072783605.286779,27298898892.608859,27695647478.18427,5319768246.634811,13767877528.219506,27695647478.18427,65.9173577145,25443642643.81475,33235386514.058509,33376541467.432213,18639763824.534113,32385179274.333014,33366521846.952682,10096632372.145679,29897251740.948648,33377785488.647503,33377785442.879277,33377784741.266305,33377759159.681751,33374303867.780193,33334965734.400429,27987096363.379124,31439744073.306107,32972439587.791468,22127946451.716799,33377116289.232724,33371121560.801902,33297607409.565089,26769416444.656116,30713418008.487168,13472418060.04547,32715703206.285589,20369371592.878875,8035352989.596042,32544725829.184855,28968989810.219012,33377785490.862256,32208506506.734245,84478,0.97775462963,269323,22220292805.444166,11728803142.46780955082914985717,83373.42368535,44007.99225649476446520812325,119.4699685,63.0612636045018377106575,146.390943173776,0.05377329244650243,0.07827772831277627,,
2022-05-22,72961,8911,1069099,2863066,907,308717,2082567,146,57277,3631999,3621659,3613402,3595888,1591530,23693,2508914,145309,3551028,634718,3013,1327008,14528,2272713,91897,270,3107809,447636,1649,1653267393,4195,52566.723003575685,11922360682.888289857707873641142,0.645695825117,0.623077090815,18109720385.928928820503514228184,18348936434.1239452379501283,17475336613.01644097389774752969,28046828988.9233961624559684038261,0.3586175,0.194565305432307001095,0.2190895,0.118865408086642243383,30756.471524,16686.698992902222531817896,0,0,0,0,0,0,0.558249459055,1.501636119499,0.5489813952134208,1.449033784028,0.5297505688211563,0.00001788688282151519,0.542542696416954,-63.3494947807876,-40.171028788734326,0.527841970632995,0.000017941555610605,0.000267427699073207,0.499896194781252,0.527841970632995,0.034295355034,27701706937.839463,18573826071.289537,1582639991.629186,21974972221.772823,26870922549.015101,8659141595.131342,27077836269.406006,27304857872.422668,27701706937.839463,5236855234.958259,13744157621.038233,27701706937.839463,65.8340406633,25440797830.513379,33236906041.76944,33378101801.857716,18634001850.651275,32385836342.287647,33368070428.035703,10092606694.525302,29897556556.721591,33379346002.309243,33379345956.541017,33379345254.928045,33379319673.343491,33375862651.097902,33336504877.759887,27987690368.087272,31439547756.710324,32973719771.110899,22124818371.381208,33378693840.912768,33372821334.275118,33301027391.320991,26810460906.944436,30741145199.438282,13506707480.24289,32727431191.194752,20429369982.272286,8030702662.180143,32545492074.801337,28969219337.181558,33379346004.523996,32210067020.395985,85764,0.992638888889,261653,22228651516.220839,12059992531.323266886736287704406,86542.30362997,46952.89476553866986685051138,119.213359,64.678337240782350888486,146.949892576471,0.05382928613704706,0.07866754908402163,,
2022-05-23,75852,8930,1069197,2863328,907,308606,2082405,146,57269,3633708,3623368,3615111,3597597,1591718,23673,2508868,145265,3552737,634646,3017,1304844,13997,2253686,88435,267,3087412,434477,1571,1653354371,4159,52576.210146669873,11243787595.744059339767456857523,0.610367224579,0.589043720477,17078638227.588907197078725454097,17303600128.69248719003285315,16481986904.179695121830653064454,27980922860.5899290570562129993741,0.37542958,0.19208258127390161350526,0.221997,0.113581238843946011109,30255.87015,15479.93537722837076953455,0,0,0,0,0,0,0.558098182108,1.34935477165,0.5184058611267123,1.302214343969,0.5002950762396193,0.000017589029551542295,0.511634115974297,-61.405663891322234,-42.6065665518775,0.542542696416954,0.0000178868828215152,0.000265358556025224,0.513197535219705,0.542542696416954,0.034295028883,27708935139.664652,18571810264.913399,1715486620.228573,21976227238.742059,26878357299.133548,8547498252.149354,27084706856.487957,27311078128.037891,27708935139.664652,5106639328.529264,13717699909.664617,27708935139.664652,65.8353871422,25450392734.92231,33238122109.746538,33379322940.493001,18629635221.947683,32386943901.714506,33369287267.914581,10076247594.443299,29899618042.508918,33380569616.498648,33380569570.730422,33380568869.11745,33380543287.532896,33377081170.421859,33337744974.103003,27989323179.078501,31440977115.493154,32974817770.160381,22126593173.47058,33379876052.598012,33373679826.585418,33298018081.295525,26714314451.428435,30677561941.335076,13448105526.341609,32703727432.720935,20276675724.540765,8014168035.712802,32547316995.659118,28972878850.486249,33380569618.713401,32214401638.939382,80590,0.93275462963,256324,24738171398.681964,12656892454.385284996823501479308,98111.81959646,50197.35408586452073027218862,117.4607175,60.0969103598191371780975,147.51041959946,0.053873950644441566,0.07903217213988087,,
2022-05-24,72004,8921,1069749,2864618,903,308623,2083228,147,57262,3635103,3624763,3616506,3598992,1592529,23673,2509981,145290,3554132,634830,3014,1312810,14163,2259404,89445,266,3096890,438510,1601,1653440344,4155,56728.52202166065,11450922464.692682802754098328798,0.622499740893,0.600752905425,17394974297.803905117108844911489,17623608944.29895234822752285,16787286263.304527174330292018522,27943745442.9200742405449898388166,0.39211083,0.20432744783587338037389,0.2268935,0.1182333315954286109105,32093.487432,16723.793064152902718276856,0,0,0,0,0,0,0.557806180405,1.471171530162,0.5288409317756699,1.419776608832,0.510366037769408,0.00001757865737494291,0.521096160072583,-66.12532958531415,-41.17379265386365,0.511634115974297,0.0000175890295515423,0.000259630975331548,0.479019559197519,0.511634115974297,0.03431457215,27707122946.565912,18563845007.657933,1969196264.523008,21974682106.845106,26876457265.556548,8576119019.013534,27082211652.164146,27309122766.623312,27707122946.565912,4016208031.762502,13685011072.27548,27707122946.565912,65.828912815,25445608974.335966,33239004664.998357,33380258413.378897,18620410040.933274,32387297286.01506,33370217408.642822,10129049450.631208,29899240992.518191,33381505429.29903,33381505383.530804,33381504681.917832,33381479100.333278,33378015988.535482,33338673722.919849,27988881212.906558,31441294962.865834,32975454713.467331,22124882093.690609,33380827513.39702,33374705043.017847,33300343240.787091,26744948131.735115,30697064873.148448,13444562824.676691,32711924054.838152,20336213583.49948,8031199818.631499,32548011578.262183,28973351063.914548,33381505431.513783,32215332887.822934,81848,0.947314814815,263220,22690423752.174121,11823892687.677665131679414224543,87052.2043259,45362.5694000803886905867997,118.1395355,61.5620583018086019051965,147.850107574654,0.0538888707760515,0.07929095209972482,,
2022-05-25,95603,8846,1069162,2867949,908,308011,2085164,148,56915,3639682,3629342,3621085,3603571,1594128,23476,2512962,144743,3558711,634229,3005,1307297,13905,2258382,88239,264,3093372,434905,1574,1653527020,4061,69963.852499384388,11273865509.934511429793087457477,0.614812040394,0.593333875703,17146970543.338316403649838652754,17371517327.05276256187868205,16547949325.332746748826138603812,27889776739.4902949986883952084086,0.35770554,0.18373269509713926942966,0.211745,0.108761188108363528855,37815.914186,19423.853013168097835003494,0,0,0,0,0,0,0.560774890232,1.719034074728,0.5227959666753804,1.658980441194,0.5045323395270879,0.000017366121768905105,0.513642296669879,-66.90056673799228,-42.81803918536252,0.521096160072583,0.0000175786573749429,0.00026347203394602,0.48556354803462,0.521096160072583,0.034295495943,27707210476.573344,18552519122.247227,2866484622.629825,21948865159.716963,26876684945.389685,8596175330.867177,27082065380.117336,27309148274.664873,27707210476.573344,4017065977.993512,13668801336.577215,27707210476.573344,65.7484392444,25484870209.737536,33240237438.303707,33381847406.671934,18720402479.689651,32388513022.237404,33371782077.742916,10220782679.030979,29904849618.301895,33383096862.097373,33383096816.329147,33383096114.716175,33383070533.131621,33379603094.419521,33340220617.662929,28003691863.10075,31442974103.403469,32976692656.440376,22192529169.076166,33382403692.55115,33376216506.326325,33300652587.297679,26745273647.787102,30685489136.323623,13455389377.732746,32707337687.392074,20369400669.95301,8055643165.429238,32551941354.25344,29000421622.040625,33383096864.312126,32216874335.736828,105718,1.223587962963,314701,19419683038.913699,9974770596.708727554637373772421,64985.05376042,33379.07226271768555229638918,103.43221,53.12715789404122540259,148.216592151698,0.05353557865679464,0.07906964498758487,,
2022-05-26,102111,8856,1069977,2868675,907,308160,2085044,148,56869,3641266,3630926,3622669,3605155,1594174,23456,2513158,144748,3560299,634562,3017,1264649,12731,2231618,81282,251,3015194,408866,1402,1653613146,4015,67640.27297633873,10577789953.968083087267179541223,0.580812876357,0.560521307947,16117121753.999907623928498031545,16326995972.77787446203356055,15554045947.738320584455369351029,27749250077.0523813141357508641184,0.36372823,0.17559264475485155457507,0.212784,0.102723138430900271856,37419.26883,18064.44437555061307006047,0,0,0,0,0,0,0.56026582045,1.472376386611,0.4929655447648455,1.420936710615,0.4757430545575751,0.000016458128097058935,0.482757812762709,-72.53793385066297,-41.57880363350614,0.513642296669879,0.0000173661217689051,0.000264174666448271,0.480608174201572,0.513642296669879,0.034309961167,27677168923.392263,18478401175.764304,3443310859.738719,21911173002.947147,26846659624.427953,8561728407.920417,27051886454.785409,27278982619.121298,27677168923.392263,4550536105.438406,13613068184.569449,27677168923.392263,65.6307628336,25491447520.854948,33242726795.944936,33384271062.620041,18704767077.9593,32390387754.603,33374199610.810671,10195380749.201651,29905373267.491645,33385522360.987252,33385522315.219026,33385521613.606054,33385496033.6215,33382023493.480899,33342646963.079905,28005933968.606068,31444161654.519866,32978880680.894316,22201179249.648937,33384669697.35164,33378099570.574537,33294450229.108051,26514632962.043866,30547385229.968071,13164772605.62916,32656715612.924128,20012792033.485048,8035045040.33837,32553853464.56942,29004247593.357645,33385522363.202005,32219149098.232481,102877,1.190706018519,343453,22674584207.404078,10946332677.270256341402292927302,68386.12326318,33013.93528985378865009675462,127.188611,61.401295654687030307199,148.666044313443,0.05369510549976985,0.07855879508407296,,
2022-05-27,82270,8805,1069569,2868764,904,307715,2084659,147,56731,3641654,3631314,3623057,3605543,1593867,23372,2512936,144462,3560686,634057,3024,1239940,12139,2212521,77533,244,3002728,394372,1331,1653699787,4189,52090.87037479112,9951449954.40686199836012931985,0.547547558957,0.528418594161,15166395463.61050225297855773924,15363544232.2435875873944195,14636546612.73923921930047205057,27698772856.365418199478642895155,0.35219668,0.1599925271011030423988,0.215314,0.09781077714942372674,30527.351768,13867.67233315954561560088,0,0,0,0,0,0,0.561124124765,1.435799416445,0.464231276607209,1.385638738998,0.4480130256036001,0.000015876895891666657,0.45427040113241,-72.48157317469501,-45.92845708947844,0.482757812762709,0.0000164581280970589,0.00026705909498817,0.450552985631635,0.482757812762709,0.034294056557,27688452309.586679,18479594249.61913,2567908690.435995,21906445873.646585,26859149465.189955,8447981590.736796,27064204191.484402,27289859057.024299,27688452309.586679,4522119087.485401,13522489936.109841,27688452309.586679,65.6151290416,25504476264.507233,33243454371.103054,33385020834.166137,18733843013.215453,32391186742.595273,33374945952.235594,10194878682.334349,29909792028.296955,33386272635.851811,33386272590.083585,33386271888.470613,33386246307.486095,33382771793.658251,33343396309.275479,28013432094.268087,31445907823.585777,32979562807.464964,22252154255.472404,33385392656.338362,33378445557.919887,33289985687.876516,26411531937.381861,30474465393.528133,13062019029.659415,32627507061.861088,19900839591.493869,8071735931.649248,32555869182.354585,29016278486.286346,33386272638.066564,32219899373.265577,86677,1.003206018519,264531,23252741473.268984,10563032196.49012764101813017144,90541.97321543,41130.5384918933081608850863,127.923546,58.11188055570030272586,149.154468208506,0.05377757340063655,0.07865828024650864,,
2022-05-28,73835,8798,1070020,2868962,899,307795,2084904,148,56741,3641943,3631603,3623346,3605832,1594095,23393,2512939,144537,3560976,634266,3016,1250059,12354,2220947,78972,246,3008099,399853,1358,1653785730,4237,55428.563842341279,10191674667.326910045768086268861,0.561277109426,0.54166924356,15537865802.903946819773328362343,15739240845.98332745801573565,14995060148.833038477537017735754,27683056269.304492038237632414688,0.35177364,0.16370807399952216890508,0.214854,0.099988545278984906538,33016.066471,15364.984860740590883410737,0,0,0,0,0,0,0.560945292231,1.637043055417,0.4768053838804279,1.579853976961,0.4601484850794758,0.000016022402627312075,0.465379026124647,-69.19123116655535,-44.851527083813224,0.45427040113241,0.0000158768958916666,0.000263914581734798,0.423447252398829,0.45427040113241,0.034306758327,27685208032.112575,18444508243.720281,1681969191.546778,21899729242.626363,26855483067.002915,8413193714.73592,27060709343.516076,27286186830.025556,27685208032.112575,4345113734.125939,13505135418.590723,27685208032.112575,65.592500261,25500762760.252677,33244779203.31927,33386298593.074778,18728589352.29135,32392147590.728228,33376227124.577054,10239584567.722599,29908666471.411615,33387550640.736416,33387550594.96819,33387549893.355218,33387524313.370678,33384048597.951951,33344681832.598508,28012922331.73894,31446905463.633961,32980776382.202203,22245731172.19866,33386681728.072633,33379904753.71325,33293411846.216783,26455670398.45113,30504903129.818372,13116841977.070532,32640252044.244903,19966421569.68523,8082924858.677308,32556718161.820133,29014780199.596669,33387550642.951169,32221177378.150182,93856,1.086296296296,286366,20395035141.244941,9491421591.810523015258224160827,71782.04585289,33405.85859225270415456517983,125.045479,58.193543238309997820913,149.655266155911,0.05380949021915799,0.07895568964744468,,
2022-05-29,86211,8808,1072819,2872723,898,308101,2086776,148,56772,3645501,3635161,3626904,3609390,1597786,23399,2515086,144678,3564534,635031,3018,1266096,12631,2231747,80992,250,3018715,407953,1388,1653872548,4142,60767.662240463544,10523768513.576185091268505904576,0.579694462854,0.5594435198,16046845932.061282720592428559208,16254559388.1986734038470284,15486268276.081308213922935384304,27681558062.5989216145033540989227,0.33524421,0.16112373207964780177032,0.201229,0.096713877571980877768,36018.97305,17311.2948423248074156356,0,0,0,0,0,0,0.560515036978,1.752933258599,0.49460737886750644,1.691696600545,0.4773288528412813,0.000016330780700881693,0.480616002524392,-65.93071926564966,-40.37952494527657,0.465379026124647,0.0000160224026273121,0.000259458037978709,0.433880507525666,0.465379026124647,0.034369516957,27690172424.542889,18414838343.562286,1552764840.667336,21896417219.362328,26860275841.168971,8235180950.955637,27064174874.353385,27290914135.532917,27690172424.542889,4389152518.702994,13494951864.557891,27690172424.542889,65.58153894,25495401003.110456,33245289012.641322,33386828921.277547,18714521351.246162,32390976901.111607,33376749284.943927,10229707329.271288,29904562031.174683,33388080810.277296,33388080764.50907,33388080062.896098,33388054482.911558,33384569871.182151,33345331289.392173,28008056700.684232,31444745777.86392,32980445908.206135,22235704086.418444,33387226685.60927,33380613308.17531,33296732932.017939,26507244478.993558,30542883863.851145,13195655910.963227,32655607446.985542,20018030839.785744,8071637849.265816,32555689819.476631,29011286734.78906,33388080812.492049,32221707547.691062,107441,1.243530092593,303043,19046977772.087702,9154282316.991741296468018227184,63438.12942947,30489.38017401685994671863224,155.082253,74.535012499336398815176,150.137506443365,0.05385430436074595,0.07935547187911376,,
2022-05-30,81847,8808,1072687,2872713,899,307962,2086798,147,56727,3645259,3634919,3626662,3609148,1597767,23385,2515216,144582,3564294,635197,3015,1350826,14756,2295691,94258,273,3147030,458573,1715,1653958996,4140,55353.292512077295,12488534209.116891965089505773812,0.685761574631,0.661806315202,19060076258.051710355393227102813,19305333212.78022879777116215,18394263111.941817179154904085728,27794027783.3674449743313062402275,0.37015392,0.21129181822082310500064,0.217413,0.124104016174795106121,31362.031205,17902.121896757548318858985,0,0,0,0,0,0,0.560627977886,1.392334727079,0.5900323679344435,1.343697211021,0.5694211541133473,0.00001798658672544466,0.570821506417717,-63.71475935374899,-24.227939056530456,0.480616002524392,0.0000163307807008817,0.000265378645909499,0.448092540383142,0.480616002524392,0.034381646716,27680604067.479255,18277941610.33753,2795754247.483087,21878177449.008036,26850665941.469302,8191528949.749241,27054257488.304554,27280926080.161953,27680604067.479255,4557675500.009599,13441848195.581101,27680604067.479255,65.5219530081,25502219733.683503,33247742995.775963,33389354944.163874,18719708158.798203,32392953065.85627,33379274551.568563,10235165361.245501,29908328834.611501,33390606419.863336,33390606374.09511,33390605672.482138,33390580094.497554,33387096805.500387,33347854408.204951,28013206921.839884,31447003477.673793,32982946567.618355,22234887548.997678,33390002075.790183,33384362206.757618,33315613848.965213,26926414872.129378,30803549868.656899,13673673390.622478,32755841578.07234,20654553853.361458,8130204806.207172,32557985436.863743,29017032385.413898,33390606422.078089,32224194262.367584,84727,0.980636574074,266223,23981737848.434502,13689291725.158161762834526871934,93729.88358006,53503.03334152708654977192302,139.69054,79.73836447510435329718,150.749434314412,0.05547411016155972,0.08589720616723741,,
2022-05-31,103113,8822,1072861,2873202,904,308083,2086661,148,56743,3645959,3635619,3627362,3609848,1597822,23398,2515254,144607,3564994,635605,3007,1388260,15727,2322941,100494,303,3187513,482219,1835,1654045467,4127,60892.656893627332,13786292734.79188229625796231799,0.758041521449,0.731563562459,21048969194.535533786621645992556,21317799682.2937922448579983,20313740678.203927279359265757786,27767567605.3841164256810516780004,0.36024154,0.22706970346493652979316,0.214473,0.135187964473045869042,34494.208495,21742.60551467036416907123,0,0,0,0,0,0,0.560755180661,1.11227945672,0.6565876611326148,1.073428168224,0.6336534277516521,0.000019802021707203995,0.630326262387554,-63.81996729933927,-20.087702361824867,0.570821506417717,0.0000179865867254446,0.000285911197941015,0.529862186539066,0.570821506417717,0.034391959597,27676332172.568404,18267395899.874346,3402870209.075447,21871677506.458435,26843192911.097341,8008800134.841113,27049772670.442065,27274710062.635192,27676332172.568404,5024748551.984894,13470111518.396333,27676332172.568404,65.4962844374,25502995441.152117,33250916548.635394,33392516497.155438,18725728607.12854,32395768695.911355,33382432713.893232,10195821630.056818,29910776985.360182,33393768353.249461,33393768307.481235,33393767605.868263,33393742027.883679,33390256271.826678,33351023475.077577,28013928730.340858,31449216322.644496,32986205751.118898,22226484163.857725,33393230153.827943,33387976859.94863,33325006791.382685,27086426332.866338,30909382039.588708,14145533320.492691,32797896960.57771,20851921456.048387,8032442474.67311,32560686378.754221,29018400557.494045,33393768355.464214,32227343029.083709,95753,1.108252314815,307325,30022822190.700882,18924173297.790602942457973622628,99870.77928384,62951.17502771522420064932736,176.179611,111.050635710523194961494,151.550456981655,0.055421705303750915,0.08760840016434264,,
2022-06-01,78779,8811,1072541,2872174,904,307790,2085639,149,56680,3644766,3634426,3626169,3608655,1596875,23412,2514012,144433,3563799,635317,2995,1338252,14481,2280358,92165,273,3134278,450942,1668,1654131708,4274,52322.696303228825,12083824375.200059233600450424344,0.668169113045,0.644832223672,18451527144.341520519387342023556,18685891561.9390735877055527,17807077648.971552973853760437988,27615055506.3273595173552133158024,0.35539672,0.19635875276718672449072,0.214007,0.118240110948258974782,30691.350193,16957.149308070247696054418,0,0,0,0,0,0,0.5615335722,1.462563497183,0.5796828106187986,1.411481096235,0.5594364487943523,0.000018524349611855997,0.552505810315826,-68.21818509175203,-29.37526240837389,0.630326262387554,0.000019802021707204,0.000323689594790319,0.587201464943196,0.630326262387554,0.034385403414,27680521203.193024,18263687220.009614,2019772168.042557,21870945335.928044,26847184058.700307,8092954421.377212,27053223055.64019,27278836198.292591,27680521203.193024,5175036831.082949,13397823855.130748,27680521203.193024,65.489562358,25507339514.034335,33253341400.12209,33394826641.407008,18753018984.528238,32398026733.298408,33384744867.058291,10231193461.578125,29915613396.566702,33396078011.506353,33396077965.738127,33396077264.125155,33396051684.140615,33392565245.783633,33353338663.419761,28022717311.564871,31452456051.575218,32988535699.219679,22233049820.428801,33395451824.837028,33389579322.142837,33318989292.538519,26882293467.623841,30774068601.651626,13651592425.98892,32747708022.736506,20590726096.909403,8053128536.036729,32563401323.968151,29025434671.040487,33396078013.721106,32229665854.179138,86358,0.999513888889,259550,22833933759.480542,12615881074.479692000470721657692,89365.44216394,49374.92603701975262826851444,140.69111800000002,77.73266015482950408358420631652,152.142019594825,0.05584624494943153,0.09050101348256398,,
2022-06-02,71063,8804,1073596,2871955,903,307994,2086742,150,56710,3644314,3633974,3625717,3608203,1598180,23387,2513931,144470,3563347,636142,2994,1362286,15016,2301500,95726,285,3154886,465158,1751,1654218208,4164,50901.909942363112,12821495561.673197774467795690757,0.708457094399,0.683712294668,19598863571.912722962409857076921,19846979939.49413568006045835,18914319711.915935771443110280502,27664150344.2754138575415396230574,0.35379993,0.20762287413290787204489,0.212094,0.124464597452986952862,29805.52144,17490.98148889630077026512,0,0,0,0,0,0,0.561651350999,1.599874327992,0.6183081562036667,1.543994345769,0.5967120544520462,0.000019237863911721934,0.586836956505073,-66.6152690619643,-23.71366436380867,0.552505810315826,0.000018524349611856,0.000302306080271581,0.518660154562643,0.552505810315826,0.03443696771,27675388705.683593,18277856644.259553,2268838793.888532,21848480092.378709,26841917098.406181,8090859654.426921,27047430342.780618,27273149523.690488,27675388705.683593,5169224302.84882,13292049057.728043,27675388705.683593,65.4195867767,25506515660.159545,33254674615.509017,33396208741.50725,18757728328.425848,32397990185.956298,33386150275.921846,10273552912.786412,29914889578.277691,33397459640.808424,33397459595.040198,33397458893.427226,33397433313.442686,33393948335.24712,33354750160.613366,28019045851.101997,31451569611.452151,32989597719.663374,22237780204.157664,33396870524.495985,33391336316.502159,33324379190.484685,26976395960.145042,30835336368.699072,13886648339.534197,32772454428.064003,20744302817.688241,8059932728.194911,32562781401.090254,29023155159.079415,33397459643.023177,32230962113.498774,84244,0.975046296296,246437,20875051907.941999,12250251928.542100010015033260927,86118.72910722,50537.65288736582728869092706,112.53772749999999,66.04129749809725177323793494927,152.67986753195,0.05563888436586145,0.09143739020894398,,
2022-06-03,78818,8797,1074201,2874470,901,308183,2088336,149,56745,3647103,3636763,3628506,3610992,1599220,23393,2515979,144526,3566137,636593,3001,1344909,14575,2286580,93045,278,3141464,454653,1690,1654301714,4213,55407.722050795158,12180888507.032296816055794567119,0.674416157518,0.650860671862,18634998119.33645227603670009697,18870638752.49643800604157995,17984129325.614674581230148847527,27631304368.364656982977548672625,0.3304087,0.1843576231934761682247,0.204397,0.114047072936871663357,35351.748537,19725.159585733572990002697,0,0,0,0,0,0,0.561139999339,1.508530133729,0.5906692178375113,1.455841360585,0.5700387804829956,0.000018810458077938243,0.557968428777681,-69.72262270611208,-37.67124525688633,0.586836956505073,0.000019237863911722,0.00031973438030874,0.546178648673159,0.586836956505073,0.034467822957,27676684679.148848,18225934618.071961,2103348758.923314,21830784465.200799,26842896700.051468,7943605701.788535,27047664388.141641,27274279663.878743,27676684679.148848,5101078402.194518,13260781779.741726,27676684679.148848,65.3656546087,25499397184.48111,33255008511.87096,33396692131.599015,18740922054.102226,32397667140.766412,33386619424.731709,10232978499.184345,29912756612.087003,33397943605.740617,33397943559.972391,33397942858.359419,33397917279.374857,33394428990.407263,33355186545.76472,28015091221.365345,31450362959.869411,32989867875.162837,22241193990.61665,33397326217.184269,33391519565.415541,33321578212.155687,26894177625.424226,30786182886.041529,13749369149.149392,32753606079.606089,20630527164.307804,8055140545.702966,32562726366.800765,29020587359.038322,33397943607.95537,32231446078.430967,106994,1.238356481481,298339,22139394408.653163,12353083112.285581339453564455003,75585.64023977,42174.40092273952626886457337,176.712795,98.600160571062443128395,153.271455245375,0.05570432212541042,0.0865048805922134,,
2022-06-04,76187,8802,1074541,2874798,902,308248,2088188,151,56747,3648670,3638330,3630073,3612559,1598928,23415,2515706,144557,3567704,636668,2998,1348780,14681,2292217,93654,277,3146420,457002,1704,1654391129,4200,53694.051428571429,12310212740.871067986276378472878,0.682122156942,0.658297665039,18843849928.440971528329550866458,19081353579.85375767353720865,18185690469.068889361817670855801,27625330355.6833710449800990474575,0.34320988,0.19363862311443505510356,0.210714,0.118884598633742910318,32772.425279,18490.164989266232981636973,0,0,0,0,0,0,0.56114686237,1.774843193174,0.5988725254561388,1.712853215493,0.5779556948146407,0.000018937672521337165,0.564198860226387,-67.0697035799441,-28.663922960415913,0.557968428777681,0.0000188104580779382,0.000314643642723236,0.520909920655544,0.557968428777681,0.03446278889,27685060066.794974,18215724237.402091,1847754301.512081,21818925220.677594,26851138084.355005,7702604032.649476,27055822989.555709,27281415970.083477,27685060066.794974,5028800433.542885,13246750819.254798,27685060066.794974,65.3274823755,25498141051.065704,33256501549.440171,33398051471.524224,18741915320.541001,32399133160.499255,33387980057.123212,10309900759.602713,29913427945.289279,33399305201.769181,33399305156.000955,33399304454.387983,33399278875.403421,33395784784.99845,33356539429.186929,28017011945.424153,31451758588.837998,32991289540.47913,22233791437.204551,33398694234.442728,33392980827.089273,33323675160.108094,26911595171.254566,30797967195.20833,13739374871.953916,32759088252.084621,20652167746.901049,8056354927.084544,32564408725.879857,29021796427.071407,33399305203.983934,32232767116.494723,95488,1.105185185185,286438,18818172406.687575,10617191423.396775787797280041525,68660.01297016,38737.90106089322037387561192,225.9240835,127.4661104083910854913145,153.729295054963,0.05564464904795905,0.08416625759414481,,
2022-06-05,95590,8800,1073659,2874957,905,308142,2086970,152,56763,3653434,3643094,3634837,3617323,1597785,23404,2515231,144555,3572469,636804,3000,1349751,14712,2293571,93934,279,3152361,458185,1715,1654477523,4178,54051.393250359023,12369064269.77899771957667102658,0.688761280758,0.664706914644,18954869378.519895695681349585945,19192168123.50488591425539885,18292887672.479893991703486822252,27520230750.5552042234374400022473,0.32745339,0.18582175420207774782957,0.205013,0.116339840898365918019,33820.041323,19192.042586050546992519549,0,0,0,0,0,0,0.561519566414,1.770618145141,0.6058992544966549,1.708780904427,0.5847387698649543,0.00001896933540369829,0.567475432769463,-65.65869172229755,-27.648059484721188,0.564198860226387,0.0000189376725213372,0.000313609622111233,0.52675598079538,0.564198860226387,0.034453796251,27689391255.271434,18244559367.669544,2196783404.404905,21796651547.38766,26855812575.843307,8071212902.073345,27060583648.242581,27286110055.765835,27689391255.271434,5410070860.970377,13254905248.345053,27689391255.271434,65.255338999,25502924073.950358,33259315954.274669,33400833806.485685,18755930953.567608,32401990072.532895,33390743506.895732,10310585681.582919,29917102555.793238,33402096870.973262,33402096825.205036,33402096123.592064,33402070545.60748,33398562905.768408,33359304742.328929,28019323470.636927,31455026119.70444,32994631835.644271,22241998622.450242,33401488011.116921,33395792969.730043,33326811595.142856,26921737257.167916,30806199621.541433,13750627335.99066,32764399480.834356,20678158657.002388,8022647136.54667,32568813182.513143,29027477650.808222,33402096873.188015,32235558785.698804,103282,1.195393518519,302228,18864652982.83037,10705227115.47740527659744499131,63084.90812857,35799.13554148207495557385791,161.0523035,91.3932256271814006080205,154.186135609282,0.05562201629474937,0.08422268672612164,,
2022-06-06,91637,8802,1072717,2873670,906,307872,2085042,150,56786,3651444,3641104,3632847,3615333,1596246,23440,2513423,144525,3570479,637204,3004,1374677,15399,2311543,98165,289,3178175,474187,1793,1654563984,4245,55480.486454652532,13264493167.836115274975712413215,0.738067300917,0.71229145421,20334474395.359258914678874639531,20588655093.58940647991670695,19624324664.790575555291369905841,27550975866.4284261456417644190385,0.34923904,0.21260515439323624225664,0.2073055,0.1262007186655507809755,34467.797715,20982.853047564242423494815,0,0,0,0,0,0,0.561310760021,1.460528511476,0.6540703288369478,1.409521836371,0.631227945072038,0.000019428516525530675,0.608766861783941,-63.60137714200256,-20.201932462887925,0.567475432769463,0.0000189693354036983,0.000314270849327206,0.529357464897756,0.567475432769463,0.03445175441,27691392827.62082,18226526811.76056,1715489350.59587,21789118298.860115,26857547970.496115,8062880064.040181,27062134826.999659,27287268394.632385,27691392827.62082,5395524408.511804,13199604479.15906,27691392827.62082,65.2315516494,25500894319.109831,33260084186.035349,33401467267.979208,18749311097.569575,32402656505.253277,33391374698.874249,10215476206.712778,29920486799.899386,33402728812.180238,33402728766.412012,33402728064.79904,33402702486.814456,33399193797.39106,33359958699.938138,28023186484.963724,31457135797.884578,32996183210.516181,22240261309.273984,33402167162.168316,33396760979.913191,33331961662.383972,27037304946.087671,30880826190.610681,13889061884.03922,32792668897.862621,20802551330.306903,7993598234.109475,32569599268.182117,29028196858.614601,33402728814.394991,32236190727.075901,98694,1.142291666667,290332,22870302463.750724,13922682258.907062319692570323284,81009.5070849,49315.9034027385074925435909,152.69947,92.95837714797104521127,154.822975517081,0.0558948953668187,0.08543377614813426,,
2022-06-07,80962,8795,1072217,2872514,905,307914,2083109,150,56720,3649870,3639530,3631273,3613759,1595086,23414,2511505,144412,3568904,637123,3000,1378625,15487,2312452,98831,303,3179512,477986,1811,1654650264,4114,58122.440933398153,13439589864.353254354526858989408,0.747524346625,0.721417373015,20609738380.340151247862672793232,20866451075.2084304963781176,19889951929.98820040015651885432,27570658365.0285609016652365363815,0.35541601,0.21928483773220925375888,0.210381,0.129801027947333928528,34307.951828,21167.345977260371140780864,0,0,0,0,0,0,0.561670025508,1.661200306182,0.6708483017893828,1.603183583716,0.6474192068169679,0.000019790861649316928,0.616980753715088,-60.74577060541573,-16.621179430507155,0.608766861783941,0.0000194285165255307,0.00032781307312953,0.569708284088135,0.608766861783941,0.034441512671,27690283548.395848,18229445539.094654,2077100618.102277,21782834850.889766,26856160738.408811,8060856649.101521,27060435715.574071,27286211318.704993,27690283548.395848,4764746855.777585,13181312690.240404,27690283548.395848,65.2099003701,25508600819.887758,33261698656.11915,33402923196.601961,18762128659.772605,32404266815.046486,33392828515.122515,10210827644.386382,29921923660.40531,33404183606.821136,33404183561.05291,33404182859.439938,33404157280.455376,33400644654.021427,33361460178.461847,28027434462.488775,31457936778.977179,32998016110.694838,22250743908.21982,33403626803.603388,33398258593.723274,33334280801.023513,27060157843.705061,30894193031.723656,14115111281.144155,32800530712.039356,20845653818.526776,7987188779.434184,32570673818.11512,29032313520.62339,33404183609.035889,32237556536.768515,96529,1.117233796296,290863,20108462227.414841,12406534181.121785880832896821008,73129.52192466,45119.50755590077964304127008,143.980829,88.833400396943200047952,155.3596454252,0.05570852302108971,0.08540269002298972,,
2022-06-08,70843,8798,1072313,2873780,906,307990,2083606,150,56741,3651377,3641037,3632780,3615266,1595518,23425,2512359,144475,3570411,636890,3003,1394115,15883,2324228,101576,311,3196369,487621,1871,1654736028,4175,51700.63497005988,13996024111.4239532539053653316,0.777131060012,0.749693907812,21461008977.61007448361621131068,21727972141.415417995765982,20703313139.69511242038841918416,27615688114.7780037810461164435533,0.35850047,0.2303201583583735595452,0.213857,0.13739334318319497412,29887.108439,19201.10048543133792208924,0,0,0,0,0,0,0.561312312067,1.570186875383,0.7042316944899129,1.514750336427,0.6793683050565691,0.000021253288187497583,0.64245427170116,-59.379462667444734,4.004560743999905,0.616980753715088,0.0000197908616493169,0.00034039239924225,0.576448002019091,0.616980753715088,0.034427196469,27701882248.526157,18218404364.086123,2304444030.979236,21785245624.35201,26867595896.50405,8102437432.945479,27071640592.207841,27297383907.606515,27701882248.526157,4253367175.652989,13179124878.202951,27701882248.526157,65.2160582293,25505086434.052515,33262160172.78806,33403465269.484341,18750484040.871592,32405234605.929972,33393360322.720273,10193182637.777807,29922059900.164421,33404726097.25267,33404726051.484444,33404725349.871472,33404699770.88691,33401184000.031792,33361986267.352022,28026330922.045852,31458795479.806509,32998278294.765122,22247310361.797319,33404193874.226021,33398971722.616432,33337204135.13425,27120126206.86246,30937820789.403463,14230783856.656752,32816526601.13328,20930345769.917866,7972038805.108214,32571829669.165511,29032032696.529956,33404726099.467423,32225349027.370676,83367,0.964895833333,251248,21274363340.556156,13667805605.86286253740663034096,87905.77136885,56475.438323103209511332866,116.461,74.82086693658879476,155.964308756234,0.05564498928726743,0.07913143675012124,,
2022-06-09,68924,8812,1071708,2874614,906,307831,2083672,150,56736,3652407,3642067,3633810,3616296,1595302,23434,2512787,144414,3571440,636390,3002,1387624,15764,2319877,100548,306,3194416,483362,1854,1654822556,4320,51686.411574074074,13747079225.16908999881446377482,0.763573549867,0.736912272561,21107468116.55440396181353026632,21369211068.248111199920471,20370470271.63579697259847798916,27643005863.9683403060650197029581,0.36798663,0.2325110266824352064574,0.216761,0.13695965707969155778,30159.448606,19056.13896775869083090588,0,0,0,0,0,0,0.561122380961,1.780425231095,0.6981997076967734,1.718259103395,0.673821052850352,0.000021016371539269013,0.63184639801298,-60.98678311381805,0.6797643156482702,0.64245427170116,0.0000212532881874976,0.000358012653756973,0.599643180003394,0.64245427170116,0.034398289609,27701492673.98679,18211587454.898028,2312973471.087606,21756995479.282109,26867027834.492463,8104768277.171188,27068591591.135342,27296599724.958552,27701492673.98679,4167958913.804748,13145889461.216239,27701492673.98679,65.1289825443,25509669370.118139,33263350220.468755,33404750458.710483,18744860780.81861,32407201441.359994,33394636733.327035,10187159610.727459,29925409660.642354,33406011621.706531,33406011575.938305,33406010874.325333,33405985294.340793,33402466844.403901,33363240057.940091,28031584053.673257,31461306299.496424,32999569164.727511,22241048342.378047,33405474741.414102,33400180250.178057,33337480903.912428,27104584303.370522,30925003268.063225,14137773421.346457,32811902706.283113,20898910886.363758,7967003831.03473,32574442224.888902,29036623446.050114,33406011623.921284,32239592305.497842,81958,0.948587962963,257020,18762939909.234663,11855295997.78391171331573992574,78492.69217101,49595.3248185943036663597098,124.3227785,78.55289978619055266493,156.507278103685,0.05515813321378456,0.07914802360901288,,
2022-06-10,84714,8807,1072146,2877349,913,307929,2085228,150,56761,3656149,3645809,3637552,3620038,1596484,23449,2514852,144457,3575181,636488,3002,1352973,14854,2295090,94600,276,3157647,460862,1736,1654909613,4139,52700.081179028751,12480206232.432401648948475558848,0.696954379004,0.672620361853,19198381008.541599476815508026304,19435529003.4151438941561304,18528073529.591040496870150174736,27546108593.203205407911575598148,0.34257962,0.19687062251029171752224,0.209325,0.1202930374462053924,30161.737156,17333.080029376866285243712,0,0,0,0,0,0,0.561808796245,1.800423497387,0.6400791786938246,1.737562085529,0.6177309473295178,0.00001976825721339023,0.574671145091152,-62.667149727041995,12.313516836997854,0.63184639801298,0.000021016371539269,0.000353543340225916,0.595063292676423,0.63184639801298,0.034408866579,27696422456.737724,18218723633.856392,2165051656.401844,21717126984.778124,26861380554.763862,8118185695.351042,27062928448.996273,27290189821.159147,27696422456.737724,4197979900.299078,13167491941.83513,27696422456.737724,65.0065556407,25507253085.487638,33264757781.639829,33406332164.708062,18768680864.509064,32408423076.821395,33396206460.358703,10181456447.237777,29926373999.291867,33407595232.963499,33407595187.195273,33407594485.582301,33407568904.597783,33404044775.479208,33364787951.8388,28031774503.381102,31462149403.208058,33000804660.143957,22244300278.54975,33406991371.923785,33401313424.502087,33333090277.64371,26951575334.317816,30826657029.590045,13672788669.219405,32775658628.530059,20708003267.544071,7973649728.313674,32576354087.315895,29038217694.628308,33407595235.178252,32241175997.538893,88043,1.019016203704,280191,18555409482.085837,10663258414.705487622184453214224,69233.30212657,39786.38101151767077809110864,134.875541,77.509081591258620313232,156.998009151671,0.05556792153409846,0.07156366962148378,,
2022-06-11,64963,8804,1071442,2876715,910,307819,2084341,150,56746,3655303,3644963,3636706,3619192,1595525,23445,2513988,144424,3574336,636185,3006,1337401,14496,2279176,92240,275,3141125,451552,1677,1654996081,4132,47751.766456921588,12021734963.482645537359499832556,0.671625953481,0.648214460815,18478449719.405338442021182424484,18706070545.8500210073138402,17834329152.235586424891707262012,27513007238.0873907765339176523682,0.34890263,0.19297890434561781029988,0.211745,0.11711668123757864262,27718.220811,15331.016227985102680671636,0,0,0,0,0,0,0.561759860205,1.969340451579,0.6212567752535567,1.900693313541,0.5996010480410009,0.00001950236454939873,0.553102463990076,-61.382857694189816,17.037208514999236,0.574671145091152,0.0000197682572133902,0.000345666210137868,0.546631374121958,0.574671145091152,0.034384627438,27732513285.039319,18240745939.088806,1479433788.301319,21735095657.968981,26897064664.36088,8100800488.179175,27098939471.639614,27325779086.033723,27732513285.039319,4285944395.228083,13094147763.055688,27732513285.039319,65.0581360776,25512294101.647813,33265950565.719345,33407465303.995568,18767682313.845833,32410152496.277494,33397338376.665951,10224352680.298264,29928948370.777348,33408727896.232806,33408727850.46458,33408727148.851608,33408701568.867068,33405176546.420927,33365916109.161886,28035459625.972746,31464290299.048895,33002223223.083821,22251946868.641452,33408096236.224588,33402178239.196452,33331626716.217597,26893063220.14284,30787493732.986583,13690478922.558549,32761051224.496635,20609008820.531105,8000212899.451263,32578157927.726474,29041332611.751707,33408727898.447559,32244168690.876737,79444,0.919490740741,236245,16964424750.256788,9383065129.541259124304083635888,76355.83177953,42232.59869726979248733994428,106.0436205,58.652987788978535110158,157.451663233436,0.05522419033264837,0.07029362945331058,,
2022-06-12,62721,8808,1071856,2878507,908,308017,2085632,151,56780,3657285,3646945,3638688,3621174,1596271,23470,2515455,144538,3576318,636502,3008,1289747,13583,2249240,86288,265,3099941,426289,1539,1655081742,4148,46700.321359691418,10872055834.202340720468645402655,0.609295775749,0.588057322189,16715793456.666724522648309241815,16921432329.39419135662660525,16133124714.847399586336846438925,27434612419.7505923075250379131421,0.34848517,0.17435903149153118896915,0.217281,0.108713104553377087095,27086.009661,13552.055633995033487655195,0,0,0,0,0,0,0.561372955148,1.67985549903,0.5663143914725141,1.621300139837,0.5465741562985825,0.000018648112390726024,0.500334150493495,-66.24377189584021,-5.376352126831125,0.553102463990076,0.0000195023645493988,0.000361622841847805,0.526397039030923,0.553102463990076,0.034398906305,27732884979.301801,18233021791.6448,1280794954.347374,21729589762.119769,26897189263.779142,8047458152.284114,27098525647.683372,27325827950.584766,27732884979.301801,4289646015.377343,13099102756.568524,27732884979.301801,65.0406207901,25507878992.166427,33266363233.160367,33407996438.437819,18755054719.232738,32410352681.775185,33397863979.632239,10247921369.126337,29927238631.081834,33409259470.038784,33409259424.270558,33409258722.657586,33409233142.673046,33405705757.27867,33366401010.034003,28033184275.980387,31463864657.865646,33002536791.109372,22247312168.981062,33408546746.324771,33402109240.209317,33322821301.206733,26713151284.97409,30671818418.109158,13502167271.747627,32712475504.373923,20336613773.617545,7989490118.05045,32578358161.214086,29038911342.652747,33409259472.253537,32244700264.682715,77725,0.899594907407,231775,19888174602.840612,9950732944.77855991612862781894,89524.03736808,44791.9331853062087529606396,117.853941,58.966351452545480613795,158.009798291807,0.055628492757524475,0.06984123271121223,,
2022-06-13,76707,8827,1072947,2880828,913,308439,2087310,146,56859,3657417,3647077,3638820,3621306,1598256,23509,2517562,144797,3576450,637617,3024,1247316,12260,2218157,78208,247,3018126,397594,1354,1655168949,4169,47891.536579515471,10082759777.174187036465732771492,0.566369863996,0.546644611595,15292915730.992737066159293280507,15466267188.62110394012037165,14760301547.377467244705672866612,27001640982.6217138573828248076391,0.35666733,0.16310672384827158011691,0.224417,0.102627626830462894359,28005.518735,12807.139948974976301676345,0,0,0,0,0,0,0.560516645664,1.187752799912,0.5207964273005553,1.146386326769,0.5026583842461306,0.000020492133614069888,0.457307721030327,-70.61899468076193,-14.588108807105597,0.500334150493495,0.000018648112390726,0.000345206571090439,0.476613130598918,0.500334150493495,0.034432718151,27772818007.637637,18548485654.586982,2461561949.655989,22048085596.406396,26937027202.997573,8324698584.523074,27138154163.99752,27365612317.944514,27772818007.637637,4495789396.520639,13411720427.948645,27772818007.637637,65.9309183058,25527405845.135392,33298077672.226948,33439933898.330536,18744345292.592147,32440581441.691962,33429789605.730447,9908164364.242947,29952781513.223606,33441192935.742588,33441192889.974362,33441192188.36139,33441166608.37685,33437641848.409593,33398338758.069157,28055786797.41574,31492987038.154412,33034200612.656758,22265011031.132294,33440314347.908268,33433359028.656186,33345559271.311003,26457852521.846636,30530172709.365299,12910689509.519503,32682860442.483595,19943053025.425828,7903985681.610514,32607703056.75529,29059904358.233774,33441192937.957341,32276519438.862956,78520,0.908796296296,234386,28155010824.172081,12875503835.586323087202067700487,125063.69859097,57192.59498626020866653834719,167.4785625,76.5892397383101848649375,158.677973278789,0.05590884729985324,0.07159713745467747,,
2022-06-14,71240,8814,1073712,2882400,917,308579,2088444,146,56860,3658675,3648335,3640078,3622564,1599461,23473,2518815,144809,3577708,638025,3029,1268819,12688,2234574,81205,264,3030446,409648,1419,1655255217,4181,44680.344893566133,10614344914.281318837345284645376,0.599444385537,0.578570167109,16108572471.318558227255229577728,16290486395.8711231288749312,15547629924.449404072400381048832,26872505373.285973183755804571571,0.36656104,0.17656449673080925876224,0.223916,0.107855477085005776896,25846.585667,12449.739313549533100503552,0,0,0,0,0,0,0.560676104568,1.498793887121,0.5538992543510145,1.446601971185,0.5346110362921023,0.000021822190565761307,0.481678294918656,-69.32733553481555,-19.026753240609892,0.457307721030327,0.0000204921336140699,0.00038359468584935,0.439299412151859,0.457307721030327,0.034457196485,27758276194.016181,18518358777.693279,3437974439.928548,22036170253.579371,26922546523.996105,8227831418.423906,27123175801.77954,27349952041.075547,27758276194.016181,4439766716.019616,13384363721.201778,27758276194.016181,65.8925235813,25527725393.916824,33299405477.124463,33441337328.559117,18750464280.09297,32441249509.984379,33431190863.75156,9937127611.136941,29952482402.524458,33442595691.32571,33442595645.557484,33442594943.944512,33442569363.959951,33439043493.318134,33399742218.958673,28053348095.598861,31492896986.957381,33035327031.818665,22276386267.633309,33441740697.044536,33435085552.845005,33351308002.114322,26552398935.300712,30593576784.550007,13299907149.780324,32708893381.120717,20082853076.264643,7919770267.693722,32608328999.001274,29060581988.377739,33442595693.540463,32278037205.465172,70511,0.816099537037,218446,22313005130.926005,10747690265.97566077019143004928,107728.37346441,51890.41924469719516986103296,183.446984,88.362430461089968533504,159.273574657687,0.055973173822345956,0.06938469858548642,,
2022-06-15,88609,8812,1074913,2885459,918,308807,2090368,147,56761,3661896,3651556,3643299,3625785,1601317,23419,2521098,144779,3580928,638714,3033,1327289,14149,2274396,90074,280,3123248,444499,1659,1655341126,4110,49153.961557177616,11688006479.6036482015532701152,0.659998333006,0.637016803662,17743423460.004515788987089834505,17941461943.91294665173123475,17125587040.55176879828586634528,26884042841.7437913276632433406312,0.34270405,0.18180260023438952860525,0.220545,0.116997900867216009225,28650.74388,15199.0609274489821530354,0,0,0,0,0,0,0.560873369325,1.363533250302,0.6125653737036236,1.316054222195,0.5912354878434974,0.00002355576501017199,0.530494460845705,-66.02589451470391,-4.660295079449195,0.481678294918656,0.0000218221905657613,0.000399552452073132,0.461666025949377,0.481678294918656,0.034496539074,27756969695.884364,18548447178.722036,2997393747.98848,22032287502.06144,26921367807.785317,8140166628.285059,27120938644.639246,27347327560.163123,27756969695.884364,4495120641.522439,13380460337.820251,27756969695.884364,65.8723301394,25538870567.148023,33303617437.108402,33445694476.660791,18759505393.337541,32444214439.345394,33435537188.434531,9970772849.455074,29952539255.727433,33446953301.912608,33446953256.144382,33446952554.53141,33446926973.546871,33443396102.946671,33404081889.416873,28056974416.796779,31494247824.297338,33039201594.418779,22288886548.423277,33446276506.885961,33440182326.983186,33366905233.714299,26854526977.120131,30772073283.68702,13619254668.830545,32780777292.791547,20566804314.217583,7934206436.613481,32611581844.205894,29067810617.980583,33446953304.127361,32282310758.250816,83602,0.967615740741,268851,24529620599.079081,13012827854.458156361135434197105,95221.27500081,50514.35894259530888716002105,194.0932535,102.9653958692712449512175,159.95173095998,0.05647643234276545,0.07092463770969688,,
2022-06-16,70445,8830,1075735,2886624,926,308879,2091885,144,56780,3664345,3654005,3645748,3628234,1602510,23441,2523039,144773,3583376,639274,3041,1263046,12512,2232045,79828,266,3032719,405279,1410,1655427583,4216,44753.847960151803,10416940543.198155758033677214128,0.593985772547,0.573304905274,15802754604.035356315981432126206,15977536712.5358751491444921,15252548377.530101328670624061296,26604601211.6884848831964223251929,0.35878601,0.16949947207741991443198,0.2255435,0.106552382520415326313,26789.11606,12655.84750528798877379188,0,0,0,0,0,0,0.560681511882,1.791732422747,0.5516874498645821,1.729349480031,0.5324792878949729,0.000023260505120849513,0.472424975760398,-68.0765883002082,-18.31576367915226,0.530494460845705,0.000023555765010172,0.000431814412546764,0.507526095307183,0.530494460845705,0.034533614493,27778079891.312743,18442240236.854214,3603033831.538353,22049936133.100136,26942223590.08235,8273417756.819808,27140073382.520586,27368363624.092322,27778079891.312743,5633517812.802781,13393633432.631789,27778079891.312743,65.9185110711,25540654586.465605,33306850771.322204,33449030947.444159,18754961735.50627,32446377481.260011,33438867713.779254,9752107245.980506,29955032802.569884,33450294573.341544,33450294527.573318,33450293825.960346,33450268243.975829,33446733298.615437,33407392127.816776,28060407473.299364,31495996568.660814,33042273266.145693,22285101956.506958,33449432223.66742,33442638698.611444,33357149450.450764,26525060982.97613,30568985996.59983,13230439805.506334,32704429890.597822,20049467825.845173,7833823876.168541,32614234608.078943,29070721644.102066,33450294575.556297,32285652029.679752,74666,0.864189814815,240692,18669246674.828226,8819818407.820615630390383393948,87313.40092422,41249.03131518254583047503956,151.8371195,71.731647499316154493561,160.492201750795,0.05705564281091081,0.07346970933583667,,
2022-06-17,58528,8594,1077275,2889940,888,309106,2094538,145,56558,3668084,3657744,3649487,3631973,1604843,23212,2526077,144678,3587113,640181,2914,1279035,12592,2244677,81795,267,3042578,414114,1384,1655514011,4255,38506.03196239718,10772536485.965069527310959441015,0.614459012657,0.593065600644,16330001472.920688775463456634777,16510403370.83109727806394045,15761445324.361363527985860628082,26576225812.5334081581240649149867,0.36757756,0.17944431323616404050276,0.225112,0.109895359883283842152,23009.25266,11232.67574236871439359486,0,0,0,0,0,0,0.56814256955,1.36435382812,0.5805607491920907,1.316851581468,0.5603475615746413,0.000023854508073727373,0.488180816141671,-67.01418555942148,-3.9475786308265954,0.472424975760398,0.0000232605051208495,0.000444821021050483,0.448083859947493,0.472424975760398,0.034584962865,27796706402.217195,18455742876.30441,3375381343.626545,22066693589.284465,26961170464.228169,8410727820.775614,27158416379.874346,27386388387.441754,27796706402.217195,6127544689.845237,13350823286.345386,27796706402.217195,65.9677618758,25536448928.47275,33307094113.206795,33449459059.694287,19004779972.524879,32444987069.894933,33439285941.273094,10344352207.317018,29949913629.205567,33450723444.856734,33450723399.088508,33450722697.475536,33450697112.891064,33447159565.869596,33407791956.001873,28055040221.712101,31492796944.366504,33042120951.23483,22358843829.002887,33449873896.496679,33443266092.284375,33360418275.386412,26585724600.535978,30609466213.215373,13793385965.169743,32721095761.678762,20299158777.521176,8411468636.635761,32613270743.386671,29080163570.217203,33450723447.071487,32286080901.194942,62597,0.724502314815,186578,24517630806.34724,11969037016.90277087651385983804,136415.3937045,66595.3782329501781135102195,157.207043,76.745462554958766988853,161.189395617135,0.05712206500716327,0.07003035551520123,,
2022-06-18,61459,8593,1079507,2893776,888,309710,2097709,145,56635,3671884,3661544,3653287,3635773,1607855,23245,2529607,144958,3590915,641617,2922,1253282,12003,2227869,77812,242,3032047,398710,1300,1655600508,4214,34127.977693402943,10050735968.61083571045811789566,0.575355014572,0.555323424264,15239345624.77447317265905564378,15407428778.346479263275789,14708771769.69258939873393715188,26486856356.1589792251305123403786,0.35446758,0.1614840803197671093156,0.221892,0.10108689079637061144,20940.527005,9539.8336423705439801691,0,0,0,0,0,0,0.567388214357,1.693675146811,0.5548478530769417,1.634708064233,0.5355302411768379,0.000023959775069866427,0.45556798260582,-67.79362376005277,-14.308113442776923,0.488180816141671,0.0000238545080737274,0.00044910322698452,0.46536202671777,0.488180816141671,0.03466422312,27797278254.222977,18451584365.544363,2453972032.819413,22061989324.011013,26961496317.435604,8416125140.326502,27158739013.878113,27386462279.538041,27797278254.222977,6141949699.003857,13345063934.329693,27797278254.222977,65.9525429509,25523018489.195383,33307505226.991973,33450045157.521024,18979878815.338139,32443525619.270308,33439864907.918153,10331804707.077449,29943560271.05648,33451309586.326526,33451309540.5583,33451308838.945328,33451283256.360833,33447743895.407204,33408356695.250279,28047720560.322139,31489534003.265276,33042056830.075231,22349247905.03814,33450429481.433326,33443421244.620227,33354916020.219283,26448518209.796953,30517393850.629079,13245060420.765856,32685832954.087073,20099544717.749113,8403240870.935858,32611282555.55809,29072740669.447042,33451309588.541279,32286667042.664734,59076,0.68375,174443,19750723538.407619,8997797277.39764181529296174258,121854.91328995,55513.197018109645950217509,226.425282,103.15210893169388834124,161.762208294496,0.05732027601501182,0.07052475339430458,,
2022-06-19,61936,8591,1081204,2897579,885,310019,2100435,146,56685,3676284,3665944,3657687,3640173,1610331,23232,2532639,145094,3595316,642532,2916,1277485,12466,2246967,81063,262,3047303,411965,1347,1655686687,4229,34674.178765665642,10617872285.538518818038781356584,0.608125515911,0.5869529582,16106097710.405675562018720365562,16283052511.71912217105115755,15545346230.085288743193860967965,26484824742.5943672596456056038963,0.35715366,0.17195466158712606085254,0.222965,0.107348392064002822085,20917.061333,10070.696749721604247469477,0,0,0,0,0,0,0.567459134432,1.950115291918,0.5988723592185449,1.882219886315,0.578021960320381,0.000023494610307576343,0.481458489287569,-65.36800525915079,-7.0104532269027535,0.45556798260582,0.0000239597750698664,0.000458876437063085,0.434261264219267,0.45556798260582,0.034730517572,27791296985.521184,18450757181.20445,2856629637.741981,22053557101.568936,26954967341.005352,8375282886.128299,27149228776.986821,27380141185.549038,27791296985.521184,6279804566.970995,13329924311.333364,27791296985.521184,65.9245490525,25516753551.952982,33308747920.443425,33451457700.716099,18983053511.730112,32443115239.731412,33441268673.547183,10404049277.194057,29940667278.566405,33452723480.215545,33452723434.447319,33452722732.834347,33452697151.24983,33449152428.533864,33409742959.512097,28040818471.707808,31488082054.774954,33042808558.591843,22341684152.137304,33451866577.583273,33445174889.205169,33360974576.272108,26541620138.43325,30582885344.9264,13730610706.134302,32713149668.358199,20206365436.280802,8417959273.046744,32611256110.530525,29069772444.63693,33452723482.430298,32288030174.913485,58566,0.677847222222,183673,17154228583.850721,8259048978.874402293849936987249,100105.72020277,48196.74881786971966752036613,199.26828949999998,95.93940962558793861405571424862,162.252876808648,0.05742790018719879,0.07124815404725704,,
2022-06-20,77218,8586,1082009,2900569,884,310050,2102148,146,56558,3680807,3670467,3662210,3644696,1611672,23201,2534929,145011,3599837,642928,2920,1286987,12622,2253825,82185,265,3054214,417029,1387,1655795954,4117,41449.513237794511,10817807739.88546475081247077558,0.619970470681,0.598385941105,16414392775.468310739155767030268,16593231789.3704574410623054,15842918869.694564726006378707936,26476088058.5626712597052073325209,0.35228904,0.17284353396069375093408,0.221461,0.108655386708792299572,24064.512063,11806.768975863299457746076,0,0,0,0,0,0,0.567733432619,1.978087529347,0.619055133319825,1.909219589983,0.5975024715938126,0.000023849831606824166,0.490629892887652,-65.6041330489527,-7.049852004136343,0.481458489287569,0.0000234946103075763,0.000428203318450652,0.459238625822076,0.481458489287569,0.034753738199,27787587704.686794,18424044546.068641,3593507587.61082,22048814996.200415,26951167224.056078,8310807636.671749,27145087747.793958,27376168738.170068,27787587704.686794,6283748854.457089,13277671412.614615,27787587704.686794,65.904404067,25527629453.568816,33311639912.946265,33454484938.082067,18993949797.727498,32445149512.362343,33444283394.210511,10436854402.23742,29941312883.136063,33455753537.097206,33455753491.32898,33455752789.716008,33455727206.131535,33452175887.914525,33412731698.523386,28046685789.967021,31489697428.201103,33045457273.880251,22362039411.4352,33454901934.223777,33448295874.524396,33365664614.305993,26585055031.796991,30609535883.367426,13827664033.690177,32725590359.064688,20300948967.300617,8450126159.002472,32614371563.555315,29079002125.62696,33455753539.311959,32290977576.701368,68309,0.790613425926,225456,16913181567.025033,8298112460.618902146419340592516,78020.86968778,38279.37093791695613985729256,189.455726,92.952642554332346095352,162.712659846513,0.05736220362627342,0.07124374181290949,,
2022-06-21,62591,8550,1083140,2903034,889,310263,2103608,148,56538,3683567,3673227,3664970,3647456,1613083,23160,2536657,145050,3602597,643607,2896,1277525,12374,2248643,80640,261,3052303,411241,1352,1655857131,4201,37469.152106641276,10564463182.422635597773863013632,0.607333737358,0.586187841799,16026576908.592543766439893145016,16200429957.1851017136401652,15468570164.328941221414496689512,26388418628.477831048168850751692,0.36240774,0.17359892461455840967824,0.224197,0.107393837951171108472,22382.664619,10721.643273586609183937544,0,0,0,0,0,0,0.56895450717,1.822056816149,0.6105998157417395,1.758617193474,0.589340203213544,0.000023153747583765997,0.479015499543576,-59.60478870426182,-11.709160826036847,0.490629892887652,0.0000238498316068242,0.000437131876237925,0.466672199231998,0.490629892887652,0.034792084339,27793427736.88449,18405956934.998811,3201657880.426191,22054533083.979232,26957003005.198787,8368308648.666054,27148858456.323895,27381797989.122664,27793427736.88449,6064169805.54444,13222798952.206502,27793427736.88449,65.9184006833,25525000959.958813,33313148714.50481,33456054990.259856,19035695453.165245,32445559459.527213,33445844188.651426,10505800087.78233,29939889334.576116,33457324288.676188,33457324242.907962,33457323541.29499,33457297957.710517,33453741360.610015,33414290527.075371,28043926039.530042,31489002101.112077,33046671251.15834,22366460267.002788,33456463050.816978,33449720099.515596,33364991555.176849,26538707530.494227,30576558083.06934,13759709329.130545,32713697300.691678,20261947783.89371,8449079999.49989,32614967809.86816,29080316703.733239,33457324290.890941,32292420973.993487,61761,0.714826388889,193414,18362393529.315303,8795871109.260697419972292143528,96949.37118577,46440.25146898718964090611352,186.885912,89.521248494336784501312,163.190433860369,0.05682408981390773,0.0711179206015139,,
2022-06-22,56079,8535,1084234,2904931,891,310637,2105069,148,56582,3685376,3675036,3666779,3649265,1614462,23167,2538557,145173,3604406,644417,2890,1260940,11999,2237799,78141,246,3044771,401421,1301,1655943464,4296,38212.430633147114,10102598613.517111061870880002736,0.582685156864,0.562397935132,15335886575.059695124779922278132,15501888234.02622484541089095,14801940364.603054552963214684238,26319336256.3182045720447210042492,0.37871726,0.17358920940330977290086,0.227734,0.104384376392703484974,22196.997257,10174.237120774652931851277,0,0,0,0,0,0,0.56916431317,1.942419217919,0.5905470483178206,1.874790432622,0.5699861008302165,0.000022914418304927647,0.458360966709861,-59.867529451253574,-10.412352812515005,0.479015499543576,0.000023153747583766,0.000425867059092313,0.454980888962286,0.479015499543576,0.034834570896,27785214288.427188,18270046923.919666,2461957143.660213,22040704482.395376,26949817698.108144,8356972141.622791,27139256554.840101,27373510987.092524,27785214288.427188,5925524250.852567,13184862533.969805,27785214288.427188,65.8755433804,25514126426.031694,33313839609.023495,33456829451.019084,19043155903.957248,32445251006.486662,33446611944.390532,10536620033.072737,29936588871.740403,33458098939.197059,33458098893.428833,33458098191.815861,33458072608.231388,33454516115.288723,33415053855.262426,28038377794.176213,31487302810.980879,33047185462.436937,22361242131.131728,33457217476.500128,33450226129.996088,33361921939.082595,26451746208.578809,30519345356.429226,13467919718.142545,32691736149.616643,20156395957.249198,8475902668.556058,32614214737.169123,29075941195.078166,33458098941.411812,32293195624.514358,58611,0.678368055556,177901,17224962887.908414,7895250640.843179741141478670454,98587.622741,45188.718065191836272549001,168.433197,77.203203002952459655617,163.604058754554,0.056778088091552416,0.0707815996500032,,
2022-06-23,57686,8575,1085387,2907624,885,310998,2106815,147,56651,3688822,3678482,3670225,3652711,1615840,23190,2540743,145361,3607852,645271,2892,1280909,12431,2252514,80935,262,3057378,412765,1346,1656029893,4136,45647.358558994197,10563927009.70037119002864839566,0.610077217044,0.588836610132,16058083673.279982113977781586845,16231659524.21205838703033705,15499001259.559921612162398896374,26321395431.039434867870011327584,0.36083142,0.17317703395906021623618,0.224549,0.107769799532626655671,25518.359054,12247.253114692866087775066,0,0,0,0,0,0,0.568160183303,2.289532858853,0.6312235962009903,2.209819887924,0.609246751457783,0.000022749042911944758,0.479938897668779,-61.40759536503527,-7.8982087294735015,0.458360966709861,0.0000229144183049276,0.000435503374941424,0.434049197006179,0.458360966709861,0.034883638194,27777678735.231372,18266474700.894734,2435742510.194226,22010983191.84554,26942140701.329921,8365263014.071934,27134098819.946788,27367814361.48072,27777678735.231372,5754668977.766195,13094828646.147803,27777678735.231372,65.7857265203,25511595535.55095,33314250016.25708,33457329136.912256,19009844393.973198,32444497923.414798,33447101405.466834,10478549757.110549,29933268849.109681,33458600147.261302,33458600101.493076,33458599399.880104,33458573816.295631,33455012666.913493,33415522779.161525,28032066646.633216,31485593587.646591,33047424000.899845,22338185219.781816,33457738336.665897,33450992396.609219,33366352781.452961,26532111930.777068,30573922095.356743,13789360015.251784,32714481403.771566,20230115948.368224,8463962142.424896,32613475669.037799,29070999430.054214,33458600149.476055,32293696832.750306,70721,0.818530092593,203650,14613723502.63463,7013694348.69079230657159521677,73679.4569751,35361.6373614637240210504029,131.784207,63.248367037734189173253,163.939480102576,0.05679687857742072,0.07125687352250042,,
2022-06-24,61205,8562,1087114,2911253,889,311506,2109729,146,56705,3694265,3683925,3675668,3658154,1618485,23194,2543962,145604,3613294,646382,2888,1312498,13388,2275484,86844,273,3137675,435784,1491,1656116145,3810,41854.117322834646,11039636398.161175058807619312785,0.636735024548,0.614563424913,16785471471.06080346674881872997,16966423334.72663892413635775,16200988540.497148270749458559275,26361784453.3849751894204891407121,0.364243,0.182727763472561750135,0.223317,0.112030199497044754065,22144.881671,11109.299835841336722957595,0,0,0,0,0,0,0.568613053672,2.076309428076,0.681990322757163,2.004010748747,0.6582428990909054,0.000023553342155558663,0.501664447834445,-62.96680055494436,-2.3319436333593653,0.479938897668779,0.0000227490429119447,0.000419252738303708,0.455973213911624,0.479938897668779,0.034947617967,27787011951.131199,18273792425.834769,2965773399.22051,22006017061.437013,26951631366.756746,8381211318.612679,27142905660.542183,27377161279.112019,27787011951.131199,4925124487.92809,13083904872.131522,27787011951.131199,65.7689980123,25501539309.993802,33314989780.128642,33458285494.469508,19025542335.489701,32443779516.481601,33448049859.963884,10468983537.257535,29927534020.303482,33459559557.007593,33459559511.239367,33459558809.626395,33459533223.822276,33455966886.697881,33416452169.855625,28024363319.177326,31483267568.520857,33047807615.985016,22337086723.765264,33458848480.648223,33452347680.817351,33373171400.176051,26718206181.26611,30686795545.876764,14027203662.069221,32759373784.136739,20528399069.571266,8470363832.916638,32612902355.331159,29065787651.122996,33459559559.221946,32294472152.516695,60797,0.703668981481,190802,16114919629.406229,8084282257.782534919800243757905,88482.49203946,44388.5205119913761484871997,166.684757,83.619816582823641054865,164.310132747867,0.056919327270792436,0.07172944784781236,,
2022-06-25,75376,8537,1087989,2913335,890,311782,2111502,146,56725,3698464,3688124,3679867,3662353,1619886,23172,2546284,145708,3617496,646995,2879,1302077,12795,2267873,83781,266,3074633,424642,1405,1656202644,3848,45815.47843035343,10958932939.282493814377047571255,0.632641561021,0.610614011142,16667230714.388454360992368961175,16845751419.98785862909830675,16086904857.65065901145176104886,26345456481.7051497025822137002378,0.33183697,0.16528680406657439177305,0.211745,0.105469424721051408425,25528.881913,12715.844478668985670897345,0,0,0,0,0,0,0.569249446984,2.203547157832,0.6979493402467485,2.126823230855,0.6736478797474579,0.000023201437026925774,0.498096411821065,-60.62478918014357,3.1772865509056833,0.501664447834445,0.0000235533421555587,0.000406561425198175,0.475551483796354,0.501664447834445,0.034979481937,27785528521.412514,18264971906.629337,2802676678.899864,22001629963.998527,26949978991.277978,8373716678.763626,27141200360.473345,27375161341.918663,27785528521.412514,4760491980.084733,13053294074.298089,27785528521.412514,65.751372421,25497550440.792282,33317157683.59355,33460578811.574825,19048143374.97032,32445134938.343249,33450335305.644988,10484620551.769052,29926155946.053145,33461856615.969742,33461856570.201516,33461855868.588544,33461830285.597139,33458260916.279392,33418713551.744826,28021927090.922645,31483548744.009148,33049770046.664614,22342142390.254446,33461011658.280671,33454446400.375101,33373089510.184048,26600675928.697148,30623934635.324578,13907889310.754689,32737954467.0052,20376614513.075523,8486905117.827605,32614641324.728281,29066230359.850597,33461856618.184095,32296769211.478844,76932,0.890416666667,231873,15185450649.085267,7563818480.195233962867931749355,66942.72867161,33343.93294884007010846546465,126.58264199999999,63.05035977903043397276588178935,164.687177915754,0.0567849226782747,0.07080807093114913,,
2022-06-26,67645,8534,1089001,2916679,888,312197,2113134,146,56735,3702401,3692061,3683804,3666290,1621211,23161,2548766,145910,3621431,647647,2881,1295327,12590,2265820,82592,266,3071014,420123,1380,1656288976,3950,46118.319493670886,10793091942.812233797002181864228,0.623728670092,0.602011713267,16420429547.88744092013259607337,16596107553.9868034021238291,15848703769.300964560836655387416,26326238211.0319536204444621363713,0.34327528,0.16845030283551300775824,0.219454,0.107689352867077033932,26118.786426,12816.878288339860818939108,0,0,0,0,0,0,0.569105223791,2.139583108316,0.713740941297796,2.065087199735,0.6888899412565074,0.0000232934804795614,0.490714923706458,-60.43385742240959,8.022649612036943,0.498096411821065,0.0000232014370269257,0.000400894201526468,0.472351995495911,0.498096411821065,0.035009424597,27791860603.262319,17983222006.708183,2068373120.304811,21994627473.911066,26956598104.891361,8379721590.959583,27146916266.417433,27381768958.47705,27791860603.262319,4694792549.777932,12973152073.791355,27791860603.262319,65.7296565314,25493299522.927371,33317467823.555671,33460979238.47679,19043546020.60323,32444780418.404577,33450714867.409908,10482622856.093509,29921002263.430554,33462258336.824912,33462258291.056686,33462257589.443714,33462232004.452353,33458656610.744335,33419069491.922879,28015616003.160648,31481945166.182391,33049865725.415471,22342168434.901002,33461398137.270943,33454753386.801761,33371833066.058505,26555378061.47298,30594995409.702675,13905904264.669373,32727702649.982711,20325650096.907312,8484967880.657504,32614265620.549729,29062971823.517299,33462258339.039265,32297170930.920252,76087,0.880636574074,229621,15639616058.372899,7674593000.882752519437778481742,68855.09367168,33788.22203789947024574770944,142.126189,69.743441991824630228562,165.096217752855,0.056549486313941605,0.06991555106314229,,
2022-06-27,63757,8553,1090361,2919589,890,312601,2115350,146,56799,3701235,3690895,3682638,3665124,1623141,23188,2551218,146080,3620264,648602,2888,1292459,12524,2265697,82062,265,3071992,418152,1367,1656375284,3871,43068.160165331956,10692101929.702001451880138494502,0.618951695227,0.597402232907,16273069348.261396492476896161267,16446277852.24847552011156255,15706505111.559125221101025118919,26291339814.955723605486571049708,0.36648983,0.17821841466696509486027,0.22548,0.10964748500417403012,23301.789799,11331.304982953112859104731,0,0,0,0,0,0,0.568401141359,2.149374381477,0.7302676985646332,2.074541623762,0.7048426510600087,0.00002343422180395959,0.486284748111469,-63.66569104412268,4.49219255988185,0.490714923706458,0.0000232934804795614,0.000407495856585948,0.46471610026419,0.490714923706458,0.035060727566,27782893757.659186,17966597551.254697,2349490339.479527,21987327324.629758,26947792532.396969,8374065474.285998,27137904470.700103,27372519731.162289,27782893757.659186,4799511593.821355,12899301257.593006,27782893757.659186,65.7042731207,25488339316.123307,33319157945.958884,33462804320.89372,19021018501.797833,32445335293.438347,33452532839.179528,10454068593.865527,29918433706.911758,33464075133.72059,33464075087.952364,33464074386.339392,33464048800.348053,33460479360.646823,33420869379.725683,28010705356.378472,31481237342.7192,33051333480.946451,22329881443.935246,33463219377.682648,33456524295.511982,33372669905.034563,26532886945.182939,30580419499.653577,13845898896.851047,32723471900.801702,20273286275.847768,8461148382.794974,32613531264.877848,29056437593.320182,33464075135.934943,32298987727.986051,63581,0.735891203704,194090,15569216523.80177,7571072535.56986472309561950013,83604.43724425,40655.56270632122871417930325,140.436619,68.292185896041341483311,165.521762440362,0.05642771432853075,0.06982491731653719,,
2022-06-28,62658,8560,1091362,2921688,887,312864,2116610,143,56813,3703749,3693410,3685153,3667639,1624369,23202,2552591,146179,3622780,649268,2884,1278021,12192,2256199,79674,256,3067289,409294,1319,1656461630,3859,45082.701217932107,10315084247.989287664881716462275,0.597948940381,0.577129860428,15687984023.01082345429056397405,15854419551.40925657838626375,15141767830.2710230752429700269,26236327157.0017109974883273201692,0.35951097,0.16853322011640423179325,0.22479,0.10537809889352335275,24561.070384,11513.8525016946465084764,0,0,0,0,0,0,0.568183369088,1.955452069689,0.7289889580732757,1.887368141058,0.7036073939000785,0.000023134755821892987,0.468784638522725,-64.54930996450072,-2.46170829508877,0.486284748111469,0.0000234342218039597,0.000406966296771145,0.459571988810534,0.486284748111469,0.035101491733,27786995273.450834,17978142095.145111,3275315197.169054,22003887073.806599,26967357525.22543,8397664805.770595,27157664090.006992,27376421758.805715,27786995273.450834,4911322693.40276,12874344681.952868,27786995273.450834,65.7514963864,25486055584.066637,33320254871.145521,33463954833.86602,19014385037.190394,32445373912.963433,33453677831.933016,10442694163.904052,29915849451.544239,33465226316.737165,33465226270.968939,33465225569.355967,33465199984.364606,33461625985.371212,33422010790.581566,28008273850.958412,31480154615.454741,33052209478.355416,22321235304.137793,33464355543.43248,33457444179.912335,33370541239.456748,26459318253.243866,30527664080.819163,13720751610.088108,32704516992.809813,20171048307.779608,8615978785.571436,32613587532.791443,29054389304.55481,33465226318.951418,32300051208.988164,68318,0.790717592593,203377,17113805466.105089,8022689109.176309379092564647525,87360.63394079,40953.32320304934096071945275,157.5780545,73.8701713178967595385125,165.975824191918,0.05645841498981055,0.06991105107912514,,
2022-06-29,62891,8565,1092948,2924847,885,313353,2119040,143,56863,3706876,3696537,3688280,3670766,1626618,23208,2555457,146376,3625908,650346,2885,1275908,12118,2256108,79235,254,3067839,407805,1303,1656548185,3805,43886.902496714849,10212626088.006881394417874693128,0.593684308998,0.573013475486,15538357271.668755416152548513126,15702726137.66081722128352215,14997344495.45149270202253168225,26172760566.8138360154057220865593,0.37667817,0.17489143195913296879389,0.225077,0.104503106275221022809,23374.763701,10852.887745988180399187417,0,0,0,0,0,0,0.567769984646,1.901880509827,0.7369495469745534,1.8356610481,0.7112905205169942,0.000023121386229103226,0.464299356554517,-66.20038537394694,-18.661201210111557,0.468784638522725,0.000023134755821893,0.000410206520987572,0.445454011707141,0.468784638522725,0.035161912519,27778374404.004875,17958142172.581376,3843544367.821056,21995779110.686184,26957880455.909569,8361357005.244051,27148644871.818818,27367714930.979988,27778374404.004875,4893979029.89162,12779460587.577751,27778374404.004875,65.7252623907,25477890429.265676,33321119245.253115,33464976356.582803,19001130940.664943,32444841840.867857,33454690458.68548,10435318774.843323,29910991897.233811,33466247694.048225,33466247648.279999,33466246946.667027,33466221362.333878,33462645731.257826,33423010356.945817,28000372184.797791,31477873002.772014,33052748329.249066,22309993008.191423,33465371422.86585,33458403185.606312,33370628391.688175,26434171426.986319,30512508538.308658,13678459417.175831,32699836821.389513,20128057104.317006,8620360232.206962,32612647102.162233,29048643325.183876,33466247696.262478,32301023647.20925,62055,0.718229166667,189973,17596398681.901819,8169996585.683765624820714966423,97952.24624294,45479.16490366664727653635998,176.698736,82.041109428796468990512,166.435047749249,0.05642755816283446,0.06182384465257681,,
2022-06-30,80989,8556,1094502,2928592,882,313786,2121864,144,56891,3713131,3702792,3694535,3677021,1628958,23227,2558742,146609,3632164,651391,2885,1266598,11861,2250054,77734,241,3065922,402176,1273,1656634672,3745,48808.149265687583,9935747951.417293241802724176032,0.579422159849,0.559269631752,15120477741.810701990049360881792,15279116729.8245210627868304,14594581644.534264121852369310464,26095787820.305337307084806019862,0.36026072,0.16275644184895022066944,0.222657,0.100590652993647792864,25666.05471,11595.25729282973153378592,0,0,0,0,0,0,0.567328699972,1.682652806969,0.7304371499741609,1.624129487841,0.7050322617797264,0.000023368131998531592,0.451774042557152,-67.287670636925,-28.326952323718945,0.464299356554517,0.0000231213862291032,0.000423698470887547,0.444271899533776,0.464299356554517,0.035220129543,27780650521.862612,17948883746.656512,4009462489.754934,21992737553.442691,26959955791.864726,8246964585.643445,27150672575.633048,27369661125.959209,27780650521.862612,4913565669.8706,12747530440.40393,27780650521.862612,65.7105424913,25470935121.997721,33323777842.742538,33467839786.755721,18987989951.032711,32446062848.950519,33457542401.291261,10466165021.578937,29907844342.744394,33469115789.000943,33469115743.232717,33469115041.619745,33469089458.286574,33465506631.243255,33425830680.63986,27997186134.438413,31477916671.896262,33055105357.501548,22307146668.244348,33468222912.699955,33461062202.745456,33370930891.336359,26373287802.439392,30475900622.06492,13392348454.649881,32687916432.288394,20058917155.726764,8634973031.522353,32614408070.502973,29047392940.987934,33469115791.215196,32305046925.505832,71243,0.824571759259,236443,19890684312.646995,8986094861.15265919646368855824,87560.98648512,39557.78083467481399719757824,211.936231,95.747287843196396974112,166.950398109952,0.05632488658916493,0.05857001275696358,,
2022-07-01,68153,8531,1096585,2933401,884,314315,2125400,143,56905,3718913,3708574,3700317,3682803,1632055,23210,2563120,146768,3637947,652689,2887,1267401,11821,2252714,77630,238,3070444,402173,1274,1656721005,3717,49302.614474038203,9903244329.185385431378138083188,0.577588505248,0.557500297717,15063298076.835525833820723737202,15220923945.5517009564028983,14539404932.991462728340875596044,26079636176.9261322365959288407546,0.36494681,0.16424555048805771422274,0.2201015,0.099057427110397909731,25412.706219,11437.074685845158529976326,0,0,0,0,0,0,0.566824749091,1.374086887982,0.7433221662617313,1.326296908923,0.7174698340177924,0.000023268357922007192,0.450053394049554,-66.28441047824637,-18.54322875042846,0.451774042557152,0.0000233681319985316,0.000433756220479008,0.430761154029071,0.451774042557152,0.035298920216,27795019086.670638,17950081113.102785,2937276603.604901,22004598699.004522,26974366848.102918,8032366435.378861,27164842357.646671,27383863860.580371,27795019086.670638,4275851921.96466,12736900466.690311,27795019086.670638,65.74419678,25458663337.360664,33324438649.546397,33468746236.732303,18971638178.421234,32444816537.494283,33458432909.396123,10442010464.339752,29901539225.135949,33470024390.44026,33470024344.672034,33470023643.059062,33469998060.725869,33466410168.80071,33426690387.521964,27988835032.40622,31474563929.876392,33055305574.813116,22302857590.529866,33469128934.473457,33461933678.643304,33371324727.132416,26358631706.279105,30467349654.838257,13325944446.190145,32685624168.405235,20042702599.515699,8650560288.132023,32613348152.729509,29043603852.481102,33470024392.654513,32305955527.113686,69634,0.805949074074,207348,24358011626.034023,10962405804.595107718740551975742,121505.14217914,54683.80163219557881670510356,166.19953099999998,74.79866301599405655810611900892,167.600256670888,0.05631927660017456,0.05395674604365805,,
2022-07-02,67293,8545,1101318,2942351,885,315663,2133142,143,57068,3728157,3717818,3709561,3692047,1638785,23269,2571597,147342,3647188,655659,2893,1278562,11983,2265030,78743,239,3082620,407213,1293,1656807497,4190,39913.626968973747,10032116278.255794199501424615512,0.585700958642,0.565331631967,15264936490.744532985338707531638,15423894330.5648944355932979,14734057253.711108791603270595384,26062679709.6902939305819539612114,0.37058272,0.16900604206089477182144,0.22663,0.10335570776818892726,22947.964507,10465.530218683597433847614,0,0,0,0,0,0,0.565865170534,1.48916717825,0.7725112579267575,1.437377382997,0.7456451004778517,0.00002371354139198355,0.456054837259802,-67.100200437335,-22.28593782234647,0.450053394049554,0.0000232683579220072,0.000422148150522655,0.431534299927388,0.450053394049554,0.035473865219,27798001627.869093,17945087219.78069,2174169608.650684,21997609626.363356,26977297030.37104,7972635695.134625,27167679439.384875,27386670084.628706,27798001627.869093,4380432603.181772,12672790267.967059,27798001627.869093,65.7200001083,25430816899.97293,33325641061.785656,33470434157.739053,18940476418.186417,32442047809.773276,33460104197.037356,10413778357.719747,29887413568.955694,33471712703.353466,33471712657.58524,33471711955.972268,33471686370.639141,33468094737.244706,33428295802.362558,27967639555.606949,31467394817.004153,33055435447.400204,22273166595.080501,33470823957.625308,33463706976.385337,33373987395.450752,26363433705.227932,30474609074.576912,13322524002.711228,32691218104.762568,20048547294.106395,8627532481.45115,32609610177.354491,29026013642.67585,33471712705.567719,32307643840.026892,61924,0.716712962963,196713,22476799915.035799,10250653327.372782733635893651798,116161.69967644,52976.10504176083883961846488,168.4905625,76.840936060749997618625,168.177793028808,0.05627628492825392,0.05260560160831757,,
2022-07-03,61671,8559,1103642,2947705,885,316267,2137227,142,57157,3733707,3723368,3715111,3697597,1641925,23273,2576298,147611,3652737,657091,2893,1280579,11983,2268921,78773,239,3087760,407747,1295,1656893918,4182,42670.009325681492,10015137928.65097263656513662606,0.585009965593,0.564665001329,15240183669.62800415222214931156,15398633022.4970584398133522,14710173908.465336127914799341588,26051152229.8137224597220082823224,0.37078983,0.16882354219528236349188,0.22617,0.10297698979043468412,25014.223555,11389.17382340224516604098,0,0,0,0,0,0,0.565156173388,1.966290218573,0.7965271461893646,1.897908299318,0.7688262226530729,0.00002361982531543349,0.455307909052636,-67.4387955574112,-18.39898360377473,0.456054837259802,0.0000237135413919836,0.000427611183612536,0.43747137499147,0.456054837259802,0.035563842316,27800072979.772347,17936301595.308338,1464951439.018988,21996406672.332085,26978847991.294827,7930334546.127247,27169460813.721371,27388392465.796301,27800072979.772347,4360602693.244187,12662683565.346635,27800072979.772347,65.7153361518,25421030658.370042,33325946414.553408,33470978767.06876,18917053082.56832,32440263079.851103,33460633451.402748,10372802716.461803,29880625354.370802,33472257708.701457,33472257662.933231,33472256961.320259,33472231374.987154,33468635703.04414,33428763321.142282,27956123656.297805,31463446564.724617,33055209979.68219,22253977193.48025,33471368111.425108,33464232683.196715,33374240887.066335,26350598210.798861,30466673427.100828,13314447385.811458,32689429492.142728,20031157332.817419,8631776975.950245,32607771861.83486,29018085894.658423,33472257710.91571,32308188845.374883,67462,0.780810185185,203457,17023050511.44112,7750729534.06166221053829479232,84593.86980153,38516.25797800555223164333308,117.1908175,53.35790607609406336993,168.628826892395,0.05627713907601959,0.05201197612231237,,
2022-07-04,68743,8562,1105606,2951802,885,316752,2140449,138,57195,3738420,3728081,3719824,3702310,1644729,23297,2579872,147763,3657449,658226,2892,1294371,12207,2280637,80271,252,3098342,414555,1324,1656980328,4169,44425.334612616935,10294959170.142667640844325264023,0.601437280564,0.580521276419,15671158958.909490330673624633962,15833656206.64009737981434505,15126167758.095044947412551591821,26056181526.0412878552521438709027,0.37874581,0.17731769342276153044839,0.227366,0.106446100836758030754,25085.092398,11744.105428678431763027962,0,0,0,0,0,0,0.56495568721,1.857632865123,0.8417326215546966,1.793030523427,0.8124599383161043,0.00002314663293495308,0.468170706423819,-67.92732663065063,-17.020267244786048,0.455307909052636,0.0000236198253154335,0.000424054151741341,0.436392517715849,0.455307909052636,0.035633205388,27799348599.834045,17925860866.324125,2090518253.714924,21989755080.538917,26978118919.438878,7922717206.439963,27167668881.560855,27387615604.275455,27799348599.834045,4342783579.657605,12636836725.120783,27799348599.834045,65.6936682037,25414444341.038133,33326672229.277986,33471892715.032176,18910859345.815171,32439292256.916878,33461538192.45086,10224108165.005222,29876221706.280674,33473172803.952145,33473172758.183919,33473172056.570947,33473146469.237864,33469546715.416077,33429643235.812869,27951870426.05864,31460559793.328875,33055435064.494848,22244944776.619399,33472296160.06937,33465322006.771221,33377540071.263201,26391577055.823132,30493926586.124515,13555790950.670655,32702256780.090015,20086580778.815928,8633903067.537552,32606810941.327567,29014525580.591054,33473172806.166398,32309086302.383559,66232,0.766574074074,205759,18019261736.069152,8436090496.211186046380403931488,95730.99117101,44818.44576318413138016628719,150.62005349999998,70.51589684868840209090237152362,169.157197729723,0.05618767625136385,0.05229976616841253,,
2022-07-05,81343,8575,1107267,2956388,891,317101,2143373,138,57138,3743710,3733371,3725114,3707600,1647204,23277,2583476,147870,3662740,659168,2901,1285762,11987,2275811,78952,240,3097243,409503,1296,1657066711,4195,45514.417640047676,10029232941.751636864916553813844,0.586962546774,0.566594245956,15278691795.695431666744499523166,15436754511.6398612224960367,14748502957.734029544590007207476,26030096604.4155327677966127633375,0.35330852,0.16126240542997912635592,0.223141,0.101849381979384398186,26487.89279,12090.00367748505173567134,0,0,0,0,0,0,0.56520037533,2.14673493148,0.8417320463177278,2.072240667576,0.812522939839266,0.000022603245668457508,0.456435088035746,-67.71935466518441,-19.567427649123825,0.468170706423819,0.0000231466329349531,0.000407047511757196,0.448633665999834,0.468170706423819,0.035693295225,27787532039.204489,17834254594.925918,2245380074.550785,21972966594.027914,26966188126.583791,7886596804.871881,27155639847.526321,27375214629.900427,27787532039.204489,4302461561.95732,12581140655.108568,27787532039.204489,65.6419612089,25418565595.594529,33327252468.125362,33472682693.210901,18919497128.600069,32438325489.118748,33462312243.116772,10212554593.32621,29871040005.07191,33473964195.952018,33473964150.183792,33473963448.57082,33473937862.037737,33470331496.900924,33430386660.13175,27949216267.139894,31458461668.871142,33055568803.977995,22253580330.80916,33473074081.018019,33465928493.837407,33375918749.181431,26344076999.34847,30461787578.275113,13279279485.497756,32689717803.061264,20021752136.371199,8633089047.765562,32606351044.416405,29014936909.494866,33473964198.166271,32312377694.720506,74971,0.867719907407,249974,15592965720.780204,7117176681.502681994052961172184,63762.60107597,29103.48843549851957342162362,169.662368,77.439857874433135006528,169.554102283374,0.05613085044565252,0.05236261255437908,,
2022-07-06,64512,8524,1109152,2960118,887,317503,2146491,138,57053,3748773,3738434,3730177,3712663,1649916,23217,2587112,147931,3667807,660253,2889,1293074,12030,2283295,79542,251,3104221,412803,1302,1657153089,4227,40250.20984149515,10146895924.261264159569404470889,0.592985713311,0.572408740598,15465410983.599728653006612483441,15625147816.50253296109593035,14928751612.774081524408550387196,26080579407.6273471136244635364573,0.3664472,0.1693006273828508700376,0.226163,0.104488553305326664579,23635.111681,10919.551945974882759389873,0,0,0,0,0,0,0.566208880414,2.068681638456,0.8767361319758962,1.996897100191,0.8463128434215056,0.00002247016315485325,0.462005515072433,-67.34583011854997,-24.107972349453455,0.456435088035746,0.0000226032456684575,0.000402302467715919,0.444445338297833,0.456435088035746,0.035758445195,27785992137.375252,17811002041.208677,1473606270.537732,21962716013.618233,26964123110.245444,7827440959.685006,27153804417.395684,27373560317.674428,27785992137.375252,3937437396.598596,12485348416.867812,27785992137.375252,65.6102572057,25415367355.147958,33327605026.9225,33473231700.887503,18953568198.84433,32436928816.280446,33462851333.205357,10265472651.314278,29865235683.372057,33474515948.477524,33474515902.709298,33474515201.096326,33474489618.563155,33470879676.820573,33430900566.70573,27945900286.959042,31455214891.484589,33055461618.8151,22269817297.326397,33473630466.778765,33466563271.078679,33377469170.869645,26361886826.568886,30470845067.897561,13571010382.288776,32694751997.798411,20075725828.012591,8689830376.028439,32605272812.947253,29016561787.207394,33474515950.691777,32312929447.246012,64498,0.74650462963,196681,16181569618.260093,7475974406.164687302572328316269,83488.06265761,38571.94539052866756162866513,132.6072375,61.2652750635199525338375,169.929796508101,0.056016469510889025,0.05043642330770908,,
2022-07-07,68885,8521,1110636,2964102,883,317846,2149286,139,57060,3753299,3742960,3734703,3717189,1652296,23211,2590733,148069,3672334,661139,2887,1309494,12326,2296145,81748,256,3115780,421849,1332,1657239531,4253,43135.490477310134,10508505603.050834415123510528765,0.614072150947,0.592762840798,16010829037.65066815388147003423,16175370921.23678564569405725,15455227027.070721481719009388065,26073204936.8424354005235821326781,0.34148648,0.1633242932815617408924,0.216905,0.103740141730463675775,26895.81626,12863.5844760098175157263,0,0,0,0,0,0,0.566033877345,1.988404964729,0.9341005516815317,1.919404053305,0.9016857314759285,0.00002208975536382002,0.478274552133255,-65.93029138575022,-22.481447070532987,0.462005515072433,0.0000224701631548532,0.000388233454610773,0.453913467551178,0.462005515072433,0.035809090705,27791658215.785011,17817268784.859889,2381845624.778112,21971701308.755803,26969485825.132576,7822236420.251251,27158667497.470545,27379211698.701534,27791658215.785011,4175682900.478484,12467586078.716118,27791658215.785011,65.6337381302,25413048979.110736,33329093384.903865,33474945203.803071,18948680416.435394,32437211480.977455,33464547052.451008,10310969718.553595,29862252466.915122,33476230263.931693,33476230218.163467,33476229516.550495,33476203934.417324,33472590567.091097,33432570404.975646,27942031774.503057,31454275975.367984,33056640718.393653,22268780304.928226,33475360155.345616,33468474187.645158,33382154024.239782,26423175921.595852,30514696051.631463,13700588745.187617,32713594211.105905,20141869006.32145,8691704230.713771,32605862151.980491,29015503178.51333,33476230266.145946,32314550205.808663,78761,0.911585648148,234380,16835720519.690288,8052096691.39552360980230532744,73555.50621512,35179.7267919713726069358156,114.627635,54.823480791719225501925,170.368799052037,0.05609122235346446,0.05091041548615207,,
2022-07-08,69473,8524,1108014,2959644,887,317327,2144414,139,57064,3749515,3739176,3730919,3713405,1648135,23241,2585797,147933,3668551,659753,2884,1298311,12172,2285569,80407,251,3107684,416180,1319,1657325964,4195,38996.87747318236,10318183103.599463926366703644725,0.603635880742,0.582689719167,15718896482.946415676997783991986,15879685470.73616512364993115,15173450865.786893936873002732815,26040361390.7729526346309107710468,0.34281572,0.16096284885280355732964,0.218469,0.102578121639296880453,23776.326827,11163.739227971399311261899,0,0,0,0,0,0,0.566561341882,2.51914854485,0.9403420456195477,2.431734104895,0.9077121820683464,0.000021524538605284643,0.469531703075937,-64.88979112548644,-26.915934136034284,0.478274552133255,0.00002208975536382,0.000386189547639868,0.470386583922704,0.478274552133255,0.035713226194,27788461208.588077,17828086136.364841,2377556488.638901,21975476918.819925,26965942944.5293,7833941934.194995,27155170726.090539,27375146984.495917,27788461208.588077,4123712684.243497,12476378764.35626,27788461208.588077,65.6419050459,25419248650.368608,33331031101.641811,33476530812.310767,18967236985.137447,32441342730.138884,33466134257.266165,10306858665.390538,29870917627.82392,33477817107.835525,33477817062.067299,33477816360.454327,33477790779.321134,33474174006.370538,33434200632.894849,27952675995.983257,31460555960.294208,33059295307.145474,22272674016.687881,33476938178.841611,33469939842.812422,33382250290.625867,26396735912.426381,30494869669.239677,13572889349.384567,32706760814.964826,20123153932.059154,8692302079.536591,32610325645.148206,29022143625.286935,33477817110.049778,32316137049.712495,69356,0.802731481481,195782,13289338248.232925,6239765620.444994494477338625725,68714.41213149,32263.59495396032594149895613,110.94187199999999,52.09072610259260423874696924063,170.704802775174,0.05609367078176729,0.050086840126646895,,
2022-07-09,61209,8521,1109957,2964561,886,317879,2147926,138,57171,3755618,3745279,3737022,3719508,1651132,23268,2589926,148211,3674655,660960,2881,1308565,12337,2294796,81869,254,3116592,421970,1332,1657412366,4089,42365.550745903644,10511339469.480380211932788358094,0.614971546611,0.59363196157,16017332944.718093646193494351354,16180775456.02754523077870235,15461529606.522370353352621852575,26045648832.0438403263451487143061,0.3485345,0.1667508782893134363585,0.220144,0.105324452385983646192,24348.968975,11649.383237586218684072175,0,0,0,0,0,0,0.566177635033,2.305151606943,0.9820550036153006,2.225162574898,0.9479775794158374,0.000022164995310280818,0.478434353813793,-64.65721516324949,-24.279958654767146,0.469531703075937,0.0000215245386052847,0.000381338359626808,0.461265689676799,0.469531703075937,0.03578801804,27790187780.721604,17818754220.777479,1790237120.492561,21970285757.471758,26966786297.259828,7798643979.047758,27155688027.552976,27376696389.900755,27790187780.721604,4050935110.36092,12467509948.60786,27790187780.721604,65.6247797668,25403654453.553011,33331614776.814604,33477354504.707978,18954858934.961854,32440271010.842276,33466943370.940664,10269629873.172946,29865484771.42753,33478643027.989325,33478642982.221099,33478642280.608127,33478616700.474912,33474993546.184053,33434977591.411268,27941968904.862128,31457830795.859884,33059439499.4604,22258067295.066119,33477770393.867776,33470870050.787204,33384604151.621071,26417181104.934943,30518033786.060167,13626823201.89691,32716865999.973112,20140268639.229202,8692880175.44691,32609461166.518386,29014515925.66915,33478643030.203578,32316930177.091775,69861,0.808576388889,202091,14523401814.166512,6948494362.138824135542744300016,75417.54554464,36082.34466887214165932921952,96.109097,45.981893718822151374921,171.093788984103,0.056071081482490674,0.05035271980751764,,
2022-07-10,67008,8516,1111219,2967646,888,318231,2150069,138,57195,3759509,3749170,3740913,3723399,1652813,23259,2592534,148348,3678545,661850,2879,1295449,12051,2287371,79757,246,3112553,413911,1300,1657498779,4172,43354.803451581975,10154621942.93681507351352252615,0.594874891172,0.5742332747,15482045025.405539204391576265466,15639561511.67976669020317115,14944832175.518861366594748547455,26025716087.8251457999458056378539,0.3606712,0.1667857962533886223544,0.22594,0.10448181835835693378,24837.982865,11485.870647467964728607505,0,0,0,0,0,0,0.566260879844,2.351746727514,0.9703576869666174,2.270143259779,0.9366871597481935,0.000022198916579625194,0.462431700267137,-65.44697372237077,-19.531073690190603,0.478434353813793,0.0000221649953102808,0.000393182573743944,0.469988954064704,0.478434353813793,0.035834641949,27784108789.438558,17805998460.618977,1509488631.216705,21959182160.45895,26960713581.534088,7769128257.862659,27149662538.060337,27370360330.141269,27784108789.438558,3942757036.284695,12394886897.68843,27784108789.438558,65.5896680721,25396663994.663645,33332485382.122965,33478345826.682673,18958208169.578568,32440006005.872389,33467923481.362507,10269399892.280934,29861910334.224157,33479636053.146765,33479636007.378539,33479635305.765567,33479609724.632374,33475981437.006073,33435930771.965341,27936483576.830694,31456314380.539685,33060101322.636045,22251983414.858101,33478746761.542585,33471647510.068473,33382428049.230534,26351153147.576035,30469307408.485905,13453916715.839546,32698802428.210172,20069827387.366036,8693184725.205065,32609320444.696819,29011872114.373225,33479636055.361018,32317923202.249215,68866,0.797060185185,232947,14236072134.671632,6583211042.361813329374175757584,61718.10142907,28540.40658110445798045747259,136.676287,63.203447783609193280319,171.466781975982,0.05597295567911122,0.047955504763673266,,
2022-07-11,60250,8522,1112532,2970612,890,318612,2152113,138,57288,3762563,3752224,3743967,3726453,1654640,23294,2594998,148575,3681599,662678,2881,1271035,11530,2269103,76500,231,3101260,400325,1245,1657585400,4256,35647.750469924812,9544435739.885938059124158351248,0.560582572886,0.541981005502,14554024794.951873911635832886636,14701676313.7745873880900986,14071084928.404178578367715024664,25962321161.7407375464821195558209,0.36487595,0.1586116637802565262746,0.22571,0.09811619163127002628,21498.490855,9345.39917820338572511714,0,0,0,0,0,0,0.565477483742,2.110314881224,0.9371715355050851,2.040289221554,0.9060737805771074,0.000021766214546923164,0.434700242041868,-67.74424791652551,-21.406923609425903,0.462431700267137,0.0000221989165796252,0.000396256068870088,0.454762575778582,0.462431700267137,0.035883819901,27786831553.792502,17797544902.2897,1281505676.358209,21956361687.433036,26962249018.784873,7772048751.825468,27151761410.626178,27372958774.028874,27786831553.792502,4023081598.361365,12382961401.69221,27786831553.792502,65.57935605,25384714466.181511,33333322693.056835,33479309515.844557,18932525274.694172,32439772326.850626,33468877506.720927,10263204239.589558,29858473221.625213,33480599701.592924,33480599655.824698,33480598954.211726,33480573373.078533,33476942425.201929,33436871137.489876,27930085838.123825,31455141412.880616,33060631083.544939,22236747618.415898,33479678570.839858,33472148432.736149,33377536053.953806,26222286212.08161,30391291861.237253,13113641339.313424,32667466057.296609,19920314051.083719,8695034988.897036,32608922222.144685,29005478787.451628,33480599703.807177,32369627544.511298,58920,0.681944444444,184080,15865215187.410497,6896612882.013663228706776688396,101315.85565648,44042.02697655081711278550464,145.4927405,63.245729510684691059254,171.997695051383,0.055614043437168116,0.0486695288937289,,
2022-07-12,58868,8511,1113677,2973869,884,318895,2154114,135,57313,3766026,3755687,3747430,3729916,1656460,23306,2597568,148674,3685061,663444,2881,1258867,11254,2262247,74938,229,3094005,393668,1201,1657671569,4125,37958.635151515152,9213213458.45899976324789383968,0.552837533673,0.534493505763,14055765055.84767004282440832656,14196001070.1037500390208584,13589372434.548143735320785221952,25424766228.2767261379142445465905,0.36330406,0.15249629768044599675552,0.2265515,0.095094629506621977288,22077.987458,9267.199897464182503808736,0,0,0,0,0,0,0.565481984557,2.065456746321,0.9320444206815908,1.996921609154,0.9011177056431634,0.00002170459011957134,0.419748399399792,-68.07444717159977,-16.106386304876196,0.434700242041868,0.0000217662145469232,0.000396429633724501,0.432736930413487,0.434700242041868,0.035923511879,27787407854.008102,17884910375.58725,2628526167.068272,21949371270.10654,26962507233.424655,8579484426.138807,27151767046.03054,27373488497.420482,27787407854.008102,4894536324.397105,12525960376.799099,27787407854.008102,65.5475772528,25381899521.778861,33338716183.055393,33484876645.025225,18935824245.231858,32444104775.588707,33474429967.450981,10152525345.743957,29860398605.671447,33486167130.159177,33486167084.390951,33486166382.777979,33486140800.644808,33482505842.074275,33442408952.671002,27930605470.230005,31458554685.149249,33065764591.31391,22241715018.499379,33485221136.889335,33477494354.088467,33379828490.003746,26157130913.877192,30356203028.244986,13053119861.248687,32655583676.129161,19834181853.232266,8698746089.860391,32613433072.664751,29007808598.777169,33486167132.37343,32375042892.313356,60770,0.703356481481,184727,16212475614.418523,6805160689.460334396034287147216,91621.98404609,38458.18115317955595566441328,148.8807505,62.492456723814782503896,172.406578211707,0.05554431914698885,0.04577707845582629,,
2022-07-13,55166,8517,1115151,2977251,885,319241,2156601,135,57386,3769479,3759140,3750883,3733369,1658753,23336,2600346,148809,3688514,664359,2878,1274896,11545,2274820,76823,233,3108218,401715,1235,1657757882,4265,33192.458851113716,9553325052.105434232876786588578,0.574029118779,0.555412652009,14573529102.16805884557266535934,14717211666.0301615940108311,14100891719.539720938852909954262,25388135593.4843950072629640227412,0.37747364,0.16426127535253714825352,0.228516,0.099440929434066916488,19968.355476,8689.421431336447744593768,0,0,0,0,0,0,0.565271076598,1.93061280383,0.9907109999797189,1.868000668082,0.9585810299025427,0.000021590086648084715,0.435159592475218,-65.59817263140374,-4.843156486666933,0.419748399399792,0.0000217045901195714,0.000403484295854722,0.418545966707621,0.419748399399792,0.035980541796,27764950273.66117,17869218057.307462,2397286787.034414,21953612461.500521,26939949095.554309,8592525446.946479,27128746387.107398,27350922866.002496,27764950273.66117,4884456476.405789,12361666243.755634,27764950273.66117,65.5525849994,25376547111.878458,33342440493.569635,33488788354.85121,18930972976.05666,32446420391.873142,33478332644.247089,10158383207.795052,29860707642.105571,33490078934.740377,33490078888.972151,33490078187.359179,33490052605.226029,33486413837.171036,33446297656.506404,27928381550.669153,31459737155.762846,33069142588.302292,22230499145.37555,33489158170.25674,33481633442.853813,33386971173.521527,26217944380.088775,30398950703.397755,13146021624.308974,32675988773.052703,19907247476.253192,8704548453.369266,32615804445.117626,29006193152.734895,33490078936.95463,32403954694.719859,52900,0.612268518519,165881,17346864617.556245,7548654537.69855392107788363641,106124.08717974,46180.91452894016552746168332,168.318299,73.245322398961893414182,172.849077274851,0.05552980933907901,0.043522175050015086,,
2022-07-14,75269,8508,1116797,2983408,877,319538,2159781,135,57349,3777974,3767635,3759378,3741864,1661339,23349,2604917,148814,3697009,665173,2875,1281819,11634,2282680,77366,233,3117638,404786,1242,1657844394,4162,45645.121095627102,9680528381.222342392990353373875,0.582526960835,0.563634799727,14760229405.68276679376041153875,14905277672.40096213546569375,14281534597.251746002223676237,25338276849.057010826901654384934,0.36162025,0.15937340022741080403125,0.217281,0.095760156614050366125,28002.786913,12341.397823181778362802125,0,0,0,0,0,0,0.564457855783,1.696863334223,1.0269750030670552,1.641831691666,0.9936687725983498,0.000021443220311926025,0.440720341926125,-65.0480468235396,-8.503175963004061,0.435159592475218,0.0000215900866480847,0.000392064844461416,0.433560071106603,0.435159592475218,0.036034549199,27780884463.505197,17884031087.952223,2231313572.010776,21965240676.013599,26955481358.669798,8444180005.804434,27144452624.349266,27366818260.162378,27780884463.505197,4744054985.147737,12378981249.121385,27780884463.505197,65.5852162941,25373388613.651587,33343257907.790073,33489851768.529963,18904340572.953915,32445805937.676906,33479361570.252717,10179980964.750121,29857222611.439882,33491146199.875337,33491146154.107111,33491145452.494139,33491119870.360989,33487466297.057162,33447288742.872282,27928190820.776549,31457374297.754337,33069461196.475161,22228318030.854203,33490229270.061565,33482770170.089115,33389005249.96853,26237466247.671588,30408793367.153425,13164259868.061802,32681748054.004239,19921374692.169712,8717977340.400355,32616618234.554519,29009389256.703743,33491146202.08959,32404981659.879144,77437,0.896261574074,245709,19737091094.275723,8698537535.696273278267646963375,83681.14381438,36879.9823146427936186726775,118.335951,52.153060786873173619875,173.365496225101,0.05553699918985607,0.04243277623862205,,
2022-07-15,83035,8503,1117377,2984980,876,319566,2161101,134,57272,3780546,3770207,3761950,3744436,1662468,23291,2606445,148780,3699582,665459,2860,1283935,11642,2285234,77447,233,3120211,405515,1241,1657930919,4106,58878.942036044812,9714697185.37075926606774492754,0.584622332726,0.565660345326,14813958823.283775064496790731905,14958460308.95295883402057225,14333474098.656150072337135114305,25339365251.7858252139045758009436,0.36326671,0.16067026848290922048805,0.224836,0.09944335522686176638,33627.962658,14873.40744433781333218239,0,0,0,0,0,0,0.565146742329,1.165836715979,1.0505971971102634,1.128023276633,1.0165215046522373,0.000021231698231456737,0.442292850018955,-63.919187274970696,-16.626301938410528,0.440720341926125,0.000021443220311926,0.000370111519197152,0.439635647136989,0.440720341926125,0.036053786847,27792395723.887189,17888079551.73566,2502549755.431245,21964400249.640988,26966877788.60393,8380282812.610673,27155463670.981509,27377198176.670196,27792395723.887189,4338414375.096555,12362201104.239439,27792395723.887189,65.5779950603,25385336034.972439,33345538598.385416,33492256072.145316,18928772123.743508,32447440996.476031,33481760776.069953,10198387644.98219,29857877535.111787,33493552567.421238,33493552521.653012,33493551820.04004,33493526238.906868,33489870746.842857,33449676790.59695,27929987907.475143,31458611878.773322,33071549417.737791,22229275630.972967,33492636131.77847,33485198184.780122,33391642830.363957,26251648615.752946,30413078710.540869,13216186783.896782,32684972520.277892,19943160856.929606,8786646338.072294,32618832491.27035,29015303651.379022,33493552569.635491,32407202825.100771,92571,1.071423611111,304366,28729196902.594004,12706718376.80403634936006934582,95779.83272775,42362.73519149532831685450125,120.510946,53.30112976482038498143,174.171825496022,0.05511688786398707,0.03808828498006,,
2022-07-16,84622,8499,1118558,2968963,875,319918,2159240,134,57281,3764831,3754492,3746235,3728721,1663818,23295,2590135,148888,3683864,666411,2865,1299508,11938,2293327,79345,238,3111994,413857,1286,1658017061,4244,46355.945098963242,10036166668.71518347138103263453,0.604010882942,0.584420206315,15310370175.25688963748329871417,15459579310.54104600067168925,14813788872.47144378779972288537,25347838271.8389268266554000104781,0.35548283,0.16249474695174041700445,0.224836,0.10277477797068710294,27557.384676,12596.75537515662593067654,0,0,0,0,0,0,0.565064085516,1.41838162501,1.1043136086848968,1.372377394732,1.0684959580202065,0.000021565342211764745,0.457109973361415,-61.09430916447507,-3.241785084358106,0.442292850018955,0.0000212316982314567,0.000358002456797011,0.438499637033826,0.442292850018955,0.036099604172,27790008717.667258,17865826048.293859,1795285839.925058,21955693932.715982,26964376976.688039,8277574111.150287,27148315772.178036,27374275794.426608,27790008717.667258,4284267700.693767,12333835828.917442,27790008717.667258,65.5514305261,25380750425.270951,33346135078.928933,33492547019.255344,18926168375.587032,32446846741.094902,33482203801.418638,10209185682.38785,29854431905.499264,33493844077.953545,33493844032.185319,33493843330.572347,33493817746.439229,33490159746.561759,33450311574.022634,27926422990.876828,31456500902.786321,33072008135.227328,22234232552.975824,33492944495.234627,33485862572.138914,33395447340.829328,26314018668.757954,30451564733.283305,13333442294.041688,32702191023.381043,20043733335.873986,8796919596.979725,32613350227.020874,29003014384.664991,33493844080.167798,32407494335.633078,77521,0.897233796296,233902,23614127178.16544,10794253045.3642702420297824976,101701.57684049,46488.80508037028460057569335,102.846349,47.012091851708790223835,174.848293877745,0.05454602212306547,0.03258024034112392,,
2022-07-17,101458,8494,1119555,2932995,870,320293,2153560,135,57320,3728343,3718004,3709747,3692233,1664912,23290,2554242,149044,3647377,667197,2865,1293118,11781,2282291,78323,234,3071997,410092,1261,1658103559,4227,44858.068133427963,9863825198.103486693062197081009,0.594107526752,0.574838264192,15055787027.362644628102704408419,15202352934.38811925576186045,14567468162.151661413966159179299,25341855387.1370438552851676506522,0.35678267,0.16037533898989790087357,0.223502,0.100465106713059131042,26670.93136,11988.69793209490429455856,0,0,0,0,0,0,0.564628620107,1.208972345882,1.0990870728831132,1.169760579474,1.0634393215418563,0.00002158184602763098,0.449504285031271,-61.69450607755404,-7.922583155987029,0.457109973361415,0.0000215653422117648,0.000337953003161363,0.453488666763435,0.457109973361415,0.036137203376,27792080726.37784,17833199723.674224,958889626.371985,21943784579.088679,26965933605.22027,6619952927.738335,27149762774.570332,27376271827.422877,27792080726.37784,4291475585.855618,12316983136.943003,27792080726.37784,65.5151748638,25374142899.959344,33347200619.15294,33492905455.455605,18911784685.873612,32446999510.691623,33482887470.460791,10251756756.366286,29851570178.514193,33494201340.750136,33494201294.98191,33494200593.368938,33494175010.235798,33490518207.355979,33451396812.203023,27921029969.515916,31455446399.961555,33072911816.069602,22231241550.532435,33493293877.885067,33486428640.985165,33394885851.002445,26274446018.608176,30425420331.12763,13254902849.849485,32693285395.825666,19987330896.546822,8804649473.835716,32603105546.025606,28978496796.68231,33494201342.964389,32407851598.429669,74754,0.865208333333,217816,27704687751.57571,12453375859.78665043759687402741,128028.22214517,57549.23445918937758815161107,102.5060775,46.0769210779975550495025,175.649420528049,0.05437024021433525,0.032054383607367495,,
2022-07-18,63387,8497,1120975,2934592,870,320578,2155241,135,57355,3729682,3719344,3711087,3693573,1666677,23308,2555775,149132,3648716,668084,2872,1333369,12565,2310261,83852,254,3092438,432591,1372,1658190024,4159,46876.320269295504,10750822084.734233652677948501197,0.647655065709,0.626683710138,16422852492.596745949474124826149,16582072366.08993891420605485,15891073313.59270953446025446618,25357406067.0831510318605310282602,0.37391317,0.18332960116784290462531,0.226768,0.111184334581286344624,27063.461585,13269.213327252654905527655,0,0,0,0,0,0,0.564238179661,1.408606403074,1.2166810058319975,1.362995108878,1.177284340320765,0.000021980918968053932,0.490299930242743,-58.469728230105034,7.623878095703403,0.449504285031271,0.000021581846027631,0.000334129722318932,0.445221001500968,0.449504285031271,0.036191297545,27789481993.035522,16817937355.376997,1070411903.002219,21927031642.471579,26963032273.036604,6596924618.44461,27147075001.964265,27373250429.189297,27789481993.035522,4371298333.577975,12325731742.62506,27789481993.035522,65.4625747237,25369592974.635896,33348464511.887262,33494227431.274525,18899452811.830619,32446867921.210107,33484213247.643071,10258777193.827726,29849424146.281033,33495522798.423191,33495522752.654965,33495522051.041993,33495496466.908875,33491839791.264075,33452726944.251087,27918647963.169372,31454054755.196193,33073852799.48235,22234253814.685932,33494656032.175854,33488314086.546479,33404422128.854753,26436288006.46192,30540129118.583543,13693316237.412969,32740525946.777078,20209038117.423419,8806029473.50245,32602620247.023332,28975332485.302647,33495522800.637443,32410923056.27126,72379,0.837719907407,216666,23779192489.50457,11658936418.83284892815990783551,110843.33256128,54346.47822266874778632279104,150.6,73.8391694945570958,176.321375090997,0.05443962317632195,0.033533537042523986,,
2022-07-19,66250,8521,1122368,2938112,876,320889,2157758,136,57388,3732140,3721802,3713545,3696031,1668605,23309,2558785,149301,3651174,668988,2881,1374884,13629,2336002,90240,262,3172477,457624,1515,1658276376,4125,46243.003393939394,11299092267.097291368008581372389,0.708500875318,0.685629353603,17270992999.853915075597110572522,17436831723.98531930584258555,16713458203.224676010133009282275,24376812508.6791039145617622051129,0.37080384,0.19117664010695845928256,0.227734,0.117413619443957424406,26469.090299,13646.761991597790564930491,0,0,0,0,0,0,0.564031542855,1.846498984662,1.2990780542521836,1.786891095532,1.2571417730673597,0.000022060204818707176,0.515573517542209,-54.28234961180261,7.085767311969351,0.490299930242743,0.000021980918968054,0.000312588056833666,0.483331632267385,0.490299930242743,0.036246649664,27787471103.111939,17842258285.66311,3285294621.495265,21915579219.354021,26960984853.47374,8107137725.303809,27145105934.003043,27370861641.989101,27787471103.111939,5715075968.585651,13419367369.626662,27787471103.111939,65.4223660863,25370326433.15479,33351395282.443856,33497310642.163575,18894269191.308511,32448406909.287447,33487285413.936888,10247107026.719904,29847792704.488631,33498603809.297406,33498603763.52918,33498603061.916208,33498577477.78309,33494920164.911753,33455756625.838944,27915474749.876707,31454723583.878501,33076507524.22237,22220991768.088668,33497892180.193317,33491849306.101989,33415352268.902053,26644563351.883322,30665560130.154266,13808964904.74916,32791545094.647328,20474061233.117764,8754626944.508892,32604032959.711968,28973626858.204529,33498603811.511658,32417216235.037475,71383,0.82619212963,224612,18141685476.015269,9353372595.013596524295835989221,86691.18166196,44695.67746934736123106966964,151.317123,78.015101369477096944707,176.80509691866,0.05442981216576124,0.033272726716634574,,
2022-07-20,89384,8512,1123309,2941897,876,321179,2160596,136,57383,3736545,3726207,3717950,3700436,1669976,23310,2562180,149405,3655579,669674,2872,1337387,12593,2316392,84150,254,3100650,434338,1371,1658362831,4207,55632.080342286665,10766554218.082048226975407216398,0.676987481614,0.655199151071,16465142324.552686948658687324896,16622081925.5405372576217379,15935224160.399979529847783160788,24321191708.4323943423553222291591,0.34658754,0.17034186168025848875508,0.217765,0.10702778152036709053,32374.395081,15911.462740033132215777162,0,0,0,0,0,0,0.564289705516,1.67186176336,1.2536279254713398,1.618054155816,1.213280857969487,0.00002111096146800968,0.491482935827002,-53.504500900021526,0.1738668906473037,0.515573517542209,0.0000220602048187072,0.000333556866976739,0.503824947643281,0.515573517542209,0.036293029567,27780908174.489344,17788467056.596067,3434043457.977174,21906262523.571699,26955298385.859949,8126325845.033955,27139415511.896967,27363269575.527535,27780908174.489344,5046647589.1007,12739448354.17896,27780908174.489344,65.3899857399,25366138126.606596,33353506105.668352,33499649320.100041,18904237840.874335,32449424482.690758,33489610363.137906,10256181724.893399,29844893079.411883,33500944027.200196,33500943981.43197,33500943279.818998,33500917695.68588,33497256476.682989,33457975939.82329,27912649476.102741,31454424092.020658,33078437393.47317,22216851243.414145,33500080191.637638,33493729182.012884,33409843917.786243,26435626932.219058,30541760987.574537,13658903396.7761,32745710844.33096,20196824453.973745,8758080131.05778,32605503007.196255,28973044115.39945,33500944029.414448,32422741460.161394,93409,1.081122685185,291411,20038106477.226779,9848387399.841482136395865686558,69940.2763106,34374.4523336854080004188212,141.004934,69.301518928412652427868,177.339424921002,0.053929381425819184,0.034338618870179874,,
2022-07-21,61032,8487,1123801,2943124,876,321154,2161128,136,57316,3737197,3726859,3718602,3701088,1670780,23263,2563212,149330,3656231,669873,2875,1353589,13250,2329732,88015,261,3169900,446243,1471,1658449219,4120,47221.568446601942,10951575340.012191567276029616024,0.689060253105,0.66723803089,16759003503.549521219929576061994,16918360814.58369458442045345,16228253548.235081417495691525993,24321535639.3612208690098685487287,0.36833679,0.18425802302413835899869,0.2241,0.1121045306381407251,25680.441346,12846.469538927411162090406,0,0,0,0,0,0,0.564796542337,1.935905588721,1.2919408205868297,1.874596346529,1.2510256472801273,0.000021606534550862196,0.500243331718611,-57.118626983934064,4.431554343285701,0.491482935827002,0.0000211109614680097,0.000322670404578755,0.482884325547899,0.491482935827002,0.036307048996,27772096360.232805,17749125453.983183,1711273843.02452,21892496402.475784,26946224206.410508,8144835288.715446,27130337152.827017,27354356468.90117,27772096360.232805,5083335809.357523,12712829750.348344,27772096360.232805,65.3474136317,25371372374.170933,33354205302.736781,33500409551.567473,18921645990.366052,32449622441.835807,33490361591.402849,10263451396.934882,29845432209.704549,33501702950.972802,33501702905.204576,33501702203.591604,33501676619.458507,33498016126.660706,33458744519.469587,27914132498.093488,31454459544.918889,33078955622.196425,22239344872.966133,33500976609.61751,33494737997.655915,33413711558.189148,26577394655.935171,30621029770.699725,13815607917.299652,32769880247.873808,20415410528.900022,8774447751.927657,32605945790.947617,28977307174.382237,33501702953.187054,32440719384.468563,69720,0.806944444444,202743,17305442552.760857,8656932239.458115730376699209627,86079.9284445,43060.9101991763120889305895,116.291808,58.174201485501020438688,177.744246632425,0.05381369167781876,0.034175360445668324,,
2022-07-22,67089,8492,1125532,2948351,876,321408,2164584,136,57327,3745088,3734750,3726493,3708979,1672995,23261,2567515,149441,3664122,670565,2872,1331889,12411,2315991,82909,254,3106086,429994,1346,1658535524,4034,42642.194595934556,10583227324.393560107369475579684,0.66614248896,0.645044807931,16195959446.46641716358217516741,16349491729.0156427410839237,15683010352.208166710370129241644,24313055712.3647695789699865959327,0.33338564,0.16116627588769687402584,0.212361,0.102660185105114892966,24965.583356,12068.936427047035389264936,0,0,0,0,0,0,0.564556872311,2.461999819054,1.2645702696106205,2.384024779575,1.224519528772034,0.000021290460230622297,0.483422968930806,-59.19316292232467,5.467743556097584,0.500243331718611,0.0000216065345508622,0.000316909297189882,0.489168847391388,0.500243331718611,0.036360081465,27775680603.040133,17727867233.83333,1858132107.118881,21892272408.571414,26949754177.421856,8109661103.377517,27133748582.782428,27357611719.862052,27775680603.040133,4988316742.492116,12714387794.459491,27775680603.040133,65.3448618427,25368670580.008123,33354943108.861151,33501368089.167783,18914161711.005374,32449027755.035185,33491302466.80652,10257702427.124893,29842374351.311093,33502668442.123983,33502668396.355757,33502667694.742785,33502642110.609688,33498969470.226477,33459594652.647111,27909872962.576596,31453106467.945268,33079087962.382834,22230904982.812476,33501798896.929363,33495331667.387357,33409723402.780938,26404277618.203963,30514989765.660235,13675160904.771695,32736013773.6394,20157110498.657196,8770494579.2856,32606784024.228347,28977951831.70053,33502668444.338235,32441591236.127074,74885,0.866724537037,210866,13607908572.962138,6578375563.280324250750179823228,65121.1027658,31481.0368390911580754232348,92.254963,44.598168112061657090178,178.0904043104,0.05369922401618009,0.03376697266976351,,
2022-07-23,58998,8499,1126434,2949999,877,321643,2166312,136,57389,3744985,3734647,3726390,3708876,1674223,23270,2569595,149557,3664018,671132,2872,1381185,13610,2345730,90490,263,3184567,459566,1516,1658621986,4073,44267.456665848269,11319005476.712085446335181404365,0.712103628695,0.689550478876,17322454848.016087518236357262465,17486521761.72578746814974545,16773832563.722943375568930752534,24325750003.2129797736623654925772,0.3450168,0.1783884372133664501928,0.21697,0.11218276681652637987,26027.03223,13457.08848036275330931333,0,0,0,0,0,0,0.564456082602,2.480839032434,1.3690680700993427,2.402267976029,1.3257080926272855,0.00002299556110683723,0.517042756217571,-56.982922788686,7.730954654648255,0.483422968930806,0.0000212904602306222,0.000314608259218711,0.473847876544017,0.483422968930806,0.036398537541,27779261684.540533,17699157505.08511,1699075002.01503,21891817147.804815,26953498564.884823,8031060362.600241,27137221918.366061,27360089208.395666,27779261684.540533,4914735492.144835,12702110764.004695,27779261684.540533,65.3429642393,25362836168.228185,33355129868.900977,33501649226.444455,18910940897.987981,32448384179.78287,33491579879.395484,10257820914.498307,29840458132.249835,33502944657.021663,33502944611.253437,33502943909.640465,33502918324.50739,33499253638.295088,33459834574.513954,27904260070.204077,31451887473.539153,33079073670.950071,22225045390.789893,33502232103.985289,33496169762.223995,33419583417.45315,26636949528.540895,30663637843.258183,13848954932.650131,32794181679.82478,20490927960.350642,8771171214.865034,32605519264.840926,28972605788.32399,33502944659.235915,32441867451.024754,75437,0.873113425926,210667,13504682980.725958,6982498510.199071585859775408018,64563.74841731,33382.21843342379981326255401,110.283568,57.021319964227914173328,178.456084814336,0.053860562623972624,0.034928428239327076,,
2022-07-24,56590,8518,1127171,2951698,877,321842,2167479,136,57448,3746831,3736493,3728236,3710722,1675183,23305,2571006,149657,3665863,671676,2878,1380697,13612,2346098,90417,263,3185597,459162,1516,1658708359,4164,44423.063160422671,11278852468.414249236306804579726,0.709880484266,0.687397453532,17269859438.854605997712388053514,17432903246.46948552621256365,16722895845.470447663986768666785,24327840843.0987169110851614064088,0.38436365,0.19812307232098958551755,0.231677,0.119419614799968478299,25278.060088,13029.762119672722345973256,0,0,0,0,0,0,0.563710113162,2.121251426657,1.3887070710030525,2.054068059768,1.3447245352792876,0.00002275412688015701,0.515457360031287,-58.030469375990734,2.74942987416836,0.517042756217571,0.0000229955611068372,0.000333479408776397,0.506732127165623,0.517042756217571,0.036427733508,27770824631.3385,17641209586.696879,2271330207.416654,21881252151.932898,26945244602.590954,7997339908.011105,27125451498.334821,27351220094.06678,27770824631.3385,4879852149.695909,12671267691.748978,27770824631.3385,65.3094630466,25359154492.662787,33356068233.407085,33502657907.074892,18886517437.584187,32448668509.011059,33492582807.181317,10231794645.628339,29839079731.39931,33503953531.02537,33503953485.257144,33503952783.644172,33503927197.511119,33500260746.496224,33460819501.116134,27901676420.80481,31451445573.002406,33079880537.099051,22211467826.257147,33503239502.391806,33497157221.265799,33420293722.307517,26628867892.795954,30659839070.1239,13827350460.684273,32793337404.634274,20470124604.930359,8741680103.211898,32605770674.26345,28969274852.058984,33503953533.239622,32442830662.958055,65766,0.761180555556,213627,15794428285.215222,8141354307.100525641693448650714,78245.67703876,40332.31012025991977111168412,136.443556,70.330835169041069536572,178.902245991478,0.05384318398417005,0.0340332196139421,,
2022-07-25,69511,8501,1127713,2953812,877,321870,2168572,136,57380,3749827,3739489,3731232,3713718,1675985,23253,2572608,149600,3668860,671929,2877,1331774,12363,2318857,82706,251,3109106,429441,1337,1658794824,4196,45924.691372735939,10530099852.884700581782837380371,0.663347033673,0.642339003726,16116475875.900376467166456169279,16267691152.59443966210541515,15606071229.97952412112578820136,24295692989.9226745394483769801105,0.35986447,0.17309635154796632650079,0.224329,0.107903209912342104953,26323.006266,12661.478768434284196039962,0,0,0,0,0,0,0.5641703379,1.901867560968,1.3133748398356975,1.841635904462,1.2717805964508828,0.000022361760815420364,0.481004283495857,-60.71519085938729,-3.4314899524608795,0.515457360031287,0.000022754126880157,0.000321492782415997,0.505217059580182,0.515457360031287,0.036441489168,27783793156.824617,17617942371.026784,2614705463.246323,21891904530.150403,26958103965.075053,8022298609.159571,27138351678.062427,27363793731.149177,27783793156.824617,4968787063.562965,12673617341.627718,27783793156.824617,65.3374840379,25366795135.663866,33357923300.794367,33504591237.168587,18903028419.16218,32449990224.350827,33494504624.766951,10234907510.374639,29839734151.617701,33505888466.737795,33505888420.969569,33505887719.356597,33505862133.053682,33502191842.783749,33462715719.875012,27902973673.292656,31452231051.66299,33081562489.56852,22230928882.694915,33505015628.064182,33498511656.887164,33412235366.051851,26389076436.412092,30507244305.167404,13582587567.493954,32734984227.581408,20128689999.849971,8741958233.910081,32607815776.255275,28975167281.052629,33505888468.952047,32444765598.67048,73147,0.846608796296,237691,17617361564.282657,8474026376.315229892800436452049,75037.60899507,36093.41134991591956827842499,123.01895,59.17264190116265749015,179.309633484787,0.053991637186015295,0.036345149138476654,,
2022-07-26,55852,8498,1129010,2956333,873,322195,2170559,137,57378,3752449,3742111,3733854,3716340,1677747,23226,2574999,149703,3671482,672730,2877,1319139,12076,2311221,80590,247,3104711,421386,1306,1658881236,4019,40463.409554615576,10191759122.033242044004701723435,0.643162701321,0.622823326084,15606191547.343118783659562556235,15752367768.70524425560002275,15112661395.10193093400200101897,24264764600.4510838012668685727873,0.36786381,0.17133888349881276022245,0.22709,0.10577106525848625805,22532.762069,10495.020684548605556153005,0,0,0,0,0,0,0.563757849718,1.607597555498,1.2887231831028059,1.556758895477,1.2479686052274783,0.000021989172784341145,0.465767163937145,-63.100868994046074,-5.083961902132107,0.481004283495857,0.0000223617608154203,0.000329075670581846,0.471280361083651,0.481004283495857,0.036487474191,27778664361.860106,17588816237.898161,2529091139.374525,21881660862.225603,26952683843.598582,9198495902.128083,27133126996.696378,27358601867.218839,27778664361.860106,6133596316.866084,12641464277.828399,27778664361.860106,65.305869732,25366523450.761038,33358335577.331413,33505125467.809152,18889508901.07702,32449268462.665492,33495031924.580402,10246936242.213955,29836054537.113977,33506422853.839991,33506422808.071765,33506422106.458793,33506396520.155878,33502725561.492875,33463228308.659744,27897765724.176184,31450263626.625935,33081684944.026486,22223270405.215176,33505535230.530762,33498836321.850752,33409720569.76705,26328206416.162289,30459078263.159373,13492856008.607439,32716625413.14746,20058699301.47536,8713905010.025399,32606940791.34482,28973076839.056205,33506422856.054243,32446815845.398186,61253,0.708946759259,188355,20842544044.344762,9707772628.76949192908767798449,129815.81262885,60463.94288233527617861363325,148.451,69.143601253633112395,179.96210706105,0.05398034409405965,0.03670540686197647,,
2022-07-27,55875,8493,1130198,2958723,876,322359,2172721,138,57318,3755014,3744676,3736419,3718905,1679620,23211,2577607,149668,3674047,673461,2872,1377784,13433,2347577,89420,264,3189520,456775,1499,1658969398,3892,42517.855601233299,11113919304.183741392268339682425,0.699372371452,0.677250496652,17027262715.205372704107498493275,17186182624.29748851057258375,16488672703.1427649166375742858,24346490382.3060295545663503449606,0.35531812,0.180559275437512342869,0.223364,0.1135051654523684493,23611.955267,11998.705651916860568729775,0,0,0,0,0,0,0.564122112787,1.836919235055,1.4235308345012632,1.778815570977,1.378503075069275,0.000022192029670529942,0.508162306604325,-60.070961263844154,4.498919322026763,0.465767163937145,0.0000219891727843411,0.000325436718301408,0.459650712762538,0.465767163937145,0.036533562737,27770677878.090469,17244439190.313478,2997912424.583396,21870806157.288389,26943666786.93221,9184583630.732229,27124804992.172683,27350418852.742111,27770677878.090469,5512235041.501452,12625125908.102234,27770677878.090469,65.271320999,25367632391.518528,33359282763.875723,33506230332.200933,18902337487.536789,32448928541.730208,33496129144.914364,10239323660.679311,29834513008.670854,33507527994.078995,33507527948.310769,33507527246.697797,33507501660.394882,33503831184.617856,33464301052.086017,27899022697.825171,31448911638.066951,33082342979.297156,22215386811.700106,33506805996.464254,33500631997.756784,33422381839.601351,26607032142.254431,30638577864.232732,13813324072.400755,32788149049.600393,20449770048.259546,8654799450.597511,32606871944.46516,28976080492.618674,33507527996.293247,32447650069.373384,66453,0.769131944444,196957,18241154731.709056,9269467263.5916710512832112672,112726.87343516,57283.548021104714867663067,120.85586,61.4143925842493775945,180.517684143945,0.05440199082130244,0.04008796357415675,,
2022-07-28,55333,8493,1131050,2960633,882,322539,2173954,138,57296,3756953,3746615,3738358,3720844,1680807,23202,2579271,149711,3675986,673911,2878,1383272,13517,2351432,89939,266,3193775,459187,1510,1659059415,4019,40713.054491166957,11213411284.986069319241112628567,0.706097361308,0.683973912916,17182725755.220127281710110296167,17342768222.52737059351577605,16644356449.061982996413715885893,24334782562.2538354579101529108876,0.37362682,0.19159293434104612208518,0.231368,0.118643715225312677432,22958.247078,11772.810969514361918197722,0,0,0,0,0,0,0.564229545136,1.932002089883,1.4509002296361948,1.871468584347,1.4054406115836502,0.000021511043790934825,0.512792241041599,-59.97323235065451,9.387594836203384,0.508162306604325,0.0000221920296705299,0.000311308714724548,0.497987745505284,0.508162306604325,0.036562102759,27768889340.303806,17145200527.213556,3173649264.130425,21867357552.464233,26941166077.284749,9221887644.54612,27122853214.99865,27347748818.620033,27768889340.303806,5563931332.634226,12544898262.007102,27768889340.303806,65.2597931477,25368391475.049787,33359821438.9964,33506864891.693427,18906295300.732372,32448727798.865869,33496755239.420981,10196152246.907453,29832784614.314118,33508162524.422381,33508162478.654155,33508161777.041183,33508136190.53829,33504464024.351887,33464919277.389077,27897939210.636808,31448004006.037306,33082667478.781199,22221451291.722883,33507445157.927621,33501309537.728639,33423845260.871893,26623388921.025131,30647444583.571614,13820934061.125496,32792382226.947173,20465000806.756706,8613143588.355923,32606727599.855863,28976307373.816736,33508162526.636633,32458284499.885307,61447,0.71119212963,185907,17343750662.641515,8893740770.362660140300339382485,108343.13548378,55557.51924620113144396976422,163.669415,83.928406107817498994585,181.05531556235,0.05440252391938892,0.03945292327753088,,
2022-07-29,66504,8529,1131681,2962778,890,322580,2175308,137,57306,3759525,3749187,3740930,3723416,1681849,23236,2581261,149758,3678557,674213,2882,1395813,13821,2363883,91850,267,3206878,466427,1560,1659149104,4079,45875.23633243442,11537546524.89073729171060191923,0.728505286024,0.706136463316,17676515681.639413148651238090855,17839521604.15460446067725475,17133756620.101061370293370109185,24264087057.0966223390566221466253,0.35880414,0.1892621087394588850827,0.224836,0.11859655655184184298,25801.606033,13609.838411202068054469065,0,0,0,0,0,0,0.563956671999,1.616566032887,1.5074580433991067,1.566929222176,1.4611714036744246,0.00002202354804263558,0.527480281413305,-59.02639303688189,13.607799357647721,0.512792241041599,0.0000215110437909348,0.00029733785208985,0.502936406094376,0.512792241041599,0.036585009266,27775440407.384671,17130958644.537929,2368940812.583716,21872943750.575086,26948395604.670113,9453800106.538526,27129375147.622519,27354856875.856579,27775440407.384671,5766036450.331274,12563702850.30022,27775440407.384671,65.2704793902,25372396929.226085,33362782277.62369,33509936591.868677,18898884579.427176,32451067162.324689,33499815946.996422,10133215842.323915,29834180781.021219,33511235023.060659,33511234977.292433,33511234275.679461,33511208688.17659,33507534780.873468,33467959676.04609,27900025215.665199,31450382502.698994,33085454113.116835,22206753672.029165,33510538085.809566,33504583648.079678,33429107642.256943,26677922663.30571,30685500607.760309,13791480048.594142,32808594015.299858,20537875182.954818,8584485361.264326,32609633305.188503,28978204029.978089,33511235025.274911,32482269430.420617,71910,0.832291666667,224371,20729889372.615251,10934607879.933773229514277314555,99663.03319314,52570.2847952210444062307277,151.487321,79.906574711627668205905,181.659397452562,0.054445024470325995,0.039640785847659406,,
2022-07-30,73224,8508,1132515,2965243,893,322792,2176812,137,57304,3763009,3752671,3744414,3726900,1683226,23222,2583301,149845,3682038,674714,2879,1394117,13713,2360580,91281,264,3206996,464814,1552,1659230298,3900,51302.907179487179,11461862306.132911078504409064984,0.725943301952,0.703785093879,17567657904.1023732220812441393,17728080061.6623754244570394,17031434457.813981228511674886344,24199765817.6220654783823917110131,0.35418568,0.18565888078410457516896,0.22376800000000002,0.11729586705848050177970339445144,27453.640693,14390.791306162714179822396,0,0,0,0,0,0,0.564350836243,1.94020161965,1.5178898826317946,1.880980202392,1.4715588265289181,0.000022189201976130144,0.524185169722572,-59.75498123953704,16.02817345493231,0.527480281413305,0.0000220235480426356,0.000302094623823555,0.515871984211914,0.527480281413305,0.036616197818,27767404824.826113,17128473876.582395,2264350313.019787,21866056058.394722,26932173156.071747,9508977942.312087,27120711024.431267,27346776927.262039,27767404824.826113,5845234618.287579,12607781150.040306,27767404824.826113,65.2441114729,25368343760.714625,33365658228.914414,33512921368.868666,18913778950.03261,32453097044.620911,33502789703.438513,10157983039.619358,29833698755.440169,33514221534.042023,33514221488.273797,33514220786.660825,33514195196.15802,33510516871.84416,33470924384.037477,27898727581.042406,31451708395.468874,33088131154.661952,22210641972.938968,33513518503.665175,33507466600.095541,33431508390.090431,26658623582.156127,30674573060.251042,13745548279.581305,32807314723.693161,20530232367.935786,8604771760.967481,32612068236.578827,28979647119.671337,33514221536.256275,32491255841.572102,77512,0.89712962963,257726,17273576723.588852,9054552746.570291552453031967344,69170.86865359,36258.34352503980951147183348,143.780714,75.367717970922584076408,182.094875878565,0.05443341411693132,0.03924619014876106,,
2022-07-31,65573,8513,1132843,2966440,891,322839,2177138,138,57311,3763933,3753595,3745338,3727824,1683666,23226,2584285,149921,3682960,674813,2888,1388731,13594,2357363,90522,263,3201133,461673,1530,1659317893,4160,54638.4625,11303258809.225166003212416200172,0.717492405147,0.69559387687,17324891699.8721897042526455992,17481715710.2900140369383166,16796120066.813205263777642476716,24146446116.5006691754766328964551,0.34856156,0.18017169711608977774448,0.22801,0.11785851732887479108,31998.997316,16540.302529162773251475728,0,0,0,0,0,0,0.563690403797,2.216662948163,1.518094451988266,2.149008355721,1.4717608127123831,0.000022131222772056453,0.516900650536708,-61.09468938265119,14.853183504665136,0.524185169722572,0.0000221892019761301,0.000309637900643184,0.513136535777942,0.524185169722572,0.03662250514,27767987633.473414,16908140269.553138,1392006623.80518,21867371993.996859,26872777566.384012,9551533119.287377,27120759127.399545,27346619147.75622,27767987633.473414,6149701027.761365,12652345813.519437,27767987633.473414,65.2428829284,25370885024.05727,33368284308.494967,33515570123.683029,18893137758.488267,32455487688.766824,33505424359.839922,10187305526.888726,29835543180.158636,33516869597.163148,33516869551.394922,33516868849.78195,33516843257.279189,33513164482.6942,33473563732.075421,27900771128.67193,31454320769.850678,33090594320.84596,22212809288.876789,33516153549.029488,33510035298.756983,33433037543.115521,26637682381.418205,30661648855.621381,13721787006.154523,32803607671.152741,20476603946.539438,8598986443.894758,32614591317.275661,28981685074.987389,33516869599.3774,32493903904.693227,91803,1.062534722222,289084,15120417665.283777,7815753727.571915890054175386116,53286.63529079,27543.89644672165346714931932,139.833179,72.279861191715935834732,182.487056724898,0.05437168891160495,0.039368437582221874,,
2022-08-01,65843,8525,1132783,2967911,885,322938,2177476,138,57317,3765244,3754906,3746649,3729135,1683825,23228,2585383,149956,3684270,675024,2882,1385295,13518,2355407,90001,260,3200991,459855,1519,1659399903,4206,50148.772467902996,11208466758.884324689714641035265,0.711964227647,0.690234844741,17182729592.584357969898357114817,17336628018.50685879604382235,16658307021.644298844483857688422,24134259735.7474989019149489024071,0.38459676,0.19714840937672454016668,0.233854,0.119876059606910210622,28235.555979,14473.847749334430829680747,0,0,0,0,0,0,0.563153498647,2.041832287274,1.5287738303772809,1.979514892838,1.4821151491594644,0.000021970809679341723,0.512610687039393,-60.995276272202126,12.401107314069058,0.516900650536708,0.0000221312227720565,0.000307186636465043,0.506463899587004,0.516900650536708,0.036628651704,27769487929.418055,16891491502.683113,2312091635.223497,21865456656.043105,26845148329.680836,9623625001.909631,27122209663.620903,27348058232.995322,27769487929.418055,5476179070.464067,12644840107.985102,27769487929.418055,65.2310024347,25376010084.86146,33371359100.006525,33518738461.169742,18876926546.846855,32458381689.080233,33508577202.138819,10197007809.774916,29837745892.61865,33520037771.137717,33520037725.369491,33520037023.756519,33520011430.25378,33516329795.821833,33476703224.212952,27902918553.212712,31456792000.588311,33093797255.833717,22206900585.930795,33519318866.425432,33513144671.257375,33435474806.731709,26624632415.753859,30653611280.112211,13676370680.18737,32802847617.046862,20454991565.36794,8607523124.756205,32617588321.42012,28984306953.338838,33520037773.351969,32496995171.628454,73416,0.849722222222,228671,16416645961.70006,8415348165.30954437891047046358,73001.88566408,37421.54676543526330492510344,143.3784675,73.4973347318302804702275,182.919847774226,0.05424764957207785,0.039402448911036475,,
2022-08-02,58136,8505,1133714,2970197,883,323201,2179298,139,57332,3767762,3757424,3749167,3731653,1685219,23220,2587650,150055,3686788,675516,2873,1358900,12767,2340557,85695,255,3133264,443498,1408,1659486178,4110,47286.91703163017,10912817047.800678614745874298494,0.693889305146,0.672691352395,16732474465.87839381624368952579,16882052884.2130222856769587,16221306185.125164021637467115752,24114040008.6570971657413272995725,0.39140875,0.1953794181300866118275,0.231105,0.11536063112271676713,26465.102573,13210.579327789166796574738,0,0,0,0,0,0,0.563804113796,1.96432321651,1.5154265848345718,1.904314176994,1.4691311009503858,0.00002167341948465435,0.499169776174106,-62.018303197885366,9.63345161579421,0.512610687039393,0.0000219708096793417,0.000313362473486685,0.499664525318626,0.512610687039393,0.036659898315,27768535749.147686,16872428507.045698,2019988184.2096,21861934693.727099,26789646323.120629,9592387216.696861,27121323428.907531,27347157494.108201,27768535749.147686,5376305559.191659,12527282516.078453,27768535749.147686,65.2193856327,25369499735.974892,33371800574.88817,33519308476.411106,18899056770.135973,32458119788.551257,33509139943.733241,10236383645.415205,29834926811.881213,33520608144.626463,33520608098.858237,33520607397.245265,33520581803.742526,33516899420.349146,33477237400.13719,27898811164.032248,31455528602.602514,33093982500.038721,22208286333.468012,33519749012.418476,33513376108.170729,33430502775.796113,26472146799.836343,30564989718.785568,13606741368.779205,32769565558.812499,20251869344.592868,8603240108.259011,32617319482.207609,28982305110.977481,33520608146.840715,32496571225.633092,67615,0.782581018519,205488,17064711074.581722,8518188007.574746050785397290532,83870.84689903,41865.79187412151738748251718,167.454724,83.588337098376696176744,183.369465670218,0.0542351223727998,0.03978429768911001,,
2022-08-03,73340,8519,1134594,2972743,884,323403,2181290,139,57368,3770311,3759973,3751716,3734202,1687094,23228,2589753,150168,3689334,676042,2874,1368340,13249,2350988,88403,261,3200288,451681,1483,1659580147,4148,58348.901880424301,10941064918.449846520322898934966,0.69691319367,0.675622910471,16777188262.209264862951292772834,16926597899.55854764446008515,16264655148.147039073741128897145,24073569584.5456634334231595416693,0.36782944,0.18409381117041518605408,0.233438,0.116832657799221781166,33434.960645,16733.759351809613537264765,0,0,0,0,0,0,0.563675208825,2.463464273158,1.5460697965269363,2.388206906097,1.4988382846080759,0.000021941798686129283,0.500486886450457,-63.415993373544275,6.902648880680557,0.499169776174106,0.0000216734194846543,0.000304269349160232,0.491570692829933,0.499169776174106,0.036698582662,27771356888.687896,16871073709.689572,1715190502.488191,21860842341.036838,26763910871.833284,9621643815.81541,27123971711.293065,27349953880.993104,27771356888.687896,5360099590.078819,12535381426.470702,27771356888.687896,65.2139366111,25368598544.222278,33372720498.371517,33520434158.836163,18895370394.762158,32458210022.494951,33510263346.509378,10228792551.986023,29832958002.93344,33521733966.07431,33521733920.306084,33521733218.693112,33521707622.190439,33518023599.446547,33478351786.627351,27895624591.075558,31455076643.403818,33094691848.483554,22201514556.370045,33521003877.565316,33514667966.021054,33433155404.157637,26564077332.265155,30616617695.88764,13715941286.369764,32785695703.155181,20393268712.386684,8594538084.792354,32617577626.652839,28979973303.081615,33521733968.288562,32497664950.821985,90898,1.052060185185,287252,13607558402.022138,6810404536.820815885781954217066,50076.78335129,25062.77338294121378101203953,167.6246365,83.8939324142746298838805,183.716718190898,0.05396994994375269,0.039507828990602054,,
2022-08-04,79925,8501,1135073,2974759,886,323481,2181987,139,57366,3773196,3762858,3754601,3737087,1687403,23231,2591168,150221,3692221,676288,2876,1360793,12768,2343411,85811,255,3138266,444162,1409,1659659927,4080,63536.838725490196,10892009291.853011934633055805564,0.697378614513,0.675341862452,16739022387.740501767044078902852,16886791105.7558395095141577,16210079173.209280788331019395796,24002775593.3213107219484481270538,0.38163707,0.19055515819629784136282,0.233854,0.116765611801906548004,34217.961522,17085.366133273013700174972,0,0,0,0,0,0,0.564189404879,2.677840716107,1.5649523639218819,2.593222532107,1.5155007941236762,0.00002206569509603209,0.499309876255726,-63.82449963666593,9.393403211941981,0.500486886450457,0.0000219417986861293,0.00030966421041458,0.492716706916737,0.500486886450457,0.036710133133,27751395827.006735,16872107031.745495,1836742087.160237,21814127478.372914,26703087912.772221,9671429647.734394,27103845489.16302,27330220555.619733,27751395827.006735,4384667841.376198,12558014476.057062,27751395827.006735,65.0695664272,25368796031.898306,33375302717.060923,33523015193.036552,18914064248.059505,32460345812.54567,33512829923.506581,10235801300.008034,29834003130.474861,33524316627.09965,33524316581.331424,33524315879.718452,33524290285.215735,33520601562.493155,33480890758.491806,27898567763.724439,31457132857.585676,33097110629.116721,22215971148.994374,33523457070.724252,33517069697.697611,33434125423.017479,26471924008.80682,30566079587.90599,13598959719.421224,32772657885.722697,20258004880.877271,8599580009.345561,32620261795.989372,28983028007.557656,33524316629.313902,32464968037.017446,89661,1.037743055556,306136,12519160093.304955,6250940277.01372024525608292233,41807.5058332,20874.9005641356349199009032,130.567973,65.193878441590973463398,183.982131116808,0.053968040977247105,0.039175152822346015,,
2022-08-05,58624,8512,1135500,2976657,886,323632,2183005,138,57376,3774986,3764648,3756391,3738877,1688251,23251,2592780,150220,3694014,676690,2880,1392450,13584,2363540,90619,264,3211436,462814,1522,1659745389,4051,42174.954579116268,11269174803.776915907524680495008,0.721230684573,0.698225458233,17318524932.088926560278833585824,17471142002.5075132277854088,16766112792.04224106968801559376,24012462728.6842157568754181439209,0.37623353,0.19435772919245225714032,0.229609,0.118613255554734237296,23636.119273,12210.135733575461817894512,0,0,0,0,0,0,0.563873883333,2.87287568946,1.6422726839014459,2.781239051009,1.5898888133690732,0.00002221982190991109,0.516588006370544,-62.83759135133151,11.814251024590828,0.499309876255726,0.0000220656950960321,0.000310718758328483,0.487493304056999,0.499309876255726,0.036730423667,27755158942.522657,16865348031.599427,1167862302.906511,21814627255.774182,26699042826.688148,9662722564.251067,27107489724.82657,27330351452.463036,27755158942.522657,4160128658.795961,12550721577.282715,27755158942.522657,65.0700613821,25366597497.779397,33375699239.799866,33523528562.98816,18903775903.878261,32460292333.118397,33513331239.86036,10185103129.886673,29833142662.082068,33524829685.113994,33524829639.345768,33524828937.732796,33524803346.230013,33521113068.151194,33481377513.99262,27898449929.373424,31456252778.17529,33097477977.705119,22211361648.983387,33524112736.751099,33517950858.506609,33440718398.447608,26630102866.642829,30660626934.398837,13750626796.386383,32809364554.735736,20472761518.423976,8583986849.74595,32620289313.012025,28982441473.074171,33524829687.328246,32455482096.53179,62823,0.727118055556,192917,11669432760.464124,6028289005.203275744490162363456,61431.69818772,31734.87849475123565959051968,149.777648,77.373336579189096800512,184.2878040204,0.054031662503071065,0.03955321015327389,,
2022-08-06,53430,8496,1136231,2979066,886,323805,2184446,138,57340,3777739,3767401,3759144,3741630,1689261,23250,2594792,150258,3696767,677128,2874,1389255,13504,2362465,90060,262,3212016,460908,1511,1659831780,4268,39262.057872539831,11164269971.455094889983206314975,0.714992884595,0.692186932288,17162126031.284245436454026393325,17313132693.07910589700678625,16614709915.430584904008941735375,24003212341.0731751354640678226996,0.37112935,0.18998704325539364217125,0.22985,0.11766388697701280875,22965.855503,11756.588323843374584871325,0,0,0,0,0,0,0.564022686675,3.041324182697,1.654175156512611,2.944315812749,1.6014123381141732,0.000022260821569057018,0.511915975536275,-63.46507325439344,7.033914569146252,0.516588006370544,0.0000222198219099111,0.000299362321949372,0.507343537433087,0.516588006370544,0.036759081298,27751381231.720006,16857297680.785008,988677263.307913,21808793835.276549,26689352892.093489,9405901659.374062,27103620275.461909,27326538242.863663,27751381231.720006,3788522572.250442,12546198944.354382,27751381231.720006,65.0517887534,25361065039.920465,33376047463.528167,33523977650.819901,18909018072.911384,32459903773.688335,33513767527.838898,10188116697.31727,29830292838.355582,33525279245.626131,33525279199.857905,33525278498.244933,33525252906.74215,33521559686.098484,33481787096.26455,27896938747.124126,31454993251.006481,33097646178.066422,22211498291.864832,33524558257.74131,33518339357.420196,33440315346.23616,26612821724.715966,30647928866.165343,13713074948.222723,32805031782.04139,20457497067.224838,8586131911.271384,32620194008.143628,28982646914.635696,33525279247.840383,32455931655.630165,61881,0.716215277778,187217,11023250805.874657,5642978189.870354591866006682675,59593.56736926,30506.8991755214582694499065,125.478062,64.23422451713119769905,184.562663872457,0.053894205810599984,0.03917938268633366,,
2022-08-07,51579,8496,1137080,2981399,887,323982,2185980,138,57351,3780175,3769837,3761580,3744066,1690455,23254,2596856,150350,3699203,677652,2872,1402890,13812,2375782,92074,268,3225554,468763,1562,1659918163,4171,37483.268520738432,11459490658.059309328125998438037,0.73658875554,0.713094301477,17681805371.85803828998760740132,17837129184.27954429113642345,17117821247.832837766646388639322,24004989539.7877192813036125093638,0.37484605,0.19769738361368748286655,0.229795,0.121196075742314251745,21489.174392,11333.595627636074803260712,0,0,0,0,0,0,0.564053682829,3.036773683097,1.7325306747794913,2.939911846339,1.6772693609932043,0.0000227786698512268,0.527409542167211,-64.10996966961443,12.326715898439234,0.511915975536275,0.000022260821569057,0.000301920188467189,0.50269368844048,0.511915975536275,0.036791421649,27748268831.496835,16846549042.23254,812535907.802774,21727878890.795967,26676913119.255723,9381342280.90488,27100381353.357674,27323364425.563443,27748268831.496835,3681477915.427,12549427865.44419,27748268831.496835,64.8095056871,25357042800.057775,33376428336.863141,33524457524.489963,18910328012.033849,32459507451.411777,33514236116.640147,10183820499.561535,29828016700.853781,33525759314.161868,33525759268.393642,33525758566.78067,33525732975.277887,33522038025.548721,33482231392.939071,27894025184.325919,31454192013.86403,33097832417.591114,22205601617.636686,33525059748.284911,33519035127.811794,33443161134.497093,26668190205.146475,30684404834.952411,13821134298.602618,32819471307.804778,20553097377.507736,8582729776.405842,32619983842.166171,28980991143.457439,33525759316.37612,32456411724.165902,57328,0.663518518519,175175,11039926848.346459,5822562764.645906606750637755849,63701.40104265,33596.72675931393393604254915,121.48254449999999,64.07105317605283147429407832789,184.847491975046,0.053947988372449164,0.03929025124417488,,
2022-08-08,65725,8509,1138194,2984315,883,324381,2187996,139,57440,3783744,3773406,3765149,3747635,1692131,23296,2599359,150498,3702772,678337,2880,1411045,13969,2383256,93167,268,3232570,473093,1575,1660004598,4240,40426.332783018868,11656207678.450606140525625511194,0.748362248524,0.724492353446,17983665620.93729595523709411997,18141015691.02736822805763215,17410055431.021319956975164481552,24030695904.8201695479582756102086,0.36625311,0.19645629322845494239587,0.224376,0.120354137742141783192,23560.696436,12637.836952967933282786212,0,0,0,0,0,0,0.563095862283,2.649365014942,1.7872037301385582,2.564860398285,1.73019876281589,0.000022534143672989326,0.536394880656317,-62.549811524711366,12.114624792408257,0.527409542167211,0.0000227786698512268,0.000310700899160097,0.518440550650944,0.527409542167211,0.036830695822,27758994079.162934,16831652812.386737,1571612937.031891,21730646765.659682,26673370677.221905,9369813187.082639,27110452809.415352,27333896209.431602,27758994079.162934,3378051249.214755,12557304082.121015,27758994079.162934,64.8155271797,25347426192.544885,33377428536.723732,33525612094.126975,18878867164.884909,32459709379.746164,33515380101.041967,10222628941.648641,29825897288.992903,33526915092.376158,33526915046.607932,33526914344.99496,33526888753.492177,33523190570.262117,33483352439.399301,27888609687.281911,31452865178.850971,33098588607.796648,22192755569.029658,33526222133.339166,33520282847.513566,33445510523.253667,26685970690.569298,30701190850.505103,13828638500.8887,32827153766.663997,20556853134.261149,8582751564.019812,32620100114.924561,28975985683.512759,33526915094.59041,32457534661.253456,64329,0.744548611111,208215,12654698354.326204,6787915413.510495335251831230668,65610.13045366,35192.93809453634524975477022,169.791819,91.075462488923977270623,185.167976302271,0.05395167264371786,0.03926703093275259,,
2022-08-09,76691,8503,1138285,2985779,885,324527,2188503,139,57457,3785369,3775031,3766774,3749260,1692214,23272,2600368,150601,3704397,678707,2878,1393557,13561,2368422,90555,262,3220313,463006,1518,1660091775,4063,46874.681023873985,11140102542.93449384113888752683,0.721263148336,0.698259850114,17235626911.570467327896305141285,17384739697.87624477610129825,16685929804.772261443023050892695,23896447435.7760466921967120435558,0.35892175,0.18449771605254508116125,0.228332,0.11737024156855839322,25768.068965,13245.644408919128515155775,0,0,0,0,0,0,0.563313139953,2.807506372387,1.7354902842713347,2.717966366785,1.680140165993947,0.00002216970537245245,0.514033256698835,-65.17606516300621,11.158741150723218,0.536394880656317,0.0000225341436729893,0.000302013533962834,0.525958496239846,0.536394880656317,0.036840943056,27703994903.4767,16810503390.516123,1757599655.422054,21671949037.844698,26606705322.162582,9377065234.667354,27054476822.246243,27278705764.853489,27703994903.4767,2578167303.535178,12479076413.549877,27703994903.4767,64.6341592336,25349886095.954391,33380673502.117838,33528875132.894996,18887990199.255719,32462631753.861716,33518630858.421851,10227485901.568425,29827009754.015588,33530178613.580219,33530178567.811993,33530177866.199021,33530152274.696238,33526450952.516916,33486575522.217665,27887212210.612303,31455547040.090308,33101919068.663298,22197593806.655491,33529459152.356674,33523243181.691351,33445397099.949872,26611249289.538406,30652495563.834279,13722085866.289302,32810626299.741114,20454667970.023951,8579028008.696248,32623083252.241596,28977186070.339199,33530178615.794471,32460798182.457517,71793,0.8309375,246628,11943046308.132729,6139122988.674464734779559670715,49661.63260317,25527.73073998851804175630695,135.458491,69.630169276239830557985,185.440116693176,0.05397939858140168,0.03958135892482717,,
2022-08-10,69564,8462,1138571,2988792,875,324286,2190470,139,57307,3788502,3778164,3769907,3752393,1692808,23180,2603327,150398,3707530,678539,2861,1411534,13905,2386862,93086,266,3237124,473322,1563,1660177391,4189,40811.369300549057,11635948063.864242072057077288524,0.752283601249,0.728291353105,17995728231.706917971278150744882,18151123709.8208775560994067,17421798431.098874334858207774798,23921468182.7799546530615783946425,0.33883017,0.18184803634499931555882,0.213857,0.114775716426410666522,25052.086515,13445.29838974429945537419,0,0,0,0,0,0,0.564508100184,3.033590755724,1.8385973439418202,2.936841787572,1.7799597721014213,0.00002243416140442858,0.536693755296346,-67.87633539447361,23.462952947851015,0.514033256698835,0.0000221697053724525,0.000301664081516436,0.503801808910047,0.514033256698835,0.036849055721,27726777674.687278,16768942538.400463,1421229668.299408,21680796448.692094,26614558092.551618,9439006216.509172,27076988535.119419,27301179543.678806,27726777674.687278,2866942297.437341,12467974388.77488,27726777674.687278,64.6595009329,25362357754.695904,33381031201.334192,33529416933.188608,18928363252.341626,32462541978.097185,33519150520.973206,10383312487.453109,29828409405.636687,33530720365.065265,33530720319.297039,33530719617.684067,33530694025.546657,33526992549.891722,33486993207.527762,27891375133.805865,31455836880.480222,33102031140.902069,22225772616.788653,33530027280.402244,33524079685.022709,33449133183.948982,26696260476.006696,30704757092.240556,13945599286.849024,32830667412.929316,20595748241.487148,8730852924.074352,32624449931.046688,28987944691.991581,33530720367.279517,32461339933.942563,73937,0.855752314815,220102,11053145617.617919,5932154229.356710594594444823974,51137.31126352,27445.07561777668096129909792,114.530677,61.467899135762843006242,185.704852425981,0.053894796931631836,0.03822016244144687,,
2022-08-11,57391,8450,1139201,2991042,874,324447,2191775,138,57305,3790667,3780329,3772072,3754558,1693810,23187,2605179,150443,3709694,678822,2859,1407892,13788,2384267,92390,263,3236894,470933,1555,1660263750,4177,35478.538903519272,11500779625.819543985343367175208,0.743413957459,0.719702389988,17788763659.752400753228000249416,17941542257.2415655557900676,17221381966.794180871636753710696,23928476834.8236303337979972991173,0.3668555,0.194615681856346441284,0.225909,0.119844009623640283992,20719.998836,10991.893815223826772713568,0,0,0,0,0,0,0.564515627733,2.852971117602,1.8357145282909317,2.761974148187,1.7771634768085713,0.00002216458193620033,0.530496835556088,-70.42227173598886,26.384480873460788,0.536693755296346,0.0000224341614044285,0.000289974641907581,0.521075345765581,0.536693755296346,0.036865257709,27729264845.386105,16758409494.167677,1965966683.067299,21679261505.422491,26609751310.202682,9301327735.383229,27079325466.031105,27303607261.983373,27729264845.386105,3361122424.827169,12425578535.444546,27729264845.386105,64.6519333541,25359684584.753898,33382475314.967955,33530967663.551761,18929491018.452731,32463593020.494819,33520691128.955625,10338701970.423326,29828019008.528117,33532271007.669355,33532270961.901129,33532270260.288157,33532244667.150769,33528540916.314978,33488513583.501598,27891683894.921549,31456210548.100171,33103263802.41236,22227861975.045665,33531573417.324455,33525547366.649151,33449791361.807305,26674187192.032032,30691395758.898771,13888352475.877821,32826947749.856326,20584488389.065425,8720547353.283002,32625649007.30088,28988756780.662985,33532271009.883607,32462742117.475667,56480,0.653703703704,171603,11753456178.719545,6235171309.65786891465186933996,69496.09690177,36867.45948988823643186147576,152.071395,80.67339382609990290276,185.960120883635,0.05388044723071592,0.037566297822593256,,
2022-08-12,49910,8455,1139785,2992784,875,324619,2192800,139,57308,3792865,3782527,3774270,3756756,1694650,23194,2606529,150511,3711893,679217,2863,1415730,13943,2391006,93497,266,3244953,475371,1575,1660350219,4219,35013.958283953543,11698183540.651362961783580973384,0.757293994193,0.733139975144,18124316400.849004275738040681183,18279780669.49004362596273415,17546238287.247927844180123449803,23932998993.5495156725359904899977,0.36871969,0.19929221581185150348613,0.226529,0.122438447362664329733,20410.109609,11031.621253913432470566893,0,0,0,0,0,0,0.564344149967,3.578772038,1.8873533196945893,3.464626503185,1.8271558687884317,0.000022154904543492058,0.540497893703077,-69.96287413124855,24.206820451477903,0.530496835556088,0.0000221645819362003,0.000282462667882325,0.514487154403961,0.530496835556088,0.036886200221,27736704318.276961,16764593011.04319,1562818855.785254,21643347137.773992,26604909647.381241,8533805516.634649,27086530917.926695,27310802793.467585,27736704318.276961,3247231818.978707,12407703720.729745,27736704318.276961,64.544136628,25357994130.824397,33382751759.316946,33531326828.72537,18923944111.785222,32463385318.489643,33521042544.792584,10370869460.879348,29826103829.577316,33532630951.581127,33532630905.812901,33532630204.199929,33532604612.062519,33528897442.589227,33488849685.493393,27889952942.798318,31455509391.146537,33103438049.049268,22226924589.169784,33531944398.114004,33526005910.883556,33451436197.77774,26700689214.262974,30710355013.472834,13933548882.731296,32834755113.280408,20617103487.961582,8712655209.032925,32625584209.935441,28987687234.997902,33532630953.795379,32463102061.387439,55354,0.640671296296,165902,9369870614.204989,5064395331.248152946411578051153,57009.43118769,30813.47747815695238831752213,148.5217515,80.2756938548418169793655,186.162977055651,0.053902604334372974,0.037248242073281666,,
2022-08-13,60689,8462,1139722,2994541,875,324609,2193056,139,57314,3794794,3784456,3776199,3758685,1694534,23223,2607618,150509,3713821,679175,2862,1430023,14249,2401780,95767,272,3272527,484232,1615,1660436266,4144,42215.731177606178,12098613497.44886856882940532874,0.784130940722,0.759120611861,18783706272.24823905547770411918,18944198926.306119801105807,18184588641.88449621978278554872,23954808179.0310377939598441352283,0.36360229,0.2036694452879889468714,0.223824,0.12537355010096013984,24165.735574,13536.27877132677345989484,0,0,0,0,0,0,0.564516341405,2.868477281242,1.9733129399940037,2.776985469851,1.9103729346808875,0.00002293205425722748,0.56014346138466,-73.42528194537775,27.097256036925348,0.540497893703077,0.0000221549045434921,0.000276500829539347,0.526605803965755,0.540497893703077,0.036881865801,27736864764.922084,16757963822.658018,1328454191.211422,21599133671.115989,26597437976.738104,8489556922.484887,27086634574.860437,27310614674.690156,27736864764.922084,3211213614.095735,12390163095.499723,27736864764.922084,64.4101505959,25359039304.937568,33383835877.717519,33532437391.733626,18930345302.313561,32464530015.376905,33522134121.406376,10372540748.185565,29827896402.357537,33533741917.784971,33533741872.016745,33533741170.403773,33533715577.266385,33530003897.89417,33489921321.721625,27893119630.064977,31456831723.115961,33104549132.448121,22225091614.907793,33533102038.476972,33527290631.329507,33455126252.125056,26755482998.027023,30753082651.605191,14048632193.151014,32852013472.837889,20691289746.280909,8707450542.151935,32627264033.940752,28990179357.498056,33533741919.999223,32464163014.476092,66462,0.769236111111,211538,11690433157.439883,6548319693.89437598139588839478,59271.39374841,33200.4836553274749662733906,181.5268385,101.68107165160416219741,186.397065492769,0.05397761735387779,0.03759990449610451,,
2022-08-14,79269,8478,1140039,2996604,878,324761,2193834,141,57378,3797191,3786853,3778596,3761082,1695068,23252,2608885,150608,3716219,679469,2861,1437489,14442,2411753,96898,274,3280097,488769,1638,1660522933,4002,54877.996751624188,12314685375.649155548293256777952,0.799529011778,0.774030842356,19150161621.611790738399690350454,19311293499.2308244195224701,18539434483.160343116741369347476,23951803298.5860135097087428017858,0.35745638,0.20410678534449843686244,0.224461,0.128166723853722973518,30066.728893,17168.034265257148607069934,0,0,0,0,0,0,0.564370162513,2.651790299215,2.0287131398612,2.567220762246,1.9640144602820147,0.000023484124114615247,0.570997740604038,-74.01243225150195,29.099473477712138,0.56014346138466,0.0000229320542572275,0.000282724029629303,0.546224853657219,0.56014346138466,0.036890810247,27730060895.917887,16747467418.884322,1404165220.894545,21566959901.841104,26578156908.684631,8438733575.523128,27079828186.221192,27303108284.311858,27730060895.917887,3258860398.535121,12312645071.778565,27730060895.917887,64.3059083206,25358232834.07285,33388097788.600286,33536763490.941152,18927885450.318917,32468549282.735885,33526445617.751607,10356913655.575623,29831064066.076431,33538068994.965181,33538068949.196955,33538068247.583983,33538042655.446573,33534324197.525131,33494213413.811288,27894505405.9467,31460415091.502832,33108787879.249278,22211980333.753696,33537438285.073084,33531766688.330703,33460653053.9128,26786214341.226083,30775161103.670345,14039599403.089413,32863802692.714859,20721863486.796688,8592035623.849888,32631525482.957956,28991494285.230601,33538068997.179433,32468490091.656302,84113,0.973530092593,275318,12647330751.270506,7221597283.647429426992373903228,47263.41627994,26987.30390907384677850239772,159.165741,90.883278492567495862158,186.642381756271,0.05383889302054915,0.03764465618294876,,
2022-08-15,67179,8463,1140441,2998302,877,324833,2194727,142,57343,3799061,3788723,3780466,3762952,1695980,23215,2610071,150613,3718089,679787,2856,1423360,14075,2398019,94556,272,3265553,479756,1588,1660609339,4117,42131.985426281273,11812217619.195997253699947342221,0.770965523516,0.746379229954,18451971604.386281735530272907601,18606514621.16253500121049535,17863533370.997605398187535004178,23933588521.8817605150979742887224,0.37540945,0.20653480768430998510685,0.231017,0.127096032523438714261,23259.994083,12796.690133054970207924039,0,0,0,0,0,0,0.564848464103,3.239321740644,1.9788503841486764,3.13601891733,1.9157443243110301,0.00002284337479183116,0.550158787117133,-74.67282549179599,20.355892274997178,0.570997740604038,0.0000234841241146153,0.000294885078330426,0.556759015473631,0.570997740604038,0.036907142367,27697943874.12497,16666304652.478336,1140111248.016878,21470560674.115137,26532873872.99099,8348322454.888051,27047586324.253188,27270827669.484427,27697943874.12497,3368086114.09945,12229708015.089797,27697943874.12497,64.0160188431,25361435326.214658,33389298838.31242,33538049713.794652,18944653915.315262,32469270729.111137,33527723309.644317,10402444255.663236,29830742230.151804,33539356337.208745,33539356291.440519,33539355589.827547,33539329997.690137,33535607310.663536,33495492491.534693,27893634337.769467,31460625623.809272,33109948311.952707,22223117145.210243,33538696307.840112,33532784501.617329,33459266333.126769,26725757834.843877,30733600277.585819,14032096886.651295,32848347584.939408,20650598237.501079,8600318203.663531,32632539660.168611,28993997954.944438,33539356339.422997,32469777433.899866,61959,0.717118055556,206986,10353820652.825144,5696245412.386603420667695592152,51242.62393332,28191.57983185470235202157156,146.318915,80.498636808694878470695,186.884576344587,0.05388553487240206,0.03824742161150174,,
2022-08-16,59138,8461,1140927,3000303,877,324871,2196056,143,57328,3801221,3790883,3782626,3765112,1697308,23218,2611433,150571,3720247,679995,2854,1429803,14206,2403727,95548,273,3276357,483717,1606,1660695752,4134,41693.699806482825,11972193510.481565372781083406432,0.781654592917,0.756727758829,18709480630.804015632043277090892,18865925552.5750472961597642,18112838426.209013904139965210216,23935739392.2351654054125154975481,0.36931446,0.20601434121911753065416,0.22700900000000002,0.12663221901956033792058137074392,23567.433093,13146.599250080878111827228,0,0,0,0,0,0,0.564886452571,3.420770619567,2.0227275582795174,3.311682817284,1.958223115132124,0.000023370618390760614,0.557829068537196,-73.1379902679051,24.098720994036608,0.550158787117133,0.0000228433747918312,0.000289291399636797,0.541506873816166,0.550158787117133,0.036924108456,27705698029.149033,16637302594.549695,1086114323.480911,21462118390.273992,26537023545.186018,8347149833.850247,27055643780.941108,27278934072.268437,27705698029.149033,3315106802.651113,12231119821.099181,27705698029.149033,63.9899831894,25361921736.988074,33389608633.611045,33538502690.902538,18946183946.099471,32469160060.748434,33528175940.496309,10444815378.018983,29830797082.590689,33539809387.544125,33539809341.775899,33539808640.162927,33539783046.025561,33536057140.283211,33495944313.475577,27894616458.544674,31460093753.736108,33110107841.97591,22223008407.962268,33539165115.073235,33533314022.65255,33460665201.105294,26750507626.027677,30751641805.002001,14056267109.200655,32855356508.812716,20685930372.798062,8609251055.142654,32632907519.803426,28995942590.887131,33539809389.758377,32470230484.235246,63814,0.738587962963,195567,9804752530.880511,5469375971.538790511072634987156,50921.63062445,28405.5657796320977975320422,125.949273,70.258165640527009658508,187.098402738647,0.05372974207610536,0.03802165175000107,,
2022-08-17,55023,8465,1141887,3002820,881,325133,2198096,143,57370,3803444,3793106,3784849,3767335,1698656,23239,2613691,150707,3722471,680558,2855,1415309,13876,2394423,93090,268,3251185,474283,1559,1660783121,4191,43856.012646146504,11501386155.225432590589717723936,0.751364402476,0.72740485196,17977981079.845577984648648541156,18127299716.1447709516457526,17404698203.484458524157400080328,23927113156.5604589143621734095271,0.36199405,0.1940249467692245029914,0.225572,0.120904184178241353936,25187.546249,13500.255930199972344738612,0,0,0,0,0,0,0.564976980344,3.233092454575,1.9583254169887216,3.129995419726,1.8958782254539075,0.000022968002719293745,0.535989325706388,-72.30941359574764,9.318662444235844,0.557829068537196,0.0000233706183907606,0.000297252676994275,0.5483133655265,0.557829068537196,0.036960118799,27709998602.792418,16600784030.247243,988184496.322039,21458237326.028072,26539361509.88116,8352681235.000029,27058677634.443301,27283177749.298791,27709998602.792418,3357283666.504612,12231253812.538594,27709998602.792418,63.9748484779,25358058626.456698,33391338832.063029,33540371277.540427,18950275641.749682,32470065192.885031,33530040240.34025,10428145767.127249,29829540550.147559,33541677448.455385,33541677402.687159,33541676701.074187,33541651107.936799,33537923823.709159,33497763802.406367,27892279095.796625,31460326098.065543,33111590548.591313,22221817148.419967,33540983114.947765,33534970913.666833,33459590755.501795,26684934383.380117,30704918810.290383,13946571973.771073,32838655120.747095,20594755159.596416,8585787186.118959,32633731431.087238,28993744950.256211,33541677450.669637,32472098545.146506,69580,0.805324074074,206262,10374487560.107877,5560614591.891531439022508018276,52010.95381674,27877.31606558055994519933512,110.82798149999999,59.40261507358503833592874293612,187.333443724899,0.05377244501781381,0.03584513135720895,,
2022-08-18,57994,8461,1141961,3002746,875,325253,2197920,142,57393,3803181,3792843,3784586,3767072,1698542,23244,2613496,150774,3722209,680716,2845,1397359,13496,2378296,90437,264,3236983,463790,1497,1660868872,4226,39506.4886417416,11012920154.0937795145590843828,0.720953886094,0.69796496306,17218085513.0663526031315776531,17359835720.57761842611589875,16669055609.367929626217699812625,23882367298.6307495098381345868262,0.36574114,0.1877337911970931478885,0.227688,0.1168715432179266042,23039.497279,11826.102394337650212077975,0,0,0,0,0,0,0.564905418845,3.53369722288,1.8937923638636562,3.42101887403,1.83340535751688,0.000022104695015277206,0.513296894074025,-75.85768090564227,-0.44157106420766495,0.535989325706388,0.0000229680027192937,0.000292377913329347,0.52679402509744,0.535989325706388,0.036960206465,27714303658.868651,16575940962.920775,1873315464.16181,21455263574.038992,26538485254.141273,8375942941.845795,27062930796.770075,27287401692.602292,27714303658.868651,3528704762.112329,12193853986.26011,27714303658.868651,63.9613512532,25355059986.816214,33393799413.39381,33542800471.288716,18949247347.417724,32472513311.091365,33532469998.97543,10411146961.274664,29830412109.6552,33544106170.739232,33544106124.971006,33544105423.358034,33544079831.220624,33540352662.036952,33500195644.903045,27892088921.01587,31462283376.685894,33114086296.42803,22218607472.704407,33543385206.480865,33537096757.665751,33458612591.497031,26610543429.395517,30655052689.22851,13891954584.471609,32820866936.166419,20489998257.757614,8593283230.921559,32635803615.449803,28993151401.19816,33544106172.953484,32474491472.305705,62994,0.729097222222,198815,9492637330.600535,4872541258.368398248635994603375,54280.73582165,27862.13310530561442429764125,117.360896,60.2409834025446643264,187.529031166204,0.053853290407988405,0.03565658493592258,,
2022-08-19,76113,8477,1143182,3005124,875,325531,2199967,142,57476,3806363,3796025,3787768,3770254,1700265,23260,2615885,150845,3725392,681386,2858,1321786,11759,2331804,78982,238,3148678,418378,1259,1660956048,4253,43138.995532565248,9670176476.546848923162646800058,0.635591892309,0.615761747471,15128569875.864444724298259278112,15252307680.2522670528403769,14656566164.896677648208623350478,23802333004.7422029350231307028393,0.34746606,0.15670071303195824400132,0.222996,0.100567037261925842712,25040.489242,11292.793658438120865986924,0,0,0,0,0,0,0.564022115981,2.907173526859,1.6773448406016154,2.816471186561,1.6250125318749544,0.000021571071481806592,0.450981350615822,-81.361387856823,-8.240690013587002,0.513296894074025,0.0000221046950152772,0.000277577712901202,0.508558273247266,0.513296894074025,0.037003115981,27706550863.071155,16534175617.480064,2094668676.567902,21442519659.276539,26526612305.230712,8232255075.158667,27054997006.310254,27279509522.159092,27706550863.071155,2954836649.933198,12157552707.231757,27706550863.071155,63.9199643846,25351260502.006102,33395456201.651104,33544580439.363337,18920622729.757173,32473127183.338396,33534243563.071076,10374114634.50987,29830533723.750108,33545887993.389444,33545887947.621218,33545887246.008246,33545861654.870814,33542131941.687811,33501948504.289874,27888803825.678064,31461622743.653263,33115418292.648548,22213891473.706322,33544981840.271593,33537867442.045043,33444477338.876237,26247989625.571759,30417548015.46773,13314886077.82302,32727516931.814043,19974919870.097882,8578124485.145589,32636550691.166543,28991093961.05468,33545887995.603696,32499273295.631649,72066,0.834097222222,241325,11539004357.903603,5203875770.089222792496962606666,49500.02460675,22323.5879526685382658779985,160.448215,72.35915270459779065773,187.716188862427,0.054495219615743044,0.04197138639979104,,
2022-08-20,58139,8469,1143743,3007242,875,325628,2201136,142,57474,3808582,3798244,3789987,3772473,1701123,23242,2617364,150908,3727606,681776,2850,1322403,11752,2333119,79000,238,3150783,418548,1258,1661041651,4233,40846.633829435389,9665369791.503146426573001228417,0.636056416473,0.616212021255,15128254363.283889172956512413939,15251803178.92638215419466465,14656266264.80591694556678135759,23784453660.8589547086151928632397,0.35201844,0.15874850040728422281948,0.226446,0.102119544996642457482,24636.362589,11110.172570771770621333863,0,0,0,0,0,0,0.564559347766,3.435137916853,1.6932801868937897,3.327964665105,1.6404513491170998,0.000021325662980867796,0.450966433483667,-81.63136459834885,-9.850585727080214,0.450981350615822,0.0000215710714818066,0.000279098401269254,0.449162242110447,0.450981350615822,0.037029017425,27709945578.500052,16510449241.583397,1081224241.136982,21432570306.484251,26528130323.281263,8147071113.87055,27058305842.839233,27282875126.966429,27709945578.500052,2917384127.802422,12153526991.600289,27709945578.500052,63.8895245902,25350569009.034407,33395788690.626858,33544990312.087569,18938876115.903405,32472795915.947494,33534643230.863921,10395763367.384268,29829112377.754744,33546297992.560565,33546297946.792339,33546297245.179367,33546271649.042045,33542538160.283619,33502329437.854656,27885736378.463715,31461090258.710322,33115665715.303311,22216714396.462179,33545391675.702413,33538271399.335621,33444823412.515219,26247580555.357295,30416600317.638214,13331874418.459445,32727403803.912971,19990309511.53918,8594701604.674737,32636574594.562215,28990833499.462887,33546297994.774817,32499683294.80277,69986,0.810023148148,216878,9765633522.368572,4403972920.291095295007116113524,46108.13569066,20793.22150699791528087445022,133.674086,60.282525812608982153362,187.79236997506,0.054174085906658266,0.0417968223317585,,
2022-08-21,59576,8469,1144343,3008965,871,325854,2202620,142,57513,3810526,3800188,3791931,3774417,1702137,23254,2619028,151021,3729551,682342,2852,1335044,11978,2343925,80676,246,3158927,425633,1282,1661128843,4203,42890.152272186533,9922211979.734597215926554156424,0.653821285409,0.633423039919,15545229211.880973646359693856602,15671877688.2758304740791207,15060241327.9638039220354313523,23775960738.4904157834944005974637,0.35443252,0.16423950272322844641832,0.222674,0.103184287461523482884,25442.229506,11789.604188226549107408996,0,0,0,0,0,0,0.564078805721,3.493663506055,1.7578943926688355,3.384666433845,1.7030507187654156,0.000021498900883717153,0.463387227343666,-81.0960574965362,-4.144557225208673,0.450966433483667,0.0000213256629808678,0.000286176144113644,0.449409947393258,0.450966433483667,0.037059333048,27707573851.010876,16491390066.051165,776849457.507217,21412355356.907364,26517436690.771604,8098896566.310306,27055543106.480481,27280155541.461096,27707573851.010876,2890635231.164329,12147149557.679471,27707573851.010876,63.8280198027,25346111846.411745,33396335439.67351,33545644297.235909,18923124788.674485,32472669258.955326,33535293966.491619,10390877313.653181,29827254321.495352,33546952297.254345,33546952251.486119,33546951549.873147,33546925953.924634,33543191777.136144,33502950568.613938,27882640741.523423,31460283762.638427,33116152528.876881,22212439788.298258,33546059664.172507,33539125909.955575,33448009378.506011,26292274285.18154,30450595132.974107,13507820744.906879,32742329133.483102,20036770531.147628,8591481281.663122,32636379930.248622,28988191426.126609,33546952299.468597,32500337599.49655,71783,0.830821759259,220067,9602227644.800001,4449549644.646572598765064143666,44496.03587792,20618.89469325363399386125472,115.014708,53.296346643861360639528,187.976180505394,0.054170419236968304,0.04174198022427642,,
2022-08-22,57805,8483,1145177,3010789,873,326089,2203960,142,57579,3812539,3802201,3793944,3776430,1703408,23292,2620763,151133,3731564,682887,2852,1331093,11909,2341186,80135,242,3158274,423264,1270,1661214548,4264,40636.612570356473,9797037100.1929861536692536882,0.648246502071,0.628020997449,15366774993.123393754151570554089,15491455812.05851673605059715,14887326546.198863932732770338136,23705141399.1871247548133757150039,0.36970798,0.16934566454333912717566,0.227918,0.104398409716200248606,23833.964561,10917.207054294416381570537,0,0,0,0,0,0,0.563982681348,3.086144597507,1.752788438492059,2.989855868419,1.6981008612353896,0.000021503717784621156,0.458052500093017,-82.86533353064218,-11.40916402273915,0.463387227343666,0.0000214989008837172,0.000285787856312449,0.462061144808397,0.463387227343666,0.037092719831,27698857925.839323,16469131196.497216,1374732833.025057,21388458960.9346,26507472985.42019,8065157244.345193,27046494854.034996,27267166589.537375,27698857925.839323,3340252548.004089,12129483125.657927,27698857925.839323,63.7546726921,25338640582.333435,33397343653.425367,33546756419.913975,18920527586.99168,32472937302.935774,33536399839.221434,10373362688.09875,29826148093.475344,33548064881.184165,33548064835.415939,33548064133.802967,33548038537.854454,33544303317.710636,33504051517.19565,27879685408.949459,31459811248.427392,33116984779.903526,22201571311.872353,33547166455.022775,33540143391.653115,33447988219.984474,26267171034.188058,30436296895.29175,13407786367.078739,32736998450.801638,20000321595.566765,8575731311.145234,32636589856.176456,28984867795.349846,33548064883.398417,32501354196.682008,64467,0.746145833333,193875,10870542135.486337,4979279002.526000596509032608729,57642.33615016,26403.21618478288058167943272,110.854465,50.777164839723849770905,188.195565419135,0.05416010886296602,0.03970306374744536,,
2022-08-23,58845,8473,1145769,3011561,878,326321,2204233,141,57590,3813323,3802985,3794728,3777214,1703907,23296,2621353,151227,3732349,683385,2849,1338666,12049,2346979,81061,246,3162577,427315,1287,1661300606,4217,40840.402655916528,9944390571.939458003947598245275,0.659840415325,0.639258398561,15617058936.629800200972732609615,15743317093.75433068117770315,15129925136.752957113345655507158,23667933297.0883095116224777604569,0.37133583,0.17285666284717340285151,0.229804,0.106973659258606519788,23321.747093,10856.262845041770979167621,0,0,0,0,0,0,0.564429416424,3.393031090592,1.793547953654006,3.287194253133,1.7376028596724782,0.000021616440719555052,0.465499552917297,-84.09860387131879,-9.69193787648267,0.458052500093017,0.0000215037177846211,0.000284869212514391,0.460697258054463,0.458052500093017,0.037111062399,27700124952.668794,16456057574.657819,2125915669.136212,21362835924.584075,26503054341.352925,8093334217.859381,27047578997.150766,27268206628.07843,27700124952.668794,3282663478.739638,12122411342.791853,27700124952.668794,63.6764618248,25334751092.431171,33398320110.109967,33547722423.701084,18936059995.369409,32473441775.847113,33537359028.928344,10332372413.848999,29824315839.799072,33549031009.217043,33549030963.448817,33549030261.835845,33549004666.711208,33545268042.461636,33505022067.343012,27877762676.802377,31459503962.08815,33117914002.210575,22199126138.724339,33548140134.573614,33541222922.456917,33450478436.117191,26295742031.756,30454377773.222347,13485003925.859448,32745800924.713135,20038877072.827788,8586553078.340144,32636706562.2317,28982981516.975722,33549031011.431295,32502555677.945014,62805,0.726909722222,201735,9887628529.092053,4602686659.704661625110808940741,53097.98195256,24717.08685972738480425743032,122.953242,57.234679180732224026874,188.22327397616,0.054159875152531185,0.03987354437049286,,
2022-08-24,73027,8452,1146128,3013005,875,326451,2204964,141,57562,3815868,3805530,3797273,3779759,1704525,23260,2622409,151222,3734898,683643,2842,1332160,11878,2342188,80151,242,3161107,423713,1265,1661388072,4167,44088.816174706024,9764602239.730564361257805547603,0.650567653831,0.630471492585,15367295345.833221260259788935002,15489453034.46428029143210295,14892596606.403185891412483572778,23621363981.6623105852887772336782,0.36237195,0.16596391861944076369095,0.226705,0.103829366954645132805,24535.479882,11237.084952147024822506322,0,0,0,0,0,0,0.564901358429,3.242912870798,1.7789553364280584,3.142738662051,1.7240030603963683,0.000021376609697372586,0.457993281818421,-83.30725784008207,-4.783949429763066,0.465499552917297,0.0000216164407195551,0.000279767096911214,0.467055033447222,0.465499552917297,0.037119900906,27692386168.222495,16422541347.921803,1954098258.874531,21320404965.245543,26488922533.87132,7334523225.297973,27039677879.036086,27260303838.9002,27692386168.222495,3528882116.931105,12189128237.58015,27692386168.222495,63.5414496825,25336406031.132239,33402750998.560682,33552227756.706089,18954439641.049394,32477508961.617517,33541856524.263535,10383931632.606536,29826794287.04019,33553538785.12071,33553538739.352484,33553538037.739512,33553512446.014809,33549770607.000326,33509512255.245028,27878959683.49692,31462718367.977459,33122263330.601929,22210204871.339372,33552639436.106588,33545601099.021716,33453433663.615135,26265583396.751775,30437884643.095221,13446988343.222551,32741835500.009629,20017269642.288803,8636895193.221095,32641121350.548809,28987949844.768482,33553538787.334962,32517063454.017218,67708,0.783657407407,234198,10346728427.234575,4738732108.473112587036323106075,46275.63224779,21193.92868138769631885853959,135.030299,61.842969783932651337879,188.368326075806,0.05398475812900937,0.03798911985786612,,
2022-08-25,54375,8453,1146466,3014397,877,326838,2205403,141,57549,3817093,3806755,3798498,3780984,1704872,23272,2623245,151236,3736124,684005,2846,1338513,11996,2347478,80877,243,3165595,427386,1285,1661473690,4210,36091.494536817102,9893934801.907426702020832107708,0.659948250215,0.639759477725,15584220434.746737090191544765495,15707735223.28206647642131565,15107476567.800550624711329797766,23614306772.8085462884911444438755,0.36642288,0.17018417794104534907536,0.226353,0.105129077173045083591,20895.630953,9704.922837503397728099791,0,0,0,0,0,0,0.564701732562,3.500516420481,1.8183600361776504,3.393430554903,1.7627337699311267,0.000021514309653269762,0.464447465565047,-83.04004361198697,-0.2833386452025828,0.457993281818421,0.0000213766096973726,0.000276108253574624,0.459261939614803,0.457993281818421,0.037120700745,27692737173.815611,16358173458.251866,1348301184.955567,21302591865.520164,26480298937.996852,7306091116.771629,27039812500.929127,27260572553.483376,27692737173.815611,3529211497.004696,12183515349.687722,27692737173.815611,63.4868766348,25336252334.286758,33403518793.087339,33553012595.712392,18948184525.937755,32478286736.384843,33542632589.328712,10391059532.954254,29825166887.90305,33554323339.365333,33554323293.597107,33554322591.984135,33554297001.25941,33550552419.442136,33510280266.843905,27878655716.76776,31461384287.319325,33123050901.530549,22206963619.398151,33553430993.329606,33546482395.518128,33455503459.675352,26290546595.351451,30452153398.356309,13467609204.856968,32749780902.496447,20050284224.963221,8642389562.621787,32641232198.63181,28987507876.007617,33554323341.579585,32527848008.430378,57026,0.660023148148,173368,9585535192.825378,4451977526.392310903867171362766,56257.09970666,26128.46737879838603484911302,137.6558855,63.9339271405873026341185,188.482961254982,0.05399515621891311,0.03764236117329187,,
2022-08-26,58561,8469,1147592,3016301,879,327668,2206263,139,57609,3819432,3809094,3800837,3783323,1705974,23315,2624498,151356,3738463,685204,2854,1306927,11368,2323424,76713,234,3147235,410300,1209,1661560200,4239,36749.016041519226,9165023815.49693421380600483248,0.612161835896,0.592962177644,14434832010.039945743414688679092,14545260714.1980052771560827,13982102314.616134523004621376736,23580091347.7680939682039426988874,0.35875412,0.15429129803210647287112,0.224373,0.096497292946371809298,21803.64031,9377.20789173113988518006,0,0,0,0,0,0,0.564025647951,2.684307684323,1.6932809539594833,2.600117871826,1.6401734034164759,0.000021242310430541818,0.430075334137226,-83.25545801736993,-15.366541644715223,0.464447465565047,0.0000215143096532697,0.000273994472897723,0.46574722159744,0.464447465565047,0.037153104595,27712984351.639031,16365745616.091426,1716304773.967585,21310275405.31448,26497508202.561446,7877363122.35565,27059969285.417203,27280745659.15162,27712984351.639031,3686192900.62431,12206229877.737225,27712984351.639031,63.4924175711,25332545116.205586,33412679162.102302,33562185114.757422,18930672910.747785,32486484918.9654,33551794444.219024,10298807094.901113,29828246550.445022,33563496586.11639,33563496540.348164,33563495838.735192,33563470248.010467,33559720605.087771,33519454383.848895,27880221331.06478,31465686314.917802,33132239287.983299,22202672498.159982,33562557968.018889,33555086949.678583,33457356910.671962,26143064908.043657,30361028003.42475,13235886295.370138,32718154813.625096,19861019290.767322,8637557714.594278,32648029763.783662,28988470307.056153,33563496588.330642,32510821255.689136,60776,0.703425925926,184898,12503595166.957486,5377487869.345844905631231973836,71457.61763645,30732.1587816463673620794877,172.904294,74.361872015811160648444,188.673450463688,0.054212224572301855,0.036429728245009146,,
2022-08-27,54988,8472,1149151,3019209,878,327428,2208139,138,57641,3822294,3811956,3803699,3786185,1707677,23319,2626883,151417,3741322,686520,2854,1327384,11739,2339679,79097,237,3162915,420603,1256,1661646480,4172,36745.085330776606,9572007771.75423591940374906723,0.640687826157,0.62116628343,15100300185.39979145190197520381,15215717577.5791113583564395,14640199113.97197588111133518996,23568888886.1419626534673443676744,0.34337323,0.1544834279329312831323,0.219665,0.09882716307525589665,22228.952523,10000.79355374157013046523,0,0,0,0,0,0,0.563872690502,3.891812313527,1.7836051046393793,3.773230100374,1.729259256571924,0.000022445602421914378,0.44989945178001,-84.6158444053578,-12.264770062401746,0.430075334137226,0.0000212423104305418,0.000285042443712375,0.431997847880026,0.430075334137226,0.037261687004,27686961553.772391,16329445876.329767,1550175176.950579,21275882275.212723,26470571242.645819,6847424082.038828,27033598852.985369,27254549742.843824,27686961553.772391,3603872178.057193,12178658487.228189,27686961553.772391,63.3895197727,25331091133.473398,33412843529.159918,33562410772.052991,18925666299.97501,32483609638.333909,33552008907.043039,10259062738.260101,29826635186.748659,33563722126.488129,33563722080.719903,33563721379.106931,33563695785.382272,33559943559.957219,33519658310.715456,27878410531.570292,31464785911.528411,33132242323.099451,22199900123.317727,33562812754.149351,33555629020.359702,33461822944.709904,26225372434.673795,30413014377.948374,13297832494.114821,32739442267.042981,19966732147.945533,8641998615.000441,32646637897.968969,28987213870.823835,33563722128.702381,32541046796.230996,64737,0.749270833333,190091,8624188276.512029,3880017577.65035113955822674029,46046.87124695,20716.4621301875104657834695,194.663366,87.57894164505143811366,188.759249035061,0.05361986267673851,0.03750506559859233,,
2022-08-28,59923,8471,1149152,3021076,876,327339,2208716,138,57659,3824266,3813928,3805671,3788157,1707951,23329,2628156,151475,3743295,685826,2846,1309259,11372,2326404,76867,235,3152507,410458,1213,1661733679,4271,41191.851791149614,9157711167.441555109892612802375,0.614742202832,0.596078910632,14458897045.59398595697199827416,14568857635.00995190836611475,14019931542.308978850782138868105,23520260979.2865911586086449294916,0.34766644,0.1497653326093652577762,0.219665,0.094625761944800364825,24918.99174,10734.4300652980066329327,0,0,0,0,0,0,0.563784464026,3.836197759939,1.7303728345325355,3.719732549966,1.6778395064518337,0.000021896060542814507,0.430773049620105,-84.8749032969354,-18.333809850500458,0.44989945178001,0.0000224456024219144,0.000301366960270068,0.451972880317877,0.44989945178001,0.037233107176,27677265556.888554,16289353168.549118,1567625496.356055,21258783889.840975,26459008129.276449,6697383155.191712,27021125615.625026,27241738398.226173,27677265556.888554,3624160636.284528,12165359632.57573,27677265556.888554,63.336166919,25330372145.754886,33414034135.296868,33563687552.584064,18923425057.439841,32485640151.022412,33553271214.510006,10253814990.87519,29828551652.376962,33564999150.69274,33564999104.924514,33564998403.311542,33564972810.586861,33561216873.391239,33520901030.930008,27879966525.694169,31467416482.347428,33133014414.13106,22193527051.93123,33564061578.834014,33556576387.224134,33458902114.999259,26141440161.357882,30363857970.611896,13252715892.25815,32718457326.349876,19872467060.200088,8637461656.385948,32649296524.956873,28989227162.245546,33564999152.906992,32545981125.497601,71675,0.829571759259,225828,8749548707.687305,3769069779.610109014823381267025,43040.80748432,18540.8198981323660167442536,238.918088,102.91947337716461295924,188.841471906564,0.05369423032150471,0.03763958637151246,,
2022-08-29,76629,8465,1149509,3023450,873,327419,2209860,138,57647,3828451,3818113,3809856,3792342,1708904,23309,2629778,151536,3747477,686033,2849,1327853,11729,2341427,79124,239,3167251,420372,1253,1661819321,4182,46164.653993304639,9559503873.35923057285467015552,0.642455259941,0.622952300325,15095965141.20179531672252066832,15209454015.5315136203035248,14637698212.944218000235480870336,23497301808.3426639289243664463998,0.35947465,0.1616608727332997508816,0.225296,0.101318821739784712704,26453.739193,11896.623489304396446630432,0,0,0,0,0,0,0.56373721125,2.529377769105,1.8382837696229744,2.452593663564,1.7824791457720865,0.00002218514770883263,0.449714250318624,-84.28103415684653,-14.206987092626479,0.430773049620105,0.0000218960605428145,0.000298957275040785,0.433626429026769,0.430773049620105,0.037242679072,27684180395.942898,16204653130.245514,2056394539.620617,21256840019.15948,26455123495.886863,6457989811.532855,27027759305.884558,27248589285.661271,27684180395.942898,3955242057.665302,12166886139.778016,27684180395.942898,63.3248936649,25332575592.894453,33416796024.803767,33566590317.497921,18923477038.577201,32488147500.438719,33556161551.260812,10275497238.329051,29828970980.59964,33567904796.235553,33567904750.467327,33567904048.854355,33567878453.12974,33564115221.69171,33523775965.618898,27879847115.958992,31469727202.954831,33135693653.209533,22200937664.374028,33566992575.32133,33559783159.389911,33465814445.085928,26226095721.747672,30416150144.310089,13363319334.33685,32743292318.342965,19967172529.068214,8658100020.412984,32652677912.05216,28992471135.372501,33567904798.449805,32548886771.040414,73590,0.851736111111,252554,13271210496.298226,5968252479.163410655093025961024,53990.36745185,24280.2376230357607014782544,166.083069,74.689922865951301777056,189.058786263866,0.0537911811544056,0.038722006653701006,,
2022-08-30,58866,8406,1149002,3023470,857,327152,2209282,139,57524,3828866,3818528,3810271,3792757,1708245,23253,2629553,151352,3747893,685676,2812,1330094,11732,2342622,79327,238,3168703,421615,1238,1661905576,4274,37903.3350491343,9618605356.187039909624718380795,0.648132343249,0.628446867088,15194256290.421801879918054697001,15306756634.13137440477256955,14732766946.284639359429327093718,23443138502.0067719357453862466988,0.36511079,0.16524596755459502417191,0.2337015,0.1057712659942484554935,22572.609256,10216.166596280343640226024,0,0,0,0,0,0,0.565502005075,2.949499741524,1.8691304922324083,2.859915712188,1.8123601055494574,0.0000228287882384186,0.452591301272129,-83.49517097371636,-12.441336492381145,0.449714250318624,0.0000221851477088327,0.000290085440590563,0.449735184424147,0.449714250318624,0.037216382446,27679254068.885224,16112139909.289968,1920166424.908274,21252298329.975355,26447444424.421198,6637194827.503321,27022576546.666809,27242878248.097507,27679254068.885224,3846266025.459023,12122686966.631717,27679254068.885224,63.3042195178,25340873669.589852,33420595918.96933,33570378081.52586,18984859792.291999,32492242768.636186,33559941968.583058,10489078244.83014,29834874537.43658,33571693151.662717,33571693105.894491,33571692404.281519,33571666809.556882,33567901288.277274,33527549473.301347,27889455364.843044,31474134125.81224,33139616099.555368,22220903846.110147,33570783569.383599,33563603101.082947,33470222502.071147,26248250829.459601,30429044869.507189,13516765446.912963,32750710806.36762,20026350348.754832,8831015858.600997,32657564400.764366,29004710138.454935,33571693153.876969,32552032937.606742,61824,0.715555555556,194524,11382165145.243836,5151468934.380178916280695846844,60185.58700619,27239.47314095847075959747851,134.8576605,61.0354040522099907942045,189.211937880578,0.05373427836717397,0.03873941178613672,,
2022-08-31,62653,8416,1149827,3025797,861,327445,2211155,143,57534,3831402,3821064,3812807,3795293,1709467,23267,2631854,151450,3750429,686229,2826,1325336,11629,2340919,78650,241,3168459,418859,1217,1661991894,4299,40190.018376366597,9490933535.80700909244717937041,0.64711263197,0.627468957967,14994154996.253200379554529482482,15103949796.8115745200229491,14538994212.562974486071813329488,23170858140.4221288314193421346041,0.36181707,0.16158558360709863903006,0.225664,0.100780344993430816512,24701.6129,11031.6092507275465843482,0,0,0,0,0,0,0.565088548888,2.448621393726,1.8600918367730397,2.374291334259,1.8036271104598216,0.00002230222310957177,0.446594693852058,-83.93403016001538,-12.878387996281052,0.452591301272129,0.0000228287882384186,0.000295891015589764,0.451692821876074,0.452591301272129,0.037245528108,27681413492.843778,16364064675.345751,2470685797.30244,21251783029.359145,26447354314.991135,7295225391.434828,27024613191.377031,27244881475.641466,27681413492.843778,4653303965.656689,12541550610.697554,27681413492.843778,63.2975552019,25338624372.846722,33423184250.960974,33573098225.130819,18972516703.106902,32494132284.081211,33562655856.401697,10492609122.826381,29833734458.94777,33574413672.347377,33574413626.579151,33574412924.966179,33574387330.241542,33570621325.211117,33530221324.913133,27888348733.043834,31474884084.229324,33142037509.655127,22223798672.490122,33573498075.930974,33566237297.992984,33471579776.706728,26220946068.179312,30412784136.941914,13488161540.024146,32745870043.110721,19956349958.806919,8630840432.485212,32659377820.493707,29004324689.868443,33574413674.561629,32555232770.811336,68271,0.790173611111,201416,13711557760.865501,6123508940.448538315993730051058,69328.1150303,30961.5683072970892343873574,142.738681,63.746337542041568055498,189.420791249922,0.05350388216991249,0.03876756955637838,,
2022-09-01,54954,8423,1150100,3027168,859,327465,2211713,143,57538,3833463,3823125,3814868,3797354,1709985,23295,2632917,151456,3752483,686335,2829,1336558,11852,2349154,80125,244,3175570,425157,1251,1662078622,4199,35294.909978566325,9715444681.356246219968720291624,0.663033346618,0.642903900351,15360861774.689394643481575491936,15472576985.20568895193172155,14894511713.568059599032583281404,23167555377.1652590193678916203648,0.37083473,0.16965477134474158668497,0.224505,0.102709755477193869945,20681.823725,9461.816251830368481116525,0,0,0,0,0,0,0.564608898285,2.332235714096,1.92085191910118,2.261429903603,1.8625355679083133,0.000022754725842168934,0.457494289557889,-84.00713354096695,-8.348960334826234,0.446594693852058,0.0000223022231095718,0.00028780452660825,0.444765840297787,0.446594693852058,0.037255641947,27690689695.289153,16353130921.266827,2645860196.733362,21236209725.688616,26450428025.51167,7242993355.861976,27033567502.821889,27253881493.423475,27690689695.289153,5221161470.965541,12548902179.921883,27690689695.289153,63.2480444383,25336571051.839633,33424774931.987572,33574756691.153382,18957349722.771933,32495446188.983136,33564302677.830746,10492019152.220693,29834551956.327553,33576073241.309172,33576073195.540946,33576072493.927974,33576046892.203491,33572277819.85294,33531861514.264886,27890469078.820053,31475971187.525075,33143533910.391799,22218481146.67826,33575169295.421296,33568054266.669264,33475596580.29872,26267217405.784902,30446350336.608384,13553343710.132154,32761077932.856538,20023530211.939209,8632303201.329706,32661176737.55407,29005729013.186557,33576073243.523424,32556716124.176636,55771,0.645497685185,166973,14396517916.519403,6586324736.325464614118560220267,87996.21923209,40257.76780136526328518145801,172.479509,78.908390433248521796501,189.386632622418,0.053497679296318976,0.03888110167834292,,
2022-09-02,65197,8434,1149122,3027309,863,327226,2210635,143,57538,3833041,3822703,3814446,3796933,1708904,23325,2632410,151411,3752059,685821,2830,1331692,11794,2344784,79564,243,3172964,422462,1245,1662164770,4256,36900.833881578947,9638639290.046234100778992952596,0.657799754459,0.637829228857,15243842592.780171428324823882108,15354098397.0854484337615974,14781045903.192880674419271330792,23173986444.1139533924163721490644,0.36901629,0.16753011362417634990948,0.222398,0.100966713989210535576,21742.440096,9870.874426030698387994752,0,0,0,0,0,0,0.564879412779,2.824692200979,1.9201467870384312,2.738935726405,1.8618519331553336,0.00002275775056876183,0.453991105986612,-84.69080238097453,-9.290109635759178,0.457494289557889,0.0000227547258421689,0.000288394446263693,0.459516941571041,0.457494289557889,0.037221952877,27692898633.442913,16340837852.6564,2315973103.157209,21230898938.206233,26448298925.879134,7240637780.802263,27035651150.620884,27255523839.519188,27692898633.442913,5218692906.510278,12553178552.958807,27692898633.442913,63.2297219771,25340287818.790749,33426121560.641743,33576089313.684692,18967184023.538737,32497606238.315641,33565624152.585442,10484201517.126523,29838816371.808643,33577403589.541807,33577403543.773581,33577402842.210609,33577377237.486192,33573606584.434681,33533184371.933728,27895987069.099489,31479257071.510952,33145147132.31383,22219635447.406892,33576495099.441234,33569302727.10931,33476085538.848652,26255802658.267849,30438176739.149219,13522705507.782393,32757796768.016523,20010673179.292424,8633036526.015143,32663829574.696858,29009691055.167454,33577403591.756059,32558007653.191266,58920,0.681944444444,195209,11887101745.144525,5396638468.2535485164306550993,66528.59506338,30203.39045255934146757146856,176.124168,79.958805821291857638816,188.466778960478,0.05339487086722774,0.038876045808409754,,
2022-09-03,71657,8428,1149213,3029340,861,327151,2211303,143,57506,3835640,3825302,3817045,3799532,1709416,23294,2633601,151341,3754661,685848,2831,1357587,12266,2364209,83213,253,3187815,437319,1298,1662251412,4212,38598.354226020893,10190053678.209613133202819804021,0.695748649587,0.674626896818,16130943531.398368994767124530038,16246934493.46009930337838945,15641235356.743048285999591321275,23185015940.6990502127124702633906,0.34953393,0.16791279655419293091363,0.222261,0.106772083828690035951,22369.822042,10746.251093540036795490222,0,0,0,0,0,0,0.565090232692,2.790798185232,2.045991291470331,2.706074270449,1.9838784548122412,0.000024257452713090558,0.480390549078291,-83.7454290011369,-3.789095324792914,0.453991105986612,0.0000227577505687618,0.00028795651779001,0.456177143913494,0.453991105986612,0.037224001465,27695596769.147462,16316402519.697455,1906507825.968565,21212019465.747031,26444314780.371201,7234193182.162796,27038155560.348239,27257618397.321033,27695596769.147462,4677173206.782219,12565634716.818188,27695596769.147462,63.1708471261,25347565809.627448,33427425466.958181,33577495914.693127,18975058212.936927,32498760029.19012,33567017209.800952,10489351491.750118,29840855757.516667,33578811159.554566,33578811113.78634,33578810412.223368,33578784809.898907,33575008096.061209,33534562994.963633,27898322456.455972,31480502132.314721,33146420168.689229,22230477298.863416,33577929190.269322,33571098268.086741,33482921071.376369,26364474793.962666,30519001690.823127,13753286169.795659,32790896291.093893,20136525283.949154,8635740717.017903,32665845982.937124,29014912155.196115,33578811161.768818,32559415223.204025,63999,0.740729166667,217993,12031973984.882991,5780046589.093653022502533248381,56684.00494414,27230.46025907197636394166474,200.616789,96.374409422033650027599,187.435040603611,0.053541470750858716,0.04037983280767721,,
2022-09-04,58375,8444,1149446,3031004,862,327103,2211993,142,57462,3837459,3827121,3818864,3801351,1709886,23290,2634943,151307,3756482,685873,2830,1388330,13220,2384940,89016,263,3260598,460104,1440,1662337727,4259,38072.214604367222,10613994443.3217623934480168253,0.725500779802,0.703476192661,16824325491.578222167359547817324,16945002221.7954116716123067,16313576456.989202750530761584946,23189948184.7148106242879771248394,0.36559953,0.18317672253687390237738,0.227918,0.114193998682545423628,22339.959355,11193.01366786733962122683,0,0,0,0,0,0,0.565115029295,2.607905928461,2.1566455745029542,2.528735715312,2.091174620218371,0.00002509935268432826,0.501031066798346,-82.3421525995646,-3.011479047200179,0.480390549078291,0.0000242574527130906,0.000308921634635851,0.482600994469516,0.480390549078291,0.037229431668,27695919644.851692,16266533382.9424,1071369386.043568,21184304021.59805,26437486360.361838,7157727152.816848,27037130116.878414,27257807121.787724,27695919644.851692,4701314789.872978,12567047802.914275,27695919644.851692,63.0871915111,25352825578.353617,33427935690.340295,33578090507.325001,18976226871.123658,32499069964.815704,33567598990.362993,10460564307.494472,29841321611.566614,33579405760.162642,33579405714.394416,33579405012.831444,33579379412.506939,33575600981.491731,33535128480.24285,27900659526.968947,31481094398.930806,33146842863.267908,22225528936.116925,33578666226.530088,33572086627.829187,33489624341.016383,26559291705.95335,30637569916.7514,13948284754.9349,32837358615.181723,20420301919.615875,8641474390.957941,32666754368.091289,29018326339.328451,33579405762.376894,32560009823.812101,61105,0.707233796296,189355,12876003461.592655,6451277750.46096385196887974863,69949.43760657,35046.84134596410941907473322,156.315093,78.318717802472667236178,187.080023212945,0.0536453866081972,0.040648393204667246,,
2022-09-05,67086,8424,1149572,3033132,860,327014,2213048,142,57405,3840570,3830232,3821975,3804462,1710221,23250,2636777,151233,3759598,685911,2820,1377702,12659,2376634,85924,257,3198967,448771,1357,1662424912,4210,44407.463895486936,10546637029.849890749976182887822,0.721736189236,0.699826328762,16732435954.269136847177136271335,16852113549.90648534063243995,16224486730.436737000580569613902,23183590076.0243543627184676614154,0.36020569,0.17948492213252492229689,0.220369,0.109806463094523533489,25984.157862,12947.503829104713103259622,0,0,0,0,0,0,0.565598466612,2.46443987689,2.1621643964012827,2.389626482949,2.0965272273751037,0.000025168685842645788,0.498284527744481,-82.91075808178074,-2.662829144473152,0.501031066798346,0.0000250993526843283,0.000317907045533323,0.505326206281485,0.501031066798346,0.037232351347,27687244483.213191,16223616665.546283,925566859.529995,21165893064.330062,26426764324.497286,7122801728.897071,27027924637.772784,27249017924.944875,27687244483.213191,4703695276.455975,12554232497.878707,27687244483.213191,63.0310915797,25359186957.777518,33428493713.94297,33578766386.426635,18992843629.441156,32499462717.649985,33568260695.733319,10492694761.726394,29842241995.356077,33580083308.840283,33580083263.072057,33580082561.509085,33580056966.18447,33576275358.643493,33535737719.443393,27902963785.37241,31481556752.847343,33147355520.526715,22230663208.013533,33579214688.287332,33572561880.521359,33488041239.390954,26456583794.00382,30577628408.910569,13861443106.393608,32815229537.118672,20274530013.866685,8671725800.231977,32668176610.18656,29023699936.179374,33580083311.054535,32560687372.489742,72137,0.834918981481,220889,13625848058.192479,6789549264.794492861683627958399,62854.19979651,31319.27526236123911947556131,158.639879,79.047797188956608757799,186.718845977027,0.053450852014552325,0.040629115192856606,,
2022-09-06,63508,8412,1149695,3036150,858,327027,2215044,143,57411,3844286,3833948,3825691,3808178,1710332,23238,2639422,151287,3763312,685985,2822,1341784,11935,2357127,80688,245,3186704,427503,1263,1662511434,4164,40943.965177713737,9802521907.914045841194721574748,0.671990239543,0.651591400384,15557520867.741826924842418075588,15668122429.5792241928930581,15085258999.611942097411305957534,23151408982.2659240324660221395571,0.36239955,0.1678910833541166164349,0.225204,0.104331651448464763512,23339.255587,10812.521442645414266043586,0,0,0,0,0,0,0.565489874784,2.948326748803,2.0348573207986336,2.858827765637,1.9730874843402608,0.00002458200631794743,0.463276191579478,-83.62988969758896,-12.160066411426442,0.498284527744481,0.0000251686858426458,0.000308906188934788,0.500819940633966,0.498284527744481,0.037240082543,27688664583.49789,16214617139.955255,1141752314.226972,21159131606.771466,26424611343.870087,7258394148.950156,27029255087.04036,27250326099.333162,27688664583.49789,4529803149.361474,12555678238.594918,27688664583.49789,63.0082517083,25357144070.817928,33429779408.483864,33580206694.641596,18990012194.352954,32500588909.621112,33569688842.273013,10531540680.316578,29842931595.670196,33581524691.943994,33581524646.175768,33581523944.612796,33581498347.288225,33577713583.786309,33537018973.959426,27902438614.226089,31482995935.501291,33148589971.807509,22237320860.790857,33580623230.664856,33573542587.901564,33481838722.79733,26307325480.798389,30469445964.700604,13618164601.26274,32772200352.270844,20083864251.401042,8675585755.593392,32670246057.048426,29026138255.179991,33581524694.158246,32562128755.593453,64402,0.745393518519,202825,11390028160.140757,5276728868.013018664998632584846,58384.82903917,27048.30124328559136343015326,177.92066949999997,82.42641016923097432223525261566,186.757839599486,0.05359079988058146,0.042244253427082226,,
2022-09-07,67620,8409,1149938,3040880,859,327044,2218384,142,57417,3850144,3839806,3831549,3814036,1711288,23242,2643763,151292,3769170,686101,2811,1358373,12258,2370955,83064,253,3199561,436994,1297,1662598307,4373,35958.446375485936,10146961124.391285747757317007791,0.69782692497,0.676641368957,16117380406.226416004714780103456,16230824112.01069779084884295,15628067579.28264210263437538553,23096529855.0614751938149914060399,0.3437456,0.1649683933005317044176,0.216101,0.103709937699968237721,22645.960294,10868.117830304785246208574,0,0,0,0,0,0,0.565955657477,3.483445520627,2.1304650911480283,3.37769045794,2.065785604148271,0.000024875162373714787,0.479914196139621,-80.83609207521734,-10.529683737396583,0.463276191579478,0.0000245820063179474,0.000295891640817676,0.468297364509137,0.463276191579478,0.037256562141,27694490541.38064,16286244295.485208,2714387375.14044,21143281874.160771,26422784845.100767,7421538360.142354,27035007189.060313,27256046542.273171,27694490541.38064,4730135023.405042,12713840857.579483,27694490541.38064,62.9566397804,25355074987.350664,33431789747.450359,33582559341.103486,19006986452.98232,32502314319.971019,33572021964.338757,10521583311.719485,29844474820.412124,33583879232.600884,33583879186.832658,33583878485.269686,33583852887.775693,33580063249.900027,33539161740.891612,27902903861.203451,31484629797.754057,33150496334.831106,22232512944.321622,33582993291.345768,33576098794.402685,33487328551.44945,26375371956.255417,30521274297.029095,13791116156.734261,32794016930.208182,20169377535.496744,8700213059.280564,32673445564.347981,29030185628.880525,33583879234.815136,32564295253.17893,65880,0.7625,209145,9640994537.148376,4626850143.282040299016889405496,51347.40617476,24642.34915821455709048616596,158.257712,75.950122637375652007152,186.761833516551,0.05365090719386643,0.042693774568879954,,
2022-09-08,83630,8403,1150062,3046395,866,326972,2222612,144,57376,3860261,3849923,3841666,3824153,1711530,23205,2648819,151165,3779287,686043,2823,1357829,12234,2374937,82870,253,3205132,436494,1307,1662682891,4259,41172.329420051655,10084255635.170428108178447578543,0.697934124288,0.676747858312,16088500889.7638149363142481101,16199795679.05311745450220635,15600123481.141460337335096811622,23051603768.7171964970233803179179,0.34168593,0.16366644833741623242609,0.216629,0.103764585907550073877,24579.860823,11773.673330735072223940599,0,0,0,0,0,0,0.56612367895,3.050672427992,2.143615767197926,2.958067187445,2.0785448497371064,0.000024793915296331706,0.478996745161313,-80.81092124096756,-6.816000926190934,0.479914196139621,0.0000248751623737148,0.000293725424770646,0.480103327795162,0.479914196139621,0.037261725685,27616194293.708892,16202280767.507187,2894064571.021129,21052868807.645711,26340411011.370824,7576729637.52202,26956354214.212829,27177483431.89095,27616194293.708892,3935159168.04343,12623561581.893501,27616194293.708892,62.6798960591,25364058301.808819,33435427638.252778,33586586032.921007,19014912741.086239,32505737130.755369,33576031957.672848,10498381316.48877,29849201634.644626,33587912759.793448,33587912714.025222,33587912012.46225,33587886414.968269,33584086994.908307,33542834757.803479,27908479937.795584,31487558228.479171,33153992123.456761,22250991428.959718,33587020337.66991,33580104732.962297,33490835881.638252,26380914327.085298,30522516516.761646,13722761517.784242,32796574003.382189,20183568854.222657,8567186743.280898,32679663377.273425,29042552682.837424,33587912762.0077,32568328780.371494,71937,0.832604166667,242018,11010003058.282102,5273755629.133228773098650719926,46589.79924709,22316.36219707510100799582917,194.892655,93.352947400846693856015,186.835537391432,0.05365037270227432,0.042057803442832255,,
2022-09-09,60678,8404,1150269,3048210,866,326998,2223266,144,57383,3862406,3852068,3843811,3826298,1711949,23214,2650231,151254,3781431,686215,2824,1380569,12725,2388056,86235,260,3215415,450180,1372,1662770023,4378,36021.066697121974,10512278101.819007252131007738305,0.732245731398,0.710152714033,16777145207.507697608957987955875,16890149159.96561825505149225,16270952075.1845284975502731987,22911905782.603185616258670699904,0.35883074,0.1792033611183489025807,0.227541,0.113636061370411653255,22472.49268,11222.9688598125465140774,0,0,0,0,0,0,0.566251760282,3.567818714805,2.250968088718936,3.460171954378,2.18305280435469,0.000023377088362713024,0.499409167448555,-80.187667883863,-6.947088070216798,0.478996745161313,0.0000247939152963317,0.000293042536908454,0.478659740965202,0.478996745161313,0.037269116425,27624359415.107133,16308639135.10854,2594164117.985172,21049429580.008451,26343101903.601781,8730803212.280759,26963269134.860439,27185467488.539321,27624359415.107133,5091199670.095277,12815872627.929516,27624359415.107133,62.6583245945,25367819544.701726,33441422900.019222,33592659928.177194,19022654419.394772,32511397488.257891,33582089256.889234,10506795915.070593,29853710345.42444,33593987255.210173,33593987209.441947,33593986507.878975,33593960909.385016,33590158282.51751,33548869553.647308,27912970187.529862,31493569271.940823,33159970292.743222,22255846157.766792,33593111601.441292,33586418645.169738,33501434967.1967,26484128749.402548,30595720982.566883,13879256813.876574,32830164294.665231,20322852618.068562,8570702016.00907,32685838970.458581,29047905424.651168,33593987257.424425,32580403275.95834,62627,0.724849537037,192752,9415833578.657855,4702353608.351667574431659149525,49607.39053516,24774.3856064595828732186938,140.951134,70.39228848186971391137,186.841195714907,0.05375289727705232,0.0420060492683825,,
2022-09-10,54597,8398,1150247,3049950,864,326779,2223819,144,57350,3864545,3854207,3845950,3828437,1712125,23199,2651302,151112,3783569,685984,2823,1408961,13445,2405937,90499,265,3286491,466996,1478,1662855473,4254,32021.974377056888,10799390179.73355537998060553852,0.752525764817,0.729821499083,17241312858.228622869701382066312,17356959744.1151048604692172,16721129540.883741495946959226752,22911259207.7578890044104146840025,0.34953493,0.17938547050863663936648,0.220558,0.113192980754295085488,19755.364495,10138.68729801965673701532,0,0,0,0,0,0,0.566253805968,3.733611787979,2.3317826475318313,3.620965925015,2.261431019271606,0.000023633329124915156,0.513211856991336,-78.3766931858323,-3.2582623318823702,0.499408226806031,0.0000233769084609344,0.000290789667094498,0.496549078204981,0.499408226806031,0.037267629603,27625411888.018308,16298596698.038086,2310815140.338074,21042752681.210695,26340160061.242238,8748281157.523132,26965255191.870569,27186499833.496426,27625411888.018308,5155603918.207629,12818377509.315338,27625411888.018308,62.6367044583,25373392547.413882,33442281025.580673,33593595097.253694,19023253054.007549,32512159262.569037,33583013126.272194,10511611053.040456,29856831346.062983,33594923075.565865,33594923029.797639,33594922328.234667,33594896728.740718,33591089847.796894,33549766619.261939,27916942658.88076,31494811402.270839,33160698029.722113,22263289546.678063,33594185347.733518,33587686811.642373,33507932322.948952,26633882079.105373,30684137596.228578,13980986523.232214,32864806826.642765,20542154468.430036,8572335222.676115,32687709874.244077,29053734480.461716,33594923077.780117,32581339096.314032,56519,0.654155092593,163517,8997968987.012321,4617864372.975043738986622250856,55750.89644768,28612.02109484553037493730048,123.288364,63.273050233863777614304,186.936626618571,0.053777282190891326,0.04231057768841436,,
2022-09-11,49255,8397,1150368,3051077,861,326744,2224375,144,57337,3866052,3855714,3847457,3829944,1712337,23196,2652416,151069,3785077,686085,2821,1404057,13347,2403457,89858,265,3285022,464588,1465,1662942038,4137,31777.316896301668,10694064621.240301735256534853184,0.745438338196,0.72294901876,17074739241.43693192629062734584,17188417917.2456500542416872,16559607076.36208132018338882528,22905636008.4121793840611059940247,0.37174839,0.18893308941879485300304,0.228792,0.116278592072194077312,17999.685495,9147.95135800593432557832,0,0,0,0,0,0,0.5661365315,4.00714218264,2.3395398943532584,3.886249687644,2.2689577183085157,0.000023385246948831495,0.508228399909936,-80.49009166955979,-5.970327390557475,0.513205763638321,0.0000236334691111496,0.000288350048964145,0.510030730793296,0.513205763638321,0.03727326471,27631938096.382549,16295386530.672131,863669949.682099,21041847765.956044,26343385713.298876,8756281565.677466,26970767171.473731,27192995399.666949,27631938096.382549,4981105474.268395,12828807263.627982,27631938096.382549,62.6309103174,25376003305.176371,33443887961.443935,33595257556.019864,19020254775.465923,32513543928.049161,33584667234.32195,10516123862.582164,29858631566.622558,33596586187.110813,33596586141.342587,33596585439.779615,33596559841.285644,33592752270.475285,33551394135.991538,27918844848.835413,31496139585.436672,33162302689.7826,22265330310.901749,33595842805.761378,33589281619.480354,33508560967.849404,26616772252.008693,30673678240.181666,13989228279.640174,32861572617.029305,20521504169.666032,8577383666.535407,32689581787.139224,29056812428.285656,33596586189.325065,32583002207.85898,48419,0.560405092593,145883,8384176217.873348,4261076463.772710609796654785728,58065.83057278,29510.70416144542198729314208,146.53125,74.4713427243028095,187.060940943308,0.05377994737898683,0.04217043164469438,,
2022-09-12,59380,8417,1150695,3051575,865,326829,2224303,144,57408,3865912,3855574,3847317,3829804,1712430,23212,2652719,151114,3784940,686345,2826,1391712,13230,2398472,89039,263,3282422,461045,1452,1663028242,4266,35417.158931082982,10565145382.838058705541579845975,0.735791703693,0.713594825285,16863724612.269960167714647243428,16974167008.75164559354796865,16354990900.2078715635365400477,22919155689.8915827262022072267961,0.36392716,0.18265264454505927617892,0.220545,0.110690082848419716915,20499.652773,10288.640702837094418483551,0,0,0,0,0,0,0.565757392005,3.001946087894,2.3288155619821365,2.911385359952,2.2585613914003235,0.00002244129740981374,0.501893413355187,-80.68620027103844,-10.399130230937693,0.508230449574535,0.0000233854421813629,0.000289008157373105,0.50446386179374,0.508230449574535,0.037287401423,27644164219.332716,16306705799.270679,1996164819.760548,21050575882.654925,26350737225.77566,8874102474.234188,26981983760.292245,27204911476.152301,27644164219.332716,5111961622.028639,12833356820.247331,27644164219.332716,62.6501299431,25375399045.812038,33447528306.61401,33598883863.040387,19009567773.255201,32516765644.493778,33588285841.599425,10490443644.416653,29861953239.292732,33600211045.655392,33600210999.887166,33600210298.324194,33600184702.830169,33596377551.160163,33555013768.476829,27919169486.653461,31499042904.756974,33165894699.670652,22254070371.663571,33599462691.01711,33592803778.721984,33509700020.280352,26589902067.14195,30659318556.834962,13928511266.90913,32857675245.541717,20476506103.774655,8552861687.269705,32692584855.274364,29056607916.418887,33600211047.869644,32586582061.0671,56329,0.651956018519,182987,11192809618.855865,5617597424.642339710009803121755,66328.53746608,33289.85607170829716800455696,156.222994,78.407291703226898569878,187.268869406087,0.05367631382735356,0.041597046141227875,,
2022-09-13,71211,8410,1150759,3053457,866,326811,2224898,144,57400,3868970,3858632,3850375,3832862,1712839,23199,2653819,151051,3787995,686431,2826,1344369,11966,2368154,80697,248,3205056,427966,1274,1663114810,4236,36445.171388101983,9771103751.273015418474165017664,0.68243881011,0.661852704136,15601076742.739991221556788515232,15702290703.1012789376373136,15130462506.894434346259047248256,22860770096.3392362323063816360625,0.33371221,0.15493806784571389906528,0.210381,0.097677054284136429408,20927.092438,9716.166118022383082238784,0,0,0,0,0,0,0.565991993213,2.852778284706,2.179680012124703,2.766722809521,2.113928880955423,0.00002302432486344389,0.464286481593568,-80.71251297007704,-18.688560640815137,0.501884917076465,0.0000224404248716497,0.000293350524876806,0.495529980471816,0.501884917076465,0.03729037775,27645078425.143589,16304336806.356495,2097602034.57347,21045419452.523598,26346779294.465711,8898773629.315725,26982650970.752978,27205768854.614259,27645078425.143589,5117204159.586033,12824207100.458506,27645078425.143589,62.6309575448,25379170331.806744,33449487340.321883,33600934296.50767,19018612154.241754,32518543028.857535,33590323267.515761,10493214744.364984,29864781964.822988,33602263602.774847,33602263557.006621,33602262855.443649,33602237256.94969,33598424172.535035,33557039587.595522,27922078292.410684,31500601330.508381,33167837387.569707,22259995066.286309,33601353466.713172,33594206980.542864,33501923960.98139,26336944351.434497,30491506041.447881,13627987584.509918,32791808505.129718,20119688095.306264,8557019671.557376,32695202183.166915,29061667956.094386,33602263604.989099,32588634618.355092,62710,0.725810185185,211521,11778785538.692344,5468730895.204667912032001243392,56748.87716882,26347.73651509699824576214976,194.2714565,90.197611012442896391792,187.481394724832,0.05396589415709764,0.043490866847162996,,
2022-09-14,54789,8388,1150787,3054612,863,326572,2225147,145,57318,3870406,3860068,3851811,3834298,1713054,23136,2654593,150906,3789428,686314,2823,1360763,12236,2379507,82983,251,3214168,437338,1307,1663200974,4203,32504.33928146562,10101318637.163214455839874974624,0.71170733874,0.690248482928,16162920163.83595795338130478174,16267260234.2555865126639454,15675588146.301508724210959275288,22710065337.33351621546995533645,0.35929157,0.17281620630735746631764,0.220131,0.105881149147598721612,18576.452011,8935.116298976069739883372,0,0,0,0,0,0,0.566609072206,2.916853327215,2.269729112559981,2.82890659467,2.2012939748207363,0.000023756932037226556,0.480991542070852,-79.91858520658565,-12.572233083601507,0.464286481593568,0.0000230243248634439,0.000294964271806665,0.465399577419232,0.464286481593568,0.037289226515,27642778270.920658,16375960544.799304,2757491985.740325,21001031730.564712,26340000368.901747,9282789755.467443,26980243867.18079,27203429464.53485,27642778270.920658,5717093873.737476,12996995969.97416,27642778270.920658,62.4968664992,25391026785.963683,33450504319.069297,33602005813.00494,19039954754.171667,32519352934.361713,33591384186.456339,10587992293.981877,29867637318.370451,33603335503.953743,33603335458.185517,33603334756.622545,33603309155.128652,33599493661.324015,33558092905.154721,27926276632.371086,31502041609.948332,33168782275.372421,22281775902.459258,33602441883.97628,33595503045.162745,33506404391.940502,26409743745.00045,30544227754.82973,13741656585.593798,32812921552.064014,20217130903.652217,8602718867.896456,32696973392.169209,29069591222.601214,33603335506.167995,32590153412.702694,51703,0.598414351852,162872,11520406320.275735,5541218001.27221547143754637622,72037.96893633,34649.65376633750069593685316,180.535818,86.836201498842679776936,187.659703091549,0.054015903342411756,0.04376442439010189,,
2022-09-15,52073,8383,1151389,3056533,862,326730,2226096,145,57355,3872354,3862016,3853759,3836246,1713945,23140,2656159,151007,3791376,686768,2812,1346197,11954,2370240,80768,248,3209864,428525,1271,1663287576,4241,29618.063900023579,9762480928.568928810454133103036,0.689379916872,0.66859490064,15637891579.516492072285367678185,15738357546.21369824055885385,15166404345.327923944800755521922,22683996439.1011428660559271434785,0.35304723,0.16429155537215979010449,0.217685,0.101300347919989639655,17847.949797,8305.595351515301749420311,0,0,0,0,0,0,0.56687246089,3.851237168992,2.223437118449383,3.735121185467,2.1563998064153833,0.00002362572895157597,0.465352908652363,-81.31004822409366,-16.57786678764065,0.480991542070852,0.0000237569320372265,0.000294407831260464,0.481756727765076,0.480991542070852,0.037314201446,27631966010.517812,16290861872.629671,2614149382.856674,20978661027.048372,26327498954.362289,9282071720.459315,26969526654.767846,27191791317.005745,27631966010.517812,4876159443.709861,12953096603.7025,27631966010.517812,62.4283707233,25387099982.459198,33451455226.403792,33603039484.564182,19049392231.126714,32519719318.305472,33592405672.246792,10586957435.384486,29866821730.043947,33604370549.165743,33604370503.397517,33604369801.834545,33604344200.340652,33600525285.540966,33559108350.634972,27923749664.709674,31502065985.417287,33169637432.106045,22273415771.300194,33603462642.87225,33596309382.259316,33504158665.374789,26347594129.475215,30495850631.470146,13679266758.989094,32794351595.068744,20149801766.896366,8602618007.304231,32697431100.45243,29068054280.715015,33604370551.379995,32591188457.914694,50554,0.585115740741,152870,8725604027.180283,4060485213.797116954296374958729,58647.42356976,27291.74914315496604431934288,159.47391299999998,74.21164926872387499936082695274,187.725529861087,0.05389469458192738,0.0439246450118666,,
2022-09-16,51220,8394,1151825,3058200,861,326830,2226968,145,57333,3873524,3863186,3854929,3837416,1714642,23140,2657553,151074,3792539,687108,2819,1353751,12080,2375304,81721,252,3214487,432607,1283,1663374312,4430,31096.388261851016,9917526395.531318725304693172992,0.700162694971,0.679052848614,15883757777.628281557544044905856,15985595868.5179004558153504,15404863816.757698623578237325504,22685809872.0736481621979583783983,0.36261809,0.17139625199008987346368,0.220457,0.104201926398595401664,19602.40844,9265.33846282987297170688,0,0,0,0,0,0,0.566441245098,3.341437482909,2.2736399250735744,3.240693423877,2.2050898725887924,0.000023942527727386183,0.472663269474752,-80.48184332012207,-11.814798018258609,0.465352908652363,0.0000236257289515759,0.000316017233448328,0.465598632037416,0.465352908652363,0.037333532368,27650636775.733271,16303168328.751276,1008862587.963777,20982223574.410996,26344392127.707599,9295137386.263015,26988115871.136647,27210444480.007048,27650636775.733271,4664398053.257083,12960404995.560603,27650636775.733271,62.4381618908,25388236513.129988,33451817276.585759,33603476933.992754,19035148515.74974,32519605362.996778,33592834195.058087,10591782446.964979,29864902731.661891,33604806640.110926,33604806594.3427,33604805892.779728,33604780284.285989,33600961024.215471,33559522091.070191,27922980216.23827,31501707193.275431,33169931121.980459,22271645340.013528,33603906220.682873,33596827218.138903,33506045022.474894,26372781823.357025,30514842427.178919,13775047470.759012,32802797651.60127,20163085033.7132,8618086048.180532,32697401267.162676,29067736441.942421,33604806642.325178,32591624548.859877,54058,0.625671296296,164117,10056990984.931923,4753570240.016029051714687308096,62468.20307147,29526.42510197375518001652544,137.7558655,65.112137776554192157856,187.845086952519,0.05389131654125647,0.04361585268860311,,
2022-09-17,54032,8392,1152464,3060576,862,326967,2228556,144,57346,3875238,3864900,3856643,3839130,1715659,23150,2659682,151126,3794252,687537,2820,1367945,12358,2386030,83730,255,3221917,440750,1322,1663460676,4255,32810.271445358402,10199411170.81144449743493157695,0.720182395415,0.698469242919,16332317008.01808524100313143129,16436199597.1823069889090645,15839905513.27396837968329120292,22678028666.0610157947490530213941,0.36808685,0.1788853332476675442435,0.222297,0.10803339734890489047,19216.710028,9339.06651998726579087028,0,0,0,0,0,0,0.566379453024,3.873773078132,2.352977798643719,3.75698068482,2.2820366508346805,0.00002415356805992455,0.48598675352751,-79.30418943248885,-5.320534930526291,0.472663269474752,0.0000239425277273862,0.000330518930136284,0.472071664755906,0.472663269474752,0.037359706252,27659556549.118085,16300836626.973956,1647629891.722321,20987014762.808945,26352614174.502188,9274843164.495053,26997011055.745909,27219166534.13998,27659556549.118085,4341507744.575312,12967467776.819255,27659556549.118085,62.4492603579,25384450914.276283,33453405176.679878,33605178351.505216,19034034788.958356,32520550377.74753,33594525598.955918,10549466435.692096,29864484720.255884,33606506532.111627,33606506486.343401,33606505784.780429,33606480175.286712,33602660646.485665,33561178957.039319,27922719384.610801,31502192599.311147,33171379150.807743,22270605759.171856,33605618048.548647,33598709641.780067,33510466359.332208,26427824409.098189,30556216726.067932,13830013268.686439,32820496110.979045,20241246308.079588,8616593027.897058,32698447439.732399,29067577492.611587,33606506534.325879,32593286541.867292,52207,0.604247685185,177830,8675393694.080834,4216126416.95937676275658274334,53819.06980441,26155.3550121156584932543191,156.952526,76.27684856868210499026,187.941261061641,0.053851313628132454,0.043349646670613216,,
2022-09-18,67843,8396,1153020,3062827,859,327136,2229848,144,57344,3877807,3867469,3859212,3841699,1716732,23142,2661505,151198,3796818,687968,2816,1330578,11621,2361404,78515,243,3205898,419354,1222,1663547133,4186,40619.805542283803,9394680702.909409369884441933953,0.664293704391,0.64442995495,15042698288.786053230581008068959,15137459363.90629881382358305,14592890639.333097097071175820008,22644649782.7068654014950387597272,0.35083274,0.15702764987044493531966,0.216893,0.097078163410149273287,21991.950265,9843.278213375008019408635,0,0,0,0,0,0,0.566232206203,3.415351171188,2.1807764105574843,3.313225139483,2.115566705996264,0.000023039233912160123,0.447585507186259,-81.08471613430535,-0.7529897688509578,0.48598675352751,0.0000241535680599246,0.000330744939048694,0.485503733731107,0.48598675352751,0.037380991385,27668220326.723238,16293521289.025914,1608221071.439779,20989689237.189467,26358765161.03256,8853760511.826743,27002574680.483926,27227697411.025034,27668220326.723238,4318634485.047591,12970665310.750309,27668220326.723238,62.4534277199,25383685359.160202,33455323245.720306,33607217458.454182,19030241378.568186,32521930247.746198,33596550692.156945,10549377941.691791,29863972403.618264,33608546403.481049,33608546357.712823,33608545656.149851,33608520043.6562,33604697125.629137,33563183730.692457,27922200678.835612,31503110020.592009,33173249632.256708,22264897148.2037,33607617995.666595,33600180663.365398,33504261789.276241,26269149075.713227,30444191622.914866,13576007221.540609,32775726232.139621,20032386686.900981,8616593036.304684,32700083126.140247,29068682174.920883,33608546405.695301,32603581673.301112,62685,0.725520833333,218333,9840436523.54551,4404436772.32530439736263314709,46076.4589099,20623.1552305344139793990641,165.317018,73.993501348049908455662,188.007035411559,0.05394295045718891,0.039224436396294506,,
2022-09-19,59440,8382,1153279,3064280,861,327128,2230864,146,57333,3878952,3868614,3860357,3842844,1717267,23152,2662719,151178,3797961,688042,2809,1337047,11734,2366233,79321,245,3210735,422730,1243,1663633715,4250,36610.397882352941,9525855282.361069789470180622441,0.674591856759,0.65442076403,15255159223.714214850057988591695,15350807651.62797282305494895,14799011957.453188572185657640406,22613909537.8333386703145131475139,0.35275146,0.16011170239302635424546,0.217289,0.098626130991146864389,20516.377737,9312.256755533926119812037,0,0,0,0,0,0,0.566747026342,3.700430591353,2.2283520417296896,3.5897833491,2.16172168558617,0.000023207605058217918,0.453893804983901,-80.12294266298807,0.6491329027795592,0.447585507186259,0.0000230392339121601,0.000334553724218824,0.446761805446181,0.447585507186259,0.037394257841,27669539898.517117,16229514739.877077,1133251159.218756,20986969149.532541,26356457610.713891,8854929867.183432,27002480588.708022,27228769329.777847,27669539898.517117,4400920283.464753,12987308953.388622,27669539898.517117,62.4434995575,25382183606.843762,33456217524.464446,33608205523.06723,19048103392.191134,32522485381.185626,33597534909.282674,10620834429.561811,29864385413.850374,33609533893.616943,33609533847.848717,33609533146.285745,33609507531.792138,33605683849.867705,33564132935.467157,27923353267.334932,31503584781.576221,33174022693.779332,22265976639.565026,33608613567.388029,33601249506.106173,33506539499.659567,26295175291.446328,30462853649.634021,13631632067.949583,32783817458.915472,20093162256.013556,8613498281.438889,32700961987.90478,29069931518.878812,33609533895.831195,32604569163.437006,58161,0.673159722222,181523,9082600812.556123,4122536241.960969654036673975823,50930.90106911,23117.22047751696928723839811,129.429269,58.747143382694863198369,188.072903507599,0.05311359311530049,0.03931066461329767,,
2022-09-20,57308,8362,1153697,3067195,872,327190,2233362,145,57315,3881652,3871314,3863057,3845544,1718329,23124,2665631,151191,3800655,688255,2791,1325258,11466,2360759,77784,242,3206913,416256,1199,1663719860,4133,30836.155819017663,9285593527.25051915446239895344,0.658621378042,0.638994402656,14830639862.059320153962990358022,14922890316.5386970083628363,14388685480.938149600024907567326,22517701909.636095377788582069937,0.32943051,0.14535828517779564119694,0.211965,0.09352767270314899821,18766.338638,8280.480164042756820132172,0,0,0,0,0,0,0.568883676714,4.011838110618,2.181205046774781,3.892284979679,2.116204943238327,0.00002337955205696224,0.441241113877994,-78.73082316399399,-4.7791808144180035,0.453893804983901,0.000023207605058218,0.000329041781223758,0.452823977662515,0.453893804983901,0.03741166255,27664165120.048487,16275780268.216579,1206335171.661324,21044261822.38776,26350409845.227677,8931448472.548929,26996543658.528097,27223377842.278532,27664165120.048487,4199514944.702679,13029330636.416453,27664165120.048487,62.6108759542,25384447916.922564,33457646583.086681,33609864113.201675,19120858567.783484,32523526419.814329,33599186972.818666,10593124727.570912,29864839887.34879,33611192145.578411,33611192099.810185,33611191398.247213,33611165777.753738,33607342316.338847,33565673688.21216,27923614779.725485,31504340280.221143,33175320143.56219,22271203839.236346,33610257118.021215,33602723736.454327,33505245470.547974,26242226236.097074,30429266463.493666,13572481162.360578,32770272669.820966,20030995168.019041,8613877727.085876,32702538036.861626,29072905448.437696,33611192147.792663,32609575645.565779,56966,0.659328703704,171033,8378003105.068969,3696719422.153924281554421368186,49966.88215025,22047.4427369867659548765985,147.96162900000002,65.28675399116250831704827755988,188.164730725985,0.05308068217759573,0.039303002851013714,,
2022-09-21,61577,8362,1154134,3068878,879,327318,2233894,144,57400,3883850,3873512,3865255,3847743,1718987,23145,2666843,151281,3802852,688580,2793,1323378,11441,2359996,77613,242,3207287,415198,1202,1663806752,4124,45320.68574199806,9234395259.66305540725560012486,0.657892277737,0.638291283385,14744792987.07463390672753834653,14836252813.69269112714286775,14305492186.86545070876453912795,22412169113.4540110444204901962295,0.34830986,0.1527963638291248371957,0.215793,0.094663945889382333285,25688.548824,11269.03743797014811321388,0,0,0,0,0,0,0.568954893931,3.425823405804,2.178224460833631,3.323755715544,2.1133272629198823,0.000023703738099779037,0.438679409848245,-77.84025844104977,-4.229447550409159,0.441241113877994,0.0000233795520569623,0.000333412550318158,0.442586842353389,0.441241113877994,0.037433111197,27674813695.160684,16256351178.740957,1758639939.572716,21050441512.305228,26358619780.564569,9071971978.463809,27005585531.267893,27232969946.02458,27674813695.160684,4646433767.791384,13174059386.767603,27674813695.160684,62.6281784204,25376836360.253909,33458188618.730118,33610444661.618262,19123583057.848939,32523589628.638687,33599751270.729237,10498653395.580796,29864477637.619476,33611773552.818542,33611773507.050316,33611772805.54025,33611747183.04684,33607919966.543971,33566251313.605737,27921030220.628287,31504198915.485173,33175794759.020223,22264765274.302039,33610834679.467491,33603260010.639816,33505263913.180824,26229444557.535794,30423138976.287124,13505581081.359629,32767689522.699275,20023553957.12453,8576504973.641403,32702868490.798772,29070090398.699831,33611773555.032794,32610357052.80591,73752,0.853611111111,222357,9811297773.869324,4304014317.28639497574530073638,44930.04543298,19709.8858149945018971181201,115.409197,50.627638431019847309265,188.341389355426,0.053050463885577104,0.03926680103771578,,
2022-09-22,64919,8361,1154872,3071846,878,327493,2235757,145,57420,3887446,3877108,3868851,3851339,1720275,23167,2669259,151367,3806440,689008,2794,1343948,11801,2376114,80133,248,3221216,426231,1253,1663926440,4291,38045.68655325099,9651121428.558158565113222472736,0.688128324054,0.608400432244,15412689843.693388427539470413998,15507335245.1220407151558671,13626945491.368745227254844126604,22397987853.3301529831285971987561,0.35787335,0.1640928128967957224683,0.216629,0.099329167609211360842,21972.349966,10074.806385761202542981468,0,0,0,0,0,0,0.568609303062,3.622869183003,2.2912964135628164,3.203116482574,2.025822335285964,0.00002361745540808103,0.458522024332898,-79.5459175241815,-1.4989334663525762,0.438679409848245,0.000023703738099779,0.000351187751188827,0.445659211109452,0.438679409848245,0.037459144181,27682740437.985234,16248174958.559626,2094176359.304661,21048326833.590032,26365047358.009227,9532850736.725347,27013562529.996402,27240884306.299656,27682740437.985234,3667260341.348646,13188779286.280243,27682740437.985234,62.6180214254,25375569462.259753,33460110706.895353,33612518107.577797,19113146948.781826,32524883193.559188,33601812794.961008,10532399537.130341,29864334984.66133,33613848462.572699,33613848416.804473,33613847715.294407,33613822084.818349,33609990320.900468,33568269780.709319,27921601065.257043,31505091038.942485,33177548803.581168,22262773790.071448,33612932846.742375,33605638948.823185,33511616735.149826,26308281061.77831,30478729706.570853,13646717037.902155,32793176149.736234,20131948522.580446,8567805249.146253,32704628153.351494,29070746143.205249,33613848464.786951,29719282320.613798,61397,0.710613425926,214323,9278239640.142288,4254277222.043780961474999390624,45822.82798216,21010.77584703816688144509968,148.03221,67.87602859567266664458,188.482477720701,0.05302915526583523,0.04002854782619287,,
2022-09-23,74736,8367,1155682,3075234,877,327635,2237928,145,57441,3891722,3881384,3873127,3855615,1721703,23181,2672283,151419,3810703,689528,2798,1348929,11874,2381279,80627,250,3227135,428623,1259,1663979725,4204,42481.649619410086,9712807338.91771484501084882752,0.695240630107,0.614447922266,15554258025.749568767290919261952,15648922381.5827691322204096,13746724676.959173729379037547392,22372481342.6909420463422410115615,0.34586724,0.16003570599307707658752,0.214517,0.099258835680756914816,23871.06535,11045.3444393696539250368,0,0,0,0,0,0,0.568272532306,3.544161448563,2.324533836789108,3.132300593409,2.0544037911493693,0.00002394120761249926,0.462708483154048,-79.98838156190753,1.0295350440307096,0.458522024332898,0.0000236174554080811,0.000345098691068847,0.465727002392091,0.458522024332898,0.037492644943,27669647134.400185,16247948360.481575,1637282961.710212,20991202220.262865,26336523756.28534,9586052121.587183,27000326973.838314,27227711001.69431,27669647134.400185,3721304022.353582,13238790904.904997,27669647134.400185,62.4446844256,25375427757.169404,33461761288.905448,33614343126.030205,19102864801.993507,32525689532.19862,33603620164.298662,10532148873.296677,29864410499.116746,33615675076.237122,33615675030.468896,33615674328.95883,33615648685.560362,33611813078.083742,33570019412.015141,27921732863.114335,31505481503.069131,33179004063.286905,22258144702.943031,33614763525.98223,33607512724.181565,33514182142.676219,26322083054.776306,30489123782.768828,13695333754.746135,32798905444.568835,20135398276.331123,8566874780.008603,32706171572.977411,29071983262.71795,33615675078.451374,29709255778.616279,69018,0.798819444444,236118,9484803546.994802,4388699062.244099059112821258496,41691.27233998,19290.90538519446317176923904,156.22326500000003,72.28582998152289040797449462144,188.644109019537,0.052998892177042775,0.039951993216082414,,
2022-09-24,55194,8359,1156129,3077570,877,327613,2238896,145,57441,3894106,3883768,3875511,3857999,1722176,23162,2673678,151399,3813075,689763,2795,1338066,11658,2373413,79123,246,3223175,422224,1232,1664066099,4251,33559.682898141614,9466202021.512342482987318088978,0.678609656724,0.599762282639,15174102659.866235934755019469266,15266237101.1964698215367693,13411029975.928009403001484383928,22360575788.3199273250225749851774,0.35473749,0.16012609671452933727966,0.221909,0.100168217336781885406,19521.913752,8812.059445719854102951568,0,0,0,0,0,0,0.568452400543,3.872952350605,2.2819555660451996,3.422955626014,2.0168160968694617,0.000023851981795963406,0.451393216754534,-80.18384231775349,-2.8107051450116605,0.462708483154048,0.0000239412076124992,0.000347651477077761,0.477171987597647,0.462708483154048,0.037511679051,27670059232.271622,16219802817.828978,1122087633.754778,20971077256.262867,26335595273.491801,9576503671.902621,26999484871.515806,27227960821.205572,27670059232.20102,3701015769.495348,13236878966.446586,27670059232.271622,62.3839329,25375671197.757423,33462179991.197322,33614819478.567823,19109181890.485151,32525556158.968649,33604084941.463774,10542035868.785849,29864719323.815716,33616151274.861447,33616151229.093221,33616150527.583155,33616124872.501509,33612284304.512537,33570446772.559243,27920714962.967599,31505251866.776878,33179292150.485402,22261292136.365265,33615226030.681159,33607784288.14445,33512128303.881611,26276544634.342294,30456442035.164672,13617482832.642788,32784825290.428397,20082386115.639346,8566874797.120159,32706696796.523644,29073481797.828726,33616151277.075699,29710304626.090292,55032,0.636944444444,178113,8679722401.394205,3917967815.30171874112685507547,49142.73043969,22182.69517327262411262105446,120.96760699999999,54.60395724682827986620583245466,188.745986673399,0.053017410153252634,0.0401214718715188,,
2022-09-25,50782,8357,1156660,3079277,876,327775,2239848,145,57435,3896024,3885686,3877429,3859917,1722934,23156,2675080,151446,3814983,690126,2797,1333217,11550,2371077,78510,246,3221812,419637,1217,1664152226,4204,35229.219552806851,9351181383.94022370809031091116,0.670836378606,0.592906994794,14993391242.87299523589844905408,15084079613.507177756896602,13251646492.480666630822965027,22350295423.8085086819021922790105,0.36085765,0.160945099544084594214,0.222833,0.09938511589461108108,20310.512234,9058.63409932553175224184,0,0,0,0,0,0,0.568414549214,3.780543717221,2.2684443638002882,3.341367411711,2.004924857225395,0.000023732425101068156,0.44600717081676,-80.6435181815084,3.7044292976008193,0.451393216754534,0.0000238519817959634,0.000342741452658974,0.465401762412622,0.451393216754534,0.037529544923,27671737390.612315,16170728538.40348,690440520.372175,20966437303.722441,26336276283.149322,9616843316.380949,27001134971.219268,27228755470.922775,27671737390.341713,3047170187.6576,13253999953.310301,27671737390.612315,62.3686878603,25374692504.07858,33462903517.394329,33615596734.264829,19108351349.817217,32525821797.373466,33604853844.731611,10526785740.544873,29863145772.211984,33616928657.062756,33616928611.29453,33616927909.784464,33616902244.853222,33613059861.281994,33571203464.562545,27919254827.031945,31504763894.040011,33179931846.294749,22263131580.021496,33615996412.691903,33608479915.175705,33511652535.913672,26252001755.872857,30441356756.67782,13607847902.933905,32779003808.536028,20050117730.482567,8566874797.120159,32707061252.684453,29073277177.916661,33616928659.277008,29711734159.370825,56284,0.651435185185,176183,8892088327.440845,3965935157.5746266831792345622,50859.47950347,22683.6925625556483591541572,112.95201449999999,50.3774084251986479029482918324,188.916089757074,0.05300993517439894,0.037553432789242294,,
2022-09-26,51920,8362,1157234,3080458,876,328040,2240691,145,57462,3897032,3886694,3878437,3860925,1723663,23199,2676155,151600,3815987,690605,2796,1334002,11561,2371902,78586,246,3223062,420024,1216,1664239406,4226,33660.209891150024,9343234634.569954902878118452858,0.671919104275,0.593898476374,14997227314.349755180081481421238,15087143910.56110157131919155,13255807723.211184896638375666664,22319989443.5589659750628997910817,0.36159957,0.16130876404337466650973,0.223219,0.099577499500339698091,19262.770696,8593.079170483239233366344,0,0,0,0,0,0,0.568308143892,4.016572112314,2.285502900977765,3.550183411323,2.0201192107833434,0.00002323288974109677,0.446097776176489,-79.75898844171797,-0.8450056092488735,0.44600717081676,0.0000237324251010681,0.000344527055920445,0.460232283713743,0.44600717081676,0.037550931448,27674988116.069234,16149158480.883707,1393838897.989286,20944364965.570922,26337916983.311799,9095741109.303255,27004193601.123061,27231382706.982577,27674988115.79803,3590399470.801881,13246305928.406282,27674988116.069234,62.2997467381,25369764691.570597,33464617453.6197,33617368393.007326,19105781005.212027,32527069768.757204,33606622782.857813,10541193330.507836,29861495676.662363,33618700012.14409,33618699966.375864,33618699264.865798,33618673595.953036,33614830929.593755,33572959689.543186,27918896982.566121,31505375812.974263,33181570778.249038,22254475117.397763,33617768249.722999,33610247990.924277,33513422730.908696,26248495298.798949,30440951111.016291,13622079609.953927,32780562077.554896,20044481868.958818,8567618421.484503,32707915842.653167,29070656932.306478,33618700014.358342,29715027581.681576,53271,0.6165625,163780,8369997867.407453,3733837435.252420222745401972517,52286.44545961,23324.86704370530130008110929,123.846659,55.247719166787957000251,189.072664926713,0.05300782637385633,0.03662887225554551,,
2022-09-27,64621,8369,1157830,3083184,876,328074,2242096,146,57432,3899548,3889210,3880953,3863441,1724805,23187,2678103,151626,3818500,690903,2799,1330434,11452,2370361,78044,244,3223953,417782,1207,1664325548,4110,36650.880535279805,9247413475.029599108097384983633,0.66580151142,0.58857289676,14847742894.632050779080821835554,14936475633.21971860281922355,13125501964.092046157115369084433,22300554504.5411639316523679736002,0.3425285,0.1512752477094095069965,0.215353,0.095109103096426912097,20492.795143,9050.495539832478232835807,0,0,0,0,0,0,0.568107624514,4.198759452325,2.280616551932184,3.711730855615,2.016079968797744,0.00002311450465283651,0.441642805516649,-79.46914828375895,2.5233138206138777,0.446097776176489,0.0000232328897410967,0.000334309215933099,0.463745981527465,0.446097776176489,0.037578366642,27679664256.492698,16073213464.501188,1705064969.03396,20938671160.309417,26342560364.658766,9141708996.763372,27009732400.818757,27236809314.600636,27679664256.221494,3610814919.464509,13231296659.496254,27679664256.492698,62.281611021,25375578436.365706,33465122937.711867,33618015737.904813,19099407575.316354,32526850060.652368,33607257707.679886,10582487014.558847,29860523198.764792,33619347373.461094,33619347327.692868,33619346626.182802,33619320954.279024,33615473312.588352,33573575119.672769,27919131097.675675,31505152652.570735,33181899923.486027,22258379594.765513,33618411653.570515,33610816218.835213,33512999095.001968,26227205779.811402,30428490993.095388,13592845946.504371,32775260838.567411,20019101902.668188,8569502885.836754,32708273222.918486,29072506674.630786,33619347375.675346,29719723269.888617,59828,0.692453703704,204468,8006971525.138885,3536221368.054259017463904796365,39912.81858727,17627.20917695897790264445823,113.339084,50.055391032447144409516,189.185302327479,0.05294174982695978,0.03576924092483596,,
2022-09-28,83842,8378,1158648,3083311,881,328358,2244590,147,57387,3900044,3889706,3881449,3863937,1726137,23165,2679179,151725,3818980,691506,2804,1327729,11402,2369028,77636,244,3222032,416193,1203,1664410526,4233,47957.703047484054,9161188636.89100211331487594298,0.664727345286,0.587549899231,14716238100.742839163015296700252,14802560548.8267732810157678,13007625268.427947008164477437196,22138758402.3789067325681518276195,0.33497997,0.14661510336075724593108,0.221381,0.096894743280046863284,25638.026784,11221.333463317292331547776,0,0,0,0,0,0,0.56823004778,3.139172904569,2.277121293980401,2.774702645874,2.0127386007270203,0.000022497281269327048,0.437683194492964,-78.60059812118116,-2.675266753752178,0.441642805516649,0.0000231145046528365,0.000331931299110462,0.460470778527892,0.441642805516649,0.03760650047,27679568953.787833,16067685850.669421,3216905993.269717,20931095258.303945,26340512955.132583,9406189933.687305,27010198825.742492,27235049727.422422,27679568952.987476,5278405636.546919,13394768981.029368,27679568953.787833,62.2522452693,25380936059.056754,33468650082.997628,33621704361.478869,19105619736.686548,32529671631.826378,33610972555.700969,10572534126.037405,29859332732.545079,33623036673.413491,33623036627.645265,33623035926.135199,33623010238.427362,33619170774.379604,33577209129.369017,27919280659.932601,31506870993.657962,33185279552.355884,22264167424.021502,33622095667.063898,33614444709.829562,33515736042.520719,26218790676.643027,30419369062.864053,13528806192.605336,32773853707.241565,20003225950.811956,8517680136.612519,32710514598.597467,29073831123.262246,33623036675.627743,29719270541.096939,76536,0.885833333333,259193,10710794753.194457,4687934863.136627867569410300548,42390.91445729,18553.79085714465853878350756,117.87768299999999,51.59308085486895174558005507036,189.37337493705,0.05291517995351212,0.034903488167161024,,
2022-09-29,62721,8353,1158551,3085315,875,327825,2246091,148,57223,3901555,3891217,3882960,3865448,1726662,23093,2680956,151252,3820488,691164,2808,1327711,11373,2370378,77421,246,3223812,415695,1198,1664496841,4183,45228.531197704996,9156801147.696307765289882958272,0.665050621741,0.587804600532,14712618377.097232176145032451616,14798640447.1177756092626024,13003739091.765838795006739952064,22122554127.6725732781637331050175,0.34228651,0.14977337874909288407312,0.221117,0.096753565277413857904,24920.511676,10904.400625869653735266112,0,0,0,0,0,0,0.568838057547,3.88811728707,2.3050089329965893,3.436510175371,2.0372807885465565,0.000022392419836698313,0.437567284638512,-78.67935617915008,-3.319554881277644,0.437683194492964,0.000022497281269327,0.000326839804227284,0.450465355691551,0.437683194492964,0.037614286471,27678652822.626047,16052235720.147913,3052863248.173422,20926612818.554356,26338218098.798805,9184185145.338837,27014808859.677386,27239748712.351612,27676352027.118336,4981234146.905486,13402663449.864377,27678652822.626047,62.2377398298,25397822709.838524,33469097736.768248,33622339549.730142,19126423644.709132,32529576424.383453,33611603041.144492,10624065348.934862,29864196212.546521,33623670901.911466,33623670856.14324,33623670154.633174,33623644463.405888,33619804579.891567,33577776876.504253,27929404535.944342,31507230982.752057,33185587101.951607,22299080135.051835,33622730262.694845,33615071278.640925,33516211473.309784,26235059791.084658,30422812997.710207,13614022746.731646,32773874241.263412,20025944821.54538,8520137450.298652,32712169351.826122,29087205484.651499,33623670904.125718,29718261735.469172,72806,0.842662037037,216596,8647802630.836966,3783995515.265111612841316834592,40808.32178647,17856.38655476030900800253264,134.755255,58.96449102112026738056,189.431880176629,0.052915717950463535,0.03487676605220011,,
2022-09-30,59537,8285,1158702,3086690,873,327520,2246597,148,56954,3903269,3892931,3884674,3867162,1727319,22936,2681895,150918,3822190,691092,2806,1324254,11204,2367982,76611,245,3223215,413262,1208,1664583451,4250,38828.229882352941,9060284640.729228809340412529352,0.663753872122,0.586508389791,14591230330.358835801260853793224,14675972036.6928992120513412,12893151159.729031753416216082704,21982892971.6149321924688533015967,0.33854193,0.14690695826123419654008,0.222217,0.096428892999861728952,22445.668649,9740.078303931616261909944,0,0,0,0,0,0,0.570003658571,3.341803389822,2.3096496903927015,2.95289535396,2.040860291424248,0.000022327546648130917,0.433940216094456,-79.44418354441567,-2.833548613946148,0.437567284638512,0.0000223924198366983,0.00032809941153101,0.445272390945806,0.437567284638512,0.037612010973,27676452176.241562,16043945017.487954,2217188362.478307,20879108007.719367,26333478398.314515,10160364029.526875,27012228941.266376,27237282745.752288,27669675946.627936,5513899183.67278,13432202232.178966,27676452176.241562,62.0940416647,25423122951.133916,33470309733.724279,33623646467.978499,19166360625.002746,32530325636.578171,33612900378.197753,10698549240.354943,29866317511.021531,33624978253.276027,33624978207.507801,33624977505.997735,33624951802.86683,33621108934.624333,33579082573.871416,27938676732.771057,31507950051.633728,33186680274.059499,22363947941.707881,33624032694.703593,33616302285.683874,33516600049.875726,26235583772.727932,30412427900.767175,13656767478.439781,32769750614.119219,20108284951.171109,8578864794.509032,32714131154.92208,29103804624.960675,33624978255.490279,29711814396.392734,66301,0.767372685185,195036,10061925952.28683,4366274322.06176198190448481448,52465.15912551,22766.74248835382958051917256,126.248586,54.784338690459512439216,189.622348500942,0.05288513843315179,0.03482820059850922,,
2022-10-01,60187,8272,1159159,3088578,867,327669,2247561,150,56948,3905331,3894993,3886736,3869224,1727962,22929,2683379,150953,3824250,691385,2796,1321642,11129,2366901,76224,245,3220967,411670,1196,1664670350,4290,41228.009557109557,8993250425.1803927879074771271,0.658754523555,0.582193963748,14475117144.4605868384672697868,14558662317.1893880069453975,12792816633.06149722294060120475,21973461474.4430036921322145111482,0.33033178,0.142198447791659611069,0.221733,0.09544975788944091465,23272.20417,10018.0228183452046059285,0,0,0,0,0,0,0.570232875047,4.056789661484,2.308250263919366,3.585308895281,2.039985036033824,0.00002229052806906782,0.43047159371605,-80.81026558747276,-5.906673910171225,0.433940216094456,0.000022327546648131,0.000326989725929625,0.442806659548594,0.433940216094456,0.037624593765,27691305560.430042,16054204995.581143,2167087090.390063,20891623411.305902,26345333713.764507,9532965419.518524,27026990303.942549,27252030216.065238,27675548826.849389,5458556425.991903,13430245562.72003,27691305560.430042,62.1290338132,25422336957.1838,33471439182.55945,33624852253.41184,19174755747.915585,32531132058.494962,33614094636.400219,10785454358.784283,29865842140.622025,33626184293.720364,33626184247.952138,33626183546.442072,33626157841.216484,33622312081.841795,33580252597.078151,27937970737.222729,31508146521.638332,33187709498.573671,22365997439.30065,33625228887.822262,33617449732.070645,33517022873.372121,26220465526.768336,30403162408.241013,13694191211.834804,32766560033.72751,20101883417.90336,8587859647.101692,32715107289.580003,29104692645.599809,33626184295.934616,29718143589.051695,70451,0.815405092593,207283,8288865606.020642,3568121187.5218583698137867041,40375.46985235,17380.4928543754344813252175,107.326066,46.2008226782939675593,189.747651071211,0.052842733772155565,0.03452338553747122,0.4348,coinbase-ada-usd-spot
2022-10-02,65137,8280,1160064,3091453,866,327955,2248999,150,57011,3908668,3898330,3890073,3872561,1729457,22952,2685539,151108,3827587,691878,2798,1311945,10959,2361203,75121,240,3217435,406594,1170,1664756152,4160,41564.525721153846,8757106176.168725975685702384729,0.642251349281,0.567401904825,14102136910.748139918393107581646,14182816202.71215813915125515,12458641549.33372667571404045473,21957348826.9605658425353716969652,0.35606357,0.14931830180883413737349,0.221953,0.093077887865293726321,22918.7437,9611.1710863201084858909,0,0,0,0,0,0,0.570177580521,4.147798901416,2.269020477637576,3.664404909591,2.0045836299773137,0.00002205375181826915,0.419358548275057,-81.44560767892446,-7.628466120782627,0.43047159371605,0.0000222905280690678,0.00032829789206575,0.439351488463858,0.43047159371605,0.037656262843,27690027302.709883,16031086321.708308,930703727.100898,20882145391.310697,26341845342.714919,9472606684.952687,27025607687.978917,27250305347.515658,27666175240.641444,5452997009.137439,13420722425.077882,27690027302.709883,62.0977248455,25415865518.41181,33473001886.99931,33626542518.489879,19173860499.596538,32532020051.72932,33615769303.512845,10782573055.946882,29864204592.310274,33627875162.735426,33627875116.9672,33627874415.457134,33627848709.680879,33623999029.884511,33581929691.221323,27933769208.512785,31508195571.434409,33189010522.521334,22356695892.056354,33626904054.198827,33618956798.850358,33516099448.945751,26172482374.470371,30374183586.615664,13574885847.573154,32754866604.26577,20033889429.820387,8584559950.580417,32716138035.606596,29101536649.733865,33627875164.949678,29708805509.22289,64367,0.744988425926,216798,8107402495.687155,3399908540.872939391307161792835,37950.68271496,15914.94320939292441360875272,115.799364,48.561453178214897663748,189.85606788582,0.052825335405808756,0.03479136392362857,0.4302,coinbase-ada-usd-spot
2022-10-03,78849,8280,1160841,3094838,866,328168,2250547,151,57051,3911931,3901593,3893336,3875824,1730691,22980,2687632,151162,3830847,692335,2798,1321371,11099,2368703,76117,242,3225869,411147,1179,1664842489,4124,49700.797284190107,8914981985.65745483494935012444,0.656129409949,0.579557174948,14394185125.8274884668923140318,14475602239.4957540332172706,12714341318.500603899834083833128,21938027632.305382847386071726317,0.3488266,0.1493032499553725154648,0.224109,0.095922163172901891852,26586.16827,11379.29655184382064521556,0,0,0,0,0,0,0.570216460776,3.24763864391,2.32718149256717,2.868629647102,2.055592556851717,0.000021800348226539483,0.428015667255228,-81.02180493120083,-10.902562909189802,0.419358548275057,0.0000220537518182691,0.000328508517010433,0.428055125110268,0.419358548275057,0.037684874771,27691516508.957919,16010451414.057576,1188515769.525875,20828634715.23673,26342372397.005731,9527531438.013988,27026712283.758509,27250237987.46562,27662298768.788627,5564824768.919907,13429040469.201914,27691516508.957919,61.93460698,25408628926.528241,33475042457.858735,33628710324.605566,19176403870.541929,32533371266.932837,33617919589.354315,10808804668.349138,29864096550.589146,33630042603.782598,33630042558.014372,33630041856.504306,33630016147.733947,33626160994.374035,33584058346.351244,27932309704.716521,31508506101.864845,33190829689.887382,22348860502.796145,33629083801.412027,33621248925.903856,33520186255.349985,26199128208.336785,30396797946.700524,13616705134.681201,32766510511.767476,20054229920.099852,8588110524.875404,32717815896.879783,29101100792.567636,33630042605.99685,29705317564.739926,76216,0.88212962963,261761,10355229227.567372,4432200347.418087959310689220816,40360.43383802,17274.89801989061306695016856,135.203224,57.869098135418056455072,190.036992537676,0.05238213424647751,0.03326550591655038,0.4196,coinbase-ada-usd-spot
2022-10-04,58699,8286,1161406,3096293,871,328279,2251505,149,57046,3913862,3903524,3895267,3877755,1731552,22990,2688794,151207,3832765,692594,2798,1329504,11258,2375191,77100,244,3234125,415598,1192,1664928876,4199,36928.947130269112,9070352188.632329668839414857576,0.668399025867,0.590312700786,14657198992.364550595657032081352,14739861478.4910577950767258,12944858367.958734938338323771788,21928815610.3204156615299044472728,0.33934403,0.14789607233985488704612,0.225649,0.098344446570684963596,21593.4786,9411.0707446207567893144,0,0,0,0,0,0,0.570400090612,3.956113661026,2.385866705864182,3.493937078715,2.1071356545223288,0.000021427232996808858,0.435829303789004,-80.16029753131284,-13.013516991269581,0.428015667255228,0.0000218003482265395,0.000323174600492539,0.435287849979227,0.428015667255228,0.03770490413,27689811139.483504,15991150905.067484,1661692961.333445,20811707954.872894,26340108800.948624,9581778893.689962,27024309279.139464,27246201374.394712,27656518488.045026,5329092934.327349,13423373441.737476,27689811139.483504,61.8832574584,25409028730.877973,33475527710.509723,33629262540.771912,19182894680.74112,32533342573.719548,33618468458.393471,10735238507.035905,29862869312.917872,33630595428.010586,33630595382.24236,33630594680.732294,33630568959.010504,33626711696.080128,33584601211.657792,27932533393.151266,31508268204.27165,33191128983.959078,22346040035.25279,33629651750.811742,33621925097.183165,33522426558.478904,26234524237.649731,30418506310.701212,13630873452.41492,32776553893.073792,20078356356.475267,8588110534.505284,32718014105.516416,29101064750.307897,33630595430.224838,29701670482.959697,63633,0.736493055556,190926,8500917393.132447,3704948909.016749189545514212788,45142.25465875,19674.317419388934846022385,158.863668,69.237441821807473506672,190.191819236253,0.05234494969249222,0.03240105880529727,0.4276,coinbase-ada-usd-spot
2022-10-05,51619,8291,1161772,3097170,869,328371,2252165,149,57042,3914435,3904097,3895840,3878328,1732140,22991,2689635,151238,3833336,692937,2790,1325181,11161,2371904,76420,246,3229905,412942,1178,1665015519,4219,32226.426167338232,8920883562.052941652792641680064,0.661342592056,0.584145237319,14495031300.036080165446470444928,14576327177.9072262482291168,12803051853.033873296714023075648,21917583222.6082340326665101454182,0.34820192,0.15007290683506000304128,0.224461,0.096741323945325756224,19373.954996,8350.056608364920256273664,0,0,0,0,0,0,0.570345750003,4.555067780228,2.3804361504735834,4.023362749427,2.1025720356515385,0.00002138386393787372,0.430993909611584,-80.72004158706446,-13.504456668059227,0.435829303789004,0.0000214272329968088,0.000319793988909764,0.436661246247151,0.435829303789004,0.037724334931,27696898369.591759,15989984289.004819,1521061537.049701,20698398197.998971,26344696261.915058,9602322027.349066,27031427913.958376,27252061133.405853,27659943878.484394,5238043258.394428,13414651975.942003,27696898369.591759,61.5444242748,25408512759.159736,33476517455.631949,33630305963.777933,19181661999.772865,32533817133.509866,33619511445.937127,10728345391.145778,29862554781.521332,33631638349.93589,33631638304.167664,33631637602.657598,33631611879.029605,33627755452.71588,33585638262.790811,27932354646.339709,31508406915.937904,33192089034.503723,22333934793.421829,33630683407.650155,33622876356.801364,33522338490.203705,26210755926.65999,30402508807.702899,13707971794.152164,32770733576.442376,20049276106.851572,8592104274.505284,32718428319.03354,29101141760.642821,33631638352.150142,29705876504.315597,55640,0.643981481481,166647,7383345314.451112,3182176863.087654811070076881408,44920.54538315,19360.4814765684080609584096,144.493602,62.275862439840193085568,190.32038498416,0.05215128640009106,0.03242264699537733,0.4357,coinbase-ada-usd-spot
2022-10-06,54528,8299,1162423,3099582,871,328461,2254035,147,57033,3917170,3906832,3898575,3881063,1733566,22997,2691803,151240,3836066,693231,2793,1323906,11146,2372344,76183,243,3230864,411865,1177,1665102009,4170,33241.791127098321,8870583880.677932733314483206052,0.658087535026,0.581280661917,14414800662.701947409904535439773,14495248397.09193024705538915,12732416927.306863112737059152193,21904077946.3134122318395990091966,0.33518446,0.14365890862707866847742,0.220809,0.094637979204157059393,20610.827636,8833.729953019277320316372,0,0,0,0,0,0,0.570293333074,4.540253387016,2.380573747423907,4.010350224868,2.10273164281975,0.000021482947268928325,0.428596566281977,-80.62110768045228,-7.485734412395656,0.430993909611584,0.0000213838639378737,0.000318651150142848,0.435257688702495,0.430993909611584,0.037745277691,27700578471.098995,15982488000.07012,1006450461.891723,20696815090.305476,26346581579.613617,9622715382.477485,27034917289.335664,27255615527.992929,27661786843.93291,3491855272.476695,13398069556.371386,27700578471.098995,61.5380267008,25408058897.711923,33477248637.401133,33631229408.822896,19180425981.581279,32534076797.881673,33620428324.992872,10657219632.888491,29862069874.472972,33632562170.993497,33632562125.225271,33632561423.715205,33632535695.123082,33628677854.478313,33586527593.898352,27933475476.540239,31508173563.812332,33192621354.525614,22331661165.881127,33631603442.831652,33623760541.364779,33522637706.572656,26205458399.306768,30396763823.138721,13634072999.024689,32768285509.008356,20041737045.990574,8592149973.974172,32719157581.804056,29102590907.302968,33632562173.207749,29707230362.947209,61491,0.711701388889,183884,7407639906.043858,3174889027.983744261978156947266,40738.53405368,17460.39581076863727973452536,133.194116,57.086540766563333247332,190.431001605389,0.05212615751927753,0.02977484341085864,0.431,coinbase-ada-usd-spot
2022-10-07,57152,8320,1163691,3103035,872,328787,2256344,147,57089,3920906,3910568,3902311,3884799,1735502,23004,2694586,151383,3839785,693976,2790,1320822,11104,2372032,75778,243,3232069,410023,1169,1665188114,4218,33502.107633949739,8774798256.88248403003385892047,0.651688629672,0.575723252756,14266808482.00734271734570715519,14345996754.5824699474584337,12603769671.172714965994125638664,21892062915.3515447999323735952551,0.34602767,0.14677922220044232604802,0.222613,0.094428757653129495478,20658.544158,8763.013210200015853631748,0,0,0,0,0,0,0.569870500967,4.807345439881,2.373470512152096,4.246967689405,2.096802217133033,0.000021709420048535304,0.424183482784606,-81.34355506568642,-11.612641135291886,0.428596566281977,0.0000214829472689283,0.000317160898385678,0.437695901857283,0.428596566281977,0.037791899069,27706490302.791435,15983873438.474418,1025376331.627691,20686327056.582245,26349221014.830762,9615164979.676049,27040391689.310632,27261495432.0594,27665494132.687614,3496166240.313387,13373362408.407675,27706490302.791435,61.5049838788,25403968149.584866,33478103648.05014,33632244733.639532,19166784249.768861,32533882162.338277,33621433087.12048,10647890840.340582,29858961815.097123,33633578534.015113,33633578488.246887,33633577786.736821,33633552041.375607,33629689585.609458,33587509800.308944,27927637365.437386,31506936948.560526,33193161132.160623,22313667001.818309,33632613836.605845,33624703790.98814,33522480520.719107,26186583353.455025,30382963186.265764,13631500099.736855,32763032597.941657,20007377291.4831,8584149989.604208,32719096778.585961,29098732822.873437,33633578536.229365,29713013784.586044,59702,0.69099537037,203128,6996289107.334141,2967710280.116998078207973033446,35007.01407797,14849.39715348304737919972982,145.811912,61.851004663642485026672,190.467015408901,0.05212744279606565,0.028926624654810947,0.4287,coinbase-ada-usd-spot
2022-10-08,70752,8311,1164292,3106420,867,328907,2258193,148,57036,3925198,3914860,3906603,3889091,1736655,22999,2697194,151404,3844078,694365,2790,1319030,11049,2372487,75471,242,3234308,408897,1161,1665274454,4158,38931.621693121693,8716247191.767160161768495685183,0.64805510058,0.572425443419,14178877740.776701540249444626082,14256852102.55232411285584855,12524167112.769465257910608185237,21879123747.4698036717040375836291,0.32602529,0.13743519392202986112821,0.215705,0.090929935235856860045,24367.129915,10271.906284298742611717335,0,0,0,0,0,0,0.569946373538,4.040949186022,2.372323965531685,3.569360271328,2.095467803104085,0.000021711155713609188,0.421547647184149,-81.12387871094562,-11.993630135799092,0.424183482784606,0.0000217094200485353,0.000318326800324518,0.435580433695212,0.424183482784606,0.037813383912,27704993461.608047,15970146774.622024,935653468.885775,20676778176.772867,26346296592.428589,9372864191.517194,27038694408.922498,27258816585.451121,27662688228.1925,2372503718.978663,13378081158.920314,27704993461.608047,61.4734632114,25407041462.161994,33479656245.01402,33633955460.962913,19170312070.695564,32534827062.084575,33623124331.477069,10699927070.319715,29858017047.870647,33635290896.664366,33635290850.89614,33635290149.386074,33635264405.037531,33631396361.477901,33589158036.167514,27929419748.837919,31507326888.89265,33194591242.157539,22325627335.903713,33634321973.426934,33626363369.353834,33523472760.020834,26178465845.359758,30376153371.151422,13629686789.279624,32761040086.345033,20004832743.101934,8583942005.863734,32720824220.672348,29102495543.613229,33635290898.878618,29709968010.563713,74740,0.865046296296,251747,8323611446.347103,3508798821.282672739150013670347,33535.4807879,14136.8030233284763229109971,137.781413,58.081430475857520422537,190.584214029481,0.05150456634643435,0.028926041241140954,0.424,coinbase-ada-usd-spot
2022-10-09,54036,8306,1165044,3108416,867,328971,2259535,148,57035,3927857,3917519,3909262,3891751,1737884,23004,2698855,151402,3846733,694790,2786,1320739,11059,2374453,75545,242,3236688,409460,1164,1665360942,4251,29674.607386497295,8742145231.54765610137726655565,0.651735688182,0.575577011557,14207295218.563186011760006805625,14285138637.95318927443646625,12547099495.24076754766194744735,21799167171.8963241195633203324914,0.33459224,0.141326417243864105922,0.223537,0.094418457915944645475,19542.863277,8254.593261413030347629975,0,0,0,0,0,0,0.569912992895,5.225980637167,2.395686209421847,4.615297845649,2.1157379196088844,0.000021740582863021115,0.422384025534675,-81.3657496513514,-15.423253503213772,0.421547647184149,0.0000217111557136092,0.000320456668861489,0.432924449176072,0.421547647184149,0.037845235439,27708189534.771553,16004584101.762164,879730516.708055,20697149283.714998,26348278359.74627,9213096461.497515,27041769575.178332,27261957993.467539,27658284213.857047,2363374597.022178,13416388569.413019,27708189534.771553,61.5327907041,25404249625.159375,33480232141.366251,33634631082.998403,19169574722.197175,32534551263.517829,33623792909.781882,10701134833.646057,29857295591.675208,33635967173.814423,33635967128.046197,33635966426.558967,33635940677.326955,33632070277.71546,33589817180.319829,27929077189.767665,31506540475.030882,33194982334.087456,22321868411.588444,33634998500.050682,33627046834.528459,33524279000.722938,26179509616.025527,30377206793.352554,13630719768.57369,32761992853.574544,20011927291.283887,8585607156.256963,32721089345.867462,29103159214.870286,33635967176.028675,29705430927.123762,58408,0.676018518519,181201,6436297703.977957,2718589333.745795463811339158975,35944.03253113,15182.18515444800279183193275,127.3290875,53.7817725459068673590625,190.682988660755,0.05143160557428543,0.027628009930638287,0.4221,coinbase-ada-usd-spot
2022-10-10,53664,8309,1165821,3110941,866,329224,2261136,149,57101,3930305,3919967,3911710,3894199,1739186,23012,2700896,151576,3849170,695218,2786,1301656,10720,2361683,73282,241,3229496,399830,1136,1665447265,4228,29404.596499526963,8353654218.964641591648373904411,0.624193835887,0.551288016722,13576388450.554619377097597153903,13650106272.61409992957253815,11990666733.388567175817208520676,21750276388.5388492135115648667312,0.33696842,0.13600292834916742062674,0.223889,0.090363244203022777733,18953.462793,7649.756740423893786179421,0,0,0,0,0,0,0.569775270896,4.483789596314,2.305617469171936,3.960083121357,2.0363214258494566,0.000021071255315490695,0.403607342044597,-81.62622940751842,-21.35658275498287,0.422384025534675,0.0000217405828630211,0.000319761484229752,0.433982136624595,0.422384025534675,0.037875554982,27713387773.433487,16013996347.695736,1458431287.136987,20697478337.848463,26352931020.265889,8973571559.425887,27046837076.758439,27267079093.582383,27663434055.031165,3007150909.56025,13320519684.785386,27713387773.433487,61.53075429,25398511433.933269,33481743889.830949,33636279213.469838,19165881294.480393,32535453487.093739,33625430187.931261,10718273284.445899,29855555325.037315,33637615165.486247,33637615119.718021,33637614418.230791,33637588658.167248,33633716269.035787,33591435838.68563,27924001599.111902,31506959450.259277,33196295432.848192,22316283057.797287,33636623109.619604,33628337377.951422,33520985639.357917,26090936308.292498,30319269295.086571,13597529073.390089,32738999080.632288,19942394404.139178,8584596060.246607,32722005020.859107,29099551970.573619,33637615167.700499,29708742840.618708,56247,0.651006944444,172542,7502050318.185319,3027882588.807599803052208671443,44369.52833177,17907.86739775813171035194669,138.067751,55.725158003185249491347,190.824118583977,0.05148715288347023,0.027836814523276392,0.423,coinbase-ada-usd-spot
2022-10-11,54663,8300,1165978,3112010,864,329217,2261643,148,57084,3931537,3921199,3912942,3895431,1739613,23000,2701530,151555,3850398,695342,2795,1282547,10307,2348924,70350,238,3221475,389425,1099,1665534026,4234,31502.19154463864,8074782410.465607119555734790405,0.604375948077,0.533621528,13131092710.744969185560836781665,13201262356.10986391905430575,11593832909.65029464472175325981,21726696359.3098429793275946015664,0.33766528,0.1318028783495267195968,0.223219,0.087130387531412779015,20632.698992,8053.68297049959821484152,0,0,0,0,0,0,0.569788625431,4.873508652719,2.2506099549705647,4.302965963916,1.987130571500165,0.000020501607720541275,0.390335892246685,-81.95463309632197,-23.196757143863444,0.403607342044597,0.0000210712553154907,0.000312377676782128,0.415702683943909,0.403607342044597,0.03788076783,27709674447.125137,15891536332.314722,1443215681.952778,20686753564.959113,26347649679.983218,8919857290.017207,27041843208.462652,27263347282.368629,27658618820.084735,2778696632.441163,13051016980.577832,27709674447.125137,61.4936059652,25403035704.52628,33484555292.963125,33639159069.942579,19167971520.641805,32538036372.672933,33628306953.450473,10702701185.967145,29858273910.172525,33640495200.943657,33640495155.175431,33640494453.688201,33640468689.616156,33636593910.5052,33594305906.724323,27926935724.173942,31509332978.238069,33199103349.016392,22328537513.701304,33639480103.737702,33630880659.797835,33518959088.717868,25994126380.605598,30248742887.864091,13531331655.058567,32715447047.559207,19856117281.032258,8603094697.002989,32724915200.151476,29103391869.501299,33640495203.157909,29702195314.191626,61104,0.707222222222,179701,6902726064.59585,2694381737.35846970849302725725,39530.47600973,15430.16362419413570362024505,146.20057450000002,57.0673316944354505272503449337,190.934504734561,0.05144070179390308,0.028221125185421185,0.4012,coinbase-ada-usd-spot
2022-10-12,67200,8303,1166599,3114127,868,329351,2262935,148,57070,3933731,3923393,3915136,3897625,1740709,23018,2703263,151538,3852580,695633,2792,1273352,10122,2342795,69122,237,3216973,384312,1075,1665620059,4197,39656.810340719562,7878365072.80421832909699760765,0.590534610127,0.521169085213,12815222613.38446095124997221255,12883369959.00924872822910235,11309917711.320035999492750734628,21701052560.8804710556579892394326,0.3273932,0.1247159956899399808076,0.216189,0.082354265122832222877,25166.715434,9586.918645826150309549162,0,0,0,0,0,0,0.57025443595,3.76176224039,2.21883204035502,3.319897177902,1.9582030331214164,0.00001988506473402948,0.380936426565793,-81.99866913050201,-24.100134325491425,0.390335892246685,0.0000205016077205413,0.000305297359192418,0.402230070364699,0.390335892246685,0.03790387217,27708181970.765716,15888687895.334859,935053585.163218,20681574465.92605,26342187369.409823,8914078012.567148,27040233347.567932,27261851040.484844,27646160482.765283,2213850718.176238,13019822887.254525,27708181970.765716,61.476615042,25403877874.465671,33485319944.073652,33640031881.76386,19184139487.148208,32538189176.488272,33629170945.255367,10692204582.447215,29857633615.67587,33641368267.331098,33641368221.562872,33641367520.075642,33641341744.219856,33637464642.389923,33595157509.910727,27928912156.043478,31508671575.599633,33199658573.167859,22329534212.110187,33640335782.971002,33631552063.244662,33517181589.822624,25946327371.871454,30216629841.16638,13498429257.583446,32702014338.582227,19798099372.734157,8598568625.225295,32725313460.911563,29104654218.679318,33641368269.54535,29689777407.954596,76870,0.889699074074,247033,8942981007.236578,3406707227.742458212817633176354,37117.78964927,14139.51815101369286804942111,145.6010875,55.4647579763433510998875,191.058136380016,0.05141779454675287,0.028357625333926682,0.3906,coinbase-ada-usd-spot
2022-10-13,86492,8322,1168386,3118218,873,329713,2266198,148,57043,3938274,3927936,3919679,3902168,1743405,23035,2706960,151660,3857118,696647,2802,1272213,10082,2344144,68754,235,3218821,383250,1070,1665706785,4200,47670.548095238095,7813460942.194457852376926208204,0.586694486711,0.517546908116,12708179843.353009436297931338556,12774927428.8913795038048579,11210398827.129557652927526749416,21660643028.3642612434359055549478,0.32117136,0.12131605456659323827872,0.216541,0.081794029741333929682,29158.183857,11013.920493591240800125914,0,0,0,0,0,0,0.569986533108,3.173297297558,2.2377603754014825,2.799293741604,1.9740188285829983,0.000019482836304166632,0.377729989892602,-82.70588182124723,-18.64290586361219,0.380936426565793,0.0000198850647340295,0.000294242565657366,0.392465409154131,0.380936426565793,0.037969791945,27713118240.431698,15889823966.301558,1235918631.297842,20685307365.761502,26344999299.25573,8927634614.254588,27044977780.029625,27266644008.068739,27649197674.677163,2443301189.506999,13032295144.149303,27713118240.431698,61.4837139426,25402223097.127957,33487271250.531489,33642218301.751807,19176373507.11602,32538473647.360817,33631346520.812052,10680580276.806952,29853779870.605088,33643555403.503626,33643555357.7354,33643554656.24817,33643528875.557636,33639648840.950851,33597291444.393923,27927859335.415767,31507695631.630894,33201141812.142721,22321380940.833264,33642516297.995102,33633677841.215939,33518367334.506316,25929330853.054404,30203865018.100448,13417330962.200411,32698591074.281038,19763879480.023043,8590906942.492989,32725892607.739023,29104235281.167195,33643555405.717878,29678339361.714308,90787,1.050775462963,298640,10602081132.331186,4004723998.956005255018035285972,37285.11940303,14083.70777525098061605338406,148.564982,56.117449149254598063164,191.263145945348,0.05141705016560859,0.025217299407470355,0.3813,coinbase-ada-usd-spot
2022-10-14,59264,8314,1168976,3119214,876,329781,2267184,148,57011,3938976,3928638,3920381,3902870,1744385,22991,2708120,151626,3857822,696923,2793,1261538,9885,2335919,67344,229,3206598,377166,1048,1665792927,4236,36496.418319169027,7581304082.789529795785908010625,0.570090254108,0.502888236058,12332874283.92136925541462152985,12397342794.65091090066316425,10879079846.531714557946252349435,21633196138.7900392025608339390458,0.3329731,0.1220564641310278304865,0.223493,0.081924832180244599095,23029.751314,8441.91322122937873154631,0,0,0,0,0,0,0.570756874971,3.244766295254,2.2018003775423334,2.862274502824,1.9422530029869427,0.000019114161368941057,0.366565539771915,-83.1254467571797,-23.78960798484925,0.377729989892602,0.0000194828363041666,0.000293222863674253,0.386621216500827,0.377729989892602,0.037988919778,27714548306.519162,15884272184.18192,1312603141.91694,20681987967.299875,26345139737.365319,8908816906.544174,27046278995.881846,27267923470.777115,27649299964.885115,2439205192.740329,13013590684.799121,27714548306.519162,61.4723211172,25406858411.181537,33488020890.282661,33643054359.401077,19202767368.911773,32538689750.454707,33632181661.332167,10687808030.715016,29853643829.460424,33644390825.126338,33644390779.358112,33644390077.870882,33644364298.562015,33640486054.587365,33598124575.151166,27926643716.297931,31507310787.101187,33201708029.466928,22331243696.137353,33643316785.465273,33634265204.355504,33516092280.87447,25882940229.959262,30166658106.570035,13268569322.272596,32682271270.038151,19722060687.962373,8592106956.456315,32726114397.486643,29105883593.200189,33644390827.34059,29678403085.300689,69164,0.800509259259,208758,10368817895.006561,3800851328.479771506925368534315,51050.9728283,18713.5274106871556444571945,148.9764225,54.6096227270013626740875,191.505787348807,0.05139705473003177,0.024247916478758114,0.3769,coinbase-ada-usd-spot
2022-10-15,54555,8304,1169799,3121573,873,330024,2268802,149,57011,3941798,3931460,3923203,3905692,1745572,22973,2710090,151687,3860632,697462,2789,1259591,9843,2335637,67055,229,3207558,376046,1042,1666007141,4146,37818.401833092137,7527902433.38131064738662827339,0.566077281438,0.499257673618,12240486944.703720163592613425985,12304287938.46737049420988725,10795623206.153842123849729947495,21623349578.0168353251062042531938,0.32917396,0.1197581237112565622238,0.225077,0.081886183252643961435,22986.546987,8362.829604637492553692485,0,0,0,0,0,0,0.570657933936,3.7049845735,2.2257025006262996,3.267649205527,1.9629811848418672,0.00001907794824857805,0.363814086968655,-83.5885408395625,-21.819745787720322,0.366565539771915,0.0000191141613689411,0.000282555495923478,0.377047941266236,0.366565539771915,0.038019867063,27730274229.045372,15885571049.492309,989335978.877828,20691618887.285938,26359728174.642914,8759128542.813242,27061921463.667359,27282199008.058762,27663096377.10206,2398889786.594596,13016442360.840169,27730274229.045372,61.5000242016,25403841411.146042,33488415362.410136,33643558399.446629,19199726564.826781,32538323444.000926,33632676838.211935,10739714387.865048,29851368032.336572,33644895517.618435,33644895471.850209,33644894770.362979,33644868979.277483,33640987943.334767,33598592908.023602,27923117250.947016,31505867394.752216,33201903396.545277,22328637938.920987,33643817008.547416,33634708396.038364,33515729929.611261,25871229231.82608,30156452582.566735,13293647069.655206,32678194639.066299,19711733455.740912,8595787344.727015,32725887430.214986,29105101130.144553,33644895519.832687,29673461234.292329,69831,0.808229166667,211051,9080981270.604238,3303788909.74433742837361615989,43750.8681299,15917.1821427655949397682845,126.855154,46.15169202977812319787,191.658727625982,0.05136758270450615,0.02382087667067333,0.3667,coinbase-ada-usd-spot
2022-10-16,52190,8292,1170730,3123285,875,330235,2270197,149,57036,3943240,3932902,3924645,3907134,1746936,22985,2711747,151798,3862064,698072,2787,1267102,9921,2341532,67816,230,3214814,379684,1055,1666026099,4256,36982.55662593985,7659980369.150956890779248835236,0.57679295826,0.508737866789,12454438613.318641352637541555468,12518588331.7750106221762121,10984954725.018796818874593817822,21592563561.9566964762589632178155,0.33412373,0.12367607798170048037254,0.234537,0.086813996424600208926,23456.154318,8682.308109584938632383364,0,0,0,0,0,0,0.570950677269,4.065796235852,2.3046285124210844,3.586077940456,2.032708229808136,0.000019216869742935286,0.370150536693998,-83.0385839089147,-21.688322194925682,0.363814086968655,0.000019077948248578,0.000285345055690744,0.374492150280156,0.363814086968655,0.038056413051,27734048065.552018,15888717511.412725,1006098250.980233,20694230076.136382,26359505579.332168,9039982042.440328,27065648785.118984,27285802650.234643,27666817462.45767,2667185438.843591,13020694394.993364,27734048065.552018,61.5040196269,25398519579.385622,33490376601.196442,33645618868.143227,19210751995.086775,32539376442.788231,33634733165.242842,10740606521.591745,29850252487.985978,33646955435.310014,33646955389.541788,33646954688.054558,33646928887.053037,33643048491.724322,33600645692.821463,27921707042.75615,31506204469.472428,33203657954.84407,22330991629.971702,33645892571.064239,33636887432.126508,33519487910.418379,25890724944.454721,30175510552.232972,13323078053.605642,32688596650.163868,19752007630.202614,8595222991.719633,32726797570.528602,29103609771.340623,33646955437.524266,29676992563.974089,70202,0.812523148148,214408,8275612816.212003,3063222525.392601143309105657994,39242.22433342,14525.53039808168091606481316,139.1793735,51.517319797759402850253,191.837631770613,0.051366153736273866,0.023880624033048057,0.3641,coinbase-ada-usd-spot
2022-10-17,68763,8295,1170992,3124029,873,330165,2270622,150,56978,3943725,3933387,3925130,3907619,1747831,22965,2712607,151804,3862547,698516,2789,1270479,9985,2344604,68131,232,3220013,381346,1058,1666052470,4204,47500.700761179829,7722141996.867275043587544503103,0.582382640698,0.513817521304,12547793329.456633776333307293615,12595121037.04460228191769895,11070515526.798116451934398311235,21545617009.5058804031054564927897,0.34915052,0.13002835367798567517852,0.241665,0.089999299132048860165,29275.223835,10902.487439570693329555335,0,0,0,0,0,0,0.571177880166,2.921870020573,2.3463082837298916,2.577872186826,2.070072530180222,0.000019042442399197237,0.372413461328901,-82.70131370935813,-23.369627129596235,0.370150536693998,0.0000192168697429353,0.000283507797301215,0.379986852814936,0.370150536693998,0.038051525996,27778943134.664175,15936681407.434006,1328029119.140549,20735399760.556403,26395705928.180575,9197488647.542374,27110428624.671233,27330516808.489788,27710184465.261737,2923291199.320211,13163998754.239915,27778943134.664175,61.5418328475,25445780251.349527,33536405771.0076,33691842293.347896,19244798426.745481,32584008349.502371,33680943754.790029,10795599331.689983,29893339148.891249,33693178769.255863,33693178723.487637,33693178022.000407,33693152218.930016,33689272116.160175,33646871541.95731,27965954521.260331,31550955240.374793,33249661297.571912,22375308873.890052,33692128158.95874,33683172115.157921,33566391433.632931,25954769550.04092,30228859420.646749,13411892108.582109,32738075354.330877,19801553125.206425,8609109338.902092,32771961465.96471,29149170576.917458,33693178771.470115,29726410767.469735,83847,0.970451388889,284399,11531374953.106588,4294439260.167817892432777899788,50922.49898774,18964.22410754171080770667374,151.171891,56.298447182945337121791,191.908680876152,0.051365688963214216,0.023069033126301184,0.3704,coinbase-ada-usd-spot
2022-10-18,84778,8299,1171759,3126260,874,330303,2272141,149,56973,3945406,3935068,3926811,3909300,1749113,22972,2714540,151834,3864226,698997,2783,1260216,9824,2337878,66818,231,3209725,375647,1043,1666139253,4244,53541.075636192271,7500226842.308024155911067420771,0.566928525397,0.500284766039,12193010266.367341037583529256953,12238391942.68917305043914305,10759693709.445541945304781487763,21507138413.6711023432470611441319,0.33889239,0.12263352154126342486101,0.230623,0.083454546259981803757,33224.332541,12022.745333292443896018919,0,0,0,0,0,0,0.57114640289,3.212062489838,2.3090027730490594,2.834477115269,2.037574156793529,0.00001870937615693821,0.361865669339059,-83.00161866190182,-19.151611585030256,0.372413461328901,0.0000190424423991973,0.000279512152693564,0.378373367184045,0.372413461328901,0.038084344505,27778387520.461768,15573532966.140198,1385824977.11253,20726549871.412369,26391536537.2612,8596129001.119494,27113105214.063238,27329745078.08726,27709602023.747968,2553875772.841559,13140401079.652831,27778387520.461768,61.5125115001,25445247884.599152,33537949004.720072,33693516890.383939,19244693664.252919,32584699608.677488,33682610007.034271,10784727284.721258,29892758286.744589,33694852257.845815,33694852212.077589,33694851510.590359,33694825705.637261,33690946180.257069,33648518159.973835,27966791189.032595,31550892972.675374,33251016258.367423,22371792612.306161,33693768674.04177,33684614183.816435,33564933038.621019,25909576049.488547,30192617440.525924,13407565151.982106,32722896022.811019,19757762583.290339,8637508032.875853,32772766696.516804,29149842692.810667,33694852260.060067,29733944447.114657,98038,1.134699074074,338632,10490098610.054869,3796006554.960237642018954828271,32346.56595786,11705.11174116102901544605374,145.3701495,52.6044664507365730193205,192.133605973895,0.0513599026091481,0.018881022788168063,0.3726,coinbase-ada-usd-spot
2022-10-19,63745,8306,1172949,3128938,869,330531,2273801,149,57002,3948013,3937675,3929418,3911907,1750678,22988,2716668,151975,3866818,699764,2785,1248722,9606,2329262,65491,229,3194206,369596,1019,1666227178,4208,43913.177519011407,7302830709.371400873721395351,0.553968610996,0.488742244195,11795958694.547483058844964447388,11838879728.1520224507011982,10407057747.275877312166595190384,21293550682.1400696557975310010706,0.33866514,0.11855070182756456367624,0.233854,0.081861262204853099064,28629.734921,10021.920673682811608728836,0,0,0,0,0,0,0.570318159028,3.604344794566,2.259409728972441,3.179955558464,1.9933782520823897,0.000018296573147657592,0.350052862918116,-83.41682179172656,-22.877805540762576,0.361865669339059,0.0000187093761569382,0.000275959596162252,0.366904966428396,0.361865669339059,0.038134429252,27773084930.541832,15681456882.30713,2090513496.655573,20862079654.17975,26384327510.724663,9377630207.063988,27107842317.220368,27324374501.665412,27703558983.17417,3390502588.096645,13350323824.614331,27773084930.541832,61.909598859,25441362709.470477,33540638907.899612,33696313924.002792,19218381448.357996,32586098761.388457,33685396883.246244,10783730491.44418,29891174039.827407,33697649536.240691,33697649490.472465,33697648788.985235,33697622969.912949,33693740869.305662,33651293758.398574,27964955430.430823,31551622602.033247,33253428625.748367,22363598700.495915,33696514491.711155,33687112995.649693,33564060855.539747,25842205553.321641,30152968917.373909,13344635545.970177,32706678103.715754,19679013622.557533,8628757372.178228,32774303230.451407,29148221144.807307,33697649538.454943,29729960385.184124,84537,0.9784375,261908,9349174804.046989,3272705406.078564656324923352724,36867.44375,12905.554233160102485975,135.8116,47.5412393974900029456,192.297126628729,0.05140176757926893,0.019028982592123826,0.3625,coinbase-ada-usd-spot
2022-10-20,65109,8303,1174223,3131691,865,330807,2275958,150,57009,3950291,3939953,3931696,3914185,1752589,22998,2719264,152032,3869092,700515,2775,1238137,9402,2321142,64158,230,3185381,364027,982,1666311277,4312,42505.457096474954,7086837234.00326942456669571727,0.538044417252,0.475208568351,11441012115.215027246663646702356,11481778088.04048532645922045,10104866463.507310808165467623995,21264066215.3117165018667653213058,0.32579413,0.11060517044139193422323,0.230533,0.078264583089220811843,28341.157125,9621.654369024065631655875,0,0,0,0,0,0,0.570462859377,4.363476348418,2.2100315964963833,3.853885073576,1.9519316943148002,0.000017836775516894927,0.339494055468071,-84.4818892196614,-23.059287815608386,0.350052862918116,0.0000182965731476576,0.00027248582801578,0.358521506125926,0.350052862918116,0.038186545324,27802643874.245654,15721393687.085197,1995258212.633298,20874701986.26137,26413312843.745359,9402731768.299993,27136702170.153639,27353922669.232373,27732269604.149598,3498137994.342286,13372507618.773091,27802643874.245654,61.942397776,25435744469.96635,33542998588.867892,33698849141.029174,19224703290.944547,32587135027.313938,33687922691.435684,10829103914.450296,29890125894.157428,33700183936.031584,33700183890.263358,33700183188.776128,33700157365.821658,33696275305.809596,33653799237.693493,27962926094.663808,31551399478.425922,33255431098.796846,22350769304.174668,33699016113.642157,33689341088.757893,33562985842.475621,25778502902.011897,30113070401.360837,13389383604.611621,32690786257.321386,19588698495.513858,8629095380.422439,32775292929.416057,29147672340.449781,33700183938.245836,29764487185.424845,86991,1.006840277778,259918,7723242031.658086,2621994758.689067610678961972106,30871.52331368,10480.69864823832496135751128,133.567037,45.345215067983891575627,192.437186271833,0.05142902021930393,0.019117369612431507,0.3498,coinbase-ada-usd-spot
2022-10-21,69577,8302,1175144,3133982,866,331008,2277827,150,56984,3952509,3942171,3933914,3916403,1754346,22981,2721548,152084,3871302,701089,2770,1250245,9576,2332546,65364,231,3197807,369598,1009,1666399619,4302,45015.011622501162,7286935466.564264297172701724775,0.555003857545,0.490189768694,11759837856.42505976124644818019,11801068919.39659145026974725,10386508346.47291420468004299076,21188749765.5245774880313306542001,0.32789483,0.11441393993069499079765,0.227321,0.079320223618608186055,30726.04104,10721.3871406835815098732,0,0,0,0,0,0,0.570797061711,3.750539133649,2.2905308682230228,3.312546183971,2.023039626150468,0.000018197503014319148,0.348934870155455,-83.70282190582851,-20.457887395224652,0.339494055468071,0.0000178367755168949,0.000264834932724591,0.347284389674886,0.339494055468071,0.038221666995,27813157485.190423,15733997451.409224,1642465810.439234,20883368473.084505,26422829506.737461,9355963429.160169,27146849319.042258,27364357338.568642,27742714238.974628,3755871085.931553,13388621590.978676,27813157485.190423,61.964591311,25440355662.615844,33544691166.581615,33700765353.12933,19237059602.714795,32587988840.522994,33689829803.298858,10815474974.834664,29888751675.087184,33702099908.826166,33702099863.05794,33702099161.57071,33702073330.723048,33698191660.012856,33655697479.122399,27962546707.138278,31551359683.997753,33256919141.998643,22353679549.893492,33700961803.407444,33691525422.941772,33567933566.618564,25833656488.519013,30147492208.428798,13405633335.356828,32707241657.463212,19676510311.318153,8617933798.372372,32776217794.647904,29148678173.914096,33702099911.040418,29766323846.755672,93707,1.084571759259,288787,8985934744.333596,3135505973.23943504257289916618,33032.41554949,11526.16163068232587554596795,174.726699,60.968238028256268993045,192.624302342225,0.05148699734229784,0.020224102986720987,0.3401,coinbase-ada-usd-spot
2022-10-22,70408,8292,1175944,3135554,866,331207,2278609,149,56993,3954001,3943663,3935406,3917895,1755039,22968,2722813,152197,3872772,701719,2760,1253638,9621,2335208,65642,230,3202932,371144,1012,1666485136,4122,52318.294517224648,7338418000.68737687951389167423,0.559555514386,0.494166090828,11842506316.356831241477327606665,12314185069.8124038878764931082,10458595977.540924987356988703109,21164131193.2335522031266275761428,0.33932352,0.11923213411831294821696,0.237617,0.083494306592101743541,31924.914104,11217.836123366127538749592,0,0,0,0,0,0,0.570977479639,3.410405398775,2.3301774807606934,3.011866849178,2.0578739142051323,0.00001829387074897,0.351381873317573,-83.71916092810694,-23.36641324289773,0.348934870155455,0.0000181975030143191,0.000268437189628088,0.353959816226837,0.348934870155455,0.038253402746,27811558747.361894,15735442540.426323,1534513435.19591,20884452380.54451,26419983061.312543,9150194859.597977,27145158131.761451,27362748338.852359,27739863084.789093,3719791733.118369,13396007812.442816,27811558747.361894,61.9667645062,25436195808.231431,33545255742.583769,33701332810.237419,19243463942.189667,32587715943.724693,33690388216.797322,10788998686.834713,29886175776.207135,33702667140.361353,33702667094.593127,33702666393.105897,33702640540.482106,33698757389.030115,33656245643.988778,27958577063.873635,31550586843.179134,33257367671.121461,22348347895.793645,33701539419.711524,33692137515.746288,33569237765.595474,25845395386.773534,30152607550.349557,13378513279.292083,32710820834.551624,19691172682.578126,8631491314.060448,32775836133.857024,29146458061.374508,33702667142.575605,29764187545.578433,94084,1.088935185185,319961,9882305239.923328,3472462927.900326690991515042944,31295.98533975,10996.84195600065630405042675,155.197492,54.533585473149049126916,192.791004758887,0.051475181265398226,0.017944796889671825,0.3492,coinbase-ada-usd-spot
2022-10-23,77447,8288,1177232,3138268,867,331555,2280788,149,56999,3956658,3946320,3938063,3920552,1756865,22963,2725238,152267,3875427,702426,2762,1266471,9804,2346813,66888,233,3221787,377218,1037,1666571222,4207,51303.16543855479,7547826438.414462496069022511696,0.57665911904,0.508949262607,12194233985.526768728770210807728,12679132486.1508915712016690856,10762417848.041692657806221087612,21146347266.3337879507462040214801,0.33278157,0.12039889019921464126788,0.233854,0.084607335882955118936,31686.7954,11464.1414791377406463336,0,0,0,0,0,0,0.571133156648,3.634088526642,2.426538785694304,3.207383035861,2.141620733792542,0.000018491588173596145,0.361795547148884,-83.2730669203997,-21.80918216957941,0.351381873317573,0.00001829387074897,0.000267351581035959,0.356290883468859,0.351381873317573,0.038295925927,27793828031.514634,15711466708.745934,1003059493.46409,20862131935.826244,26397940194.328481,9077489013.337334,27127721845.940431,27344920578.138615,27721421066.609385,3711906020.943787,13384135259.087593,27793828031.514634,61.8966836898,25435728485.362655,33547208971.23805,33703431012.721847,19249908971.925037,32588600309.247369,33692479238.041318,10793673412.457572,29884284542.380046,33704765248.83144,33704765203.063214,33704764501.575984,33704738647.039401,33700854085.176578,33658313260.693767,27956804612.967439,31549999376.909439,33258968917.888358,22355344233.740921,33703683059.846621,33694492940.193638,33574432761.992464,25897104959.728412,30185474120.673832,13467884053.270863,32727782476.570258,19764916547.129011,8635205871.28418,32776554765.146994,29145788090.308676,33704765251.045692,29747236893.473443,95218,1.102060185185,320108,9274613153.739287,3355513740.551341940336309005708,29980.71522479,10846.88926866777481565763436,146.51043299999998,53.00682227025490307086105702232,193.005914200218,0.05120275896596517,0.018984792687624884,0.3514,coinbase-ada-usd-spot
2022-10-24,67689,8290,1178042,3140494,862,331599,2282318,149,56981,3958889,3948551,3940294,3922783,1758130,22977,2727189,152260,3877660,702958,2767,1263212,9742,2344443,66428,231,3220496,375301,1023,1666657759,4157,47226.058696175126,7464769417.582099847226183285795,0.571286269667,0.504187191431,12063081800.242381683624534455518,12542348630.0487966572342248446,10646241045.517694570378284695997,21115651540.6481680900373844608691,0.3287915,0.1176719979583654252885,0.232557,0.083230396251738832083,29203.590036,10451.744607427907585208684,0,0,0,0,0,0,0.570752822214,3.790805960572,2.435581543063154,3.345565808252,2.149516070838819,0.000018503900619066295,0.357892457555519,-83.1072304773881,-20.713815743903908,0.361795547148884,0.0000184915881735961,0.000265273163435498,0.367047345482149,0.361795547148884,0.03833153006,27794419114.28042,15699687006.842961,1133084517.839106,20857576794.347805,26397910335.299243,9210281033.281298,27126950257.666136,27345258866.507071,27720973637.471968,3528555624.371698,13360410923.104217,27794419114.28042,61.8811141398,25435492012.913698,33548201670.321905,33704550108.672113,19237728643.731605,32588611736.898214,33693589274.647206,10799983410.625058,29884246073.041706,33705884392.87967,33705884347.111444,33705883645.624214,33705857792.929314,33701971794.046005,33659403241.820683,27958580605.473499,31549749417.051044,33259810804.511489,22356638731.358651,33704792390.094966,33695494857.479003,33574298989.570281,25879046475.865431,30173111626.607076,13421203176.815393,32722358015.093685,19727823477.729638,8642114303.531878,32777046421.754257,29147614416.786357,33705884395.093922,29747039426.965763,88821,1.028020833333,271904,8891482377.538857,3182194479.408970543589657301783,33643.92347657,12040.90645483945795827068983,134.962608,48.302099455222149033552,193.214869135786,0.05118029074253842,0.018734661337639357,0.3621,coinbase-ada-usd-spot
2022-10-25,76985,8280,1178396,3142332,862,331582,2283119,146,56939,3959812,3949474,3941217,3923706,1758569,22942,2728437,152244,3878555,703151,2771,1316375,10695,2384232,73150,244,3260403,403398,1127,1666745278,4230,53888.064302600473,8409051737.650466951169000078585,0.643436876559,0.56787793048,13582488856.913039656894109034615,14120983728.919757011770106191,11987493946.697185234747154849475,21109279482.9451743812506519519945,0.32236523,0.12989332178283849005145,0.233854,0.09422875063853478321,35073.659494,14132.52334551046405613181,0,0,0,0,0,0,0.570643082806,3.047400601955,2.7722851384245115,2.689543621492,2.4467350325465587,0.000020051712073365185,0.402938374535115,-81.2198275029042,-9.65652552239785,0.357892457555519,0.0000185039006190663,0.00026617950046432,0.361960765731033,0.357892457555519,0.03834059293,27798731826.859733,15720667536.436607,1543759333.710072,20869324614.098379,26398396576.425007,9481645411.921929,27131238186.572893,27349560040.44582,27724829213.321117,3686734023.162601,13384355932.607679,27798731826.859733,61.9109783651,25440877759.848453,33550854385.04736,33707268342.70117,19235579938.058101,32590890802.344868,33696295046.552163,10669280917.096906,29886478778.073555,33708600903.777049,33708600858.008823,33708600156.521593,33708574276.032246,33704686734.13226,33662083125.583918,27960779733.494417,31552235790.75793,33262348165.461069,22365994593.324335,33707611372.879417,33699224625.673898,33590785256.741882,26135918640.282153,30351529765.672637,13728231675.765355,32798149899.227036,20000472648.444031,8626374617.674214,32779586383.750401,29152134023.513775,33708600905.991301,29750191851.365865,108801,1.259270833333,329075,11061427527.566578,4457073627.99565290747796138647,35020.98131004,14111.2972836921598886820546,173.736077,70.004932464487578843855,193.437175088328,0.051994887276453614,0.029676955890433825,0.3574,coinbase-ada-usd-spot
2022-10-26,74433,8244,1178560,3144112,864,331534,2283851,150,56908,3962352,3952014,3943757,3926246,1759371,22903,2729760,152233,3881094,703186,2764,1317245,10658,2385615,73173,243,3262664,403590,1127,1666831581,4175,48542.53628742515,8413314909.794638986948444079815,0.643514291116,0.567825431281,13596571948.70398257138354013514,14135380064.277136838163390543,11997370434.98169566730767093414,21128624704.0851775625806917183131,0.31390086,0.1266116513408989839597,0.228333,0.092097926031873527535,32768.110542,13216.99018933474865932809,0,0,0,0,0,0,0.571553140496,3.003984977413,2.802922591031563,2.650662291283,2.4732484593949238,0.000019394555567585125,0.403349169992395,-81.1411730818712,-9.582788452902177,0.402938374535115,0.0000200517120733652,0.000275741492224647,0.404383970180483,0.402938374535115,0.038348447653,27803760937.179631,15613300839.0243,1543913073.9431,20858639451.156597,26402047412.881232,9501173224.448401,27136120301.024747,27352370288.902319,27728745734.800172,3599782202.908003,13376644586.821368,27803760937.179631,61.8782068122,25442431113.112712,33551309205.068283,33707851844.637009,19266590773.979618,32591125390.299041,33696865366.710306,10838901441.051597,29886743736.327147,33709185389.09408,33709185343.325854,33709184641.838624,33709158760.491081,33705267902.423906,33662659365.152338,27960507006.058939,31552736673.387145,33262732718.89496,22383171930.182173,33708196076.870876,33699811562.32787,33591415322.757714,26136601559.36556,30353157861.38032,13755441633.7575,32798990333.599152,20024274106.688246,8633320390.574881,32780593549.555191,29155287095.987063,33709185391.308332,29744378636.524532,104390,1.208217592593,312618,11221489336.587541,4526178409.991095868286221750695,36756.88118426,14825.8575171803519827937027,172.1899505,69.4526736152065804264475,193.64332524861,0.05190238397162727,0.029680730943086767,0.4001,coinbase-ada-usd-spot
2022-10-27,67590,8255,1179759,3147001,868,331749,2286058,149,56919,3965115,3954777,3946520,3929009,1761103,22889,2732334,152307,3883811,703789,2773,1297984,10227,2373703,70138,241,3255776,392661,1099,1666918081,4224,44510.778645833333,8112639785.658374648355215562964,0.621784371746,0.54869898545,13113531129.13904229053996448375,13631876898.2578857817131484794,11572148727.395157015337110124015,21090158783.3524876990281480491389,0.32600219,0.12680893369015206661679,0.233854,0.090964960631635086214,28091.28281,10926.99904600211003256821,0,0,0,0,0,0,0.571484314296,3.9961088898,2.7515782552540387,3.526400780098,2.4281539801367558,0.000019180398769597305,0.388981846073341,-79.80251447086115,-11.923880290929532,0.403349169992395,0.0000193945555675851,0.00025670436488551,0.39980166162173,0.403349169992395,0.038390437817,27806238514.454599,15615983129.255771,2009524493.191143,20856088446.165604,26404867960.003813,9506062329.65717,27138931232.553368,27354691459.636009,27731192436.551282,3652262066.289125,13370568453.008692,27806238514.454599,61.8646473308,25444956238.077066,33554425189.748351,33711117035.573089,19266136507.350095,32593129452.187721,33700121084.244544,10783834406.845328,29886647317.272368,33712450235.544498,33712450189.776272,33712449488.289042,33712423566.017073,33708530679.315514,33665885025.109494,27958826882.105265,31553850275.471258,33265464997.338292,22384933373.629606,33711436669.266006,33702712243.828754,33589386004.334487,26027534501.965227,30276516053.427667,13675231107.567483,32772968269.535602,19943092889.063718,8630338773.458454,32782777363.313118,29156239136.941828,33712450237.75875,29749842683.437915,86169,0.997326388889,282213,8436319221.381844,3281575024.797120438019389820804,30912.62104951,12024.44840280401973585211291,158.585435,61.686855266643824388335,193.650114724607,0.05173882260191762,0.030264971543240475,0.403,coinbase-ada-usd-spot
2022-10-28,80539,8257,1180397,3150148,868,331803,2288208,149,56880,3968138,3957800,3949543,3932032,1762765,22877,2735154,152286,3886839,704187,2769,1321415,10680,2390848,73312,244,3269120,404687,1132,1667219812,4145,45566.117008443908,8435715143.392202867304828305108,0.64661473485,0.570667796628,13637981867.189507995123730208116,14176105072.5751682343658121634,12036157920.844500421182587319498,21091356463.3769810131010212441804,0.30924189,0.12509182250759351300589,0.222613,0.090049462198937261413,29109.557298,11775.143318377854329302098,0,0,0,0,0,0,0.571552851267,3.308185530144,2.8949100215265258,2.919628714866,2.554893717050316,0.00001963207123131965,0.404511246867601,-79.70708036883877,-7.578985906413703,0.388981846073341,0.0000191803987695973,0.000256790488462379,0.390136834491844,0.388981846073341,0.038423728832,27810796476.502017,15626929352.617083,2104971752.148877,20854092954.684308,26408305460.5001,9486950204.985535,27142788275.00603,27359163368.396944,27735327252.534218,3642170977.494444,13378530420.985297,27810796476.502017,61.8545707535,25447725750.373592,33556445429.742884,33713383486.951196,19269742144.589505,32594283765.491747,33702372857.454869,10782020570.924179,29886850726.11938,33714716146.712264,33714716100.944038,33714715399.456808,33714689482.01546,33710795396.104422,33668102528.044484,27961116953.766344,31554502133.689072,33267355023.793183,22384099942.493232,33713728692.156985,33705341628.419745,33597149700.601382,26144105424.771248,30357490532.558362,13751296596.974662,32804281273.170155,20028439576.195888,8633338763.291149,32784605553.090607,29159907627.088118,33714716148.926516,29754816495.334698,94132,1.089490740741,309056,10191301497.972569,4122496076.148533730953472836969,33710.76594541,13636.38396543966132586366141,154.162393,62.360421812523124329193,193.797526482068,0.05170478643903001,0.03126348465325378,0.3883,coinbase-ada-usd-spot
2022-10-29,65431,8242,1181188,3152651,868,331958,2289759,149,56889,3971305,3960967,3952710,3935199,1763896,22890,2737148,152324,3890007,704569,2768,1337619,10919,2403690,75190,246,3279490,412645,1152,1667238299,4198,42571.699857074798,8731921053.457256102148840743172,0.669101619381,0.590787175578,14113810129.053817912424389371894,14670331553.9329422153861766068,12461870934.478936064307154229346,21093672052.5382928196272853805011,0.31726192,0.13281023796139652537184,0.225165,0.09425719049603510133,26861.297458,11244.511498098591816820116,0,0,0,0,0,0,0.571697603169,2.98232665444,3.017859119581482,2.633262705978,2.664636303222388,0.000020121893719389384,0.418613863149402,-79.18808820363441,-4.331544462874553,0.404511246867601,0.0000196320712313197,0.000259974078563221,0.405955282667178,0.404511246867601,0.038446626838,27827557558.023706,15649718226.905469,1126495491.87586,20859130148.637386,26424012614.912351,8070234398.443344,27159323022.136556,27375550433.80163,27749676391.598193,3234879280.349089,13371862309.093818,27827557558.023706,61.8679220821,25443280469.436243,33557209303.909902,33714248223.32946,19275117555.011466,32594452710.745487,33703227724.897002,10786153630.021418,29886493573.322678,33715582235.960795,33715582190.192569,33715581488.705339,33715555571.411207,33711656920.750746,33668927138.686532,27961049375.37869,31554104305.875258,33267882957.961363,22387584929.726233,33714612637.514061,33706470565.918645,33601659588.635408,26201126036.530528,30402460089.000488,13799164453.465201,32823401376.882428,20082282488.955837,8637062533.994975,32785182358.776759,29160673370.978327,33715582238.175047,29769369893.111573,84666,0.979930555556,252597,11305127219.373159,4732482978.697255144332005700918,45502.83065307,19048.11572391465941463996414,135.45361350000002,56.70276042478099963640426298804,193.841148472121,0.05178101324387588,0.03198101911921724,0.4046,coinbase-ada-usd-spot
2022-10-30,60687,8243,1181545,3154550,866,332049,2290873,149,56865,3973034,3962696,3954439,3936928,1764689,22872,2738859,152327,3891729,704647,2769,1323856,10690,2394182,73387,247,3274052,405348,1136,1667256762,4186,38457.94099378882,8450851502.796352036088653161917,0.648189499995,0.572225184496,13665352078.749845146408227009134,14203586955.6663792381196703958,12063846474.718748807559514476395,21082341011.1572713818577100949959,0.31071565,0.12593163447181417804655,0.225913,0.091561507566261810131,25278.893006,10245.419932609419350304922,0,0,0,0,0,0,0.571652050462,3.503063787837,2.9536472041754775,3.092523594275,2.6074956727287626,0.000019658595625788532,0.405295434818987,-79.19051610653638,-6.601089323611773,0.418613863149402,0.0000201218937193893,0.000258580001318646,0.419867654882971,0.418613863149402,0.038453189028,27825701287.568325,15630178046.991928,856697299.586991,20851089789.774391,26421676593.083664,8056489378.730193,27157405011.73201,27372774668.978588,27747131871.027321,3191264233.097995,13364963624.417025,27825701287.568325,61.8414472902,25446868320.626251,33558516985.402814,33715680973.50627,19274400511.287334,32595601797.572135,33704647250.49902,10789595577.264549,29886604821.104939,33717014562.36643,33717014516.598204,33717013815.110974,33716987890.798807,33713088379.29409,33670325857.855111,27962226775.755718,31554675723.260028,33268998520.98973,22391717654.619317,33716027532.573827,33707633262.327276,33599544360.022317,26149275906.107727,30359422446.080826,13837027033.218149,32806610441.115202,20050544495.464979,8638854708.994975,32786525119.950625,29163062813.882902,33717014564.580682,29765562200.587585,81357,0.941631944444,240748,9625007309.787669,3900971522.756321616824419671303,40388.7303217,16369.3680175202061977781179,150.559427,61.021048432062531440449,194.001946654441,0.0518162323170879,0.032455171869592764,0.4203,coinbase-ada-usd-spot
2022-10-31,65573,8235,1182062,3156574,863,332212,2291792,149,56852,3975149,3964811,3956554,3939043,1765234,22888,2740219,152381,3893835,704969,2772,1325277,10703,2395846,73508,246,3276381,406031,1135,1667275612,4275,41334.610292397661,8466177335.989482591405340845848,0.64923247469,0.573065920418,13694291207.125737894081687723964,14233206769.3064893069671422268,12087706485.769067076128381665734,21093047161.0572825144148261268562,0.31483632,0.12786782073104539205664,0.228641,0.092860399333110453982,27868.366102,11318.475710800069899859604,0,0,0,0,0,0,0.571397075011,3.59009693801,2.9937201855073825,3.168914505012,2.6425033874046417,0.000019820576788116414,0.406140628028702,-79.36067763416291,-5.652165216596689,0.405295434818987,0.0000196585956257885,0.000254981280134591,0.407047357855009,0.405295434818987,0.038467106466,27822822172.916187,15620977643.570001,1720490255.87901,20845433211.353524,26417084059.261642,7049872586.472895,27155101973.672328,27369860852.776006,27743618624.374423,3462604266.930768,13348552842.941374,27822822172.916187,61.8226763835,25442174587.704147,33559576178.348396,33716768785.647141,19266424977.187423,32596282806.975964,33705722224.34962,10784437788.331406,29885155270.675068,33718102206.85103,33718102161.082804,33718101459.595574,33718075526.208403,33714172130.031308,33671380603.219698,27962381583.497855,31554678036.080078,33269973107.205978,22395276350.639261,33717116009.851508,33708726821.232223,33600826825.966886,26150280782.626259,30361473933.630937,13803439080.678341,32808586770.7998,20048530024.114778,8632320347.69133,32787338221.891302,29163082569.689674,33718102209.065282,29762367149.623917,88517,1.024502314815,264965,9391975423.302834,3814462796.850347313539389941468,35993.38576753,14618.37630050397836713964606,153.150252,62.200539530033974532904,194.12337233045,0.0504961874776902,0.03244589917179675,0.4058,coinbase-ada-usd-spot
2022-11-01,69945,8224,1182617,3159128,870,332327,2293390,149,56853,3978485,3968147,3959890,3942379,1766544,22874,2742303,152416,3897175,705196,2782,1318318,10599,2392982,72819,245,3275993,403393,1130,1667349643,4260,40002.512910798122,8362448062.015784069002377363583,0.641986464413,0.566876169239,13527120705.122116696943744263645,14058884657.7235357852329168234,11944492277.051500961817982544371,21070725716.1368038610592275553237,0.32128249,0.12888773818470385580749,0.227937,0.091440664502465860437,25460.673515,10213.966599946183309511015,0,0,0,0,0,0,0.571747050554,3.443995398275,2.978027101186912,3.041059315847,2.6296077699305207,0.000019584409790254946,0.401166394672501,-79.4251829745415,-4.33809056173663,0.406140628028702,0.0000198205767881164,0.000258490088805727,0.410755782562298,0.406140628028702,0.038488875254,27828945879.595006,15624472678.139033,2098426513.810958,20845335434.546083,26422675914.574987,7160288068.88188,27159164334.432435,27375850513.044047,27749719439.332419,3541917819.433116,13356474558.460845,27828945879.595006,61.8198672453,25442188488.210327,33560767478.629654,33718141272.531725,19279011074.581315,32596971435.037268,33707083886.316718,10760300312.127323,29884850148.696775,33719476217.036893,33719476171.268667,33719475469.781437,33719449540.227199,33715541428.47024,33672722620.326407,27960476689.961218,31555022202.986259,33270987303.414952,22408241275.243275,33718481321.441191,33709978042.088506,33600160957.498698,26126798249.355109,30344129338.69611,13756442542.607177,32802490190.614036,20030128125.705559,8619885252.724729,32788613438.121721,29164395603.056231,33719476219.251145,29774408912.796871,79247,0.917210648148,254425,9790801763.596959,3927740644.455356488216564524459,40048.8660388,16066.2591995073625471590388,143.827775,57.698869950517672515275,194.137900754516,0.04969983472849468,0.032187169284146125,0.4056,coinbase-ada-usd-spot
2022-11-02,84478,8227,1183295,3161962,869,332385,2294959,150,56842,3981050,3970712,3962455,3944944,1767927,22859,2744292,152383,3899735,705591,2776,1298361,10137,2380322,69685,242,3268802,391593,1095,1667436531,4100,47988.538536585366,8035496587.125189471123924321672,0.617618225702,0.545331512067,13001077144.053988764435519700205,13511072771.5659741405508942482,11479416834.596220311295053933224,21050345671.5298436356833653858073,0.32224499,0.12423663638959153938827,0.228047,0.087920039404606978631,29567.911179,11399.456760972953766394467,0,0,0,0,0,0,0.571882479299,3.574029754779,2.8806317118480105,3.155721397525,2.5434794210403817,0.00001913486642601245,0.385534733649673,-80.39388891088512,-9.925088461825718,0.401166394672501,0.0000195844097902549,0.000253861657968204,0.406249768261733,0.401166394672501,0.038515730876,27831697616.271215,15617193000.239431,1378137352.638118,20842471211.496264,26424255733.624433,7171803634.707599,27161488396.768874,27378552746.210661,27752374053.854335,3201191643.130866,13339465885.866594,27831697616.271215,61.806391102,25449581467.150435,33563328473.83535,33720859780.012449,19285132004.365119,32598770501.721898,33709789897.98158,10795725780.04713,29886517540.9725,33722194159.071833,33722194113.303607,33722193411.816377,33722167477.335352,33718255329.328393,33675415587.004817,27963039695.839536,31556272632.958355,33273359748.635618,22408966729.354105,33721174364.702852,33712323758.284945,33597493381.220288,26016024303.711553,30266921913.202527,13684640652.664636,32774289797.610551,19951368980.287572,8619333716.098935,32790929985.335501,29167917472.176424,33722194161.286085,29775311619.594088,91756,1.061990740741,312136,9435342309.669586,3637652184.251954301080506945378,30950.42166029,11932.46257114497514387558517,131.78441,50.80746740852930299793,194.13719614784,0.049771031819756804,0.03264643163730576,0.4012,coinbase-ada-usd-spot
2022-11-03,65262,8236,1184282,3164901,866,332597,2297149,150,56834,3983621,3973283,3965026,3947515,1769496,22841,2746952,152455,3902290,706377,2770,1303634,10210,2385406,70154,242,3273700,393828,1097,1667522421,4319,36424.85459597129,8108343265.709417482076583170808,0.623659327806,0.550662925397,13123371590.409431024316328044996,13637955248.4222341725552800588,11587342430.151389985274886182866,21042532365.5118395024997223625693,0.31455931,0.12241241954242514837442,0.22492299999999998,0.08752997531925184220289419763636,24726.249034,9622.350616360687423336188,0,0,0,0,0,0,0.571698773279,3.166549030898,2.9212770869344884,2.795919302452,2.5793552904043753,0.000019266914937437812,0.389155290118182,-81.13516173818124,-10.709241729513911,0.385534733649673,0.0000191348664260124,0.000253711804491755,0.392787288536903,0.385534733649673,0.03855907856,27832192745.430113,15610605753.735647,1101409813.057394,20835752388.839444,26424007980.614877,7154996467.613487,27162169728.767566,27379225383.122458,27752867170.948666,3132345447.423626,13270085292.440645,27832192745.430113,61.7855191393,25450202321.379006,33563673263.68319,33721377985.233266,19279232815.360954,32598089112.996851,33710297821.010614,10793804451.073714,29883103106.833057,33722711531.333226,33722711485.565,33722710784.07777,33722684833.912094,33718771955.799901,33675884880.497577,27958354117.490741,31554571778.069474,33273593172.903873,22396994070.084589,33721697621.736462,33712906581.350925,33598953682.594293,26032927842.427643,30275962225.555186,13685248068.980045,32778832887.530943,19957844888.765679,8621333727.432563,32790362571.409397,29166216168.972697,33722711533.547478,29775626143.055763,78606,0.909791666667,235693,10649672941.897159,4144376563.367741708440400044938,45999.38762882,17900.90503795215908654920524,145.229683,56.516899421636604396306,194.15874852332,0.04974879544542817,0.032485809425234845,0.3857,coinbase-ada-usd-spot
2022-11-04,70907,8234,1185605,3167299,865,332694,2299183,150,56869,3985910,3975572,3967315,3949804,1771301,22872,2749384,152515,3904589,706695,2766,1346077,10940,2415850,75568,252,3295685,415071,1156,1667610014,4163,39914.155897189527,8774985106.595699956627782682662,0.674917950353,0.595902796687,14212512528.07273323096351593445,14769480796.1040087553136871228,12548600846.953301143999332421634,21058133837.8098742437436532383128,0.30648069,0.12916415964618315867798,0.220765,0.09303987701244611863,26930.15157,11349.52546825508006778294,0,0,0,0,0,0,0.571637739005,3.521123728341,3.1763429967372208,3.108892682586,2.804476713061223,0.000019919562346692894,0.421443059418142,-78.76513863409421,-2.216005836845667,0.389155290118182,0.0000192669149374378,0.000254383711608782,0.399180188619123,0.389155290118182,0.038599210782,27831971612.408538,15610549058.723871,1144208514.895936,20821282758.128061,26422465976.909913,6805565007.306266,27161660492.740216,27378927750.99329,27752580407.051567,2928176773.567019,13318352957.758351,27831971612.408538,61.7412655874,25445203810.360119,33564269866.142219,33722113470.673571,19277594791.446942,32597691914.556348,33711024847.455778,10785923641.587884,29882864876.372756,33723446642.499723,33723446596.731497,33723445895.244267,33723419954.846279,33719507758.867198,33676594609.277935,27957764149.84398,31554050130.269228,33273670362.841291,22394898444.304966,33722481480.822192,33714335321.297991,33609729366.003668,26209088666.597473,30408744436.279455,13923976636.50912,32830787090.239082,20105805008.465805,8620333727.432563,32790334232.403592,29165226629.033243,33723446644.713975,29775317368.562927,87869,1.017002314815,261106,9577467094.744756,4036357033.885814038779365763352,38083.59430785,16050.0664987396420042230147,173.031354,72.922863205023562424268,194.226451755913,0.05009458927962052,0.03583682451369064,0.3895,coinbase-ada-usd-spot
2022-11-05,61351,8226,1185709,3168940,866,332783,2300279,150,56874,3987747,3977409,3969152,3951641,1772059,22876,2750739,152535,3906424,706759,2770,1352006,11030,2420489,76155,253,3300676,418027,1168,1667695065,4293,36259.738877242022,8881517936.457992010737071606812,0.683652250913,0.60366520498,14394257193.458040990985130971536,14958149317.2167896840765613706,12710134732.40849299110735792195,21054940101.8394442517905291462069,0.31612087,0.13492881624019401544083,0.227585,0.097139346238116309765,24955.529503,10651.685396434051591651227,0,0,0,0,0,0,0.571589948947,3.739704701969,3.2328039307155283,3.302160714694,2.8545671353940096,0.000020054372314574856,0.426826663611909,-78.41728263774537,-0.41295306806157617,0.421443059418142,0.0000199195623466929,0.00025623289426369,0.423433676594714,0.421443059418142,0.038606663516,27833332499.933591,15615975165.226239,1051952598.23526,20808254717.033068,26223351313.936142,6801770468.204249,27162898916.168108,27379868494.944861,27753860232.791582,2826460036.978567,13316888574.373846,27833332499.933591,61.7018149467,25440816462.505139,33564577454.565991,33722560469.057485,19276238894.537281,32597907642.611869,33711464963.122473,10781510982.348587,29882576631.43114,33723894076.122852,33723894030.354626,33723893328.867396,33723867386.64337,33719953125.118965,33677018404.180161,27957493965.772774,31553774515.166029,33273936137.00013,22395243332.991335,33722936413.855826,33714859281.548867,33611413543.345112,26228352432.630352,30422106783.536409,13943937405.208924,32837777120.331683,20128677408.319326,8621333736.210569,32790795684.661778,29165598193.9927,33723894078.337104,29778211662.90855,78943,0.91369212963,231429,9017795993.513749,3849035777.044313658884591636841,39908.64124671,17034.07219261784578536306939,136.679867,58.338611614529461736103,194.292617743779,0.048309243286099895,0.0359070819598304,0.4217,coinbase-ada-usd-spot
2022-11-06,65684,8237,1186059,3171161,862,332886,2301528,150,56878,3989818,3979480,3971223,3953712,1772827,22864,2752662,152606,3908501,707041,2768,1327872,10650,2404509,73246,247,3290569,405877,1129,1667782375,4232,43210.389650283554,8400574105.66263584916682683195,0.647870492332,0.571997715012,13627154954.4384310030441703568,14160636024.33021404841386577,12031264872.08320927318703474385,21033763870.6053919194749061465792,0.3360604,0.13579187267804818062,0.233854,0.0944933487945984687,26761.161838,10813.3784314436864073639,0,0,0,0,0,0,0.571192530849,3.461998614744,3.0824561400330728,3.05656040898,2.7214665424522875,0.00001929028697843207,0.40406984184405,-79.83181852038915,-4.741731292439177,0.426826663611909,0.0000200543723145749,0.00026228324082529,0.428757009628677,0.426826663611909,0.038625415852,27830440513.879317,15609257834.732824,993876369.609218,20789906188.803919,26220225516.890495,6746265156.577193,27148940846.254238,27376475222.007818,27750510600.450644,2839684839.105084,13316533939.474866,27830440513.879317,61.6458397497,25442605366.987607,33565308591.895911,33723417586.299409,19263326090.307918,32598219758.069489,33712309206.89936,10785174222.892894,29881558901.893387,33724751373.063604,33724751327.295378,33724750625.808148,33724724689.490765,33720808564.552705,33677831717.31691,27956174290.955757,31553889312.714349,33274592609.142764,22388128126.453554,33723764047.006485,33715288580.165554,33606252767.830434,26136160760.529051,30350913930.525499,13804432367.089757,32808613866.532778,20034911927.545624,8619333739.841545,32791393098.662503,29165553104.689487,33724751375.277856,29775211179.275917,79632,0.921666666667,258486,9741410996.425192,3936210400.6634168513671553076,38143.20454222,15412.518626800084980880791,150.6641935,60.878856839106346023675,194.364059694764,0.048449731334641796,0.03723503923657816,0.4265,coinbase-ada-usd-spot
2022-11-07,75129,8255,1187358,3174966,862,333158,2303947,149,56891,3994048,3983710,3975453,3957942,1774816,22869,2755583,152698,3912735,707875,2775,1328658,10661,2406690,73228,246,3294168,405944,1129,1667866535,4104,40781.393518518519,8378659733.7403503756526920625,0.648238050732,0.572122002185,13610026563.2955246883439867,14142040010.2268053917960225,12011938574.719170502759398525,20995414489.9833212438407308419157,0.31634185,0.127656340147990218125,0.224109,0.0904367687494586625,25116.910462,10135.658198255103262175,0,0,0,0,0,0,0.570793923351,3.108824537227,3.0922699769248942,2.743786663978,2.729175938527781,0.000019619220270861385,0.4035392097125,-80.01874384199185,-4.271981492944302,0.40406984184405,0.0000192902869784321,0.000256556412362015,0.407049518062433,0.40406984184405,0.038675164176,27826820159.723448,15598075437.399334,2073397490.5568,20762938351.665245,26212924196.847164,7686331899.680429,27145295998.677719,27372233900.150421,27745712181.427098,3854960692.264909,13301926985.397494,27826820159.723448,61.5624054426,25441920464.171149,33567028125.669273,33725317670.077735,19250968114.120282,32598705196.368896,33714196782.743363,10742474808.8408,29879402629.714102,33726652168.691116,33726652122.92289,33726651421.43566,33726625489.149068,33722704072.494372,33679692700.659133,27953111610.443006,31553376805.285021,33276029818.634439,22385274259.907957,33725663681.002651,33717170746.525264,33607856343.027279,26133084290.678116,30348038784.016493,13771215760.029404,32808610001.850014,20022377954.490931,8610333704.947951,32792274057.668992,29164633132.465628,33726652170.905368,29766471970.039866,79398,0.918958333333,264465,10848683084.888883,4377868998.4974263966968761375,42225.2837984,17039.55765389236617196,138.5805165,55.92267210996006650625,194.492753284087,0.04602945557389153,0.037224849726457176,0.4022,coinbase-ada-usd-spot
2022-11-08,68689,8234,1187135,3177071,868,333065,2304888,151,56854,3997020,3986682,3978425,3960914,1774943,22851,2757214,152700,3915696,707705,2772,1289041,9893,2380184,68112,236,3273618,385137,1063,1667952890,4167,34637.599712023038,7731344914.81473617666917069115,0.600472589241,0.529717750961,12558694892.071700502600184667286,13048996050.1185486201337434708,11078879756.433155458514417538908,20914684728.4689843853396907258308,0.32065486,0.11939567740164769161932,0.224373,0.083545174788992431026,21720.839845,8087.74389705640279014389,0,0,0,0,0,0,0.571447755539,2.836138845477,2.86427752555166,2.501951159067,2.526774204433755,0.000020104210443737983,0.372349501896362,-82.50271443018734,-11.845742408221236,0.4035392097125,0.0000196192202708613,0.000257447225445923,0.402952224071382,0.4035392097125,0.038667670284,27832938359.762729,15606916491.744235,2358012115.066516,20763677339.272075,26217896625.424195,7753316151.241506,27150782725.472971,27378172521.194169,27750502378.688167,3339170512.492885,13303446516.772425,27832938359.762729,61.5616907749,25444928335.452371,33568479881.998015,33726907894.846785,19273929391.65785,32600342824.164057,33715771232.278292,10766677173.866154,29880690184.332217,33728244102.076851,33728244056.308625,33728243354.821395,33728217411.845213,33724291355.066842,33681212506.213919,27954737695.099689,31555597431.03575,33277521726.745006,22400581104.259181,33727195526.650176,33718040589.90673,33599199741.073802,25944717412.815762,30219494405.356732,13469933927.639461,32757105928.429984,19860255812.589058,8546255414.283477,32794899058.658135,29169103590.668143,33728244104.291103,29753980333.017334,67739,0.784016203704,207192,11892310617.33066,4428095934.75988853257240505892,59799.91611517,22266.46897892778043899601154,176.490165,65.71602502735674227973,194.69969906698,0.04603888614775588,0.039907402888370254,0.4042,coinbase-ada-usd-spot
2022-11-09,85616,8221,1190561,3173441,862,334144,2302126,149,56956,3993235,3982897,3974640,3957129,1776234,22867,2753138,153136,3911908,710053,2760,1215653,8600,2321570,59486,226,3190684,346034,899,1668039612,4237,34386.203681850366,6565344207.41664914145491965728,0.515775350514,0.454869275163,10645014386.4182620360249951536,11058090125.0167858298729306496,9387982526.16849185414394704512,20638858324.2836414288831015680568,0.32396697,0.10222439213643777240768,0.220985,0.06972950759847740384,22982.540971,7251.900650585617806505024,0,0,0,0,0,0,0.571065340326,2.073192814448,2.4346120795615884,1.828376854074,2.1471174045649493,0.000020023716086641635,0.315539550641344,-86.15912578774136,-21.8201658466168,0.372349501896362,0.000020104210443738,0.000279569545530723,0.370075199116519,0.372349501896362,0.038775557994,27888589842.602417,15651588665.198206,3445806249.262154,20806723575.768495,26281975148.292578,8668481461.138289,27213586610.058822,27443277177.589276,27805259711.738286,4276946519.264188,13376661933.215684,27888589842.602417,61.6752967078,25428856003.246517,33576646498.462102,33734575684.558832,19265409838.488209,32605292879.743084,33723468754.13372,10808771940.706453,29876126136.226004,33735911596.765773,33735911550.997547,33735910849.510317,33735884903.537527,33731956488.61738,33689158033.433652,27945692378.666588,31556938679.234357,33284951441.290504,22385110234.330716,33734632063.905244,33724104138.950268,33584848168.138066,25552710635.861686,29958783968.717005,13280080774.237687,32644155499.785311,19386065832.733132,8653916342.903337,32796329071.250426,29158025770.01812,33735911598.980025,29752157873.98798,70941,0.821076388889,209629,16272442854.268873,5134599306.072949355355366085312,84250.14830179,26584.25393661340790696320576,252.518103,79.679448749424620250432,194.995550407203,0.04685833556863046,0.04914237214594847,0.3723,coinbase-ada-usd-spot
2022-11-10,72702,8212,1194848,3181281,861,335162,2308654,149,57056,4001117,3990779,3982522,3965011,1782228,22898,2760474,153500,3919789,712734,2769,1292468,9806,2379655,67780,232,3272012,385006,1048,1668125862,4177,32084.38496528609,7658244297.866821850380538934262,0.602520231813,0.531511276304,12405785366.708871931277181119512,12886731586.0528320990562330332,10943723489.537774513703689978078,20589823729.8571778140075663990543,0.3046081,0.1120102865009858109038,0.2166655,0.079672092534241017269,21302.462849,7833.327370129344684709102,0,0,0,0,0,0,0.570297940581,1.623808686587,2.8188670600391297,1.432437587838,2.4866544718416654,0.000020962749275190595,0.367719330185198,-82.4024307116953,-5.794128213859923,0.315539550641344,0.0000200237160866416,0.000288691603785079,0.315173978115253,0.315539550641344,0.038948809266,27898693843.700301,15677010295.386682,4453026196.666483,20826330489.642269,26291267925.897273,9726465316.674353,27223580896.127856,27453310018.449618,27814870849.954853,5425500594.674995,13421639125.516584,27898693843.700301,61.731233223,25409839115.979975,33577417036.615784,33735768293.40618,19240201058.66017,32601913015.934241,33724641695.475613,10785401641.09003,29864740771.540558,33737104219.260392,33737104173.492166,33737103472.004936,33737077525.048535,33733146000.440044,33690296678.580734,27930297904.619593,31549831653.306907,33284746171.115607,22371449009.352426,33736040298.276881,33726794366.434509,33607004283.672285,25892473730.827335,30189342153.560401,13433269476.875116,32752843600.989038,19804163895.000806,8598382212.753552,32792511682.481504,29145722986.684862,33737104221.474644,29761077515.359561,69934,0.809421296296,209524,20776526508.417486,7639930411.250288468510281572228,100762.82480722,37052.43844567939119124752956,265.71873,97.70991341326147735854,195.386546806543,0.04826550367151286,0.05700494836655976,0.3178,coinbase-ada-usd-spot
2022-11-11,77474,8243,1200247,3192498,862,336725,2317334,149,57204,4012883,4002545,3994288,3976777,1789592,22963,2770595,154154,3931553,716284,2770,1281105,9590,2375407,66122,230,3261634,378220,1018,1668212209,4184,34780.864722753346,7355271506.8907096653038421468,0.577382200555,0.509257268761,11886399599.47572302221809501185,12346600776.81107839664715969,10483931422.9175376867875318382,20586709441.4116286928134314753143,0.29923642,0.105423039509948903197,0.214165,0.07545179579627442025,22783.561832,8026.8048227294652674612,0,0,0,0,0,0,0.568923428566,2.477876951956,2.712846083003042,2.185513941486,2.392759225122199,0.000020825794011734144,0.35230684657285,-83.11750031774154,-7.515579502607188,0.367719330185198,0.0000209627492751907,0.000283392736244833,0.361125956245944,0.367719330185198,0.03915750177,27960753037.894825,15730808669.552327,4652122963.694116,20877458324.869048,26351441343.24136,9791552821.741817,27284835696.588093,27515292454.463118,27876870026.513179,5764710350.009494,13488556078.387655,27960753037.894825,61.8797260292,25380339513.720666,33578562439.525211,33737432650.918251,19194776596.654191,32598235052.18437,33726270107.496325,10776592804.308564,29846772541.371785,33738769809.112289,33738769763.344063,33738769061.856833,33738743112.972776,33734802253.725945,33691839456.788124,27908576327.209164,31540797113.038102,33284775497.844096,22325121664.235428,33737644563.956374,33728064102.372326,33603502185.800871,25794550966.895442,30121290668.751606,13372833442.334598,32726055886.046891,19672572132.68132,8603169267.323691,32788022389.233695,29126852009.820734,33738769811.326541,29757955387.193052,76139,0.881238425926,247860,13615998883.519406,4797009629.5921682680775677271,59085.98733488,20816.397874594926433266008,199.818967,70.39759014921437724595,195.56579470953,0.04768372182189538,0.057353057701761884,0.3677,coinbase-ada-usd-spot
2022-11-12,93767,8221,1202760,3196174,864,337745,2319719,149,57259,4016403,4006065,3997808,3980297,1791139,22976,2773450,154543,3935065,718971,2758,1267145,9294,2364931,64473,230,3249838,371523,982,1668300668,4213,34493.759791122715,7067573964.748730865671824855356,0.55657742286,0.490744559133,11428784607.176088092527351793805,11870420301.6712186332363568794,10076969767.567288421866820902641,20534042772.4302412123695406315411,0.29829699,0.10103890829933744128359,0.2105575,0.0713198612370769926075,22764.236134,7710.683125725438493787694,0,0,0,0,0,0,0.569272828308,2.05376326486,2.619409480984075,1.810840876006,2.309581557095921,0.000020196426390531482,0.338719168099341,-83.46777813621853,-10.327700430763448,0.35230684657285,0.0000208257940117341,0.000275046094990796,0.340025202372556,0.35230684657285,0.039275674638,27953732589.264009,15731660039.911638,2896324087.899774,20865586097.199916,26343152729.453185,9807966219.176003,27277914544.450447,27508197994.284676,27869074639.718759,5761369841.003646,13495283281.396666,27953732589.264009,61.8401186799,25365338047.292463,33581236483.146955,33739844257.149166,19207937283.125658,32597622554.404787,33728667898.129509,10778538172.360123,29836823552.064694,33741180549.528853,33741180503.760627,33741179802.273397,33741153845.591856,33737208840.406063,33694182265.862912,27896085911.644698,31536459036.161912,33287288706.567763,22318729347.829523,33740011312.333033,33730089312.508809,33601397783.752887,25700148588.569766,30062044320.972507,13374778810.386157,32703140659.394671,19575475898.073969,8593518828.635298,32785836549.401953,29116189801.24656,33741180551.743105,29750219995.261301,76314,0.883263888889,251754,16428953194.87366,5564801358.91061661964682425806,72515.76893528,24562.48092784207644883965048,196.9594025,66.7139249641432640037525,195.87956009519,0.04752183114496202,0.0577374247470983,0.3543,coinbase-ada-usd-spot
2022-11-13,82940,8225,1213210,3213766,862,340566,2335470,146,57501,4034545,4024207,4015950,3998439,1805135,23026,2790264,155563,3953203,725801,2757,1254909,8863,2367068,61923,227,3244450,361445,936,1668384853,4036,30508.699950445986,6842942649.04355504519504313313,0.540310670465,0.476283100996,11067728163.619022472036751933579,11494758283.1875741317876859314,9756186910.424686947205079805799,20484008124.612375367434839931169,0.29419684,0.09649649175130487349764,0.211965,0.069524468291587827765,20507.87361,6726.57754122773004042681,0,0,0,0,0,0,0.567824979076,2.083788548581,2.539146304920328,1.836856693733,2.2382539196387907,0.000020097410585682177,0.327999756052121,-84.01584980074531,-10.520842669442,0.338719168099341,0.0000201964263905314,0.000270541580586799,0.327915244821806,0.338719168099341,0.039685798149,27959317093.936702,15734377077.723581,2164042164.920998,20862645544.02953,26344799227.257609,9638108080.384225,27282718224.068044,27513767007.407463,27874644913.041202,6084986127.511293,13485869739.419202,27959317093.936702,61.8278886857,25314082924.242429,33582256870.123434,33741761425.92578,19160174350.652262,32588962770.401249,33730556381.187506,10692918752.936932,29804449797.433939,33743098763.567447,33743098717.799221,33743098016.311991,33743072055.730195,33739120252.278929,33695949390.194697,27854045965.160032,31517415895.963283,33286036176.500032,22265564645.12428,33741859629.572438,33731569742.790239,33595624049.584565,25518316761.420925,29945915634.755598,13289159390.962966,32655811547.263008,19395572491.608919,8650018382.904875,32774867878.537892,29081839076.160455,33743098765.781699,29744494410.155519,69708,0.806805555556,219398,16193149150.741958,5311348971.158972569848069592918,90615.87450101,29721.98473078089174842714221,228.4589,74.9344634679359063269,196.194117746036,0.04747016995382429,0.05777271228982052,0.3392,coinbase-ada-usd-spot
2022-11-14,116249,8231,1222379,3230210,853,342957,2349349,147,57704,4062797,4052459,4044202,4026691,1817537,23071,2805249,156475,3981449,731531,2753,1269742,8951,2384368,62770,229,3264362,366905,939,1668473334,4112,32908.274562256809,6919307947.4728175878475796036,0.549594513091,0.484159747237,11189523748.862201185962724041984,11620123541.9160991970834802384,9857298173.300772587317823128776,20359598726.578103846087006496169,0.29730499,0.09857950235369427348024,0.207389,0.068765426418272702664,21988.677244,7290.940054956769177026144,0,0,0,0,0,0,0.566149107094,2.123406010518,2.568396397669754,1.870593124286,2.2626029210257257,0.000019939111188687265,0.331577019119976,-83.697729431981,-8.860863007609833,0.327999756052121,0.0000200974105856821,0.00026881974839472,0.317209975496655,0.327999756052121,0.040028068308,27942935446.823193,15781405107.380857,2256416272.807431,20867875481.34985,26326558670.552412,9723703061.955393,27265753770.678571,27497331080.676355,27856592907.606754,6280462339.878322,13541629443.319118,27942935446.823193,61.8373766638,25270908801.868315,33584725137.342018,33745027418.839614,19105482328.188795,32583183798.408201,33733792353.168951,10720405126.916659,29777774502.744837,33746378979.537332,33746378933.769106,33746378232.281876,33746352265.854432,33742377494.839853,33699081410.845585,27817536664.932212,31503211223.572642,33286359288.966954,22218804378.37477,33745136145.332924,33734909647.781317,33599816472.317362,25499966677.491813,29938786305.457235,13349545186.694387,32659367246.106951,19378255367.56027,8622990777.431609,32770431297.470128,29059488316.572284,33746378981.751584,29728532452.166301,73960,0.856018518519,254331,15892570151.254896,5269611036.908204521301981402496,65756.14888452,21803.22783593847656444917152,253.51705800000002,84.06043038770607118214838239952,196.440540921916,0.04653067985483064,0.05782815250033635,0.3292,coinbase-ada-usd-spot
2022-11-15,77027,8235,1227558,3239898,864,344429,2357594,145,57780,4072678,4062340,4054083,4036572,1824788,23089,2814276,156968,3991314,734876,2761,1290368,9276,2401472,64874,227,3290031,377922,982,1668568325,4166,32675.8437349976,7021416942.428893561060441055088,0.559068967486,0.492454756754,11360382045.75228496605472076352,11796942814.8520386045585365856,10006769293.830667435910953665888,20320179989.309442376330587192786,0.29069387,0.09785409966287603326608,0.209897,0.070656054621787142448,22225.290896,7481.533168806054875960064,0,0,0,0,0,0,0.565618582416,2.30074926774,2.6117638323172523,2.026610287621,2.300566830826076,0.000019970967060453255,0.336622508286384,-83.34107788253935,-9.05794402111903,0.331577019119976,0.0000199391111886873,0.000267244682863804,0.321218897158213,0.331577019119976,0.040226276891,27943332249.192963,15794565586.896095,2190868830.101264,20858429753.174357,26324181409.943907,9883578688.366203,27265913956.558965,27497646673.823843,27856968452.758268,6397049796.267544,13547971713.375692,27943332249.192963,61.8061691425,25249381353.552089,33585944270.027396,33746783638.034534,19088572600.589801,32579789435.544865,33735526665.536382,10557874145.869182,29761117740.028061,33748135568.350028,33748135522.581802,33748134821.094572,33748108838.917124,33744129311.388222,33700747742.600208,27798275795.814235,31494093525.427236,33286415166.09391,22200653941.336422,33746940275.250831,33736909723.538944,33605664409.770728,25574868992.648569,29982993323.944821,13185437598.581979,32684609365.484149,19456714212.798485,8569125134.981615,32765909762.179795,29044351735.237437,33748135570.56428,29726976204.803682,76456,0.884907407407,222789,14668323942.882131,4937687998.010204969662904204304,67327.16500371,22663.83915936011232710248464,187.039216,62.961610037838766834944,196.67846481277,0.04641387408483088,0.05780321679690896,0.3318,coinbase-ada-usd-spot
2022-11-16,75637,8226,1232777,3250205,861,345920,2365988,146,57920,4083578,4073240,4064983,4047472,1832437,23150,2823977,157662,4002215,738687,2768,1282694,9003,2402520,63292,227,3285076,371311,951,1668648038,4232,30699.00118147448,6907969832.052109853318454555816,0.554274707358,0.487556054418,11234452533.025297251335914881792,11653258632.6518917240949570736,9882149190.357420376228874298264,20268744692.6490914793330069555814,0.2902108,0.0965016264867662512032,0.207389,0.068961512857081700856,20820.303386,6923.219744740466805909744,0,0,0,0,0,0,0.564296744691,1.794833539922,2.573695222551303,1.57878746305,2.2638967128123295,0.0000199598065592404,0.332522519791704,-82.358691313606,-10.711466066466084,0.336622508286384,0.0000199709670604533,0.00026939533817286,0.325240059466822,0.336622508286384,0.040422813275,27866198779.934225,15744672740.443283,2511519190.527615,20774442093.062879,26241068956.903102,9834579411.719439,27188467033.190299,27420467484.511829,27779807258.463805,6205940171.519532,13484743844.960711,27866198779.934225,61.4891541154,25242952535.02133,33622699499.524692,33784185501.384427,19065069628.195847,32610936978.654715,33772894095.860503,10587981679.088352,29776773615.576812,33785538914.255796,33785538868.48757,33785538167.00034,33785512185.939076,33781526547.103334,33738053612.294642,27807528688.915061,31520207618.603637,33322142273.040784,22201675568.621265,33784296471.008834,33774058603.101814,33638584508.249273,25489725543.041317,29947281571.404567,13186470471.971327,32691585478.129309,19350755220.909924,8556040693.144471,32796309122.208676,29057896832.287945,33785538916.470048,29718736633.379641,71742,0.830347222222,222679,18823772881.991616,6259328390.706598174964994353664,89324.36658057,29702.36345416901117513359128,175.2722995,58.281986679426221103348,196.777950721007,0.04638505866461133,0.057798937437476404,0.3369,coinbase-ada-usd-spot
2022-11-17,85625,8232,1237788,3260291,860,347374,2374326,146,58028,4093860,4083522,4075265,4057754,1839353,23187,2833158,158199,4012501,742007,2774,1276102,8797,2403432,61966,227,3288334,366461,929,1668730660,4101,38333.586686174104,6735438057.498735784003696938536,0.542747931306,0.477378438412,10963437465.246656891957283763996,11370904663.1597141513208460872,9642982229.680405357226049252876,20199869650.088942437042703125792,0.29757249,0.09655204459862272755492,0.213065,0.06913226885457574202,24039.69134,7800.05352778680771038072,0,0,0,0,0,0,0.563215710877,2.119884263001,2.5118141382165806,1.864561761938,2.2092869299307445,0.000019457999628038602,0.324465627177508,-82.63431599986676,-10.33533858844955,0.332522519791704,0.0000199598065592403,0.000273727609006515,0.319817151290156,0.332522519791704,0.040616652214,27866062828.123232,15720665538.718614,2436495917.883075,20758556510.560442,26233392733.495379,9943709135.978748,27188233693.940249,27420206162.657317,27779653021.804594,6257467977.284872,13460423634.627368,27866062828.123232,61.4354583483,25221005458.859391,33625877910.614444,33787856764.940565,19030614365.400059,32609543395.203411,33776544114.911956,10571225567.959274,29762813161.952636,33789210770.638435,33789210724.870209,33789210023.382979,33789184046.146662,33785191999.89195,33741606150.242025,27789596804.389229,31513405328.808675,33324228890.407594,22178100142.720938,33787946945.904484,33777482732.450086,33638236237.346999,25403234141.736657,29889720291.18303,13169079702.074744,32671037257.376422,19251830819.653943,8535349384.166338,32793935920.299468,29043934281.990856,33789210772.852687,29719580201.957547,80786,0.935023148148,274942,15939177134.612408,5171715105.675409818510595319264,60020.07577555,19474.4515297553856306163294,173.58648399999998,56.32284740059845111255945644984,197.035834682523,0.0463852453730675,0.057741419727631395,0.3316,coinbase-ada-usd-spot
2022-11-18,67684,8245,1241811,3269998,857,348527,2383238,147,58118,4103484,4093146,4084889,4067378,1844974,23199,2842533,158625,4022117,744697,2773,1281528,8841,2413295,62228,226,3298969,368302,928,1668817063,4046,29912.524221453287,6740563362.910387898675459472164,0.545205924321,0.479534215151,10993559620.758809745975650318174,11401845400.9209301219555732572,9669351981.119129030620044099398,20164050187.9048247393499535661972,0.28918146,0.09408475788034430757468,0.207081,0.067373495336179503198,20054.445145,6524.68389879479614623091,0,0,0,0,0,0,0.562073112344,2.56833856129,2.5195078343662547,2.258974382501,2.216025464916064,0.00001952693720855956,0.325348512592558,-81.74046541350442,-7.057319891520734,0.324465627177508,0.0000194579996280386,0.000270450552944383,0.313042171933101,0.324465627177508,0.040782117664,27875445275.356304,15772504486.013011,1834687904.474393,20717978112.756158,26244482601.578906,9999446665.471218,27197481901.804518,27429580287.203011,27789025154.815688,4622078003.484765,13521759507.055942,27875445275.356304,61.3137472797,25203046206.615383,33626213177.480197,33788748587.944641,18992508133.938258,32606173619.059986,33777424716.053996,10597266995.872338,29749052794.393997,33790102596.245501,33790102550.477275,33790101848.990045,33790075863.883356,33786081922.891823,33742259931.776912,27771098164.913525,31505864308.492414,33323722982.01661,22151575346.244209,33788841633.872653,33778392705.523673,33639005090.477658,25394837721.376707,29881301084.258607,13131766778.66475,32669798330.112599,19220213057.644773,8524885390.611441,32790175491.479312,29030591033.746359,33790102598.459753,29719982132.600981,69349,0.802650462963,204389,13156405120.315537,4280416836.959774038714877973646,65577.02321492,21335.38696322186792122656536,167.078905,54.35887322734330178899,197.146223343354,0.04633195390147837,0.05747926885118748,0.3248,coinbase-ada-usd-spot
2022-11-19,55196,8248,1245092,3275565,862,349426,2387848,146,58190,4109511,4099173,4090916,4073405,1849378,23218,2847783,158919,4028137,746726,2777,1288990,8907,2420737,62816,222,3306959,371429,939,1668903440,4059,28058.720374476472,6798307338.202799729308366273388,0.551652067394,0.485174466293,11092656281.082460887528447527512,11504512442.2580443972241413962,9755920278.474016785665447959654,20108066182.8957624315639349009617,0.30751277,0.10094970426032955943361,0.218038,0.071577097814551689934,18095.896225,5940.486218635291444353925,0,0,0,0,0,0,0.561894369863,2.793847491592,2.5453245510121865,2.457171006432,2.2385966691193975,0.000019662075257437793,0.328278088289893,-82.35973737480087,-3.3037300646440375,0.325348512592558,0.0000195269372085596,0.000268998947541544,0.314957414789369,0.325348512592558,0.040905186724,27874019345.813611,15837572375.261478,1440802049.163973,20708989057.470716,26239609494.222181,9417587241.403629,27195967991.957424,27428151952.558705,27787568433.783005,4307941642.846145,13589310865.921408,27874019345.813611,61.2865590165,25188662597.970616,33626258366.66036,33789070802.168418,18986649835.924593,32603335475.983495,33777733779.498794,10554401325.199344,29739190435.992337,33790425483.896332,33790425438.128106,33790424736.640876,33790398744.6718,33786402239.672415,33742552164.77921,27758838938.923324,31499568995.725701,33322987936.326882,22138993929.344137,33789171271.309668,33778788482.835442,33640331063.239271,25399793353.330527,29887235628.695602,12992838184.676278,32673783263.326583,19232222389.132404,8518333266.52497,32786637301.01656,29020525395.736311,33790425486.110584,29718463176.436078,58846,0.681087962963,173703,12094584828.913723,3970387186.295739583209909901639,71210.21098507,23376.75192889871783925489751,189.746599,62.289650779228922823907,197.366597791508,0.046150643652641286,0.057263861462042,0.3257,coinbase-ada-usd-spot
2022-11-20,76568,8253,1248417,3283042,864,350367,2393348,146,58263,4118127,4107789,4099532,4082021,1854112,23223,2854178,159310,4036756,748905,2776,1269654,8569,2409090,60400,161,3296407,360533,898,1668989920,4161,34968.073299687575,6450229869.622474790585281141446,0.524802932213,0.461546400642,10532717178.583716061833902606163,10923550065.9220088288187465426,9263167951.930186901725719926739,20069851999.8273229228123197639603,0.2745943,0.0855911770858869734127,0.211385,0.065888807481802127265,24427.085524,7613.934458132562085045236,0,0,0,0,0,0,0.561555464417,3.48778187127,2.42897487560176,3.067386003582,2.136201119068053,0.000019185293695208626,0.311700487176489,-83.76034296137342,-10.670869025608583,0.328278088289893,0.0000196620752574378,0.000269388165330873,0.317676567420188,0.328278088289893,0.041035220763,27873709785.062655,15829260162.463009,1427230108.919666,20693679140.675414,26238252534.712024,9366726443.620525,27190366852.632178,27427555919.711339,27787215911.259954,4290061625.198999,13586911413.392811,27873709785.062655,61.2399417952,25173250698.238735,33626605761.417383,33789790772.604681,18975603600.663348,32600729101.15116,33778429006.283729,10529931304.518173,29727503752.309609,33791147627.978415,33791147582.210189,33791146880.722959,33791120891.742753,33787115226.80184,33743198447.638226,27743567474.727103,31493736254.080223,33322647913.577096,22122742140.290526,33789834814.675629,33778947352.816799,33633597236.596557,25277201018.035286,29797843535.012303,11018877383.192809,32634198793.56538,19087205993.480244,8493116744.646501,32783903022.398244,29009677709.044537,33791147630.192667,29718169630.852251,88957,1.029594907407,233034,9688434907.164794,3019889880.540968267385285328266,43431.32623959,13537.56554760123301702899951,76.794918,23.937013353278524282902,197.555581335483,0.04627009748166639,0.05772745603866692,0.3277,coinbase-ada-usd-spot
2022-11-21,92040,8246,1252305,3291012,862,351469,2399832,146,58425,4127634,4117296,4109039,4091528,1859397,23294,2861420,159769,4046260,751344,2773,1263984,8415,2408509,59611,151,3299169,357106,876,1669076250,4147,40433.670122980468,6303334250.905676075317026072052,0.513913459081,0.453011077119,10287471360.064923593227314302504,10668582906.4544594795018077704,9068333197.544020714543920492736,20017906085.7069286096649179521894,0.27559588,0.08389829495872899818128,0.203077,0.061821729865242574612,28016.526335,8528.93298032187097889126,0,0,0,0,0,0,0.560669755029,2.963232400291,2.3793133574574763,2.612068389508,2.097347885754443,0.000019294253632817967,0.304425069629956,-83.5605272032489,-13.36346785458059,0.311700487176489,0.0000191852936952087,0.000273507140224317,0.301624548228936,0.311700487176489,0.041186889595,27889195305.588744,15844825934.878073,2089034819.912102,20705700284.696317,26252707939.531518,9058344132.533586,27207461639.894345,27444712885.736596,27801961726.821497,3990964132.488237,13614301955.309651,27889195305.588744,61.271949445,25143063263.950485,33628176210.845292,33791754748.159037,18946777459.328864,32598865728.702323,33780371223.480743,10503460838.744755,29716687803.562518,33793114909.674782,33793114863.906556,33793114162.419326,33793088170.610082,33789073313.134047,33745072452.491176,27727741103.599746,31488244861.790705,33323317608.448746,22089390785.332282,33791781949.340742,33780660172.106367,33632065756.935173,25199346747.452046,29756164387.703191,10669152009.615842,32617640059.282442,18993417915.490333,8472076699.169349,32781761417.207416,28995857539.306874,33793114911.889034,29788391634.654256,101658,1.176597222222,288254,11404139246.241695,3471705884.10684193405738821542,44023.1112932,13401.7387207597123286190992,89.3908905,27.212828064746272315818,197.716361587666,0.04628803349194712,0.05780132740220327,0.3117,coinbase-ada-usd-spot
2022-11-22,107559,8242,1255876,3293609,864,352188,2402949,146,58440,4132385,4122047,4113790,4096280,1864127,23299,2863881,160020,4051004,753500,2772,1277525,8561,2418865,60597,162,3307682,362572,896,1669162627,4223,43843.373194411556,6460052087.801587930836052305028,0.529476110118,0.466554033819,10536607124.197709776310694088246,10925385804.6167357238673145292,9284453939.71312717900982312529,19900061443.4861495010709725656447,0.29610237,0.09231076350544486432206,0.205805,0.06416029930202206859,29202.503993,9103.964415633121503236534,0,0,0,0,0,0,0.560851476367,1.856178848119,2.431075497743035,1.635593584927,2.142170455508847,0.00001927626306173764,0.311752869473638,-82.47077070809384,-13.831756103579886,0.304425069629956,0.000019294253632818,0.00027484067586331,0.297221253975613,0.304425069629956,0.041325779728,27880747982.307052,15885420832.858995,2728961248.816228,20721708508.116406,26240699832.348665,9056047228.822034,27198924675.427392,27435942806.858143,27793477327.179203,4416152697.748,13664863567.357071,27880747982.307052,61.310552929,25136726087.647579,33632861488.328112,33796584026.512605,18955628769.296655,32599845821.426959,33785212953.905082,10495722376.050617,29710980836.54931,33797947525.863565,33797947480.095339,33797946778.638753,33797920778.453421,33793903482.236442,33750016674.672333,27720973474.682493,31486514325.786841,33327123681.076675,22087248333.860719,33796630443.223278,33785737026.714942,33639987936.771352,25241673791.360056,29781984542.621012,11016986803.722817,32634034927.66122,19060689937.70173,8463836132.763938,32782239084.321234,28991629790.154249,33797947528.077817,29781454635.490455,98623,1.141469907407,311282,18208346443.730202,5676504252.203002328365023414876,61274.43459385,19102.4808100074879078119263,122.073938,38.056900459446977846444,198.057567049717,0.0461174263225253,0.05769981552058501,0.3043,coinbase-ada-usd-spot
2022-11-23,87896,8254,1258802,3298300,862,352981,2406718,146,58461,4137816,4127478,4119221,4101711,1868180,23296,2867510,160273,4056403,755398,2770,1289347,8697,2429607,61543,220,3318537,367855,906,1669249028,4246,35725.481865284974,6590329241.07340883739542830208,0.540666714768,0.476463177581,10751330871.0119687573121384752,11147859995.112888681218656188,9474622961.07824646542091524528,19885320433.7390153882189845661792,0.3056992,0.097243254575818881344,0.206773,0.06577472063520544886,23260.957756,7399.33646127983553129992,0,0,0,0,0,0,0.560228111095,2.030990801842,2.475277056672731,1.789813030194,2.1813408142255595,0.000019192706911449152,0.31810110911582,-81.82890807970402,-11.118241695140018,0.311752869473638,0.0000192762630617377,0.000274726952099087,0.30245493215985,0.311752869473638,0.04143320878,27885867002.673355,15901309621.2511,2163089148.848546,20717718524.753344,26242933543.558814,9091571846.301625,27203537074.121169,27441019754.246236,27797198532.233841,4229047180.201398,13674612001.670691,27885867002.673355,61.2977995017,25128450634.462109,33633168734.501834,33797105563.917043,18934853142.650502,32597573756.288434,33785730903.394544,10514755478.168376,29701521243.163345,33798470241.715108,33798470195.946882,33798469494.490296,33798443463.224189,33794418969.062642,33750552749.826942,27710016624.546213,31481161716.781224,33326793042.241488,22069087779.961526,33797171577.636835,33786476550.558478,33643121665.838628,25272747482.083786,29801916526.772161,12890889172.680137,32646027679.252123,19077905486.311414,8479757013.602645,32779360618.667757,28983912252.832132,33798470243.92936,29784941609.960104,76091,0.88068287037,231538,16641370415.504759,5293638386.37925815420149218738,73952.19448623,23524.2750876185913944651586,142.897423,45.45582874609248653186,198.391595040632,0.04593925327930356,0.05786821395859076,0.3122,coinbase-ada-usd-spot
2022-11-24,71501,8259,1261274,3303297,865,353581,2410587,146,58476,4142506,4132168,4123911,4106401,1871675,23291,2871982,160465,4061085,756797,2759,1289006,8666,2431539,61274,219,3321606,366980,901,1669335188,4133,44628.350350834745,6560682881.052756852106111514075,0.539017746189,0.475840423316,10677208542.518267239944803623878,11069590434.4205098653888485826,9425751691.155590491158857141896,19808640101.3975458982698961812274,0.32741069,0.10341846448597397948141,0.216453,0.068370513172256305317,26214.136655,8280.199283308636712197295,0,0,0,0,0,0,0.560432666937,1.637399587438,2.4510430735582407,1.44548285902,2.1637606218598644,0.000019047079633659034,0.315867708797089,-81.0387290456305,-21.608928620532282,0.31810110911582,0.0000191927069114492,0.00026885569502134,0.305398644187541,0.31810110911582,0.041521921882,27891950966.043046,15977944883.439466,1730013067.788968,20770350049.511675,26244124683.926079,9165841013.017166,27208176993.428391,27446831378.944168,27803236323.58863,4167702867.215074,13753717525.076143,27891950966.043046,61.4456751962,25125232441.584402,33637219813.969669,33801421472.890229,18944185468.370383,32599379779.195564,33790031297.516546,10502654757.184767,29698476781.579965,33802785927.31305,33802785881.544824,33802785180.088238,33802759140.950548,33798731327.373154,33754824148.024017,27705400110.579508,31480616117.063431,33330130007.741342,22053802347.360245,33801481409.317111,33790716124.188998,33646288084.225653,25258204299.89271,29789941327.805733,12847268809.851351,32643188813.650506,19061844820.254439,8468459592.460088,32780886828.59014,28982428938.581337,33802785929.527302,29840820788.713864,80065,0.926678240741,234817,20644188620.088431,6520832559.402271120283815377359,91240.94105656,28820.06700002585603031235384,209.835734,66.280332522335427378326,198.659294513769,0.045898922574247894,0.05304381875794246,0.3181,coinbase-ada-usd-spot
2022-11-25,68043,8254,1262861,3306699,867,353958,2413297,146,58516,4145357,4135019,4126762,4109252,1874732,23298,2874998,160632,4063903,757830,2754,1289371,8643,2433270,61175,219,3323916,366785,904,1669421687,4163,37781.874849867884,6533330504.208911399831378469696,0.537957635571,0.474788812161,10644279918.888671047237909176954,11034700751.3492115224238669822,9394392206.428480800087198330537,19786464983.5989394024127999637629,0.29830481,0.09392787428991542455023,0.215617,0.067891786494387046911,25576.058193,8053.188209682792078830319,0,0,0,0,0,0,0.56030197353,2.453452628051,2.4406299521580057,2.165359838659,2.1540428451756584,0.000019057301312294425,0.314872141317183,-81.31719985476288,-21.935592101721745,0.315867708797089,0.0000190470796336591,0.00026263511629763,0.303217198448627,0.315867708797089,0.04159367178,27886603425.72948,15981964694.917818,1639130432.180944,20749153852.984512,26234992903.608183,8844757648.392564,27202609532.028126,27441364439.370704,27797851020.155416,3842675089.831876,13720157410.108427,27886603425.72948,61.3787926848,25117257119.810642,33639263473.111601,33803722636.915036,18941056583.814267,32599747085.147775,33792326188.47178,10507029442.920436,29695515290.721733,33805086323.813786,33805086278.04556,33805085576.588974,33805059505.093849,33801030353.497824,33757137079.512415,27699967174.628936,31479715047.952257,33331817204.835733,22043288377.010896,33803779113.002702,33792980016.529689,33647945614.731695,25244554099.031964,29782580290.232411,12851643495.58702,32641750454.763356,19061904187.837828,8469616913.881818,32781092755.41718,28978909273.959998,33805086326.028038,29835577600.258839,85738,0.992337962963,244284,13778577152.674444,4338490092.366616495281342171252,57140.46341411,17991.94007105696891658765213,164.771711,51.882021471066036610113,198.798839500378,0.04582661568433982,0.05302449803340916,0.3159,coinbase-ada-usd-spot
2022-11-26,65421,8248,1264545,3310559,867,354289,2416184,146,58561,4149863,4139525,4131268,4113759,1877513,23312,2878513,160793,4068407,758861,2752,1288920,8606,2434462,61025,219,3326983,366133,899,1669508032,4252,38711.023047977422,6496816471.47644220093704975955,0.535654112076,0.472670359216,10593225358.385111716582908286232,10981391073.0318016518133091436,9347643418.615710795438165393926,19776242018.0711789566748348978547,0.31272988,0.09799420948070286078952,0.222437,0.069700848458289633998,25092.820019,7862.859351346472999029826,0,0,0,0,0,0,0.560260621668,1.713254502759,2.4140766939801535,1.51180510518,2.130222605210131,0.000019050264304096962,0.313350964355254,-79.674162037836,-19.443293429130136,0.314872141317183,0.0000190573013122945,0.00026259874295991,0.30242042430246,0.314872141317183,0.041668076735,27881655062.171912,15972805734.894299,1869492874.142499,20733354004.013325,26227928276.881725,8784677455.272571,27197346992.775619,27436221472.985551,27791849282.768115,3773182657.635683,13714159675.346372,27881655062.171912,61.3299184307,25107865349.426678,33640206770.068347,33804898954.146354,18940318364.654424,32598941879.198708,33793488615.740179,10507452325.374342,29691283022.172399,33806263783.128056,33806263737.35983,33806263035.921608,33806236961.310865,33802204532.914105,33758287506.992168,27693529555.179506,31477877702.196892,33332322320.526361,22037784286.236978,33804952910.071269,33794088589.692817,33648209535.598595,25225324964.665975,29772145869.575061,12852066378.040926,32637818065.174731,19045229326.901202,8469462794.171343,32780664795.362751,28974745194.472935,33806263785.342308,29831225947.714169,80238,0.928680555556,250410,19732190244.297222,6183100841.891869529269573304388,81745.48207844,25615.02564096430710645412376,158.9784505,49.816050775879012453927,199.165526112363,0.04392388325326172,0.05276172170755111,0.3145,coinbase-ada-usd-spot
2022-11-27,72479,8253,1266534,3315664,866,354777,2419834,146,58585,4154934,4144597,4136340,4118831,1880356,23323,2882898,161008,4073469,760083,2748,1290136,8604,2437567,60973,219,3331826,366228,899,1669594406,4126,38895.617789626757,6481997396.233288025076135360891,0.534850354571,0.471901475519,10573229849.056004179273563697275,10960080208.2127497666919468698,9328820153.391308987328184903233,19768575936.5990771136968465903673,0.31112649,0.09730258976901953094453,0.218521,0.068340883538768804037,23673.61481,7403.75411366359465871157,0,0,0,0,0,0,0.559941922692,3.380928633233,2.4269784817496953,2.983012345437,2.141336762334266,0.000019027836342755395,0.312742864707597,-79.72099518073088,-22.686237495404015,0.313350964355254,0.000019050264304097,0.000260081281569988,0.301248623496024,0.313350964355254,0.041744399391,27882855500.955214,15968189268.591209,1779946352.646029,20726283882.747303,26165988849.64338,8743329318.247774,27203690964.849197,27437285321.253195,27790779508.01521,3710578578.637953,13722964096.6268,27882855500.955214,61.3057456309,25102163905.882458,33641772111.667089,33806696313.394044,18930550681.876275,32598670400.374996,33795268836.070771,10505385742.028251,29686425393.931045,33808061003.243346,33808060957.47512,33808060256.036898,33808034171.736107,33803997214.831509,33760010163.515962,27688068012.498304,31476022236.955981,33333406315.407818,22026124785.688392,33806749438.213845,33795851471.511891,33649528573.475383,25217388238.111747,29764860730.027961,12849999794.694835,32636294588.718761,19038728508.335445,8465770589.582789,32780493188.224329,28971326039.838508,33808061005.457575,29829042341.584389,76090,0.880671296296,247072,9999637576.830573,3127315301.815726993233654963081,42874.56296005,13408.71364321226671004249985,143.636584,44.921316756973391928648,199.297459699158,0.04324713840891975,0.05204538410898617,0.3136,coinbase-ada-usd-spot
2022-11-28,63472,8262,1267857,3317887,867,355215,2421112,146,58626,4157147,4146810,4138553,4121044,1881784,23340,2884579,161113,4075682,761035,2749,1282480,8463,2432242,60082,152,3327634,362283,885,1669680985,4150,32983.67686746988,6337783529.463915848056788524169,0.525223632996,0.462917815553,10355870425.377678850217443003389,10733587707.9553286521411138422,9127382345.914443064962679130891,19717068644.2832198584424802912185,0.31262635,0.09575118713125257473705,0.222525,0.068154948923473594575,20863.432191,6390.051254222940292526853,0,0,0,0,0,0,0.559755134536,3.419207250433,2.3900252075174824,3.013596212844,2.106503170600456,0.00001889149888248802,0.306279963705083,-80.72570983482073,-26.8347298866754,0.312742864707597,0.0000190278363427553,0.000261301344287424,0.301532713055459,0.312742864707597,0.04179246216,27853741795.502665,15895964614.490921,1718267156.985956,20692778766.183243,26134555465.673576,9024703568.170345,27169435638.447292,27407845529.190357,27761521456.838852,4103281419.406075,13689375547.621438,27853741795.502665,61.1999114428,25100698387.425206,33645417212.272364,33810414101.642665,18926316867.333518,32601058115.098777,33798974730.155308,10506650438.126314,29685868675.931086,33811778933.966354,33811778888.198128,33811778186.759906,33811752102.265831,33807711982.404267,33763726944.793356,27686358793.143753,31476280333.753216,33336806600.257924,22022817914.709547,33810446531.883088,33799344309.902641,33650274495.711436,25167464360.160411,29734217089.495207,10704782371.808638,32624536139.120153,18986011892.459288,8465231623.57394,32782360299.246084,28969837107.164775,33811778936.180583,29800781727.606577,66736,0.772407407407,198832,9888777269.030009,3028734343.046160945589152835747,52700.76213603,16141.18751425348083604844049,165.4969805,50.6884091808408290018815,199.415487324743,0.042192255780429115,0.05145040699871263,0.3125,coinbase-ada-usd-spot
2022-11-29,60408,8249,1269022,3320133,868,355688,2422547,146,58600,4159833,4149496,4141239,4123730,1882800,23310,2886418,161229,4078366,762340,2748,1288025,8516,2436701,60481,155,3332819,364746,893,1669767381,4184,30328.68379541109,6402071339.978803009910575633287,0.530896793645,0.46796945968,10462372154.05835730350106060063,10843708467.0884876488698397398,9222264482.49435498470172058305,19706979358.8689404743279172933155,0.30874795,0.09553347894472681079865,0.217161,0.067194440711641385667,19962.098891,6176.717138027646564589977,0,0,0,0,0,0,0.560022704082,2.978399838075,2.4308790261222635,2.625369336599,2.1427463077913727,0.000018817827422669917,0.309422229183147,-80.7568502148296,-23.65514076877251,0.306279963705083,0.000018891498882488,0.00026202028420097,0.295985666383562,0.306279963705083,0.041850999277,27858626442.40532,15896802847.670395,1781632030.723852,20690405330.217621,26136815663.719998,9042167536.719748,27171147798.022178,27412569944.256517,27765582946.981556,4064249132.388178,13711105414.49758,27858626442.40532,61.1913937462,25097890090.170791,33646251036.096032,33811241076.784467,18935827462.362436,32600314792.502564,33799791543.484859,10520617776.227673,29680182872.337557,33812606744.490061,33812606698.721835,33812605997.283613,33812579910.758049,33808536650.357375,33764513511.781642,27680540523.054222,31473301893.198816,33337577389.627039,22027542197.715874,33811283054.215982,33800259374.638881,33652531079.197546,25186079403.857076,29742349487.359277,10816180163.811042,32630256841.328491,19018250398.547193,8477352547.295486,32781118858.913266,28966858023.58612,33812606746.70429,29804789742.61315,64655,0.748321759259,184070,11352608308.141875,3512749369.748373964550634980625,62659.21532489,19388.15408469427028891762883,153.477038,47.489207226386561078586,199.579609674081,0.04193512715321338,0.051411710264624884,0.3064,coinbase-ada-usd-spot
2022-11-30,57945,8251,1270944,3324167,868,356188,2425907,146,58664,4163936,4153599,4145342,4127833,1885644,23344,2890145,161428,4082459,763547,2750,1303965,8729,2450474,61965,221,3347409,372302,914,1669854100,4253,29323.092640489067,6603602265.770183315654406225972,0.548312526146,0.483182284599,10798837364.307833421850717999446,11192100412.8681066646127019492,9516118381.193339996284853320644,19694675662.8278694416174352996607,0.30703333,0.09805523803495363983354,0.214385,0.06846674335364025813,19931.375475,6365.35377629901668897055,0,0,0,0,0,0,0.559412782154,2.511059114913,2.523949034059767,2.212787820906,2.2241466359698996,0.00001859261691923912,0.319363497229938,-79.48794185739355,-21.366276804159426,0.309422229183147,0.0000188178274226699,0.000254233095695246,0.299742721697391,0.309422229183147,0.041931154835,27853634166.061012,15910915733.041663,2221660447.328634,20677385872.361194,26125757743.73329,9061751844.76395,27166100987.838852,27407531034.89613,27758531552.939347,4148597057.995674,13501567417.429724,27853634166.061012,61.151048423,25085331426.132406,33647027223.268296,33812258602.111127,18915773738.693088,32599272794.042279,33800799413.937351,10524498755.162393,29675154426.814345,33813624466.373038,33813624420.604812,33813623719.16659,33813597622.876363,33809552368.402585,33765481760.064197,27673684462.479456,31470479062.169032,33337899406.447853,22015625185.957444,33812334087.349217,33801598648.343807,33657767716.109045,25240735111.880985,29782502868.633722,12932263552.151534,32651664590.061479,19064952077.768183,8470183902.207294,32779884618.382562,28960606482.793933,33813624468.587267,29797138570.103538,64916,0.751342592593,182940,13465881495.091216,4300511007.556236934960636024608,74940.11465147,23933.13709790597547331970886,150.25609500000002,47.98631197931380735937994459876,199.798144157543,0.04186856931281056,0.051911693349804194,0.309,coinbase-ada-usd-spot
2022-12-01,66693,8270,1272799,3328560,867,356636,2429291,146,58693,4168322,4157985,4149728,4132219,1888209,23358,2894010,161568,4086832,764715,2748,1298788,8639,2448690,61280,219,3345662,369209,903,1669940040,4301,33646.929551267147,6492431040.426247114413307187414,0.539805876012,0.475602780166,10623153922.483410448070032496394,11009518809.2829070305698789772,9359663842.46446066273028064716,19679581854.4235458624998638465855,0.31846169,0.10004588049944290540502,0.2226555,0.069948022776440424669,21950.290528,6895.762385398198181353024,0,0,0,0,0,0,0.559204453775,3.199354091419,2.496347480819867,2.818831302568,2.199438455373039,0.000018521795696623558,0.314153581548358,-79.6965026858351,-21.689955659216515,0.319363497229938,0.0000185926169192391,0.000246035283981662,0.306464498100633,0.319363497229938,0.04200556722,27850461332.571294,15906638257.883882,2942491506.223418,20666423754.990233,26112651841.220491,9051446505.454099,27162813501.603474,27404174589.362903,27753804175.893535,4298465098.53192,13491536390.580703,27850461332.571294,61.1158521076,25082537034.887819,33648319956.236636,33813795114.217586,18909588607.285664,32598792470.710612,33802322212.271931,10525379040.484579,29671096208.292439,33815160945.897314,33815160900.129088,33815160198.690866,33815134089.675416,33811085526.028541,33766952594.196796,27668813574.591989,31468203915.880751,33338754214.04531,22001852123.991174,33813851247.602194,33802958298.231666,33656841331.093649,25203404073.128575,29755913907.814982,12869993091.127372,32640011715.577415,19027091025.09039,8462471728.941098,32779439408.020838,28957315848.908972,33815160948.111543,29793274347.96002,68926,0.79775462963,224484,10569371186.143607,3320405812.841030964198003047306,50716.61392498,15932.80590853779333205418284,169.8538365,53.360191076204216575467,199.902951368859,0.041866714191122506,0.051928964321165685,0.3189,coinbase-ada-usd-spot
2022-12-02,73227,8272,1274798,3333391,867,357110,2432912,146,58746,4173945,4163608,4155351,4137842,1891213,23368,2898017,161736,4092443,766045,2746,1307757,8738,2457353,62036,221,3356814,373207,913,1670026389,4151,35784.969164056854,6589160498.965258167788200727205,0.549159659883,0.483683123121,10791361349.786140971399421573505,11182676785.523136840364772367,9504702806.3011928396478920359,19650681100.8147736017813240968327,0.31031888,0.0990210778383354329944,0.218169,0.069616549050808004595,22698.274424,7242.89672138157486734212,0,0,0,0,0,0,0.558731190503,3.41386383645,2.5533351111485723,3.006827418237,2.248899894065928,0.00001868770466194522,0.319094596623755,-81.41447229476178,-17.233242877226907,0.314153581548358,0.0000185217956966236,0.000246257653481262,0.298406499103406,0.314153581548358,0.042089403825,27845180109.88247,15901996529.087829,2571892496.448991,20649552103.618191,26101424171.524743,9152018681.776911,27157555402.94719,27398898479.658151,27746893431.731783,4489790928.181412,13480648594.841113,27845180109.88247,61.0595853979,25075133551.051341,33651598652.825732,33817322731.295401,18895557110.362052,32599993506.646776,33805837276.351374,10532237224.274185,29668404661.094467,33818690329.638222,33818690283.869996,33818689582.431774,33818663461.288787,33814607766.377764,33770426166.805053,27663503343.611919,31467584974.587668,33341575571.569625,21986787064.292386,33817398815.715844,33806632657.57646,33662323326.866293,25226681233.022579,29775444819.407379,12939979798.867815,32652351043.71698,19044683254.537448,8472370238.697766,32780953009.082342,28954955747.809583,33818690331.852451,29786473687.95218,73145,0.846585648148,241752,9906279790.883612,3161040353.91406220512335940306,42198.27072905,13465.24017650621757239858275,169.329886,54.03225166951641904193,199.963795153892,0.04188494597044123,0.051750676851611464,0.3145,coinbase-ada-usd-spot
2022-12-03,58525,8266,1275962,3336722,866,357464,2435282,146,58735,4176982,4166645,4158388,4140879,1892894,23381,2900893,161844,4095478,766852,2743,1309098,8736,2459857,62042,221,3360236,373661,912,1670113209,4272,32596.889747191011,6578154301.156749468204206172783,0.549869548323,0.484094320891,10795587468.801521421581410963791,11186796929.4042369686076965166,9504222592.92772194871053576234,19632997502.2890215535363336788291,0.31063077,0.09915712023226114767123,0.222657,0.071074822753568715543,21699.11265,6926.62070138585693727735,0,0,0,0,0,0,0.558813547589,3.114554310231,2.5745395473041155,2.741992274876,2.266573912960952,0.000018888844305109438,0.319212163792599,-79.61678644197151,-17.973063222227328,0.319094596623755,0.0000186877046619453,0.000246810799378984,0.302874823292989,0.319094596623755,0.042138647542,27833574385.092184,15894824443.860804,1676149903.635425,20607467531.941417,26079835211.550915,9130712948.321806,27145355214.607138,27387266602.907796,27734430389.553501,4315034325.255521,13476703407.004831,27833574385.092184,60.9337316766,25068529274.304737,33652226507.700658,33818106732.853842,18898780234.663753,32599454179.385282,33806609605.470294,10541373925.171918,29664144526.051046,33819473981.91538,33819473936.147154,33819473234.708932,33819447111.457416,33815389087.626001,33771153204.962692,27660259244.489411,31465754686.187998,33341948878.451269,21984757239.82225,33818183105.431479,33807409228.606698,33663006595.211446,25221334797.205472,29771720633.957534,12949116499.765548,32652127507.376142,19047906378.839149,8481310947.371999,32780330300.511583,28952514518.690121,33819473984.129609,29773998835.15366,69855,0.808506944444,204609,10858527614.379908,3466174095.387898465050904700892,53706.79373153,17143.86183740448360420694647,140.692873,44.910876420527329446927,200.073150847268,0.04152276937734921,0.05168295382810657,0.3191,coinbase-ada-usd-spot
2022-12-04,53300,8258,1277054,3339917,865,357769,2436851,146,58744,4180044,4169707,4161450,4143941,1894361,23371,2903050,161921,4098539,767535,2745,1314793,8797,2464644,62573,222,3368151,376447,923,1670199374,4137,29692.412617839014,6646732641.486757362382363696739,0.555840005136,0.489395945542,10909417905.637678705113434325772,11304325853.2458741745552267038,9605326788.124167473452951678899,19626903074.3264939006465252453909,0.3628418,0.1170403624593998557726,0.2090595,0.0674354488804236561165,24578.903261,7928.314065584409225045427,0,0,0,0,0,0,0.558667698461,2.314119681901,2.6160717117797625,2.03749420581,2.3033514629434486,0.00001883957416280627,0.322565819206607,-77.29887436597723,-23.461589413300132,0.319212163792599,0.0000188888443051095,0.000257235977964003,0.303249760687655,0.319212163792599,0.042178659377,27838009666.786604,15902745266.024823,1092992418.044328,20605818241.484077,26082122036.219456,9128177225.889996,27148702379.367355,27391674577.661651,27738117923.05831,4320049066.074564,13478880034.633365,27838009666.786604,60.9265562927,25064623588.818838,33653394643.625075,33819382363.017379,18894560520.637878,32599609464.404197,33807868155.515432,10545973396.31985,29662024861.073188,33820749922.470367,33820749876.702141,33820749175.263919,33820723051.212748,33816657992.404509,33772401670.089134,27657336487.298871,31464640141.708535,33342882468.513866,21986943415.519104,33819473411.804468,33808768229.461971,33665610247.323081,25238960013.093936,29785865318.47206,12984724289.091019,32660019921.835055,19081380325.857146,8485696921.145481,32780525847.372392,28951618622.19532,33820749924.684596,29777881648.308957,67740,0.784027777778,192816,14614952800.061947,4714284222.617876737951991683829,76432.12687814,24654.39162015055473457187098,113.12480099999999,36.49019410714939153454880793393,200.265312413117,0.04151660582216603,0.04918096272576509,0.3196,coinbase-ada-usd-spot
2022-12-05,62934,8277,1279272,3344525,864,358363,2440331,145,58821,4185420,4175083,4166826,4149317,1897371,23405,2907052,162240,4103906,768940,2750,1312753,8751,2465139,62155,221,3368074,374708,912,1670286167,4242,31359.752475247525,6577051849.14715338646286967222,0.55127381417,0.485228756553,10800430834.646378845159802380192,11190585798.3944941174491285624,9506491129.14699113217452339244,19591771923.5662532509973115213909,0.31371434,0.10017535030023564900824,0.220809,0.070508791292246103324,20435.665678,6525.522447944689578900808,0,0,0,0,0,0,0.557809061553,1.794658950405,2.584830790638831,1.579650816997,2.275156552341238,0.00001882634604481858,0.319320278123836,-76.78235242606654,-25.18736401759167,0.322565819206607,0.0000188395741628063,0.000251997956979426,0.305998513682271,0.322565819206607,0.042267785155,27835553400.029248,15904218177.197904,1563310705.545935,20597037832.331145,26077482446.400127,9333212557.135527,27146457828.666721,27388831489.058593,27730260810.755072,4560268133.017474,13486206308.315549,27835553400.029248,60.8961989558,25053215922.68684,33655598975.764899,33821821973.799314,18866882565.819291,32599760163.897533,33810293323.847814,10464423887.760005,29656245408.190085,33823191240.459843,33823191194.691617,33823190493.253395,33823164360.34284,33819094053.757244,33774792532.360688,27648676097.33942,31463217914.557277,33344556959.403024,21969127467.507009,33821898455.60973,33811100493.417452,33666490132.590654,25207295862.608094,29764684885.807275,12905711395.929111,32652908687.166873,19022665233.593002,8457339947.006488,32780584384.803988,28944764299.895044,33823191242.674072,29771022325.93029,65141,0.753946759259,203991,18846584324.585006,6018096548.210811966970976803016,93230.06695716,29770.25091026418386218686576,162.163076,51.781958529736754679536,200.586549550587,0.04138768401695128,0.04901144626676135,0.3224,coinbase-ada-usd-spot
2022-12-06,61134,8300,1281208,3348955,865,358822,2443726,145,58905,4190093,4179756,4171499,4153990,1900333,23435,2911147,162487,4108567,770077,2758,1313168,8756,2467495,62077,221,3369863,374362,911,1670371973,4121,34529.438000485319,6548006015.511195107597158186394,0.549523359107,0.48361037404,10761383725.742676049123591757498,11149612186.9837608709256818068,9470601608.737760817751462337188,19583123351.1864493692558174420483,0.32622357,0.10378839006442059626514,0.220913,0.070283715595109658026,20832.963572,6628.030431426524500599944,0,0,0,0,0,0,0.556978964643,3.713913284988,2.587383686879567,3.26844521373,2.2770380400771706,0.00001863746301692721,0.318151107427402,-77.61873204270877,-21.263337551879996,0.319320278123836,0.0000188263460448186,0.000253724881552212,0.304143671815395,0.319320278123836,0.042348844248,27831830092.352764,15902162278.773762,2169509745.009216,20581433987.324297,26065098349.664171,9287493086.56755,27142707317.027282,27384928135.039483,27725879555.879638,4176242232.554302,13479603293.698428,27831830092.352764,60.8472495953,25044145078.50791,33656904831.494617,33823386706.55815,18839677831.572076,32599248392.48221,33811844331.489381,10442577777.692008,29651678862.191838,33824756456.31322,33824756410.544994,33824755709.106772,33824729564.39613,33820657462.963244,33776314023.356416,27640360422.531365,31461511681.397354,33345360985.588753,21951176214.766972,33823454903.233715,33812618991.869838,33667319893.491272,25192593702.657508,29755040874.27688,12883865285.861114,32649878516.432886,18989103061.761917,8435392181.338564,32780148319.477513,28938406414.922399,33824756458.527449,29767621069.490794,63861,0.739131944444,207277,9107578412.035458,2897586157.770980314412784820116,47906.15077261,15241.39492088996143178505922,171.174644,54.459402552091293194888,200.62610332611,0.041376624431703236,0.04827181931472884,0.3195,coinbase-ada-usd-spot
2022-12-07,76261,8306,1281921,3353053,867,359260,2446165,144,58974,4194720,4184383,4176126,4158617,1902078,23483,2914212,162712,4113185,770614,2761,1302782,8590,2461529,61030,157,3366532,369246,895,1670458443,4216,39539.309772296015,6382142252.458038034026902513792,0.537113294313,0.472405374698,10500870988.050874696089756946816,10878818091.3890044110025562496,9235794284.533501724317259532992,19550569869.0323678892605848751058,0.31786754,0.09867373632219943893376,0.216937,0.067342467043124251328,24179.230071,7505.815071585005561519424,0,0,0,0,0,0,0.556656948444,3.721095373779,2.5413937290989246,3.272801982279,2.235223126221634,0.00001842470517779789,0.310424072625344,-77.52265769605576,-23.074619478363836,0.318151107427402,0.0000186374630169272,0.000250476069546259,0.303679759733064,0.318151107427402,0.042382033003,27815697488.162164,15884922433.521336,2209113725.893377,20559430840.792918,26035580391.186948,9217731237.907743,27126638485.495264,27368194890.881921,27709327336.474124,4116634901.068531,13370434610.543815,27815697488.162164,60.7772656165,25032962093.891414,33659375345.923078,33826130981.163177,18830314127.305503,32601177574.452166,33814566449.853669,10371864122.273536,29649360980.503993,33827502160.366285,33827502114.598059,33827501413.159837,33827475259.38866,33823394755.62056,33778985222.838672,27637024459.464028,31462069056.380189,33347791915.386965,21943721705.364129,33826175534.493639,33815073737.25832,33666259471.137848,25126694675.801466,29717218921.646032,10798518920.96007,32634139306.680758,18922468218.85544,8434335246.166038,32782218161.151961,28935010928.698739,33827502162.580514,29752184508.191593,76067,0.880405092593,247693,9090737743.77025,2821983833.590091941098263216,37722.99988976,11710.12725742470194578207744,151.282768,46.961812960595067272192,200.644134503468,0.04084095133026789,0.04834813422588246,0.3181,coinbase-ada-usd-spot
2022-12-08,54592,8310,1283374,3356485,862,359725,2448782,144,59003,4197799,4187462,4179205,4161696,1904362,23509,2917393,162860,4116257,771508,2764,1310781,8699,2469315,61726,219,3374213,373023,904,1670544801,4316,30172.863531047266,6466054996.261555598424461995488,0.545033271189,0.479315541138,10647730781.243806129330455538758,11030655914.8388952713561430324,9363873934.094559360204782641968,19535928069.1531364728337401923145,0.3206885,0.100938861371285121261,0.223219,0.070259680956557199534,19965.745114,6284.352504802820337236004,0,0,0,0,0,0,0.556108599068,3.691377990521,2.5895953198984882,3.2462877637,2.277353232724966,0.000018266402858565613,0.314756723023386,-77.40438831167664,-15.467397855954735,0.310424072625344,0.0000184247051777979,0.00025185465455365,0.295341038351047,0.310424072625344,0.042433081101,27813316300.141318,15894255207.38158,1627427412.811391,20543024257.439408,26017674589.981476,9218069298.856147,27124174759.85217,27365763325.185529,27706737295.291805,3518242880.257909,13380903416.556845,27813316300.141318,60.7270706699,25023491102.495163,33660120641.610885,33827075437.429476,18812289666.556799,32600823571.711929,33815499300.95713,10373020183.307743,29645038104.070718,33828445912.990874,33828445867.222648,33828445165.784426,33828419005.117544,33824337345.391894,33779893879.324669,27632980698.735085,31459808994.727141,33348177299.201976,21934133637.514591,33827133595.946621,33816171938.43247,33669099321.334188,25150826348.046151,29734251234.914699,12783321353.85799,32644386485.851374,18949358825.65132,8419807182.347718,32781495291.841936,28930784935.635036,33828445915.205103,29749559736.644088,62259,0.720590277778,186392,9164178255.945618,2884486717.043611460583358222548,49692.2177012,15640.9596033944073707602632,178.442193,56.165879917786588125498,200.754801713038,0.040777310461387224,0.04655843097053357,0.3104,coinbase-ada-usd-spot
2022-12-09,59713,8297,1282950,3356281,861,359546,2448159,144,58925,4197830,4187493,4179236,4161727,1903932,23462,2917070,162748,4116280,771259,2757,1305745,8614,2464844,61163,161,3370757,370495,893,1670631118,4257,31853.967582804792,6401889433.835136425114221705452,0.539857810705,0.474797714018,10545311904.653368002257589034544,10924366361.8270740162752088642,9274460583.227277796777503168577,19533498813.0984596991830122694014,0.31627512,0.09859047591209370366456,0.221865,0.069160596439696772745,20952.910512,6531.520465857671483745456,0,0,0,0,0,0,0.556816338756,3.670344621209,2.576835746390445,3.228018936191,2.2662925265210343,0.000018191005455132595,0.311723779954913,-76.0492384542846,-1.2092844395180544,0.314756723023386,0.0000182664028585656,0.000245590360304914,0.298016591586765,0.314756723023386,0.042416588583,27816909209.742287,15894554480.878052,1188267650.535686,20537058272.426604,26020248183.449422,9138836874.413897,27127411682.384514,27369336974.64852,27709556495.510605,3151899550.604272,13378277124.272074,27816909209.742287,60.7083933763,25033444539.553133,33660703107.529495,33827655141.288152,18836554486.262431,32601625905.715677,33816073598.923461,10393138766.1646,29647175020.367246,33829026150.935259,33829026105.167033,33829025403.728811,33828999235.308038,33824917053.1807,33780479877.652258,27636724940.110801,31461019923.662434,33348859199.408915,21947870730.477729,33827702902.188938,33816623411.545144,33668209611.648002,25137794844.730993,29720880342.169343,10947354123.66474,32637689184.783029,18941562955.584657,8442326488.982984,32782789532.398114,28936797805.680635,33829026153.149488,29752175418.149729,66249,0.766770833333,197660,9216852814.766236,2873112198.707010659432714717468,46962.99209955,14639.48141526444187420758915,190.837487,59.488582804736570223631,200.893560287014,0.04012559328739191,0.035470475714023425,0.3145,coinbase-ada-usd-spot
2022-12-10,49843,8262,1284112,3358843,862,359777,2450083,145,58876,4200561,4190224,4181967,4164458,1905731,23422,2919365,162791,4119018,771969,2754,1307840,8599,2467377,61220,163,3374359,371214,895,1670717643,4281,28312.421864050456,6422806272.113782343703354066042,0.541546125984,0.476330766369,10568098881.63417888903958188928,10947643252.5589007492822645892,9295442064.528719380236052245792,19514679128.0823734950292479428706,0.31421181,0.09815599249535602824378,0.223219,0.069730932420461462822,19061.973435,5954.73136873033502862303,0,0,0,0,0,0,0.557518970221,3.493263470721,2.591097856962298,3.072589362752,2.2790664889381844,0.000018242470411183553,0.312387979609538,-74.49597965872567,-15.047169412549758,0.311723779954913,0.0000181910054551326,0.000246771416339384,0.295744667034341,0.311723779954913,0.042462569248,27847650149.326549,15937995094.654032,1135021480.622645,20560350241.842909,26045269548.392344,9131700819.985314,27158089169.518409,27399804817.24317,27739509485.155584,2861380675.219553,13418175353.643382,27847650149.326549,60.7754180203,25030945580.338492,33661557286.123776,33828672044.759623,18860890912.136104,32601282214.833062,33817082294.168392,10427793744.030969,29644054270.95057,33830043313.932331,33830043268.164105,33830042566.725883,33830016405.122131,33825932368.586795,33781479216.855158,27634443748.881996,31459484036.5711,33349427466.8618,21965613380.201937,33828723143.598302,33817651640.743865,33669363252.398284,25141687545.548535,29721167993.161369,11014052623.217056,32638912226.799584,18969101908.530764,8435723833.11795,32782593895.867435,28937511862.134997,33830043316.14656,29756081127.536784,60666,0.702152777778,175265,9684366381.092226,3025279647.587933607949447251588,58865.49669083,18388.87357996032865450513654,181.585365,56.72508529901051521137,201.030283138261,0.03958987788104834,0.020501906730111912,0.3119,coinbase-ada-usd-spot
2022-12-11,59136,8272,1285365,3362382,861,360045,2452537,145,58925,4204504,4194167,4185910,4168401,1907654,23442,2922553,162927,4122960,772716,2748,1301920,8496,2465071,60562,154,3372835,368032,882,1670803993,4167,33008.986801055916,6313378177.266100081630108302396,0.533437444495,0.469069404819,10396543774.658316113671137615428,10769631744.0316573924979357724,9142029024.9261780713952601316,19489715020.8403453656781799815997,0.32513954,0.09991813468103272647644,0.224481,0.068984912728033346766,20997.186611,6452.613298649174197711946,0,0,0,0,0,0,0.557107150289,3.65923059281,2.5684626229566594,3.217683973967,2.2585351783679193,0.00001797718419863527,0.307308470329486,-77.18888983020992,-12.772495533679402,0.312387979609538,0.0000182424704111836,0.000246601690895425,0.296295943385672,0.312387979609538,0.042517887035,27842440197.142693,15919694825.408631,1545317219.895557,20544107262.963186,26038286680.332937,7353240572.449402,27152856739.930146,27394251372.049684,27733613327.198549,2863801595.625434,13409175057.588134,27842440197.142693,60.7257403432,25024479003.680477,33662289482.620289,33829598360.164258,18847475531.479488,32600748762.576309,33817995360.051109,10419350971.999426,29641024200.652085,33830970434.466169,33830970388.697943,33830969687.259721,33830943524.715166,33826857250.030794,33782354220.611885,27630037845.776848,31458010753.357685,33349852646.668481,21948757835.258162,33829633106.978153,33818411119.968751,33667780746.526529,25098778849.483963,29695316967.153623,10715697415.600856,32627246180.390811,18916911448.724572,8427090393.692795,32782440200.602504,28934214748.300767,33830970436.680398,29748704990.5406,64579,0.74744212963,210812,9245378113.955824,2841183005.817472574284128626464,47065.13161689,14463.51360304239401422261854,162.648194,49.983167699993482848284,201.137194090164,0.03939592990446431,0.019377321468358612,0.3126,coinbase-ada-usd-spot
2022-12-12,89573,8267,1287834,3369678,860,360775,2457610,145,58997,4212626,4202289,4194032,4176523,1911364,23477,2929352,163245,4131071,774275,2749,1303530,8470,2469645,60550,152,3379818,368390,881,1670890458,4176,47060.275862068966,6303654379.91254715393416589955,0.532928553744,0.468719151241,10375624419.639157595428813062607,10746596011.9316482432006295154,9125526934.913668233980835551576,19469072067.4482989932859890762511,0.28850837,0.08847142404230349340397,0.211385,0.064821453780291795185,31886.522174,9778.038760158906504041294,0,0,0,0,0,0,0.556661842563,3.087388742972,2.578213806141179,2.715407573853,2.2675801070222095,0.000017833195098005294,0.306651152069881,-77.28874024359727,-9.467434692109004,0.307308470329486,0.0000179771841986353,0.000243302866392315,0.291831661552122,0.307308470329486,0.042611173425,27857078247.825322,15918876214.126845,1888862805.836261,20556434689.26555,25851032155.213658,7417554173.135755,27167409158.86286,27408585807.489336,27747610199.768865,2987913776.325164,13421417290.736158,27857078247.825322,60.7544579966,25012941604.928582,33666208953.231203,33833895524.568904,18834803548.558055,32602514622.182527,33822253812.291468,10430045365.550013,29636431518.456335,33835269650.628018,33835269604.859792,33835268903.42157,33835242730.118825,33831150729.246584,33786527275.906235,27623644510.38522,31457618782.671734,33353199545.520038,21940487454.453423,33833929256.295513,33822653454.34875,33671421557.208465,25080356857.177124,29687993682.362023,10660946588.787683,32627802273.129761,18904236470.536362,8435653131.134383,32784480368.221572,28930323471.064336,33835269652.842247,29758658571.203096,110522,1.279189814815,331509,10959186701.013854,3360647227.614816822913357131374,33745.23491029,10348.01516210919591484597549,102.17842350000001,31.33313128295920547911502069881,201.336801863884,0.03869044554982814,0.018231537285476534,0.3075,coinbase-ada-usd-spot
2022-12-13,70241,8265,1292940,3377997,859,362287,2465328,144,59182,4221076,4210739,4202482,4184973,1918200,23493,2936896,163890,4139502,777548,2750,1316850,8593,2482755,61544,161,3393467,373730,893,1670976828,4205,33068.463971462545,6426089734.581689305823608833852,0.542624723563,0.477730487625,10565974600.912522426699942540806,10943492161.0832375167211617548,9302355714.966453236579273877942,19471974169.4124590892604774032115,0.31066936,0.09701257483365497658192,0.220941,0.068993142086244244302,22684.144863,7083.567240294497070921786,0,0,0,0,0,0,0.555520416403,3.29401111747,2.6425392604659605,2.900069733379,2.326509491088097,0.000017567988408785374,0.312269529359622,-74.59944336190433,-4.795804387732348,0.306651152069881,0.0000178331950980054,0.000240552170219231,0.290613224754868,0.306651152069881,0.042806526747,27887752462.895889,15878290539.109853,1594460733.168916,20578664039.875466,25877278199.426611,7457833524.778726,27198116489.093272,27439293816.706529,27777959333.346288,3133313044.830202,13440989350.19489,27887752462.895889,60.818712682,24981580913.586824,33666590242.355652,33834698807.570895,18796629379.895073,32598585805.701115,33823052971.578384,10353691524.836798,29619348833.538741,33836073029.248044,33836072983.479818,33836072282.041596,33836046090.223927,33831948734.509028,33787264254.97347,27596935707.625609,31448576127.70089,33352420359.3292,21908181134.438757,33834749763.51819,33823626877.922974,33674458322.044299,25089378760.580147,29697065565.318702,10907354486.454185,32636244217.695255,18908072911.910013,8406226392.683259,32778855352.975242,28908844510.176662,33836073031.462273,29789508230.415561,73017,0.845104166667,223085,10271997217.014626,3207631736.540504230308387831372,46904.05863768,14646.70831584444662811975696,145.170754,45.332403028361462894988,201.520007034932,0.03778508726909419,0.01779576019569799,0.307,coinbase-ada-usd-spot
2022-12-14,64285,8263,1297139,3385675,856,363390,2471623,144,59314,4229279,4218942,4210685,4193176,1923825,23502,2943845,164329,4147699,780181,2757,1315188,8498,2485160,61076,152,3397528,372042,882,1671063250,4327,31198.417610353594,6336926319.387953396133941620272,0.536144242984,0.471959216794,10424551266.72909492679854576236,10796553543.9687598932093261336,9176566037.323514378320385140212,19443557220.1882399928858041493637,0.30045628,0.09256357216471755695312,0.222437,0.068527651682312245948,22248.78724,6854.33242822279221237296,0,0,0,0,0,0,0.554799050451,3.675423772634,2.616069038878199,3.235416863685,2.3028838056638734,0.00001729822848556618,0.308076676462604,-75.63877589646958,-7.087446144411101,0.312269529359622,0.0000175679884087854,0.000236495818247657,0.29374817815683,0.312269529359622,0.042968933061,27883024634.804528,15851294421.936206,1387575788.472655,20569315380.020868,25868889969.147874,7232375162.829117,27193750057.379301,27434857222.161994,27771309686.892945,3136834959.801633,13315802221.066542,27883024634.804528,60.7884805518,24961573962.318239,33667689926.50723,33836146936.911732,18773024983.798715,32595919009.17356,33824483052.097509,10336366200.93195,29607933847.528867,33837521833.017861,33837521787.249635,33837521085.811413,33837494887.938432,33833391928.041263,33788647274.020617,27578106227.655111,31442109544.166264,33352571262.020382,21895154519.369552,33836186241.398038,33824931607.794167,33673669188.310505,25039397604.015088,29666308048.567771,10599188449.686325,32624585542.725848,18858711262.685768,8406294145.732671,32775513934.014143,28895360848.028207,33837521835.23209,29786630207.423103,74050,0.857060185185,222103,9206427320.61971,2836285531.03103662111192032484,42137.03191767,12981.43674919443877816181268,133.456432,41.114814023117511268928,201.678897502095,0.03770230454458905,0.017762258600318107,0.3141,coinbase-ada-usd-spot
2022-12-15,71712,8274,1300075,3392212,854,364317,2476047,143,59454,4236152,4225815,4217558,4200049,1927428,23545,2949494,164810,4154514,781909,2763,1305634,8346,2480437,59979,143,3396675,366990,859,1671149691,4246,33555.34550164861,6161897559.20922397151720039804,0.521949013631,0.459420791996,10137797148.88538400124730840412,10499117365.260788764863319788,8923313721.44534956482016460142,19422964473.7797519963259049301488,0.2892561,0.086658066411815170902,0.205497,0.06156472646014650054,26419.495478,7915.00125217471504807396,0,0,0,0,0,0,0.55368907063,4.008576882757,2.559986501043107,3.528359127338,2.253306348113741,0.000017273320832441715,0.29958941716982,-77.09322176263491,-11.001371032818112,0.308076676462604,0.0000172982284855662,0.000235505954494166,0.288512071927459,0.308076676462604,0.04307726658,27886774367.124389,15843905752.526077,1437024538.590052,20567807826.524122,25869758726.919452,7135178754.884701,27197502074.596284,27437496024.552572,27772772595.835169,3121807993.901114,13322915763.628552,27886774367.124389,60.7814248866,24939713022.320808,33668887081.349863,33837594060.640317,18736267571.234267,32594803792.579041,33825898963.355921,10302653699.410635,29597916147.318637,33838969493.623637,33838969447.855411,33838968746.417189,33838942491.447079,33834832723.954889,33790008638.606869,27562660608.792801,31438320519.814779,33353052795.475363,21872751772.185432,33837609047.206404,33826046543.657107,33670755470.80811,24963901741.648684,29615563623.035763,10302653699.410635,32603786880.233526,18753079245.182415,8406756118.80858,32773829407.350073,28882187799.753386,33838969495.837866,29785143299.595381,91336,1.05712962963,254117,8441641631.323097,2529026496.28457515069573733254,35135.1662712,10526.123985353525826575184,146.381325,43.8542958412960016115,201.850604886277,0.03741980494213893,0.01803168995737805,0.308,coinbase-ada-usd-spot
2022-12-16,74066,8269,1304432,3399978,851,365539,2483749,144,59576,4244343,4234006,4225749,4208240,1934917,23602,2957064,165312,4162685,784644,2759,1253501,7527,2443651,54893,137,3373035,340921,785,1671235969,4053,35246.143844066124,5472651416.572592454915091456736,0.472592777254,0.415837217663,8906129621.307371828113388401758,9222639062.3608058877300803484,7836556841.581953422676368182104,18845251239.4678333973213800281131,0.31875772,0.08388602232923653715272,0.221251,0.058225621410411371626,22608.847376,5949.867742250875966513376,0,0,0,0,0,0,0.552740793602,3.287458617784,2.258516722949497,2.892654544459,1.9872824032016523,0.000015847507828149882,0.263165460994126,-78.83721476752355,-20.85785312857128,0.29958941716982,0.0000172733208324417,0.000236992887482047,0.281471326257613,0.29958941716982,0.04324445744,27884591811.510001,16069620347.70656,3406832679.339743,20795477476.030736,25830163795.192716,7922788582.545024,27195256634.826677,27435215072.696244,27768392709.206505,4393108066.435009,13552163409.786718,27884591811.510001,61.4481446967,24913292797.342914,33671762359.121585,33840943371.283147,18706030556.613516,32593906781.61977,33829251493.440745,10264017105.098239,29586068261.984545,33842319531.906404,33842319486.138178,33842318784.699956,33842292510.246695,33838181770.442331,33793341661.831178,27547393234.539211,31433243523.68217,33354942858.582009,21841133424.65665,33840847076.521064,33827813054.662774,33653514654.050089,24646918036.844064,29418458410.284929,10013408097.954291,32505744607.539984,18468010297.560247,8315586256.705755,32771950981.069522,28868734316.843885,33842319534.120633,29778059825.855604,70928,0.820925925926,237920,10294371266.315157,2709122959.944512926374041767782,46837.40387813,12325.98698335614635754986438,200.5569775,52.779669439376055814165,202.047903973046,0.038355935717312814,0.02919118498748458,0.3003,coinbase-ada-usd-spot
2022-12-17,80045,8276,1307707,3405728,852,366460,2488634,144,59642,4250200,4239863,4231606,4214097,1938956,23583,2962319,165631,4168540,786748,2758,1262865,7660,2453903,55518,138,3381551,344746,798,1671322404,4233,39057.32412000945,5554032396.173351490711417289884,0.480110757194,0.422433398283,9040735106.22136810986756580086,9361650728.5973960917476977064,7954640458.836479157441679002072,18830519772.2774292859092053242145,0.312147,0.083384490028637396412,0.222393,0.059408313682139365428,26493.788389,7077.341873359025492961444,0,0,0,0,0,0,0.552574557743,3.180309655703,2.302784706487437,2.798248102798,2.0261432481977564,0.000015925001997911894,0.267132120534996,-78.1289658012629,-17.67013262429369,0.263165460994126,0.0000158475078281499,0.000225980732676742,0.248578414714568,0.263165460994126,0.043368947078,27887300592.68516,16066842319.893911,3055504907.321926,20791331214.868779,25831517818.02594,7853581985.994892,27197902845.316974,27437724806.982955,27767764587.858739,4421554879.010398,13558220864.032305,27887300592.68516,61.4334158773,24903594889.772445,33672902877.106494,33842308052.661477,18701158786.105634,32592103306.589751,33830606067.618794,10253511499.144642,29576199806.161419,33843684119.766806,33843684073.99858,33843683372.560358,33843657096.157999,33839543521.985217,33794641420.547103,27533432832.519154,31428110756.41021,33355412854.58175,21827250519.77137,33842222183.430631,33829370413.116978,33656954322.495461,24684813664.966808,29429690503.609359,10039272607.36371,32514910487.965546,18508510930.978249,8304754305.760307,32769311981.148674,28858916338.249259,33843684121.981035,29777925780.341982,84876,0.982361111111,269181,10641631723.280348,2842721648.192363121005853058608,40310.22038647,10768.15465107075708227990412,172.981019,46.208786417774433240924,202.25677071946,0.038344384600968145,0.029300857741367394,0.2637,coinbase-ada-usd-spot
2022-12-18,59475,8287,1312715,3414023,846,367819,2496133,158,59773,4258887,4248550,4240293,4222784,1945599,23607,2970136,166140,4177223,789858,2749,1267777,7670,2461408,55636,137,3389902,346002,794,1671408765,4220,32919.040758293839,5523703630.153357108037424479974,0.48030742165,0.422675232673,9043322440.406474744683794332148,9364059413.5051097516445901266,7958212270.605853404353230492247,18828196344.210230280616402587869,0.35020859,0.09357603351864205339891,0.226163,0.060430946221726436587,21072.751444,5630.657133378015461245556,0,0,0,0,0,0,0.551489060571,5.052019510601,2.3187504414939126,4.445826622411,2.0405230862408765,0.00001592745620506725,0.267200851694249,-78.5156073009357,-17.87242254004976,0.267132120534996,0.0000159250019979119,0.000225032280586315,0.252304399424038,0.267132120534996,0.043558409787,27895756470.774398,16052084203.22837,1218221446.99602,20672477632.945526,25836986878.74483,7626116576.392733,27206360533.979129,27446092606.834775,27773972131.339366,4526582727.116719,13530010761.350775,27895756470.774398,61.0804675666,24880161832.336537,33673494130.297109,33843284976.066016,18664960704.561791,32588340541.197291,33831573357.068734,10689381804.992545,29561244489.800958,33844661730.954623,33844661685.186397,33844660983.748175,33844634703.437613,33840516906.201845,33795550297.514395,27512392937.360724,31419686130.880402,33354837821.024473,21791839054.959316,33843199305.77456,33830338009.976289,33657512928.472643,24661096859.645476,29414274769.140199,9957407744.496841,32510790833.688081,18479400421.970329,8273298952.608393,32764300513.222991,28842218944.979045,33844661733.168852,29783633622.965503,60172,0.696435185185,186025,6699234170.04796,1790041075.93603024613558618204,36621.24909331,9785.22894783967596859137419,181.09928250000002,48.38988252521740862035953388498,202.392648778842,0.03831424539413234,0.029277659733929706,0.2677,coinbase-ada-usd-spot
2022-12-19,62252,8315,1316476,3420037,848,368895,2501613,181,59853,4265226,4254889,4246632,4229123,1950623,23669,2975789,166544,4183565,792209,2758,1247850,7152,2446155,53651,134,3383541,336041,761,1671495257,4265,31515.767409144197,5223923730.607286212929454668654,0.455082050356,0.400387022892,8556935393.407288795935831127116,8860197474.3587047370091828468,7528501474.76382972933296679375,18803060649.6535428124583020825857,0.33478631,0.08464177643590509530262,0.226617,0.057294055574063064234,20652.632564,5221.466517836351880877128,0,0,0,0,0,0,0.550336956448,3.427086265241,2.2015642190079805,3.015194437706,1.936964427984195,0.000015393404031248965,0.252823290283002,-79.76135898826777,-22.98502419091068,0.267200851694249,0.0000159274562050673,0.000225030025360675,0.252232708743159,0.267200851694249,0.043702277701,27893721518.685498,16026722154.814319,2027429845.50921,20662351655.813827,25833672439.09364,7506140213.808542,27204034874.306529,27443704803.324687,27767928231.061447,4589516326.899936,13495849420.337912,27893721518.685498,61.0490028315,24862366611.272228,33674059495.78418,33844141422.637888,18626439738.426973,32585592255.125345,33832424756.494665,11449958698.723727,29549104693.521243,33845518675.392329,33845518629.624103,33845517928.185881,33845491650.204263,33841370475.97035,33796368699.582287,27500298287.456836,31412985154.615147,33354544118.754033,21763021655.150715,33844008175.559481,33830391320.850465,33648966400.422841,24433101866.163024,29322724895.851793,9802336866.652246,32465585835.762407,18307272430.147082,8220871126.524072,32760421505.926659,28829765604.000056,33845518677.606558,29777721294.334375,61689,0.713993055556,184891,9875887578.576926,2496854392.080847885918967211852,54269.67228247,13720.63710903430052158357494,201.467851,50.935764976065594768702,202.608605936773,0.03839020454784234,0.03043120592946268,0.2661,coinbase-ada-usd-spot
2022-12-20,64562,8331,1319306,3425579,848,369714,2506404,199,59960,4270735,4260398,4252141,4234632,1954614,23686,2981101,166846,4189079,794028,2753,1260941,7350,2460494,54617,136,3393428,341622,773,1671581675,4274,38032.535329901731,5352828725.175567490808567941626,0.467000352949,0.410755920839,8768639047.262409510390666243911,9078920025.9402367582499417622,7712564634.308323089887975917596,18776514818.2125124387818734912111,0.31317119,0.08113153084441459233077,0.226089,0.058571628753854563587,26556.604142,6879.872788009590921363386,0,0,0,0,0,0,0.549804181995,4.279060346302,2.2706686696732024,3.763700309373,1.9971946368827862,0.000015327611162772298,0.259064477943883,-79.11019972883115,-16.886726648843126,0.252823290283002,0.0000153934040312489,0.000216618769417873,0.238126298521331,0.252823290283002,0.043812509178,27890813722.408605,16029770823.203689,2103398805.536818,20662148541.781422,25827459954.469001,7366025868.357101,27199792763.342861,27439582215.13574,27762042813.723654,4445954506.517258,13483465467.099995,27890813722.408605,61.0451484697,24848504595.239592,33675580324.425831,33845945660.578269,18609399701.769868,32584612833.872001,33834216744.028403,12049587860.374893,29542466767.630908,33847322937.837088,33847322892.068862,33847322190.63064,33847295917.089665,33843172775.80297,33798109388.471606,27487736161.519684,31409037974.849208,33355427440.709541,21740584750.447144,33845829379.860709,33832556553.498586,33654499482.521006,24490635730.701879,29349725870.667555,9855432283.676771,32483240452.315674,18337292443.254115,8213984934.413726,32758754344.90947,28820766714.229634,33847322940.051317,29770830395.277012,84799,0.981469907407,239186,7909989624.077508,2049197332.503170953826466483564,33522.77226074,8684.55949496029058276405342,149.820031,38.813048116551367320373,202.778185354971,0.03826872260574211,0.029883965551035906,0.253,coinbase-ada-usd-spot
2022-12-21,65480,8326,1321654,3430442,850,370393,2510979,198,59997,4275668,4265331,4257074,4239565,1958852,23690,2985932,167108,4194020,795546,2760,1252687,7153,2455393,53768,134,3393984,337362,763,1671668054,4203,36179.664525339044,5222954413.807838399113463660472,0.455903737731,0.400972600588,8556878561.616319472380817673012,8859348424.2122750369031307092,7525873481.200170319314658917828,18769046738.2651573004270832298704,0.33056816,0.08356732106310251939808,0.224481,0.056748586432420825578,23565.212324,5957.263591871305063969512,0,0,0,0,0,0,0.549643107796,3.177155475577,2.2258298399934042,2.794344919951,1.9576430407242105,0.000015047085905611118,0.252799062871338,-80.27734350922692,-16.95852671442993,0.259064477943883,0.0000153276111627723,0.00021273355125848,0.243817324298638,0.259064477943883,0.043906581318,27890979623.525282,16007653876.349666,2392708711.631919,20660497529.083244,25827626089.619827,7335497611.133258,27199987448.356663,27439630891.479057,27760688966.364808,4348025923.447249,13422481713.335659,27890979623.525282,61.0380803724,24838720206.660337,33676453113.921062,33847159489.970641,18604615350.315514,32583415406.080454,33835426391.692828,12002010145.693271,29534910346.262457,33848537505.898845,33848537460.130619,33848536758.692397,33848510492.467272,33844386172.255226,33799292894.708465,27478220422.171494,31405549445.913593,33355772251.524614,21738147915.451363,33847026363.435425,33833387924.185531,33651230366.768676,24405805078.06067,29307528214.847648,9766441927.795443,32462739171.102824,18286101291.234708,8192084663.401951,32757089036.368952,28813951440.94439,33848537508.113074,29770179508.262106,71287,0.825081018519,231650,10653723989.371419,2693251440.602987246259891488622,49065.67161417,12403.75580321498608148765946,186.343246,47.107397961203203283148,202.997971460062,0.03813286346495846,0.02990178114113773,0.2587,coinbase-ada-usd-spot
2022-12-22,77844,8313,1323846,3435284,849,371090,2514780,198,60012,4281014,4270677,4262420,4244911,1961883,23681,2990055,167357,4199357,797067,2757,1260866,7258,2463958,54270,136,3401179,340801,772,1671754396,4131,42335.073589929799,5291615602.781841097389187476342,0.462750217241,0.406870442207,8678613839.281953323601932888814,8984830503.7672391947781711862,7630620838.150113295370790182739,18754424127.6226479314122708131523,0.32943561,0.08446058948248749514323,0.225165,0.057727726006378900095,26653.317379,6833.368431221410977554097,0,0,0,0,0,0,0.549317841807,3.84703777579,2.2714978919268662,3.382485632005,1.9972013352520914,0.000015247785509066356,0.256379659389243,-80.75518624412464,-17.76189267411936,0.252799062871338,0.0000150470859056111,0.000208515229517145,0.238155122506007,0.252799062871338,0.043992839794,27886313551.562873,16010042038.436309,2367568949.016045,20639763760.462594,25820920620.954276,7237945877.86642,27195368908.269056,27434502422.517099,27752613679.684372,4268806978.27425,13338440288.187736,27886313551.562873,60.9730505444,24830209576.04853,33678335562.083797,33849254705.328048,18594756836.132606,32583224533.335063,33837510019.797601,12002964191.178012,29528236606.232271,33850633312.286869,33850633266.518643,33850632565.080421,33850606289.894469,33846476888.584347,33801325285.573182,27470381742.205111,31402991698.155246,33357222180.547892,21733140433.093348,33849130831.853273,33835658927.443054,33655464188.559712,24443361938.925213,29320034617.205326,9845829069.401736,32473341243.460608,18314346629.547339,8202620187.949627,32756485284.651387,28809433242.032287,33850633314.501098,29762972836.176073,80906,0.936412037037,266192,8799142427.85243,2255921138.57024270176593341049,34342.26549064,8804.65832914523733813318552,180.9152605,46.3829928653061682428015,203.182571995707,0.03815525831357937,0.029617002069181053,0.2534,coinbase-ada-usd-spot
2022-12-23,62815,8309,1324637,3437581,853,370617,2516396,198,60005,4283048,4272711,4264454,4246945,1963107,23687,2992035,167223,4201396,797113,2758,1266572,7341,2470848,54676,137,3405567,342616,779,1671840834,4215,36566.343297746145,5349411502.372695123094362356268,0.468583061458,0.411948096467,8779176511.812206433528566474412,9088763698.8683232494919614856,7718087464.237087464613725019836,18735582298.8937951055409104802826,0.33896179,0.08790816895705061908236,0.227805,0.05908017074508874962,23671.396385,6139.06692215042068549434,0,0,0,0,0,0,0.549786389518,4.000309483288,2.3093928238832264,3.516814866917,2.030269670512975,0.000015455147463365815,0.259345364434884,-82.39435800004847,-18.470776428366108,0.256379659389243,0.0000152477855090664,0.000210691943547223,0.241808496457453,0.256379659389243,0.044033168678,27888342260.391572,16019995270.953306,1421999613.336668,20626593862.701627,25820050112.26491,7229876034.256133,27196583778.817866,27436463918.258324,27750257729.695409,3895245717.809691,13341792455.381755,27888342260.391572,60.9329530529,24832216382.931745,33678860126.935453,33849916908.756864,18610981414.237732,32582514040.505376,33838163780.779133,12003467199.88842,29531644766.726713,33851295280.977414,33851295235.209188,33851294533.770966,33851268263.385497,33847137030.916007,33801948793.684173,27474346426.427385,31404290707.512965,33357293760.025394,21735649257.397929,33849801153.286366,33836517476.189905,33657897021.457959,24479111840.116838,29339499106.424232,9885384878.946291,32481504051.764689,18342336718.547682,8206939823.423822,32757602036.478274,28814216209.796733,33851295283.191643,29759882082.546079,69835,0.808275462963,215673,8462169095.819636,2194624328.064956321833930582224,40354.36865384,10465.71844506979405541655456,185.739347,48.170638637612378180748,203.348721361906,0.03816261718086277,0.02938941288570937,0.2567,coinbase-ada-usd-spot
2022-12-24,50536,8313,1326265,3440614,852,371059,2518759,197,60008,4286304,4275967,4267710,4250201,1965167,23687,2994654,167340,4204663,798149,2757,1267968,7346,2473142,54675,136,3408547,342963,780,1671927148,4153,33013.460630869251,5374464810.378290804849483535994,0.47171235232,0.414888029786,8777079815.844115947241724208759,9086285233.0614510132435561918,7719758310.670884955162707854359,18606847526.1938380287798491468656,0.35169237,0.09118491335997002634699,0.230093,0.059657280224008224211,20229.345085,5244.956206768604301053795,0,0,0,0,0,0,0.549609503664,5.381320684522,2.3247062557232625,4.7330656606,2.044663010252268,0.00001539853985695863,0.259274642096927,-81.40612923247821,-17.91669902431113,0.259345364434884,0.0000154551474633658,0.000212601231231328,0.24408160738396,0.259345364434884,0.044092790124,27905451829.931967,16150381171.043421,1258406891.693109,20728848632.906822,25833436182.414395,7306921549.232374,27213430749.612466,27452296477.459334,27765338556.209782,3605633891.338507,13479081400.644177,27905451829.931967,61.2329490348,24830811301.66681,33679878658.470597,33851063404.324232,18605623913.661715,32582072214.283626,33839303154.478709,11947942915.139531,29527137953.033681,33852442121.928788,33852442076.160562,33852441374.72234,33852415115.025034,33848281197.554335,33803065115.072759,27470183171.912611,31402099889.199269,33357979967.727467,21731008320.262043,33850947445.093826,33837654020.803381,33658827309.283653,24478103822.936572,29334828539.627437,9829796283.450971,32480700839.674431,18344655169.405718,8204261673.398852,32756881137.0518,28811284255.027711,33852442124.143017,29774443995.895817,57520,0.665740740741,186578,6290731236.574122,1631027089.890714494581743923094,34259.07877097,8882.51038691367647077380919,186.7189735,48.4114950269180969444345,203.469885748758,0.03816113309198336,0.029413520213893825,0.2594,coinbase-ada-usd-spot
2022-12-25,40100,8301,1327073,3442666,853,371210,2520335,197,59996,4288542,4278205,4269948,4252439,1966396,23674,2996629,167377,4206891,798670,2754,1268474,7335,2474476,54637,135,3410466,342998,781,1672013538,4199,26729.118361514646,5373686141.846106638190209659068,0.471658177332,0.415027753087,8771481419.052660258161340416064,9080382604.6180064122065284472,7718318900.31800670953956923792,18597115115.5751039291388131684297,0.34842924,0.09028018060410654502992,0.222613,0.057680411221578218604,17445.155024,4520.148039910073704089792,0,0,0,0,0,0,0.549754742389,4.759477630193,2.336223823776918,4.188023025274,2.05572122119117,0.000015400219439124493,0.259106212222908,-82.18608730964779,-17.710658320229044,0.259274642096927,0.0000153985398569587,0.000212419094727632,0.243819437055479,0.259274642096927,0.044124980589,27919478018.701579,16154066701.063733,1019435746.421681,20739318041.603521,25846694641.310938,7275758286.395599,27227256173.695369,27466010862.158882,27778930719.534673,3519497457.119678,13489736398.212797,27919478018.701579,61.2631536809,24828770127.11252,33680155559.019213,33851462122.657515,18610759913.993285,32581553134.603297,33839695142.559841,11945756697.314339,29525137849.624168,33852841053.972379,33852841008.204153,33852840306.765931,33852814037.293071,33848679405.105777,33803433608.372681,27468394398.333889,31400959611.965358,33358099575.843978,21733953332.895528,33851345656.027431,33838036712.720002,33658989478.688374,24476404037.78948,29331830389.808313,9790423292.134288,32479740824.176462,18349791169.737288,8206162651.025126,32756572061.322678,28811070386.923132,33852841056.186608,29788243338.90524,50068,0.579490740741,139418,7112721959.53479,1842950445.52975934567146096932,51482.53934449,13339.44576516763685208157692,157.05714,40.69448064796297296312,203.632901290126,0.03808064117931798,0.029427142767572165,0.2591,coinbase-ada-usd-spot
2022-12-26,52619,8316,1328564,3446050,852,371510,2522841,197,59959,4292235,4281898,4273641,4256132,1968305,23666,2999844,167477,4210538,799505,2760,1279235,7636,2485025,55447,137,3420421,347668,791,1672099983,4228,32733.547776726585,5490856284.020304532901155859824,0.482401029695,0.424352302531,8964203467.98695255006608633581,9279183750.4572860682049753212,7885514639.984379038746202002836,18582471670.2241990416072871089501,0.35438284,0.09383311558837954059112,0.229961,0.060888831676554506798,20530.461036,5436.033876453245796228648,0,0,0,0,0,0,0.549435702407,5.078094259624,2.4001328724837068,4.467032321443,2.111317862369786,0.00001568601404230662,0.264778948067518,-81.79931749294578,-15.500835105989546,0.259106212222908,0.0000154002194391245,0.000212768876849647,0.243933157705635,0.259106212222908,0.044176841479,27916630410.721681,16132408897.871895,1884800672.701688,20737510757.917768,25841696001.888381,7231974587.537391,27224370077.718633,27462918705.525689,27773880906.680863,3571822957.069044,13481794709.624784,27916630410.721681,61.2531420514,24831267736.550092,33682592988.948343,33854043919.915585,18601378489.101687,32582592294.097382,33842262924.437339,11940508491.993657,29522755374.118418,33855423676.337066,33855423630.56884,33855422929.130618,33855396620.691731,33851260521.965436,33805962238.737762,27467920377.682942,31400769400.777504,33360126736.194193,21733744596.736337,33853952552.645847,33840911223.961118,33664966846.987625,24588426237.114001,29361742840.719142,9860798231.503582,32497454477.314311,18382374471.25267,8198832602.119968,32757821063.015308,28812186245.696823,33855423678.551295,29781501503.562102,57933,0.670520833333,193752,6666954559.653221,1765269215.118922539150174175478,38132.83058907,10096.77077021082735407282826,227.665973,60.281156841707955165014,203.747483770251,0.0381229554545668,0.029872888985498045,0.2591,coinbase-ada-usd-spot
2022-12-27,68083,8315,1329909,3448960,852,371798,2524828,197,59961,4295109,4284772,4276515,4259006,1970044,23688,3001919,167582,4213410,800314,2751,1272979,7461,2480266,54759,136,3417532,344303,781,1672186430,4143,37285.287714216751,5395117107.33223315287065994252,0.475323311331,0.418011560728,8810018823.851484597206358693444,9118277583.2067924872922413736,7747757433.327730748664302392464,18534792243.1595482134282136717341,0.34058374,0.08861564376527928802296,0.227629,0.059226228400236485316,23226.448683,6043.232429197202075554332,0,0,0,0,0,0,0.549572942569,4.223589031288,2.3772526274283536,3.71433296191,2.090617180657047,0.000015581107699799842,0.260187534981204,-82.92328022417897,-16.80464549543929,0.264778948067518,0.0000156860140423066,0.000216255899587813,0.248634725958878,0.264778948067518,0.044222432649,27915008113.178498,16134385038.476415,2388346516.372535,20735494141.64663,25826801901.849811,7514413918.446051,27222308883.224458,27461072639.224019,27770441486.434359,3934164686.318828,13447200139.801314,27915008113.178498,61.2384288298,24827596778.679507,33687330395.304482,33858885258.556844,18608685344.821489,32586052926.47771,33847096123.565469,11942212443.809549,29523082632.979186,33860264765.995832,33860264720.227606,33860264018.789384,33860237708.203693,33856096984.622352,33810780885.05592,27468866667.837664,31403190340.641357,33364524572.120881,21725095328.274502,33858771759.295103,33845487724.715307,33666807054.937266,24518388955.306075,29335750805.363417,9824567289.959435,32487001403.423987,18351946327.255641,8199271070.144919,32761315283.689722,28813698510.030235,33860264768.210061,29777588822.183316,68196,0.789305555556,228000,8016941164.819416,2085908159.763706143045614256864,36144.49206768,9404.34629423734049589588672,196.8532815,51.218770066446048220926,203.872877362891,0.03809503440783146,0.029941810877410997,0.2652,coinbase-ada-usd-spot
2022-12-28,54572,8316,1331148,3450960,850,372075,2526556,197,59975,4297117,4286780,4278523,4261014,1971476,23705,3003830,167659,4215410,801129,2742,1246071,6908,2460758,52177,129,3400099,330682,744,1672272824,4209,34090.305773342837,5129752420.901182518468305317506,0.460082345055,0.404554195162,8407858852.492253717693994918086,8701416059.9903187103634632854,7393099534.611392113236707025651,18274682658.1467532320238890044222,0.35169727,0.08732379667427096806837,0.233393,0.057949732954134457883,22312.378254,5539.996321187597132136474,0,0,0,0,0,0,0.54940698157,4.504345411893,2.281853295616799,3.960708017657,2.0064523957696365,0.000015015002964285606,0.248292506433931,-82.42208591923462,-18.932827524750564,0.260187534981204,0.0000155811076997998,0.000214751385672829,0.244528486797024,0.260187534981204,0.044270617826,27915657902.424084,16305170360.813683,1936011998.065281,20660117756.176326,25826099344.398355,7759562509.927611,27222975675.835019,27460735867.791832,27769114688.134815,4130044944.898107,13250607949.2887,27915657902.424084,61.011400297,24825338584.097288,33689711302.585027,33861337460.933862,18604413076.959203,32587127725.77796,33849544762.526876,11938021837.866684,29522524122.33458,33862716892.665277,33862716846.897051,33862716145.458829,33862689826.905734,33858548624.756836,33813208285.859928,27468262125.383135,31403092041.80294,33366682976.092791,21710891044.309201,33861146790.492863,33847098895.757621,33658067742.330033,24298164422.853248,29232444759.418135,9546177170.026392,32433089131.755636,18209461080.024439,8196136027.479522,32762217342.261306,28813448552.253299,33862716894.879506,29775765852.920121,63442,0.734282407407,187252,7517788668.132303,1866610591.251173405972636373093,40895.00324466,10153.92285624037217091855846,227.753841,56.549572031844997978971,204.008336628309,0.03823420375845964,0.030744985653331416,0.2603,coinbase-ada-usd-spot
2022-12-29,56461,8322,1332642,3453453,851,372422,2528691,197,59989,4299628,4289291,4281034,4263525,1973467,23724,3006128,167786,4217913,802017,2739,1238713,6788,2456718,51424,126,3398900,327082,735,1672359258,4188,36902.325692454632,5034799917.91606249970196086254,0.453053832372,0.39811345747,8261390656.33778943292855562455,8549106564.067332058355516034,7259558495.47982025534999349979,18234898517.642893810744199717729,0.34876407,0.0850797382767691650807,0.233854,0.05704784072216950654,23403.463963,5709.19071090619763393563,0,0,0,0,0,0,0.549317732124,3.764017540202,2.2568805430498,3.307567290762,1.9831959292484502,0.000014668532548169426,0.24394639699201,-81.74453115642682,-21.160674966368315,0.248292506433931,0.0000150150029642856,0.000208981441138216,0.233526246262936,0.248292506433931,0.044326596945,27901436602.8866,16310621870.721595,1393596471.64876,20638959951.849454,25808679731.552106,7696081661.608934,27208649882.697214,27445622219.539131,27752833565.276655,3564904482.492529,13212778957.297396,27901436602.8866,60.9437336564,24821057503.689608,33692474007.94061,33864218751.116611,18602973585.554262,32588463157.068025,33852421883.932862,11908879129.442897,29520449191.550487,33865598171.012226,33865598125.244,33865597423.805778,33865571097.303613,33861428820.668202,33816071912.171479,27466031052.548325,31403180240.884893,33369070746.660054,21704899639.442303,33864013087.423992,33849724889.449016,33657232615.283179,24242717587.128738,29199250272.732341,9392929319.096198,32418387889.587772,18166620209.080083,8165062627.165366,32763319768.646068,28811934688.841304,33865598173.226455,29758826467.593179,67104,0.776666666667,203405,8997194569.771017,2194833198.33171712756327857417,45003.73739351,10978.4995883213558216958551,246.21137,60.0623766099666611537,204.200148435289,0.03822885675244339,0.03062803173023244,0.2483,coinbase-ada-usd-spot
2022-12-30,54444,8306,1334186,3455563,850,372789,2530943,197,60003,4301840,4291503,4283246,4265737,1975571,23719,3008460,167892,4220118,802956,2723,1242626,6815,2460749,51653,126,3401829,328503,737,1672445670,4210,35686.984560570071,5065965611.837730793260102930688,0.455908838672,0.400886962799,8302838271.689667831809014841568,8591567259.6844981945099180512,7300800807.110066027554744058016,18211619445.3844458374129349369324,0.3442421,0.0843937051738297988528,0.233381,0.057215219484117637808,23742.721544,5820.718157391768845854592,0,0,0,0,0,0,0.549636712756,3.865107760311,2.278021977409107,3.398642841481,2.003096308402297,0.000014774171298254986,0.245158001225968,-81.88235599119734,-23.235434433680098,0.24394639699201,0.0000146685325481694,0.000203132765105265,0.228812376009913,0.24394639699201,0.044385471291,27924004329.285421,16331825070.24028,1305385863.439132,20664084331.346416,25827987284.947599,7715573136.355103,27231112438.010965,27465683685.232859,27774205111.725237,3565952963.117687,13249512698.208874,27924004329.285421,61.0148655925,24814544334.890343,33694036369.750847,33865915208.261111,18614708520.123989,32588580672.801488,33854119638.722254,11905952574.981908,29517458305.332612,33867294681.905597,33867294636.137371,33867293934.699149,33867267600.588893,33863126341.224265,33817759480.415219,27461980193.631906,31401810492.687737,33370262451.549928,21696076075.112714,33865712865.0688,33851495378.003125,33659764408.331169,24253418457.9456,29204970955.803256,9396841757.930259,32422835596.895801,18191603800.82598,8167804368.381145,32763073487.636557,28809292187.597989,33867294684.119826,29779981769.311062,68971,0.798275462963,209122,8762315770.826335,2148151820.48656137685842026728,42841.68819471,10502.98264696125297269222928,247.792127,60.748222574851218353936,204.395895337875,0.03823378520201488,0.029816862209917843,0.2438,coinbase-ada-usd-spot
2022-12-31,73120,8300,1336213,3464672,843,373024,2536078,193,59993,4312051,4301714,4293457,4275948,1979129,23701,3016167,167971,4230336,803950,2715,1245931,6821,2466556,51752,121,3411389,329291,733,1672532324,4238,34615.158801321378,5078493683.97549307404772400802,0.458577983636,0.403094367931,8327283936.58708026942659520987,8616070048.385266984353175443,7319761032.529129952590531077825,18158926581.1524978981474545433152,0.35537223,0.08737081486570269234585,0.233173,0.057327256591435109835,22061.152515,5423.892778881727304600925,0,0,0,0,0,0,0.549603688893,4.021224195291,2.294023774393798,3.534693952062,2.0164685099455326,0.000014878597249206709,0.245857181540895,-81.25702486523527,-21.739812632678852,0.245158001225968,0.000014774171298255,0.000204539808881068,0.229020189728916,0.245158001225968,0.044463852791,27919566934.766757,16341859972.318248,2332128367.608488,20656275534.220076,25820865442.303842,7333456314.844248,27226469007.458979,27461036235.505471,27766130882.345639,3562357473.858321,13258648623.001037,27919566934.766757,60.986195771,24814018110.197325,33696722512.98419,33869032562.030029,18615303166.334303,32589262125.723046,33857179496.811173,11943646609.897804,29515820014.603529,33870411609.910877,33870411564.142651,33870410862.704429,33870384535.44897,33866234550.212054,33820722551.57404,27459877453.995427,31401558901.216809,33372334776.614917,21694403437.551208,33868832128.530065,33854583242.057719,33662974562.431002,24257990406.800478,29207756049.965047,9398417523.929514,32425755998.816933,18203504047.765774,8407552345.847461,32765948960.925789,28813281035.54817,33870411612.125106,29772410903.976735,62079,0.718506944444,221980,8422910528.536384,2070833042.91708561650619142368,41387.92285161,10175.51806212883644223159095,235.808474,57.97520680109941854423,204.55662397689,0.0381647899547123,0.029854609420827596,0.2455,coinbase-ada-usd-spot
2023-01-01,64820,8290,1337381,3467514,843,373299,2538172,192,60025,4314928,4304591,4296334,4278825,1980911,23703,3018365,168062,4233214,804646,2719,1254829,6929,2473810,52463,124,3417130,333234,737,1672618373,4151,36921.580823897856,5151979777.409547696574355931762,0.465734776533,0.409318113643,8451539587.658915208241186765584,8744100390.3836140539139904148,7427764503.984773438019780802716,18146679212.1032243789653670388483,0.34535102,0.08616870292137053771244,0.230225,0.05744355302634557745,22756.905373,5678.086656572718349556706,0,0,0,0,0,0,0.549583083261,4.107947168642,2.345302516300299,3.610332040335,2.06120489657518,0.000015024641264873004,0.249510492024522,-81.80318264861742,-21.806732340654374,0.245857181540895,0.0000148785972492067,0.000205681276871843,0.22940234198657,0.245857181540895,0.044508556788,27919545456.129223,16337674798.075202,2060128068.453943,20648349236.164421,25817192488.353081,6999768861.255161,27226377709.155464,27460558403.251337,27763176457.054213,3468528710.875538,13263764153.13716,27919545456.129223,60.9590681553,24810379821.650347,33698647265.852762,33871102571.836275,18615742958.125233,32590096555.348865,33859242780.188306,11915770966.728386,29514385483.381137,33872481748.285843,33872481702.517617,33872481001.079395,33872454674.67612,33868300622.16937,33822763790.061134,27457469741.154968,31401170658.252279,33373965215.431589,21700316502.446162,33870913853.280389,33856854955.278121,33668018694.907588,24302035693.123501,29233784608.108101,9526454891.105681,32441380139.654281,18220602885.922792,8413582766.427799,32766844934.354176,28812104630.864031,33872481750.500072,29769347347.745078,65895,0.762673611111,224580,8245598192.953583,2057363262.160357986380443762326,38195.8785308,9530.2724455287844869322776,209.109029,52.174896712560039609138,204.736176015319,0.03815391086924488,0.02983151592839858,0.2457,coinbase-ada-usd-spot
2023-01-02,82349,8289,1339186,3471333,846,373743,2540849,198,60039,4325469,4315132,4306875,4289366,1983174,23700,3021343,168234,4243760,805840,2731,1271096,7175,2486295,53958,132,3435211,341169,762,1672704924,4270,43306.7,5240869447.867768901045876489081,0.47399390827,0.416641968689,8597584057.884974221373989782195,8894670689.1165558324660730362,7557300390.036131683575967248188,18138596104.0457616680364214032278,0.35604267,0.09036611267137814621631,0.234625,0.059549461264072920125,28333.519674,7191.244889938032996195282,0,0,0,0,0,0,0.549306576038,2.785220688691,2.390385402886554,2.448216761275,2.1011554427320402,0.000015208295484125763,0.253806973954493,-81.57674463836592,-20.48956689526455,0.249510492024522,0.000015024641264873,0.00020792438437356,0.232596485862114,0.249510492024522,0.044572622062,27927513667.699092,16343815243.092057,1099455452.344363,20649036416.183917,25818446322.685755,6730885430.724678,27234298396.914763,27467920321.159056,27770151444.906995,3514118529.270496,13270127454.19848,27927513667.699092,60.9574668021,24806090717.753924,33700521685.060161,33873110573.875375,18607485001.115126,32590262101.583971,33861241787.061746,11917809317.950494,29509930414.227606,33874498889.319386,33874498843.55116,33874498142.112938,33874471820.283421,33870304325.550722,33824732631.30316,27451664108.932855,31399778985.798681,33375497056.66666,21703663894.608649,33872978815.384359,33859244235.464676,33675653363.144827,24395921086.707355,29288368530.964663,9613257912.640406,32471423988.608021,18299289766.472118,8130165158.735334,32768701454.042152,28812233396.771864,33874498891.533615,29775779098.139116,79579,0.921053240741,266360,12162231534.855055,3086859182.395470367696921012115,46180.11506674,11720.83526195956894841786282,225.265638,57.173989916708248611534,205.030999719562,0.038166894664041696,0.030151145333329535,0.2499,coinbase-ada-usd-spot
2023-01-03,62038,8285,1340460,3473846,846,374046,2542875,199,60095,4327967,4317630,4309373,4291864,1984928,23713,3023557,168388,4246252,806591,2726,1269992,7126,2486505,53806,133,3436871,340373,761,1672791305,4231,38441.860789411487,5212279550.650661156360558357026,0.472638598977,0.415405650643,8554974393.535183211301123405858,8849953494.3084129938170317246,7519031902.755996954222393842183,18100456484.1999640146773926723713,0.35403775,0.08940550036764451264225,0.233854,0.059055380063213993026,25109.77318,6340.99565731609220575642,0,0,0,0,0,0,0.54909000439,4.394168814595,2.3876500736015656,3.862068310573,2.098523765260414,0.000015148758780552465,0.252530981138719,-80.89705557334442,-21.71179768524385,0.253806973954493,0.0000152082954841258,0.000208922524903135,0.237565675855881,0.253806973954493,0.044619620874,27924033516.744974,16324168058.046116,1746140145.888673,20640158792.189854,25812905120.560664,7048012854.969543,27230773425.171638,27463329009.611199,27765515741.48243,3754135403.972009,12894458881.679297,27924033516.744974,60.9268866379,24799427699.356406,33702825793.592489,33875541624.622344,18601483691.708797,32591452098.370167,33863666653.075438,11970061371.155371,29508762265.294379,33876930087.546953,33876930041.778727,33876929340.340505,33876903012.672824,33872733485.22787,33827136661.087216,27447920649.918273,31400188302.638782,33377463930.229463,21693022055.012783,33875406473.991694,33861597298.613951,33677017652.338825,24371458574.96286,29279028069.356975,9666237428.745464,32468268776.303479,18289352636.290223,8134861496.096572,32769772235.943213,28809702239.121509,33876930089.761182,29774690886.840857,70924,0.82087962963,222226,7709519483.467407,1946892519.268094404463382231633,35534.77753272,8973.63223488389000288138568,204.4315105,51.6252899222353352050495,205.175533943161,0.03806099826185317,0.029962642341458522,0.2537,coinbase-ada-usd-spot
2023-01-04,58268,8270,1341675,3476357,847,374323,2544799,198,60058,4330579,4320242,4311985,4294476,1986588,23696,3025820,168545,4248868,807389,2727,1296956,7668,2510512,55904,137,3452559,352636,794,1672877712,4286,41470.498366775548,5529606923.191099757054215072077,0.501002432383,0.440671828942,9067043606.220011080575137494908,9379451095.7972583149363742822,7975192196.264037385767907282698,18097803563.7441661469667979540722,0.35547808,0.09514017078577199760864,0.234493,0.062759718034000951719,26908.979976,7201.920722052844634899608,0,0,0,0,0,0,0.549408415028,3.912379097486,2.537312020743329,3.441251261402,2.231769461595784,0.000015885222844734203,0.267640049101683,-79.61471287595579,-16.18444945801746,0.252530981138719,0.0000151487587805524,0.000207976962768385,0.239302747408131,0.252530981138719,0.044667469498,27946176711.373973,16336069809.184807,1773465144.99362,20660610927.814719,25830635708.185755,7126566266.629515,27252929401.196624,27485365247.936722,27787263259.308998,3808473204.983213,12919153389.763291,27946176711.373973,60.985776217,24796646398.331285,33703544181.905992,33876364936.472721,18612722846.978391,32590940298.973299,33864482971.40455,12003826914.1439,29504351757.660382,33877753482.934847,33877753437.166621,33877752735.728399,33877726411.741505,33873555511.441492,33827935249.561481,27445692203.828363,31398978555.353828,33377936521.060035,21702416221.139931,33876280424.195499,33863263629.796968,33687644747.879456,24582970171.806398,29356797148.842254,9892085630.321769,32513872591.776577,18424179485.821994,8206537473.503862,32769244691.233579,28808732633.443467,33877753485.149076,29798201812.592206,75698,0.876134259259,227198,8659118311.648748,2317526850.106953312792031642884,38840.69744526,10395.32617139299985606637258,219.58068600000001,58.76858558282123957093849101683,205.357655947952,0.03832042796728941,0.0323064793649603,0.2528,coinbase-ada-usd-spot
2023-01-05,62389,8269,1343333,3479354,844,374668,2547312,198,60094,4333538,4323201,4314944,4297435,1988712,23699,3028866,168659,4251825,808369,2731,1300609,7690,2514577,56105,137,3456539,353862,796,1672964033,4227,39844.420392713508,5554853249.034780225556961213376,0.503334979272,0.442723387948,9109700818.250706339357967228746,9423132396.8821479211956299154,8012710770.236182952272229511447,18098684163.4158928456490655347459,0.35427146,0.09525880689813050665626,0.233854,0.062880179589841675374,25216.688368,6780.426647570328437252208,0,0,0,0,0,0,0.548987858436,4.216274014634,2.5556627374253447,3.708550355423,2.2479098655175815,0.000015981555801969863,0.268886482975881,-78.25972385249393,-15.48466225683735,0.267640049101683,0.0000158852228447342,0.000213102425303474,0.252294290577948,0.267640049101683,0.044731167511,27946768496.402685,16323547922.750577,2105394460.903473,20658729987.304896,25825912470.875335,7212604545.689097,27251055264.97362,27485880212.631881,27786779479.403445,3683129233.98568,12870255737.272065,27946768496.402685,60.977340089,24792344592.533918,33705027347.227299,33877966937.846771,18599354968.895355,32590847509.57454,33866076579.518403,11998358789.357328,29501471289.014359,33879355766.918437,33879355721.150211,33879355019.711989,33879328693.756518,33875158119.76097,33829501205.092547,27440745870.548344,31397464971.840397,33379018757.355777,21703778351.525797,33877886087.956099,33864914944.361345,33689871780.742975,24587203219.209185,29360072029.157058,9886846835.713947,32517067389.75624,18428953931.166747,8201959713.926493,32769044755.231746,28805603145.228983,33879355769.132666,29799604210.505887,71179,0.823831018519,233231,8035378073.518079,2160604549.569786415470974452599,37580.49383642,10104.88681617174718001938602,219.081879,58.908155928057521160399,205.500425782813,0.03828975525918281,0.03236176993524424,0.2679,coinbase-ada-usd-spot
2023-01-06,78916,8269,1344377,3482385,842,374786,2549526,198,60061,4336697,4326360,4318103,4300594,1990432,23681,3031323,168676,4254981,808982,2731,1316997,7892,2528867,57464,142,3468040,361328,813,1673050453,4267,48765.896883056011,5734908256.71707439899234963262,0.521802960193,0.459042748432,9437357959.534004982384934313745,9760732211.106783294339602313,8302273206.87887062926464129421,18086056767.5704216967416338732248,0.35065611,0.09766466981057915582895,0.233854,0.06513296943231126903,32060.137125,8929.382996905473888770625,0,0,0,0,0,0,0.549011721761,3.255279455538,2.6526260772885397,2.863748468639,2.33357964207477,0.00001642422824464666,0.278519800526445,-78.22545918107224,-10.277641108524728,0.268886482975881,0.0000159815558019698,0.000215083702720554,0.255503783269421,0.268886482975881,0.044779356421,27958714508.096277,16336215731.168409,2731838884.66749,20590666250.217116,25833344211.396735,7600428378.877609,27262981480.375992,27497090647.844433,27797839796.769158,4164863828.859725,12857197903.782572,27958714508.096277,60.7681544062,24797743159.623124,33709153694.809827,33882586093.691846,18602699457.804358,32593869893.457192,33870686459.991067,12002066967.307748,29503104620.629401,33883975003.138912,33883974957.370686,33883974255.932464,33883947926.288886,33879774237.730275,33834077916.77885,27442956551.130749,31400109437.059622,33382870424.346372,21710700361.657883,33882536161.361566,33869966107.167434,33699603654.337618,24666294402.476674,29412552336.777409,10071144502.512433,32546931873.274548,18501709970.177477,8201081360.51758,32772623518.810821,28810264707.198114,33883975005.353141,29808556487.496778,91429,1.058206018519,304098,10408929699.634044,2899093023.63586300379504429358,35198.22262668,9803.4019448683165747025526,230.530655,64.207352045830710671475,205.712808738965,0.03832608437233175,0.032987539157596446,0.2692,coinbase-ada-usd-spot
2023-01-07,59289,8266,1346007,3485358,844,375160,2552094,197,60058,4340011,4329674,4321417,4303908,1992605,23685,3034259,168860,4258290,809983,2733,1315802,7849,2528979,57187,142,3469475,360233,811,1673137193,4123,41871.177540625758,5696297960.649171075067222316558,0.51882265391,0.456329531439,9380282263.329385960765702424677,9701520185.1881747718211454202,8250410381.518903267662369851565,18079939633.7731637382243296227852,0.35757207,0.09898674826190727301371,0.234493,0.064914744488235398729,26665.221716,7381.738706128907305158148,0,0,0,0,0,0,0.548980016619,4.174884476253,2.6404736693810325,3.672012126882,2.3224238634218177,0.000016339271102352675,0.276830201704253,-77.09716780400153,-12.049471399635554,0.278519800526445,0.0000164242282446467,0.000219436128669858,0.261575665573802,0.278519800526445,0.044847140015,27954681441.316331,16328718090.71714,1904088402.343366,20576865983.483686,25821496345.241161,7435557158.889618,27252942694.699595,27493006985.810215,27792145727.569456,4060255120.985447,12850692553.974243,27954681441.316331,60.7262958698,24790791773.948895,33709645705.51959,33883216489.973733,18601971465.234016,32592726687.903158,33871311054.278648,11964139236.169976,29497456693.694347,33884605816.01458,33884605770.246354,33884605068.808132,33884578734.190767,33880404247.901661,33834673911.933739,27437209898.822777,31397906752.665914,33382962507.801799,21706692227.957374,33883161016.427508,33870502236.60776,33699078574.072605,24644986443.423741,29397017541.745593,10067129117.56894,32540499734.46764,18486687293.428347,8196879548.138273,32771411420.980506,28806276830.291813,33884605818.228809,29803144059.885105,74573,0.863113425926,234841,8116297830.746821,2246836365.577433533737961929713,35186.70986719,9740.74398984323698928815907,249.789795,69.149359333514007498135,205.888062853415,0.03807083148632173,0.032823768502181466,0.2786,coinbase-ada-usd-spot
2023-01-08,63872,8272,1347271,3489001,845,375561,2555344,197,60106,4343417,4333080,4324823,4307314,1994281,23713,3037687,169036,4261685,810733,2735,1345356,8252,2553344,59887,195,3487439,374558,842,1673223200,4150,44309.315421686747,6048579146.10925458916619691726,0.550744043882,0.48442504578,9962616641.869945379025825680295,10303602440.718783296585605731,8762947282.74040635039193638808,18089377002.8652465824428914975332,0.33428437,0.09828309896868039804955,0.225693,0.066356101110974422995,30152.450197,8865.135533737212317163355,0,0,0,0,0,0,0.54873659315,3.206785384356,2.8037046693108953,2.82063360263,2.466090696523383,0.00001723467479794748,0.294010452743215,-75.32216781479997,-5.682379192970138,0.276830201704253,0.0000163392711023527,0.000219097182053784,0.260010433655676,0.276830201704253,0.044894503375,27956380802.761782,16270584875.299753,1143999001.525717,20572667024.842164,25813308300.691739,7397661022.705362,27254634248.441314,27494636191.291943,27792603986.228348,3692328202.90227,12814638546.292258,27956380802.761782,60.7127561316,24782915656.383052,33710102609.819492,33883857804.483069,18594074679.696274,32592185583.227649,33871948662.880667,11951723100.750243,29494035846.313801,33885246419.861684,33885246374.093458,33885245672.655236,33885219326.782035,33881044554.560964,33835187887.84579,27432691486.40406,31396171160.821621,33383096171.586957,21695583117.179539,33883852497.253641,33871880731.767537,33709452399.395566,24776123039.236114,29486596770.227026,11883712982.149207,32588779606.578962,18583880860.536189,8184739646.559615,32770715859.639275,28802208324.588709,33885246422.075913,29804883469.207312,90200,1.043981481481,256791,10566733460.673889,3106730088.789609138462572413135,42457.24743073,12482.87453933962913918999695,166.523277,48.959584063053801315555,206.151844394752,0.03827771140833731,0.03484529210674585,0.2768,coinbase-ada-usd-spot
2023-01-09,70416,8268,1347208,3489084,845,375352,2555142,197,60049,4344481,4334144,4325887,4308378,1994377,23679,3037508,168961,4262747,810632,2737,1379033,8698,2578593,63233,222,3509445,390981,887,1673309681,4190,40161.45107398568,6509277843.839078309546729490682,0.591527659976,0.520296257949,10720393693.308214482293516115181,11086675016.6127770402920779486,9429450387.157606932339169276465,18123233144.7467830111113807113668,0.33357,0.10552660827901687203,0.231989,0.073390929424231331131,27248.332341,8620.151971715603279130939,0,0,0,0,0,0,0.549085956499,2.891081817563,3.007427301596771,2.542939498662,2.6452747300774635,0.000018411670563611434,0.316355212636079,-73.00587846797275,1.2699698085373692,0.294010452743215,0.0000172346747979475,0.000228866021808273,0.275853431774397,0.294010452743215,0.044894600205,27964396711.20594,16214309673.581144,1664473380.720086,20575851396.913958,25816000484.954289,7519219542.056559,27262571121.48275,27500868883.637396,27797516380.433422,3759087107.126143,12832287089.43456,27964396711.20594,60.7186455093,24793053644.397527,33712007741.207474,33885813948.147048,18606987936.392889,32593907637.280231,33873903894.995083,11970992658.478573,29496173997.246128,33887204207.18971,33887204161.421484,33887203459.983262,33887177112.021633,33882999577.796697,33837163381.08182,27436395243.755233,31398626649.411336,33384968591.036065,21707892295.565571,33885880532.706016,33874670956.638769,33722417776.077385,24933603202.604032,29600298484.744817,12773572290.171254,32645019214.903843,18743782462.769553,8204775913.161818,32773304123.488242,28807397019.469795,33887204209.403939,29806527632.610335,81687,0.945451388889,236590,11721288551.414326,3708090732.051517502062185067754,50677.45751572,16032.07784824146043178166188,242.163939,76.609824415135464155181,206.430709174124,0.038583343910988964,0.037454107869412535,0.2974,coinbase-ada-usd-spot
2023-01-10,72248,8275,1347791,3490028,845,375587,2555382,197,60094,4346279,4335942,4327685,4310176,1995199,23673,3038108,169068,4264535,811111,2746,1388247,8823,2584534,64167,223,3516717,395732,904,1673396045,4188,41591.799665711557,6631126450.425157394960930600163,0.601352549435,0.529070759195,10916229234.330906711808277252994,11288551754.9149754462324509914,9604112752.128422490735291941754,18152794470.7044583007996121143418,0.30954596,0.09970961657872111194516,0.227761,0.073365396148559325981,27917.021736,8992.511268169622492424456,0,0,0,0,0,0,0.548606487932,3.078790711287,3.061040248593002,2.708724092969,2.693107212684174,0.000018476384475932818,0.322115709663021,-71.48410161916856,4.818363554268183,0.316355212636079,0.0000184116705636115,0.000239550246013533,0.294745539641319,0.316355212636079,0.044920060134,27979094376.873267,16205278345.013395,2645199854.921535,20586162833.729103,25823335850.39623,7834518706.863484,27277175315.709508,27515539898.130214,27806767602.699284,4054894610.331271,12854739696.585122,27979094376.873267,60.745577141,24790783866.185178,33713851167.957898,33887763051.113052,18591810340.369025,32595212280.308502,33875844954.423343,11963858680.308406,29495395600.25786,33889155064.922485,33889155019.154259,33889154317.716037,33889127959.984779,33884947090.209523,33839150034.478849,27432950819.769649,31399089641.381182,33386735524.128586,21705222688.999144,33887849508.521815,33876790707.189951,33726966618.365295,24968283852.436361,29627357546.009976,12797957953.846264,32660474140.67196,18781772639.979466,8199985154.350315,32774477248.718967,28805455357.418122,33889155067.136714,29815722934.394274,90187,1.043831018519,286386,11007294176.541732,3545622375.146378363492863692372,41846.07428567,13479.27791514008660898920907,175.777079,56.620558544577905695659,206.646236573527,0.03859660337223332,0.037448748438791236,0.3167,coinbase-ada-usd-spot
2023-01-11,78389,8272,1348512,3492942,844,375604,2557122,197,60039,4349550,4339213,4330956,4313447,1996494,23645,3040440,168971,4267807,811450,2745,1387322,8798,2585170,63950,223,3518726,394851,897,1673482577,4156,41559.65760346487,6602034319.104458049886687827672,0.599630176753,0.527568152861,10876089369.42598382069193669618,11244069684.8397949620511874952,9569028713.739935225122518264468,18137995369.6042731637898093842642,0.32005621,0.10268889111893016515988,0.226001,0.072511613137483994628,26953.213616,8647.842259703975132806848,0,0,0,0,0,0,0.548737397928,2.749712430827,3.050253737160164,2.419259010419,2.6836820297862847,0.000017991007608181308,0.320846426066628,-72.92790479530412,4.6291278871543735,0.322115709663021,0.0000184763844759328,0.000241166598306742,0.300058456888834,0.322115709663021,0.044943025543,27978540515.39301,16204024613.980402,3078421092.29537,20576929592.269974,25816455046.823762,8504421430.177443,27276489751.092542,27514941664.823907,27805586641.1603,4544272997.925662,12852461102.556349,27978540515.39301,60.7022808921,24804261482.693818,33722637002.080603,33896723780.037387,18601163969.247906,32602977745.34661,33884789445.123282,11977946492.69372,29502941060.202242,33898115999.138456,33898115953.37023,33898115251.932008,33898088894.673154,33893903844.765429,33848064429.35059,27441715068.515733,31406093664.246967,33395269736.208821,21720928847.015946,33896807412.706909,33885701184.202237,33735244533.999872,24975006414.212706,29629945088.816942,12812045766.231578,32665463401.459586,18772653343.701573,8208572235.608132,32783148878.653827,28817335734.940791,33898116001.352685,29824326956.201781,84214,0.974699074074,273426,12327876770.429486,3955355202.782104841577211793208,49126.27690642,15761.99037138437903264095176,199.3166315,63.950028872414087523582,206.879522923968,0.038594897542771345,0.037456373656500286,0.3224,coinbase-ada-usd-spot
2023-01-12,65455,8273,1349646,3495533,847,375948,2559185,197,60077,4352165,4341828,4333571,4316062,1998014,23666,3042822,169101,4270416,812265,2753,1401963,8985,2596553,65516,223,3530275,402654,926,1673568839,4247,39110.261831881328,6777990379.299909118756887951984,0.615356940586,0.54130552817,11171163543.698603576134966375536,11548488818.2473019923071362848,9826837374.324184743957281687088,18153957170.0639507500481405758304,0.32751896,0.10792828646434225456512,0.233854,0.077062596629008267488,26752.403821,8815.798337911955727020112,0,0,0,0,0,0,0.548685590077,3.197181169433,3.136006766990244,2.81243572215,2.758622983491855,0.000017463598453311818,0.329532942045072,-74.73869107453487,5.528369265119292,0.320846426066628,0.0000179910076081813,0.000232410829093037,0.297975461020722,0.320846426066628,0.044987124634,27977802441.146215,16199843678.502589,2659296025.385784,20568475907.858847,25811438682.726822,8513445932.96071,27275696443.410351,27514156083.172523,27804152313.161889,4723279565.327788,12709217337.906148,27977802441.146215,60.6739875644,24795999340.555148,33724387880.108267,33898598170.951198,18600436189.41248,32603703449.05196,33886656271.229057,11968122676.018711,29500886422.708427,33899990312.473834,33899990266.705608,33899989565.267386,33899963202.046941,33895777097.713439,33849897056.568929,27438333919.473032,31405486776.364783,33396845736.320968,21719407076.481396,33898709400.540254,33887854868.467799,33741150253.726407,25023956527.080811,29674873618.401303,12802221949.556569,32689134114.444706,18851837274.588826,8197668337.548761,32783678473.545105,28814619209.147103,33899990314.688063,29820500837.758779,81682,0.945393518519,244458,10603087068.943038,3494066476.588858482929196608736,44045.32918791,14514.38691063566420837747952,231.84428250000002,76.40032850855380709149884090144,207.066113407588,0.03856632339392324,0.03761976123054084,0.3231,coinbase-ada-usd-spot
2023-01-13,61355,8272,1350696,3497566,847,376260,2560689,197,60146,4354497,4344160,4335903,4318394,1999361,23699,3044610,169266,4272754,813115,2747,1435423,9523,2618434,69380,228,3561893,421072,984,1673655166,4201,35990.561771006903,7096373115.314889524439203392565,0.642844524207,0.565352130462,11696536015.566486187311242800475,12091194815.814766050114610401,10286564334.640221666428889213415,18194968729.0117724226682739188664,0.32985233,0.11380529067996609888245,0.233854,0.08068405169874892831,23469.982568,8097.58775511750123942452,0,0,0,0,0,0,0.548393341136,2.680582769319,3.2726743277900074,2.357448998082,2.878166234373529,0.00001736492464240411,0.345018907945765,-72.10566085359285,11.991245785737126,0.329532942045072,0.0000174635984533119,0.000232533032495193,0.303556919909921,0.329532942045072,0.045037627303,27983742666.217349,16197226242.155035,2170291031.162121,20568070189.447121,25812879367.175788,8478150975.303509,27280838708.872652,27520081836.811578,27798291594.725991,4781351062.060167,12700466284.658179,27983742666.217349,60.6707242714,24785689461.847613,33725441218.211021,33899752313.778306,18591162158.283477,32603599531.872906,33887803424.473415,11965991999.946993,29498798438.440261,33901144967.513386,33901144921.74516,33901144220.306938,33901117862.935227,33896929702.887165,33851032267.553516,27433290440.209605,31404488614.110003,33397760898.767222,21705210506.149298,33899951720.821769,33889607403.675809,33751852962.829628,25174386748.542797,29785841451.274932,12948913808.205154,32743009711.226727,19015351677.59898,8194361486.941516,32783413818.996725,28810253016.185573,33901144969.727615,29814494503.754011,71153,0.823530092593,211290,12646930868.071884,4363430276.96774718755279337126,60447.67566004,20855.5910440868003468977306,249.640366,86.13064645650108274999,207.34360204424,0.038713328990910414,0.03834386890855602,0.3295,coinbase-ada-usd-spot
2023-01-14,70209,8266,1350584,3498901,847,376322,2561313,199,60148,4355981,4345644,4337387,4319878,1999679,23684,3045693,169327,4274226,813225,2745,1444756,9664,2625675,70352,229,3572074,425932,1000,1673741619,4191,39598.499403483655,7245837447.604136729620471870251,0.656273799327,0.577152218669,11944390093.029528424620321560557,12347066577.8068298853803852862,10504352375.342531316136782948588,18200315333.7396392372543412292084,0.32446292,0.11431482077485875494956,0.230137,0.081081899616337266791,25931.401145,9136.154831903880126925735,0,0,0,0,0,0,0.548607554502,2.683621139971,3.327668149111498,2.360078821657,2.926478334533798,0.000016768427677837758,0.352320138075743,-72.61465088123894,17.60099585761834,0.345018907945765,0.0000173649246424041,0.000237963103196866,0.31848011549877,0.345018907945765,0.04504104172,27986016847.517432,16198424584.617049,1587847934.43234,20566060989.810357,25811984140.940774,8405703607.98086,27282979675.097679,27522272313.024852,27798969734.946727,4701669883.436133,12686376737.627396,27986016847.517432,60.6631011811,24786499285.545908,33726251078.391742,33900700203.527039,18598944342.920162,32604427728.439327,33888742690.835285,12033367106.458612,29498458489.321681,33902093015.41987,33902092969.651644,33902092268.213422,33902065899.158306,33897876095.856833,33851951045.289337,27432290129.395697,31405292340.335074,33398710498.016644,21710506944.397898,33900925001.257141,33890736523.173965,33755375123.999406,25217318683.219393,29813370874.467224,12983344521.04599,32757618870.579851,19069428165.47013,8193038041.373067,32784496769.173923,28810729939.858225,33902093017.634099,29814794103.776916,79921,0.925011574074,231820,12632965403.603805,4450848115.303776973490253002115,55205.22778477,19449.91347563301026636183411,288.849618,101.767537296885620616174,207.589489272084,0.03818106370356176,0.03798674103978978,0.3455,coinbase-ada-usd-spot
2023-01-15,64911,8283,1351773,3502152,845,376708,2563559,199,60195,4359828,4349491,4341234,4323725,2001380,23711,3048784,169511,4278062,814056,2747,1443285,9629,2626185,70150,229,3572420,425012,992,1673828025,4284,36329.207282913165,7199867014.077458337798681245568,0.652857263563,0.573889289915,11872129022.935877819294982067008,12271655497.5389560910614788288,10436106136.832690705768141210176,18184876979.2875261158556687613796,0.33068126,0.11579409588197014887232,0.231281,0.080987275449712324192,23749.197399,8316.216167616036271889568,0,0,0,0,0,0,0.54795732148,3.543703466659,3.3172323855696884,3.115066002406,2.915988294050984,0.00001677371911235333,0.350168303707232,-73.00901236855007,33.060129693481294,0.352320138075743,0.0000167684276778378,0.000227071712913971,0.325039471720498,0.352320138075743,0.045086816398,27975646170.016729,16201400492.067357,1630360081.673488,20561161412.533524,25796904918.078059,8118798315.681093,27272343747.197667,27510925715.70398,27787178487.039876,4784296280.2201,12706444375.486298,27975646170.016729,60.6451210239,24781672064.856462,33728072811.279452,33902671430.47051,18577980790.380118,32605231783.575064,33890699322.420785,12016850296.494215,29495556517.130555,33904065263.675465,33904065217.907239,33904064516.469017,33904038136.699874,33899846691.92963,33853872335.470863,27428181633.850805,31404897884.056872,33400326130.878792,21696032334.029203,33902887982.557655,33892643924.459149,33756442073.959815,25197688012.143992,29803418205.738108,12966897784.923408,32754721010.063551,19031167515.046639,8181802680.59425,32785322303.067258,28807389522.428399,33904065265.889694,29803114748.952518,71819,0.831238425926,236206,9567410361.750932,3350203857.245318732070231140224,43891.80250742,15369.51803067609357918766144,201.612539,70.598320787738156182048,207.723636133849,0.03798202592613942,0.028306853769933644,0.3526,coinbase-ada-usd-spot
2023-01-16,79593,8288,1352330,3504286,846,376840,2564874,198,60223,4362328,4351991,4343734,4326225,2002366,23709,3050531,169555,4280562,814492,2746,1443623,9618,2627419,70152,227,3574466,425014,994,1673914408,4214,40595.458709065021,7191242152.029652814057601723906,0.652632720326,0.573526447293,11865178520.911738773387223223112,12263756157.1722343251245806068,10426988215.049599242936961945856,18180483679.9730796822590120399082,0.32226577,0.11277461754748455676954,0.228861,0.080088281627101951122,26530.207431,9284.057678500753534466262,0,0,0,0,0,0,0.54777884742,2.80900341489,3.3108911791638835,2.468521265944,2.9095747059860257,0.000016522006231944884,0.349942898209402,-75.23723925736628,30.999932733120065,0.350168303707232,0.0000167737191123533,0.000225577451386964,0.323291055670263,0.350168303707232,0.045113487401,27970379103.365672,16175990184.630785,1888798302.49239,20549758800.152853,25788931107.641003,7942597682.814927,27266609838.624362,27505041638.241983,27779707731.385556,4785369003.410451,12575867667.71467,27970379103.365672,60.6079557872,24784355108.670654,33729934137.284564,33904647198.028552,18573012476.8277,32606416620.037431,33892664945.96414,11972539223.856931,29495974266.499103,33906041759.524127,33906041713.755901,33906041012.317679,33906014632.513977,33901820210.609623,33855817664.231968,27427512745.962042,31405547330.064793,33402107464.164843,21693982035.208017,33904863514.290171,33894607586.880198,33758244056.425035,25195496558.444002,29803089948.721115,12893455397.020974,32755554726.909531,19029546708.26681,8177100825.649794,32786856673.062477,28807906827.496171,33906041761.738356,29796256098.931328,82324,0.952824074074,268281,12070487911.125379,4223981522.420765878173818613358,45763.48871967,16014.60787473459546853633734,192.80444949999998,67.47054784569828133534103581196,207.962858590169,0.03782735106474498,0.0283467956941399,0.3508,coinbase-ada-usd-spot
2023-01-17,58624,8275,1352980,3505717,846,377006,2565647,198,60216,4364122,4353785,4345528,4328019,2003058,23716,3051629,169619,4282354,814858,2745,1439760,9550,2624768,69664,228,3573229,422926,985,1674000859,4297,35726.140330463114,7110589451.741699383071805941136,0.645596498157,0.567221633218,11742112436.300234409822601077936,12136186336.1192852482046013792,10316629988.79823672707235601032,18188005154.6503406865791235249982,0.35301988,0.12225174768129631409344,0.24027,0.08320615659204536976,23923.804488,8284.878771823389529129344,0,0,0,0,0,0,0.547864312626,2.603815874757,3.264033269413085,2.287714845565,2.8677824109025747,0.000016351772259157494,0.346302728563888,-77.96755628881427,29.603901472646953,0.349942898209402,0.0000165220062319449,0.000221770322792785,0.32316455717774,0.349942898209402,0.045133564976,27965610948.750829,16090455256.221997,1432048771.710919,20532871575.194347,25778592393.864204,7918394532.865141,27261725130.652687,27498312266.730453,27773514400.497711,4749505194.929404,12561878965.982757,27965610948.750829,60.5563052672,24778391003.285368,33730937834.056503,33905679420.34337,18576476094.696019,32606876148.969394,33893690961.832777,11967162730.212135,29494641455.179655,33907074553.607468,33907074507.839242,33907073806.40102,33907047424.621232,33902850635.84542,33856835759.788539,27426951388.481799,31405478393.80443,33402924096.907322,21693312498.051744,33905888090.415411,33895535207.011449,33757952135.061133,25173887240.279778,29787948957.372037,12920722930.332133,32749538331.409457,19006638542.129812,8170872606.859344,32787357304.248836,28807793214.448848,33907074555.821697,29790784587.754015,67769,0.784363425926,209333,13022070755.671875,4509578634.24118121964930225,62976.55112606,21808.95149049777135305172128,215.232285,74.53552757054038272408,208.207970360152,0.0378042066865419,0.028527665286969973,0.3505,coinbase-ada-usd-spot
2023-01-18,58944,8264,1353325,3506507,845,377134,2566178,198,60219,4362503,4352166,4343909,4326400,2003460,23713,3052363,169611,4280730,815158,2740,1402819,8936,2601772,65286,225,3539738,402189,920,1674087303,4237,34008.309417040359,6718444224.074762444897046758244,0.611237245645,0.537062583509,11104152706.917285636599130241296,11476450557.5176212953048976618,9756645202.731716883434643019308,18166682063.3622532135015729492312,0.34448586,0.11281131659745268461522,0.235681,0.077180189361050250837,22707.474493,7436.183575599893663776161,0,0,0,0,0,0,0.547943051006,2.701464750248,3.0725701558052756,2.373637484239,2.6997086281080707,0.000015812775974971847,0.327477350151477,-77.74105298634036,29.528157704501723,0.346302728563888,0.0000163517722591575,0.000220548279944558,0.321001541254851,0.346302728563888,0.045148537404,27969329247.982415,16069025012.708389,1565629077.657379,20515752374.834772,25774479465.087976,7905216244.399703,27265217317.664924,27501997540.930318,27776129102.995007,4398799173.172946,12525151864.368153,27969329247.982415,60.503888963,24777693132.531502,33731993604.68009,33906763626.774684,18579737836.074784,32607557856.237893,33894771235.469427,11968204116.295174,29494804212.327914,33908154872.561019,33908154826.792793,33908154125.354571,33908127738.67826,33903934209.610681,33857905546.710458,27426942183.117018,31405399441.071907,33403921467.91804,21695145086.664911,33906870289.600075,33895916435.010041,33747907122.278541,24993464455.337275,29657515806.57947,12832385921.619582,32688002598.086861,18819355205.999276,8171678250.628502,32787253348.690255,28807068696.276953,33908154874.775248,29793343564.734204,65917,0.762928240741,194434,12551766545.042728,4110419247.890552143154237309256,65059.52866891,21305.52205059869641268048007,228,74.664835834536756,208.373404962709,0.03794161931546859,0.028573020370242435,0.3457,coinbase-ada-usd-spot
2023-01-19,53187,8269,1353647,3508059,845,377117,2567209,198,60229,4364239,4353902,4345645,4328136,2004196,23704,3053624,169679,4282469,815395,2740,1430283,9388,2618071,68515,226,3566383,417900,966,1674173603,4261,32464.104904951889,6942231386.32144960145755278366,0.631623313652,0.55510661795,11489039170.553466143475496036566,11873616382.0272242094477461172,10097223360.2208129439483439943,18189700921.7848130056391815436776,0.34363734,0.11642789340760698170172,0.234009,0.079284675257993506122,22217.871906,7527.645342661637892552948,0,0,0,0,0,0,0.547931552047,3.258326474442,3.1752573466258283,2.863603274788,2.7905973840907854,0.000016078827157260476,0.338810367370458,-74.76469043782856,30.78225546763269,0.327477350151477,0.0000158127759749718,0.000215448706820062,0.303196338822085,0.327477350151477,0.045170172262,27978864792.012186,16068231436.182316,1690071056.031746,20490020539.22027,25776170938.370517,8220673346.67837,27274491632.869128,27511101357.662048,27784596933.780239,4082276345.684371,12480046800.79374,27978864792.012186,60.4248212863,24780513280.772794,33733681000.639608,33908548173.428749,18580325959.658245,32608670664.268717,33896549920.83054,11977099911.055587,29495365085.139501,33909939825.545698,33909939779.777472,33909939078.33925,33909912694.593499,33905717185.375513,33859665411.611316,27426677885.244288,31406880662.767144,33405530623.735781,21695248879.100717,33908730080.510227,33898153410.418609,33757737015.084779,25130395003.958878,29754753782.851741,12869873548.491941,32736354867.82685,18958084704.236274,8172006833.519756,32788913993.29411,28808151448.59829,33909939827.759927,29801990531.12335,64655,0.748321759259,187362,10407164565.535304,3526055249.733829270315645649232,57908.68316878,19620.06221835380969159990124,198.79218,67.35285153617421341844,208.514744357089,0.037682121327125194,0.028809482541840074,0.3266,coinbase-ada-usd-spot
2023-01-20,63282,8284,1355209,3511841,847,377568,2569687,196,60298,4368785,4358448,4350191,4332682,2006318,23742,3057004,169881,4287010,816396,2742,1462671,9864,2644284,71983,229,3602970,434353,1022,1674260064,4146,33895.785576459238,7422281550.496729816821967992278,0.680966001149,0.59878272049,12297787998.569147961229182618526,12709078391.1677671233169724508,10813613222.066787969376509919302,18059327452.2176583223082444758851,0.33686063,0.12216252272459137553906,0.233854,0.084807163690326742948,22033.716735,7990.52837176801215164757,0,0,0,0,0,0,0.547526587179,3.050126954801,3.392944727228561,2.682018357387,2.9834627144629144,0.000016003467419501202,0.362650045286062,-71.24631629684677,43.45387248157347,0.338810367370458,0.0000160788271572605,0.000218541547477029,0.312648344487264,0.338810367370458,0.045229954399,27983646946.966161,16252957416.527311,3143359488.953259,20466787877.117069,25775096145.081292,8974606782.523081,27279237440.267701,27513745381.350093,27788419427.756495,4450788720.009467,13250909588.54352,27983646946.966161,60.3546064655,24770003249.585932,33734479746.929099,33909502727.184003,18567117198.051838,32608135932.926555,33897485509.03968,11886547494.380168,29491306665.559537,33910896076.313844,33910896030.545618,33910895329.107396,33910868940.259507,33906669287.785193,33860577955.335782,27421437985.733405,31404906327.066709,33405963969.166394,21679116835.157254,33909778077.835772,33899766717.416768,33767337815.709758,25251672047.894471,29847701371.699905,12932290583.072114,32781488479.612122,19099102766.250153,8162808081.536063,32788414262.603502,28803039111.991885,33910896078.528073,29818314826.176021,65409,0.757048611111,217522,11117863807.324409,4031893813.210466609899240087358,54669.12142508,19825.75936055448434170123496,235.051088,85.241287707738144335456,208.544164027991,0.038045080776577124,0.030031188098902123,0.3381,coinbase-ada-usd-spot
2023-01-21,80211,8294,1356139,3514662,846,377826,2571537,196,60312,4371822,4361485,4353228,4335719,2007706,23753,3059163,169960,4290042,817010,2741,1471485,9963,2651186,72863,232,3611499,438766,1032,1674346421,4174,40267.02946813608,7539302931.24462199034451916537,0.692780539687,0.60875406351,12514181462.46737542839752037841,12931950451.117697592900644922,10996352207.31822431015793083129,18063702349.5503107127251802312281,0.32188072,0.1187770879738888371976,0.223801,0.08258472599925927733,26816.848283,9895.67547783638862444239,0,0,0,0,0,0,0.547377244466,2.460641291794,3.4344309210989947,2.162193219077,3.0178731348412673,0.0000161823813678093,0.36900963802333,-67.26442517502078,43.93093387455082,0.362650045286062,0.0000160034674195012,0.000218717815367473,0.334068470719724,0.362650045286062,0.045265408412,27973364556.378326,16250611245.400826,3013013465.772125,20431181612.573389,25759922152.373218,8479033640.55273,27268837181.988942,27492248219.357166,27769006284.278254,4298918937.341001,13253087649.139294,27973364556.378326,60.2460732558,24771238400.028372,33736330767.619594,33911491616.311584,18563141608.882472,32609120839.229918,33899463985.958189,11891420339.027285,29490054854.579801,33912885117.811248,33912885072.043022,33912884370.6048,33912857976.890442,33908654278.202016,33862524440.048813,27420183145.558916,31404712902.500457,33407604613.055805,21675146083.89512,33911782491.285975,33901883486.855318,33771347576.760038,25276998634.31965,29870129458.750316,13018324513.413806,32793859409.31148,19125511223.10123,8162369839.758747,32789552351.733401,28802662486.008131,33912885120.025477,29799634140.241613,83313,0.964270833333,254796,13782132825.74554,5085739845.2178159543391634482,55035.03765495,20308.4593236534358365899835,202.9073,74.874749325291227309,208.558058217159,0.03773642559256209,0.03004506494388237,0.3651,coinbase-ada-usd-spot
2023-01-22,57885,8286,1356568,3516071,845,377870,2572340,197,60327,4373827,4363490,4355233,4337724,2008556,23747,3060222,169969,4292043,817296,2759,1481068,10097,2659048,73931,240,3621108,443951,1046,1674432889,3976,33612.038480885312,7683090620.47793173972641357795,0.706385744868,0.620646791561,12770947758.77563295040970008378,13196309399.592714535651123158,11220848961.43742913866118352725,18079282957.7310508860676720327074,0.34188435,0.1287375939458675943345,0.233854,0.08805843641166061098,21617.005855,8139.94943637060994392885,0,0,0,0,0,0,0.547101596448,2.672274343789,3.4879145517854413,2.347921811408,3.0645620916498304,0.000016576353793265584,0.37655304767787,-64.65197631088913,45.19366810291084,0.36900963802333,0.0000161823813678093,0.000226646897948032,0.339927974512797,0.36900963802333,0.045284435806,27974770894.058586,16227716761.193356,2374299073.648195,20403740370.335785,25739091589.926531,9375452295.084727,27270222790.896993,27491771049.998221,27766558428.813758,5233598496.545192,13251599305.519748,27974770894.058586,60.1606925782,24770005211.560787,33738746133.86524,33914006766.575175,18555170247.782149,32610989670.919156,33901972252.562416,11916569421.002359,29491939042.266193,33915401393.503065,33915401347.734839,33915400646.296617,33915374248.667814,33911167865.273037,33865033888.199059,27420056444.776281,31406463585.817398,33409936593.827378,21689116486.599651,33914319694.051154,33904581472.9301,33776223009.495552,25313946241.791289,29900198672.33352,13224970776.710386,32809539317.234392,19157438336.698864,8147187722.763508,32791859423.310134,28804857598.027995,33915401395.717294,29798853124.770175,63229,0.73181712963,187272,12691586653.349042,4779055634.18636036433668910054,68363.48626484,25742.4791029097074018270908,220.473926,83.02012876880518221762,208.58648016288,0.03770031665460421,0.03008097685765689,0.3688,coinbase-ada-usd-spot
2023-01-23,54224,8296,1357583,3518746,845,378189,2574287,198,60408,4376896,4366559,4358302,4340793,2010047,23778,3062302,170103,4295104,817945,2755,1480664,10082,2659956,73811,239,3622234,443459,1042,1674519199,4286,29982.903173121792,7646971208.655125226322677800808,0.703825012502,0.618303468542,12724215150.612540802599779679525,13147804958.2796716732259152254,11178099985.575783115692386289531,18078662912.7908155380400496240744,0.33660139,0.12628240245120692556309,0.233854,0.087734768245682361474,21079.661983,7908.435428839472829445473,0,0,0,0,0,0,0.546722739764,3.179778412706,3.4799611328241746,2.793404591834,3.0571122091372045,0.000016362186729199564,0.375168986828031,-66.53773499372873,44.69945220781682,0.37655304767787,0.0000165763537932656,0.000231260028038635,0.346544200937301,0.37655304767787,0.045326930795,27971556078.363092,16222387938.904255,2198487976.128058,20382738118.383768,25733735766.731579,9377075204.224927,27266895936.843875,27488487980.889491,27761939602.353599,5160639679.984388,13244985701.447362,27971556078.363092,60.097782992,24761917783.674218,33739173521.926413,33914561498.455745,18542624824.378215,32610508307.606813,33902520885.632005,11947185152.778609,29490020628.778612,33915956799.527046,33915956753.75882,33915956052.320598,33915929647.035923,33911719282.418497,33865555627.146677,27415923328.341229,31404989643.529762,33410131696.988042,21672493649.712134,33914870324.907649,33905102620.34618,33776278327.840923,25298997232.333981,29892889559.492527,13196600441.557389,32806938275.12978,19134480372.316462,8145971567.9302,32791378182.343219,28800725556.521503,33915956801.741275,29794840133.466501,62625,0.724826388889,189581,10666138453.616592,4001604357.010838143302312290352,56804.89128281,21311.43350944827786445644711,192.043099,72.048614879145253308069,208.670105618293,0.03711520659062937,0.030137015443881608,0.3765,coinbase-ada-usd-spot
2023-01-24,50338,8293,1358421,3520461,846,378331,2575308,191,60416,4378968,4368631,4360374,4342865,2011023,23773,3063671,170209,4297172,818423,2753,1461187,9785,2645789,71588,228,3607142,432797,1016,1674605677,4186,28382.61944577162,7309833718.42608425800910505375,0.676627687121,0.595171553991,12160833206.751282702252896503875,12565298930.711248970304968925,10696845747.2962024819516333665,17972710012.0417963316015629592113,0.34510986,0.1237382216387140863825,0.234933,0.084234601770717349125,19797.226884,7098.2430000820638567705,0,0,0,0,0,0,0.546489983741,3.207792747985,3.3333276635813194,2.821621153017,2.9320434904681996,0.000015857119372054428,0.358547338052625,-66.4051217767383,38.378518591506506,0.375168986828031,0.0000163621867291996,0.000230456903174395,0.345212413606844,0.375168986828031,0.045363338743,27997646914.882568,16350855426.029342,2693848326.909725,20387360168.75183,25758411115.755028,9933215628.333089,27292988882.649989,27514083629.747256,27787137459.865991,5877977692.105745,13858025204.19606,27997646914.882568,60.1096454013,24757552503.319701,33740126291.706152,33915557076.737734,18535275083.996248,32610546495.280551,33903507640.174966,11685267609.54272,29487761168.478575,33916952980.341182,33916952934.572956,33916952233.134734,33916925823.931187,33912712860.234011,33866537999.863514,27411795570.368556,31404930213.985223,33410845444.643396,21667506148.252909,33915820102.160882,33905675469.025018,33771693041.400886,25214385560.399759,29829972553.427277,12867640572.81847,32777548422.272857,19055269142.382879,8145528550.676998,32791611022.461253,28798728741.372578,33916952982.555411,29833845107.856292,57365,0.663946759259,164759,10573299351.669653,3791028336.974699816915329489125,64761.59123776,23220.09614635105182176712,218.458612,78.3277538072712404565,208.707921973547,0.037248289633696134,0.031854082072483456,0.375,coinbase-ada-usd-spot
2023-01-25,63947,8288,1358615,3519760,842,378314,2573840,192,60413,4379400,4369063,4360806,4343297,2009630,23764,3062698,170208,4297600,818504,2741,1479176,10024,2657805,73548,235,3621973,442285,1036,1674692102,4185,40277.198566308244,7602116469.700736031762956191488,0.704589920588,0.619846208681,12650177451.0576113951045718744,13070500273.3424783150999479968,11128692453.669230391905149826784,17953957445.9224610142337141060756,0.37110181,0.13840728851403360788112,0.236473,0.088195707632843583696,26606.515061,9923.248842146060936617872,0,0,0,0,0,0,0.546784686963,3.001625590525,3.4576350525619373,2.640608654484,3.041772122633049,0.00001613924249860231,0.372963118972752,-64.26638992035447,40.85829772148172,0.358547338052625,0.0000158571193720544,0.00023076374668854,0.329379753844712,0.358547338052625,0.045355762758,28000187274.813985,16358200861.07167,3209446296.261568,20383024709.357744,25757375836.125525,9961246104.301274,27295482104.558885,27514865178.865205,27780395760.339804,5828531119.752216,13884460336.035891,28000187274.813985,60.0949393723,24760822202.867845,33741607797.317096,33916640087.439619,18545864096.833708,32611770150.629656,33904581957.37708,11740782331.014891,29489114926.385337,33918038558.541721,33918038512.773495,33918037811.335273,33918011398.086994,33913794730.813641,33867614648.049149,27413199331.714851,31406213275.446814,33412235508.820097,21666837498.45162,33916945600.907794,33907118809.818525,33778041861.716604,25284396223.046112,29885043885.911978,13093104149.309716,32804749153.156148,19130725879.426973,8143811940.393185,32793000555.351429,28800494814.661142,33918038560.75595,29838586947.473142,71696,0.829814814815,234582,11299889855.624649,4214442164.602329385534170564048,51266.3172403,19120.4455761888558835363056,195.728532,72.999523766678096960064,208.70819430981,0.03730823843632488,0.03222521074214641,0.3589,coinbase-ada-usd-spot
2023-01-26,76254,8282,1358826,3520549,845,378289,2573948,194,60393,4379917,4369580,4361323,4343814,2009723,23769,3063060,170161,4298120,818601,2733,1487471,10152,2663348,74461,247,3629379,446522,1052,1674778892,4190,43639.384009546539,7729935577.77948568887972710565,0.715602667041,0.629936742247,12885414133.00849960769680363821,13312419590.452731312714700563,11342880868.53979230216639112467,18006380812.2588786484912379061533,0.33124306,0.1258280490827951011467,0.229741,0.087270845234705986995,27915.177815,10604.033075472654146236425,0,0,0,0,0,0,0.547204862632,2.604620160408,3.513133267998047,2.292816969819,3.092570539283221,0.00001650968519192108,0.379866219937695,-64.77329965220432,45.99708628053092,0.372963118972752,0.0000161392424986023,0.000231980918011008,0.341493698726793,0.372963118972752,0.045355762019,27996502665.685504,16345325981.308304,2771688560.737501,20349099688.43067,25748439321.853949,9953895213.442377,27291698136.78321,27511074820.747582,27773759546.142062,6513633923.071588,13838984459.449216,27996502665.685504,59.9898109443,24762503283.233202,33744551128.218133,33919528628.275506,18561695935.377529,32614468781.67786,33907463072.379734,11808026608.049043,29492270669.64191,33920926515.342249,33920926469.574023,33920925768.135801,33920899357.667182,33916680384.278801,33870495794.243049,27417811403.956316,31408775164.942839,33415080002.400723,21663160201.960249,33919851714.787354,33910144638.708758,33783136705.624591,25321841671.88945,29912972167.415044,13414053236.090594,32818781064.610503,19179880405.795017,8134875134.27564,32795915868.269652,28804669522.192043,33920926517.556478,29860198862.642306,84274,0.975393518519,265285,13023367872.664361,4947137524.647031206479066987895,50260.24590585,19092.16962539425076583601575,245.84311350000002,93.3874942229587224107068987539,208.852711746904,0.037337312745040895,0.031777589311899786,0.3733,coinbase-ada-usd-spot
2023-01-27,55462,8295,1359779,3522679,846,378436,2575553,193,60402,4382073,4371736,4363479,4345970,2011232,23776,3065071,170243,4300275,819191,2740,1499286,10327,2672434,75745,249,3638530,452699,1074,1674864804,4183,33641.179058092278,7899172268.460590727615834865995,0.732042128811,0.64404548634,13185530162.354003223626098256943,13621795217.0274794583329187102,11600536160.202019840073571196791,18011982703.4733035052072356242411,0.34699927,0.13487659257740004179481,0.234231,0.091044223683804836793,22027.860412,8562.100877449002778994436,0,0,0,0,0,0,0.546970832121,2.293195841171,3.5839125812912815,2.017537478613,3.153100935825402,0.00001684810592546885,0.388694168081103,-62.63778101315894,56.5468783829495,0.379866219937695,0.0000165096851919211,0.000237129599366987,0.34852235592489,0.379866219937695,0.045398052137,27992468483.995052,16324601375.525261,2133810473.857756,20322332870.228165,25740904770.460331,9903388550.475398,27287650075.135923,27506946352.721718,27768407520.003481,6123885042.827833,13818105620.182071,27992468483.995052,59.907885168,24762761102.174352,33746164107.879724,33921236696.686081,18554691572.734081,32614975683.428424,33909163076.207482,11757464785.248115,29491297885.052073,33922634410.975052,33922634365.206826,33922633663.768604,33922607251.877565,33918387548.290121,33872190487.54015,27416653590.863462,31408897774.469986,33416474918.615634,21663429807.467245,33921578064.592396,33912039519.084782,33787578465.107531,25364205617.863896,29945212421.64314,13447524144.260519,32835010078.837925,19228117493.727417,8123346979.17932,32796631763.269221,28804291554.221017,33922634413.189281,29844893782.356697,63481,0.734733796296,190552,14792733269.506584,5749849151.836516484758904482152,78161.56200654,30380.94332005161302213641362,247.483051,96.195218622618185885253,209.087738491359,0.03737145886037613,0.029769387694227958,0.3796,coinbase-ada-usd-spot
2023-01-28,54296,8285,1360205,3524990,846,378443,2576837,195,60396,4384418,4374081,4365824,4348315,2012152,23773,3066825,170216,4302609,819344,2734,1490890,10196,2667712,74678,247,3635120,447864,1059,1674951221,4237,35142.748406891669,7748697104.395408744451668616453,0.7193054786,0.632672152375,12945337551.884959492254312462744,13373373932.7809618839116851238,11386197958.766464086917362972591,17996995625.6606932349348768088004,0.32482556,0.12395523169574589690292,0.233854,0.089239980846879663578,23329.621556,8902.712721708377597763292,0,0,0,0,0,0,0.547177711879,2.258605470731,3.499280844330971,1.986578480277,3.0778266111006363,0.00001658519254807613,0.381605535277907,-63.63578382629286,56.43007643617945,0.388694168081103,0.0000168481059254689,0.000243234973257198,0.357654866028922,0.388694168081103,0.045414051542,27987570379.198351,16321932078.219017,1144132387.197579,20305515481.457479,25732667633.266189,9660801729.920081,27280038029.910137,27501475968.037404,27761316228.956304,5951245318.046339,13820858302.962809,27987570379.198351,59.8570494847,24761866125.623293,33746758666.263166,33921950686.168174,18562100195.898734,32615149757.129843,33909865854.360357,11830105789.269997,29491331473.997351,33923348469.283763,33923348423.515537,33923347722.077315,33923321299.382357,33919098449.644756,33872867584.411323,27417582277.374829,31409021879.245177,33416907897.966652,21665041982.909713,33922277208.507243,33912586595.747924,33785883427.379254,25332071183.01571,29917755320.451802,13401150010.192798,32822620741.266164,19196655717.015281,8123867386.864549,32797430593.036084,28806034034.73457,33923348471.497992,29837612157.471413,71822,0.831273148148,206497,15019599000.847248,5731562116.377831225846136149936,73179.30072146,27925.62622307566920669878422,216.6022015,82.6565990457805705122605,209.286766746521,0.037389157039548225,0.029797869638123392,0.3899,coinbase-ada-usd-spot
2023-01-29,52782,8282,1360883,3526267,849,378664,2577709,195,60397,4385914,4375577,4367320,4349811,2013014,23747,3067832,170300,4304100,819893,2736,1509918,10483,2680346,76881,249,3647169,457959,1094,1675037698,4245,33741.685983510012,8044976527.141102825723744508844,0.746656202006,0.656519696051,13444777510.689927762156046183152,13889126317.1363379470408189172,11821720922.000778189794993535356,18006650818.0998078128476866302382,0.33979309,0.13466760860408724481522,0.238057,0.094347318544538964106,22760.700319,9020.575086191469337324102,0,0,0,0,0,0,0.547179589551,2.508167437758,3.617488879164684,2.205380896132,3.180784801676631,0.00001666971389309362,0.396322387262458,-62.55929687630969,61.65998469581181,0.381605535277907,0.0000165851925480761,0.000243031837437293,0.351194526338942,0.381605535277907,0.04544255121,27984940362.627815,16310087936.069368,1157045150.660558,20299071628.808718,25727034800.116491,9633169378.155218,27276859642.679743,27495522391.351448,27752384536.841777,5867846985.261896,13825099291.223823,27984940362.627815,59.8371860058,24759678457.752845,33747202562.854016,33922442429.484988,18562433201.727492,32614899950.277664,33910352670.584385,11830243635.729164,29488908138.49146,33923840645.693315,33923840599.925089,33923839898.486867,33923813471.17008,33919588344.947418,33873350131.91873,27412858199.644249,31407893226.73499,33417255020.907525,21664303256.176214,33922796748.402551,33913376281.447285,33791047023.259418,25404046823.77198,29971972117.920333,13453553329.899046,32847783517.191197,19278972671.806936,8121778583.745457,32797001329.958117,28804296034.801022,33923840647.907544,29828546915.196182,66984,0.775277777778,192794,13525349279.803765,5360398715.13039515766579155437,70727.85481235,28031.0322651830803977897563,201.165628,79.726441924111564393624,209.455288771052,0.0374573852509242,0.030022875833859614,0.3819,coinbase-ada-usd-spot
2023-01-30,62095,8277,1361308,3528758,850,378735,2579449,195,60443,4388992,4378655,4370398,4352889,2014677,23761,3069936,170444,4307170,820121,2730,1480865,10014,2662523,73510,236,3630900,442185,1043,1675124377,4075,35127.209079754601,7549852301.204330881056044503425,0.701171370767,0.616744188404,12614925010.893961196550335791,13031240478.293126458952095305,11095977405.7915250982655100323,17991215181.957715530175226773597,0.34073832,0.126701108542289350914,0.234231,0.087097122962186868075,22213.753329,8260.025381557526039768925,0,0,0,0,0,0,0.547053619382,2.554964915424,3.3839918595316876,2.247324732382,2.9765295617944503,0.000016309306689494434,0.371842851553325,-64.22641177571606,51.24343703235451,0.396322387262458,0.0000166697138930936,0.000240735678593952,0.364576482451588,0.396322387262458,0.045466837684,27999876721.84873,16317685979.448307,1818432624.573424,20303879097.489189,25739626586.03386,9562918429.349096,27291667249.080589,27510384286.536231,27763683752.015906,4952475454.889691,13840304685.178734,27999876721.84873,59.8485705994,24753051851.348731,33748477141.299554,33924020405.644187,18559023944.172857,32615841942.338432,33911922544.327147,11815034367.827007,29488302435.704255,33925420261.202851,33925420215.434625,33925419513.996403,33925393078.688162,33921164404.603664,33874916405.744272,27410171687.924141,31409565719.881937,33418430289.897129,21657796970.676546,33924325920.227738,33914436677.693248,33784653251.437697,25276967034.26954,29882644985.939896,13094605373.377107,32807491479.507777,19141620646.721762,8119915669.162024,32798601485.430315,28802933913.558235,33925420263.41708,29840502135.349724,65193,0.754548611111,213558,13278233316.871755,4937416140.135958230631568835375,65599.7033251,24392.7807454573197024609575,211.49693,78.64362154597396879225,209.646829176796,0.03774438096622098,0.03331228332404312,0.3975,coinbase-ada-usd-spot
2023-01-31,85305,8283,1361811,3527368,851,378824,2579439,191,60445,4387622,4377285,4369028,4351519,2015623,23791,3068010,170534,4305803,820428,2739,1504248,10386,2678266,76139,249,3645178,454444,1086,1675210429,4163,48634.242853711266,7929315782.883901176760213615742,0.735651016274,0.647986146259,13257932368.591902646749056584375,13693376612.4646321071773406654,11678032535.584779430953334771323,18022040444.8515947666125215504804,0.34029643,0.13296631205980671411733,0.230357,0.090008939403686648267,30514.721333,11923.222230634976426678123,0,0,0,0,0,0,0.546817911546,1.609496148057,3.5083816167565525,1.417698315269,3.0903004728543504,0.000016893032705494968,0.390736723449631,-62.83566471724439,56.60131975982367,0.371842851553325,0.0000163093066894945,0.00023744930677961,0.342728264958328,0.371842851553325,0.045478419945,27998410911.252502,16368907997.354326,3597812399.203137,20293244292.166082,25737822480.37776,9369687498.699425,27290047796.038555,27508851029.283704,27760545484.890948,5433122070.290223,13976469354.129354,27998410911.252502,59.8080874335,24754561670.368877,33753669450.394894,33929202411.612759,18553861088.88696,32620578566.325948,33917127787.101389,11662785822.017838,29491676625.933008,33930602300.901396,33930602255.13317,33930601553.694948,33930575120.276405,33926343557.318835,33880209032.110443,27414666004.463918,31414109628.77206,33423489941.397586,21663973826.52234,33929549148.006472,33920056106.97662,33795851087.200063,25374041946.520264,29954973996.420046,13415779974.15023,32844145589.563984,19245943314.027598,8120410435.727474,32802724216.011453,28805392500.128287,33930602303.115625,29887215187.978533,89671,1.037858796296,276449,21081505752.021535,8237318482.929443724116999803585,78013.51213016,30482.74411453676133827597096,269.033037,105.121087377083344459347,210.091422235962,0.037936847326388815,0.03394714738898999,0.3725,coinbase-ada-usd-spot
2023-02-01,135409,8292,1359679,3463709,848,378667,2557063,192,60460,4323403,4313066,4304809,4287300,2013317,23790,3003914,170490,4241570,820118,2742,1510511,10519,2660861,77143,248,3586174,458851,1094,1675296867,4175,50231.138443113772,8060585365.646639100341048991324,0.746666981647,0.657446755762,13488008799.910211836368120114684,13929956155.5793158642568818684,11876308776.407149096680615042702,18064289879.4895596060683895901552,0.31858222,0.12663243597524695505572,0.228157,0.090689545370122725382,31660.382571,12584.604906306391120216746,0,0,0,0,0,0,0.546762896488,2.03704568532,3.5434585483944265,1.793636400257,3.120045996515943,0.00001675239437246687,0.397487455436926,-63.38755334690942,56.61013928962984,0.390736723449631,0.000016893032705495,0.00024654942287858,0.359726194347276,0.390736723449631,0.045396068586,27990530263.64947,16327686042.882973,3385934894.018888,20278842150.593874,25726088150.811708,9405746421.473205,27282068310.235701,27500711759.532819,27751090220.867138,5227865280.519409,13981542301.696966,27990530263.64947,59.7611217877,24763714398.465179,33758606222.314528,33931769387.256158,18553397493.236328,32626646440.489209,33920316681.939196,11733386945.970129,29499805699.506661,33933168492.585005,33933168446.816779,33933167745.378557,33933141298.077013,33928907954.168954,33885109299.456329,27421558571.495505,31420671779.034723,33429404217.330642,21669432937.150381,33932127874.163271,33923371586.757347,33802915199.766853,25414930488.195267,29988029218.485783,13422684130.009738,32861800796.549085,19273146738.587433,8158053481.569498,32791488034.303982,28780511066.609369,33933168494.799234,29878449279.241977,99379,1.150219907407,297093,16658030175.435136,6621358027.025242218651052231936,56680.18016933,22529.66058921349515581467958,294.167989,116.928085418607637761814,210.385019605652,0.03786967704344083,0.03394727033363381,0.3902,coinbase-ada-usd-spot
2023-02-02,63145,8292,1359826,3464599,850,378482,2557607,192,60433,4324377,4314040,4305783,4288274,2013721,23784,3004522,170412,4242550,820228,2743,1513090,10534,2662133,77354,248,3587557,459648,1100,1675384442,4230,43224.623640661939,8004530869.765833682524985527662,0.74930134425,0.659771054478,13526022936.429111865322793434459,13968598441.7639397310197169818,11909865749.14115226819636149218,18051512973.0201264185538431937051,0.34429421,0.13723226442350970980617,0.236957,0.094448714897068964089,27621.347396,11009.595687309099284984692,0,0,0,0,0,0,0.546827800351,1.915004480533,3.5223243132195274,1.686190122503,3.1014593049666486,0.000016957236585584796,0.398590102411277,-61.27612922226685,57.83809994874472,0.397487455436926,0.0000167523943724669,0.000242089618396558,0.361034296503286,0.397487455436926,0.045413757981,28046053463.071732,16183647256.327687,2362946204.284541,20082111475.780006,25519824698.208207,9726453997.777543,27337375880.046872,27556129580.593616,27805424237.408771,5752491020.076717,13779317262.120072,28046053463.071732,59.1787468304,24767186991.352461,33760047456.695798,33933269150.823579,18556420054.287645,32627460524.220036,33921813932.681834,11706129807.015438,29501768647.85715,33934668356.591538,33934668310.823312,33934667609.38509,33934641167.914553,33930406075.294212,33886597835.858419,27424525529.316379,31422083315.527327,33430849572.942226,21673064246.312018,33933628847.167514,33924887328.168483,33804968779.502183,25421839371.848462,29995946092.128889,13393113322.487165,32865133060.3032,19287353137.12596,8140740263.764234,32793122898.467377,28784401307.29874,33934668358.805767,29879983665.15434,80226,0.928541666667,230630,17720411990.553869,7063180830.084887563443661580713,78037.89244179,31105.13154033329545236206583,281.5225635,112.2121074165502323485895,210.712244097619,0.037866643593969136,0.03381835936394353,0.397,coinbase-ada-usd-spot
2023-02-03,68115,8309,1359669,3467619,853,378502,2561263,192,60459,4326679,4316342,4308085,4290576,2014679,23789,3007938,170407,4244854,820312,2738,1525904,10831,2674049,79341,249,3596116,467285,1125,1675469644,4325,41557.168323699422,8166339566.74263952685460110037,0.764234638548,0.67298738824,13725728011.55878521348181927805,14174395248.607778618197177947,12086918572.20554880624247533819,17960096702.2877445350630222799634,0.31736713,0.12836308933347478260415,0.225209,0.091088585593922478095,29395.813461,11889.502953013765264156755,0,0,0,0,0,0,0.54692908393,2.01781897154,3.544045760100599,1.776897632091,3.120897666224515,0.000017250946019762875,0.404462457512455,-61.61495106940106,51.121799173930754,0.398590102411277,0.0000169572365855848,0.000242107136715534,0.365352891084203,0.398590102411277,0.045425441474,28050527420.095318,16315946409.345275,2040404065.882563,20190599683.757214,25520248247.897893,9830636349.878368,27341555305.711911,27560264955.044782,27807205344.01415,5214379518.340571,13878738114.658102,28050527420.095318,59.4965859725,24771129890.724132,33760821800.522905,33934330050.196488,18560436718.400392,32628128187.901945,33922882303.890044,11673005462.305495,29502998288.125648,33935728163.943481,33935728118.175255,33935727416.737033,33935700976.704422,33931469652.697195,33887523862.230293,27424873722.44258,31422635565.884107,33431751234.387955,21665712215.776661,33934703494.774184,33926161336.947641,33808973270.09129,25495625985.472165,30046094571.276322,13391705487.416589,32884825519.81216,19344875510.061165,8095092885.907058,32794384514.462567,28785630603.389597,33935728166.15771,29883907264.330818,92624,1.072037037037,264949,16818024136.353778,6802259372.69343262990772130499,65317.09864934,26418.3142372955116167275297,186.81554549999998,75.5598746344598457799533497509,211.001807920335,0.03781359299303319,0.032833979927455216,0.3981,coinbase-ada-usd-spot
2023-02-04,66684,8284,1360095,3468850,854,378656,2561761,193,60507,4328402,4318065,4309808,4292299,2015262,23753,3008934,170457,4246583,820706,2743,1519253,10716,2671037,78809,249,3594507,464709,1120,1675556090,4162,41756.115088899568,8094409375.960252053525739153565,0.757731935163,0.667663941082,13599146791.677549408451773932213,14043011190.3029131990261460538,11982680841.255885202137110851729,17947173875.8879745745387064331225,0.34184974,0.13698378858055427901718,0.233261,0.093470819980991273177,27036.55433,10833.91095247692552336581,0,0,0,0,0,0,0.547022848864,1.889053108407,3.4787985325170356,1.664510342963,3.0652902836295364,0.00001715711636489743,0.400713449659357,-64.45914156194492,49.02699653195315,0.404462457512455,0.0000172509460197628,0.000242832122123158,0.374596620027643,0.404462457512455,0.045444020501,28044254633.677315,16333298939.496668,2121240015.30068,20199994242.372545,25510237678.812835,9829022637.106211,27335284114.003323,27553866187.824366,27800211838.753798,5252209788.637687,13903443988.474028,28044254633.677315,59.5214501318,24766569601.070049,33762369055.069188,33935936752.01352,18564497963.382257,32629231267.872102,33924478921.164535,11706919441.31505,29503638106.967375,33937335525.79978,33937335480.031554,33937334778.593332,33937308344.547583,33933075258.287702,33889109034.286436,27419122760.65989,31423189186.57488,33433251957.266326,21676682991.799377,33936303155.707018,33927671170.598539,33808765129.567912,25468578126.52606,30032286115.448723,13392648614.22338,32879173582.482515,19333828259.165995,8097429610.89399,32795561902.455444,28784958850.743166,33937335528.014009,29903365737.891397,79089,0.915381944444,243196,17965262795.935779,7198922428.996330966931598434103,79678.84931297,31928.38657308829617998196029,214.770851,86.061568590485763002807,211.288071361636,0.037792921438811224,0.03306572531757646,0.4037,coinbase-ada-usd-spot
2023-02-05,73767,8308,1360392,3470194,854,378717,2562334,195,60527,4329960,4319623,4311366,4293857,2015900,23780,3009776,170552,4248140,821001,2739,1505181,10443,2662599,76520,250,3589001,455797,1089,1675642510,4026,49368.998509687034,7925945665.111950335454224550063,0.742600111684,0.654264238785,13321539723.635910929576687005755,13755037859.7467998884922549206,11736878179.236311571171744721602,17939048909.4109088304510692258296,0.33902537,0.13306617286212733970883,0.232117,0.091105042806201824103,28899.200376,11342.826623299817980799784,0,0,0,0,0,0,0.546750561506,1.656122704193,3.372641486382055,1.459118903087,2.971449478746946,0.00001709684889485397,0.392496210127659,-65.25491348484023,40.92219274384844,0.400713449659357,0.0000171571163648974,0.00023979784000792,0.371299640005534,0.400713449659357,0.045462230024,28046915221.743353,16331159729.737599,1902747768.256311,20193687125.116557,25508708393.629828,9821712675.521959,27337418703.138887,27556463675.926015,27800146886.493249,5268158285.941306,13906625951.548713,28046915221.743353,59.4972190118,24767183332.136669,33765502871.167407,33939156879.469813,18557018223.580974,32631884907.004345,33927689040.655221,11740522677.594726,29504908933.61163,33940556313.738716,33940556267.97049,33940555566.532268,33940529131.211373,33936292078.010539,33892322087.350155,27420195879.903998,31426051902.343385,33436385380.505291,21660039729.140155,33939506133.879371,33930655437.46772,33808288318.239879,25394920233.981419,29975810949.225059,13394127277.712407,32859311482.542594,19247900980.480732,8052630357.313082,32798498382.388504,28785904436.797617,33940556315.952945,29903163078.743878,85242,0.986597222222,266936,20493986484.227828,8043812025.466889087121920294652,79865.62804947,31346.95632888223371986729073,273.977026,107.534944367047093162134,211.684369720019,0.03769554527452976,0.033363343122583475,0.3995,coinbase-ada-usd-spot
2023-02-06,65583,8301,1360788,3470205,853,378763,2562249,197,60519,4329898,4319561,4311304,4293795,2016286,23773,3010130,170606,4248064,821202,2741,1492338,10219,2653923,74925,248,3580779,448661,1069,1675728817,4119,42146.375333818888,7712335420.64647833841062125463,0.722969976556,0.637116546232,12960873883.300369605147658979432,13382215181.9763618578145155052,11421756742.944909068170423425668,17927264345.1078029431232802452184,0.33205191,0.12679661777690666887098,0.232601,0.088820510297700947078,25378.72748,9691.06549619256153855944,0,0,0,0,0,0,0.546616847063,1.739575049043,3.2536671077088677,1.532998717923,2.8672907831203043,0.000016788527023708497,0.381857817884278,-66.57954592669262,37.93936338356229,0.392496210127659,0.000017096848894854,0.000240629711727833,0.363790538199496,0.392496210127659,0.045476734351,28056957148.504327,16343085600.986674,1611940460.595149,20196877108.284585,25508439667.199528,9808086419.412458,27347824696.158675,27566728007.389595,27808978682.564432,5309886500.507524,13920004790.786645,28056957148.504327,59.5047486002,24768313928.402035,33766570111.991472,33940223738.056637,18553062646.537165,32632548522.230843,33928749673.392246,11808091871.787898,29504162091.858059,33941622445.406215,33941622399.637989,33941621698.199767,33941595249.055322,33937360579.763054,33893404813.840214,27420310166.543925,31426617893.331964,33437338844.28208,21663612627.613753,33940551580.004604,33931494551.793759,33805938594.718821,25339811171.012009,29934152080.329814,13342241606.637475,32841422763.180953,19195984450.76231,8050457722.203572,32799014881.354894,28785574515.632939,33941622447.620444,29911019777.540006,76430,0.884606481481,228814,19511444744.105253,7450597713.753696864240605912334,89882.57935153,34322.36561698570891382224534,269.014859,102.725427036186724486802,212.066721152587,0.03759572186510677,0.03397377954307101,0.3925,coinbase-ada-usd-spot
2023-02-07,60140,8311,1361097,3471262,856,378836,2562403,191,60533,4331149,4320812,4312555,4295046,2016454,23781,3011068,170651,4249284,821441,2743,1515287,10552,2667498,77605,248,3594228,460653,1105,1675815834,4189,40638.398901885892,8059711364.366664276576168288699,0.754084276851,0.664549414072,13543113365.082182259029253411808,13982753429.1167930029263559326,11935095754.900125486165554579466,17959681405.4267637747282268360966,0.33779451,0.13477798646227084078389,0.233349,0.093104853489135860811,25270.745342,10082.876046729030345939938,0,0,0,0,0,0,0.54653743313,1.455171092343,3.360719770734111,1.282393926618,2.961690653237341,0.000017149032686628355,0.398994011069839,-66.68848068946936,35.70742378275757,0.381857817884278,0.0000167885270237085,0.000236550686787044,0.355992975105065,0.381857817884278,0.04548963744,28062596503.964402,16346480967.108269,2265537643.683136,20200081055.742741,25506515581.607757,9846578209.378232,27353526117.033051,27572065151.713985,27812322262.627754,5588427954.047722,13888509829.532953,28062596503.964402,59.5115107369,24768139337.895531,33768088473.402668,33941750439.951862,18551201796.987626,32633691526.052457,33930259926.448984,11616429465.406217,29504371819.410916,33943149492.106443,33943149446.338217,33943148744.899995,33943122265.631035,33938886404.522686,33894916177.029313,27419650837.279721,31427524890.554386,33438821537.959081,21657307415.043856,33942110134.421827,33933349372.21431,33813252262.892887,25422224779.740665,30002631232.786857,13339654676.247287,32873113627.103666,19277817416.522177,8070232997.906502,32800315275.802362,28785851942.467354,33943149494.320672,29912969678.161494,74811,0.865868055556,216552,23325882209.263831,9306887304.416773575528917693209,114802.16528374,45805.37640606204410239111786,278.816459,111.246097328699311680101,212.557520742026,0.03774291492120998,0.03327778425867028,0.3824,coinbase-ada-usd-spot
2023-02-08,61003,8316,1360559,3471194,857,378662,2561648,190,60510,4331225,4320888,4312631,4295122,2015972,23776,3010957,170590,4249327,821042,2744,1507397,10478,2663303,76770,248,3590734,456824,1100,1675901577,4086,41634.514684287812,7959907364.379226418695215093105,0.747104503718,0.6583412209,13379518315.477246418708088364701,13813096080.6633989147813644746,11789901384.658102598659809310837,17908496400.2989323631011362662094,0.33669963,0.13271113069191169858647,0.232381,0.091593641672006388689,24578.399584,9687.647115591579725532896,0,0,0,0,0,0,0.546464851807,1.563342338446,3.3117381013067724,1.377602060562,2.9182713985341984,0.000017183717130643132,0.394152885442469,-66.53947595319043,24.591873216859234,0.398994011069839,0.0000171490326866284,0.000238529735905882,0.371860909118133,0.398994011069839,0.045464297478,28061940436.489107,16441967337.149204,2501934730.09308,20194974230.478045,25496650038.00602,9943623815.223273,27352679093.786101,27571221231.276965,27810965792.203818,4820388997.851686,13970660024.487304,28061940436.489107,59.4932282067,24772787994.006689,33769958712.446641,33943597341.507619,18549747480.12435,32636046726.882781,33932095999.366206,11604830388.369045,29508175174.668314,33944996494.4057,33944996448.637474,33944995747.199252,33944969235.276509,33940733223.831519,33896770777.691604,27423744905.365774,31430557857.124496,33440750982.400242,21658407768.801713,33943948368.57599,33935098550.038354,33813268081.976046,25407105507.227408,29985932467.276156,13353298715.021567,32866228263.093971,19261992083.55103,8092673205.239938,32803173090.776694,28790718043.554676,33944996496.619929,29912000698.467473,72998,0.844884259259,210517,21713092303.488415,8558277983.298624574759490496635,107672.98788176,42439.61885780770215265446544,274.8944525,108.3504416450027360032225,212.939146266064,0.037720494733222615,0.031290861113815883,0.3991,coinbase-ada-usd-spot
2023-02-09,74966,8335,1361189,3473997,859,379014,2561765,191,60563,4334321,4323984,4315727,4298218,2016905,23813,3012390,170766,4252366,821619,2744,1468268,9884,2636755,72253,231,3563959,435806,1029,1675988122,4170,49413.547242206235,7298567708.33793957930929572161,0.688218107921,0.606362183607,12281290653.38520279929738396418,12678872296.1460930116970300558,10820567102.770218383388050682165,17845055967.051574384658694897448,0.31275487,0.11315099728223445282969,0.222261,0.080411389939177323507,31790.906597,11501.572416624292172857539,0,0,0,0,0,0,0.546100220097,2.129027630437,3.0318010430324134,1.875803365377,2.671201875621957,0.000016581942606728687,0.361788122698887,-69.74898025452096,12.316199379834346,0.394152885442469,0.0000171837171306431,0.000238846808863386,0.367940258076131,0.394152885442469,0.045488142973,28060871216.196019,16438466038.381179,2377774760.681193,20173596783.36503,25484427568.142014,9897581080.529912,27351423492.446158,27570143143.360977,27807163147.462981,4558690004.760381,13946573368.307608,28060871216.196019,59.4283444169,24766761541.794371,33770990760.869016,33944685551.932928,18537964925.031164,32636635399.059425,33933153257.25985,11587489452.437243,29505244346.659777,33946085794.545911,33946085748.777685,33946085047.339463,33946058484.957539,33941813131.719009,33897871697.68611,27419461018.924033,31430162024.24662,33441726091.483422,21639766383.75407,33944958000.412387,33935449769.585215,33803773230.278808,25238978499.081066,29862181992.052814,12856284268.530466,32810242593.6805,19056704694.190742,8025345498.404027,32803644726.660155,28786631243.311934,33946085796.76014,29908574726.141795,101648,1.176481481481,302832,15944408288.301887,5768497542.169313942172654899769,59175.27182811,21408.91050488825191155231357,262.831419,95.089285666294579930653,213.201523533113,0.038129910670935296,0.03551186001745468,0.3942,coinbase-ada-usd-spot
2023-02-10,79933,8324,1362655,3475491,856,379461,2564130,189,60581,4337037,4326700,4318443,4300934,2019535,23836,3014270,171019,4255032,822545,2741,1465580,9809,2635071,71799,229,3562218,434145,1019,1676074907,4144,42522.888754826255,7218557519.510618130558500177644,0.682484819596,0.601001198302,12159335711.362372764739186695636,12552352044.4553070314112970488,10707601287.614631788354683474944,17816272775.9399596538573853002426,0.32086719,0.11492753700720119909508,0.221821,0.079451380449569733772,27156.594501,9726.892049957597972999532,0,0,0,0,0,0,0.545917358108,1.933021883037,2.995733150426665,1.702233419253,2.6380648499476593,0.0000165665361971316,0.358177902225532,-68.99185378584265,11.635309957029598,0.361788122698887,0.0000165819426067287,0.000234072462239053,0.336939267419986,0.361788122698887,0.045547704117,28045704624.266863,16419529459.168525,2099227276.177404,20153553512.537317,25452842793.781975,9655868890.439374,27336191190.657258,27554947207.871101,27791164085.321263,4251568769.810783,13888489379.643055,28045704624.266863,59.366380622,24757246818.961253,33772414917.152025,33946353610.337532,18532668784.555349,32636800893.041464,33934834851.783575,11606097366.103566,29500206145.111313,33947755110.009494,33947755064.241268,33947754362.803046,33947727751.257255,33943484440.102883,33899567315.648378,27415662591.45804,31429044281.428923,33442840903.857791,21632891045.965493,33946617031.346999,33937018626.675536,33804051646.144947,25212144540.373332,29844077187.668665,12875993852.96496,32804586515.26114,19032414728.189525,8157053908.423185,32803351425.750734,28782004375.608968,33947755112.223723,29894645150.030592,84635,0.979571759259,269931,17562012830.854723,6290324914.613421428699473387636,74950.44842573,26845.59438799089875281173836,259.828427,93.064800921419778798164,213.572453643137,0.03809953792819774,0.035575328822810455,0.3621,coinbase-ada-usd-spot
2023-02-11,55188,8310,1363186,3476726,857,379568,2565088,189,60520,4338749,4328412,4320155,4302646,2020209,23802,3015353,171049,4256744,822964,2746,1480074,9984,2645932,73245,236,3574633,441419,1041,1676160861,4159,31681.875931714354,7437085717.046747133754958822652,0.703331663132,0.619248683887,12535112671.256424159393741617352,12939966038.7960086013412798548,11036545673.898010592868960278532,17822477400.5502562355146747303727,0.31757007,0.11725905202437140596854,0.226133,0.083496978198944186226,20235.247168,7471.629490771992963962496,0,0,0,0,0,0,0.546113650891,2.228279153765,3.0856611418399487,1.961889398179,2.716771760989322,0.0000168872938587023,0.369238360606122,-65.83853329944964,12.048998292747088,0.358177902225532,0.0000165665361971316,0.000236538157725645,0.335564051425566,0.358177902225532,0.045568877175,28043906521.274364,16404808951.230836,1523113782.299308,20141693037.631366,25439328520.77418,9538559685.751334,27334468796.573413,27553110683.722815,27786877543.863906,4009554006.738347,13850218400.394105,28043906521.274364,59.330026878,24759969152.804362,33773167515.4836,33947163325.107799,18539775049.348765,32636916204.608282,33935640513.33933,11544480658.472725,29498189323.793711,33948565500.783487,33948565455.015261,33948564753.577039,33948538142.016641,33944293412.451527,33900351868.093991,27415347174.145721,31428752295.115047,33443514812.051646,21646409130.244339,33947457516.860088,33938096981.532664,33808646781.575371,25266742801.89909,29883539327.367846,13018950874.216858,32824412195.595914,19097692464.771512,8065346850.697761,32803649377.551264,28783884521.778117,33948565502.997716,29890029995.206906,63719,0.737488425926,185111,15235328771.820802,5625467819.002395090198288149844,90477.53719856,33407.77750687571456346558432,231.754231,85.572552317972498002182,213.582249237287,0.038089826492529476,0.035664249218450204,0.3582,coinbase-ada-usd-spot
2023-02-12,56042,8311,1363943,3479094,857,379903,2566475,189,60564,4341163,4330826,4322569,4305060,2021305,23820,3017609,171186,4259146,823587,2747,1474334,9893,2643412,72588,231,3572191,438331,1032,1676247243,4204,34136.069219790676,7327020269.868591514135770072683,0.693486676453,0.610273581493,12353620473.933749154299089933555,12752362345.2488231800760831526,10871280540.804304857695144437706,17813781999.5648947521633441134897,0.32475978,0.11817525832770560754942,0.2256475,0.0821097723477363825025,21771.246315,7922.233034494707967732785,0,0,0,0,0,0,0.545888441851,1.969903007616,3.0326769768067283,1.733529719417,2.6687789441216263,0.000016713340336649166,0.363885140973139,-65.57750301439808,5.468173654511615,0.369238360606122,0.0000168872938587024,0.000239736922249686,0.345994020734408,0.369238360606122,0.045601893476,28043159300.85273,16404778529.460175,1360194153.816244,20135530267.253897,25427972409.979938,9442707019.805937,27333653500.933642,27552342620.517605,27772175019.340579,3963947389.580669,13799573433.137171,28043159300.85273,59.3107120729,24753733850.641331,33773712966.666282,33947828038.407847,18532492460.938856,32636784733.08081,33936286427.413516,11548464939.982273,29495613194.164572,33949230353.541516,33949230307.77329,33949229606.335068,33949202982.850123,33944957640.946584,33900975930.012331,27411459086.707304,31427633872.131118,33443962858.489296,21639811920.729755,33948109134.869637,33938636733.483744,33807422446.868388,25235253750.07298,29861835942.613803,12880389568.497489,32814959360.074922,19065868065.966505,8068665881.778834,32803272005.250732,28780507181.731761,33949230355.755745,29875582475.643854,67038,0.775902777778,200177,17233960364.804322,6271182096.872310739020393106758,92958.98745998,33826.39425659508279501747722,212.6420525,77.3772832507801243277975,213.467927580572,0.038081834336084426,0.034902590435097164,0.3686,coinbase-ada-usd-spot
2023-02-13,49284,8322,1364989,3481116,855,380285,2568042,189,60649,4343420,4333083,4324826,4307317,2022619,23852,3019294,171407,4261396,824403,2747,1469892,9832,2640993,72077,230,3569377,435999,1023,1676333640,4061,29880.769268653041,7243679590.26904187875008796092,0.686079780721,0.603714699758,12208148463.796226763775238958204,12601189618.5898614590605923978,10742538829.337541166285013782433,17794065365.0612739989391198624257,0.33150781,0.11920075020297571721777,0.224481,0.080716962916542424677,18225.636605,6553.418926217199563564785,0,0,0,0,0,0,0.545209017587,2.048252078433,2.9886291223190526,1.80235582407,2.6298389545483896,0.00001649507583838377,0.359571468928517,-65.56058505292823,2.058165307375959,0.363885140973139,0.0000167133403366492,0.000240382815888654,0.340869709069222,0.363885140973139,0.045643805521,28048540979.741246,16406011491.087545,1563632414.136516,20145312451.66476,25423853607.475369,9465956437.151582,27338789967.43301,27553547390.758979,27776634074.435305,4062961101.327575,13746040897.935306,28048540979.741246,59.3347927554,24745428154.368916,33776345194.511445,33950535868.290968,18510903132.36287,32638506883.872089,33938991236.648586,11549333042.808933,29493680206.951096,33951938676.833783,33951938631.065557,33951937929.627335,33951911299.329371,33947663677.644393,33903664717.723742,27406221845.521784,31428230026.175211,33446439415.077733,21623785968.726657,33950803643.494192,33941231497.254988,33808542045.041141,25207107921.871809,29843478108.47458,12853057901.34299,32809207448.899053,19024581705.843489,8070222952.861699,32804583048.300477,28775685554.317745,33951938679.048012,29875948893.690349,54978,0.636319444444,160308,16576054791.569782,5960276370.444329205083975273294,112436.15010733,40428.83165475988244964772961,263.430136,94.721960961559007588312,213.208601048177,0.037984577025825375,0.034795890218482325,0.3641,coinbase-ada-usd-spot
2023-02-14,62063,8330,1364536,3480478,855,380007,2567125,184,60598,4343192,4332855,4324598,4307089,2021968,23866,3018332,171236,4261152,824006,2773,1503201,10325,2663011,75832,246,3595930,453782,1083,1676478607,4275,32718.280233918129,7781760458.907866854094372323557,0.733665768141,0.645630372458,13129102745.212789713480839135157,13551320022.1794153762641040546,11553690881.493932528209685277819,17895209665.407419722010655278053,0.33518298,0.12960961986467299210362,0.222481,0.086029660089281120289,20758.887545,8027.112604348063142340105,0,0,0,0,0,0,0.545063671635,1.73623924529,3.2027376032428028,1.527901176927,2.818428719806958,0.000017400592018393655,0.386683177841169,-63.19019175771896,10.42780678529553,0.359571468928517,0.0000164950758383838,0.000238723966870303,0.335094000422662,0.359571468928517,0.045627306773,28051449338.829412,16392226980.278018,2075366193.41443,20124383228.546453,25414979636.521706,9523460196.016497,27341547825.336654,27556167589.281397,27779056501.089625,4256762553.130922,13654125548.350488,28051449338.829412,59.2710759442,24752757422.904469,33777581770.557372,33951722520.21889,18506615642.113787,32639867146.556177,33940177931.644563,11375992117.595002,29498179886.580935,33953126219.908624,33953126174.140398,33953125472.702176,33953098826.878579,33948848659.132589,33904868546.863408,27414737374.579492,31430267991.026798,33447693360.183245,21650378039.823617,33952063311.336233,33943033712.978498,33818833791.33433,25344062456.410175,29949879650.565932,13254066732.558436,32858984802.902481,19181237459.049044,8073654232.13759,32806665927.427728,28782305344.253174,33953126222.122853,29878959167.547851,61933,0.71681712963,202291,19555557400.412322,7561805080.046826443854426484418,104818.95405492,40531.72625194395284426300148,259.144677,100.206887222983297807413,212.840428373964,0.03826682790631167,0.037159690455180056,0.3596,coinbase-ada-usd-spot
2023-02-15,65036,8317,1364992,3482149,854,380057,2567997,183,60546,4345647,4335310,4327053,4309544,2022788,23828,3019335,171202,4263591,824243,2770,1541995,10973,2687085,80713,248,3616079,474341,1133,1676506509,3984,34128.475401606426,8288220462.694113174151761667132,0.778421987231,0.684433345558,13988331925.69822253662402967136,14437381239.5227295518551537624,12299345311.067947566810784004828,17970114096.417748368857917947955,0.32308859,0.13310173706427800865124,0.224481,0.092478694583198347116,20802.058931,8569.755367187612756397316,0,0,0,0,0,0,0.54545096365,1.695282745794,3.384091935190859,1.490590014676,2.9754881065445544,0.000016950144011512556,0.411966690201836,-62.805768992592775,17.723975057016204,0.386683177841169,0.0000174005920183936,0.000248283388801515,0.360059971239362,0.386683177841169,0.045643100361,28064660535.990395,16390759724.152743,2589230692.178352,20118666532.562237,25414025568.268255,9509287785.722011,27354603520.110967,27569335562.265098,27784232518.478988,3667100391.988346,13664416254.649846,28064660535.990395,59.250956488,24756906192.261446,33779382102.357129,33953601492.207881,18520791389.681183,32641124498.157102,33942050534.459458,11376975149.158578,29498060235.234207,33955007182.577531,33955007136.809305,33955006435.371083,33954979773.025557,33950723371.573416,33906738513.262308,27415587751.320931,31430942981.136961,33449332334.935573,21660070138.676118,33953988911.808793,33945487122.981963,33830235593.938398,25514141586.302611,30073385368.684617,13339177365.814121,32911619084.300278,19322166566.968029,8134146436.10453,32808481437.972762,28786008755.79909,33955007184.79176,29855193644.520373,64385,0.745196759259,199374,20029111526.699304,8251326783.337754648286640722144,103070.73140785,42461.7080747743886609348126,283.84661,116.93534844671136437596,212.954341886755,0.03735521317205659,0.03872806572946463,0.387,coinbase-ada-usd-spot
2023-02-16,60534,8299,1365298,3483001,853,380106,2568766,183,60510,4346763,4336426,4328169,4310660,2023351,23800,3020039,171231,4264691,824392,2760,1506282,10331,2666038,76032,245,3600019,455149,1084,1676593108,4000,36432.198,7790601304.553554890109882912908,0.731299739294,0.643774925517,13194331866.704112223781452076085,13617315780.5434121469588691278,11615182610.258989752501688438647,18042303528.5589465793084713910819,0.34475294,0.13395939106386924833298,0.228509,0.088790907751544332203,21896.638394,8508.296827304735644150998,0,0,0,0,0,0,0.545933533183,1.380647888227,3.1473676524891188,1.215406547617,2.770678378761676,0.00001636589179530486,0.388566348596967,-64.26201406659565,12.204241129818861,0.411966690201836,0.0000169501440115125,0.000246267361170027,0.385026272777318,0.411966690201836,0.045652314392,28073784430.121063,16346217733.046673,2006877147.346453,20049603710.367124,25412662064.022513,9482201176.401372,27363639386.36059,27578450407.902049,27792483556.234321,3336761999.37747,13440028185.085751,28073784430.121063,59.0450610403,24757855969.060854,33780764284.509659,33955039179.986289,18537962023.701677,32642191639.065442,33943491089.50792,11428480832.24617,29498082252.228428,33956445053.684526,33956445007.9163,33956444306.478078,33956417628.348585,33952160089.86975,33908166329.160673,27415465741.601231,31431847590.379694,33450621080.34669,21662994313.764415,33955384281.526062,33946381546.055714,33822616441.590332,25359030269.687196,29957250883.165861,13305728404.043002,32864611944.102668,19219237638.874538,8177659129.885495,32809732531.434489,28788319592.170031,33956445055.898755,29892404867.789041,63514,0.735115740741,184204,24594572841.808171,9556623364.443531087685206417357,144226.51841662,56041.57163199924792337439154,289.1627025,112.3588954608560610233175,213.319802930336,0.037604286547094745,0.04036554930055304,0.4204,coinbase-ada-usd-spot
2023-02-17,49845,8296,1365676,3483054,854,380262,2569008,181,60526,4347111,4336774,4328517,4311008,2023535,23799,3020041,171331,4265030,824697,2756,1532299,10814,2681658,79480,246,3612179,469329,1120,1676679581,4149,28501.410460351892,8078356992.236119483981983325107,0.759363364569,0.668269607938,13710665266.78416699590333749301,14149840148.7109220906754046554,12065924338.59742949853876756742,18055473711.9279724853279217158888,0.32326766,0.13052312727661233983446,0.226163,0.091315976470583158903,17505.267055,7067.957864485590252085955,0,0,0,0,0,0,0.546104920007,1.256351727839,3.2114392590766423,1.105638901965,2.826192775043127,0.000016408187825984545,0.403761784511981,-60.52619629060005,23.294568105311136,0.388566348596967,0.0000163658917953048,0.000236369210486683,0.364165737803518,0.388566348596967,0.04566679923,28065626919.726395,16333871402.767971,1699314500.799006,20007730553.302047,25394852439.603047,9481669435.148181,27345226470.933833,27568669750.21201,27783785287.946571,3411769082.297567,13397250167.369309,28065626919.726395,58.9202408129,24753047314.733188,33781670352.593085,33955906623.071421,18544255662.552782,32642733725.694628,33944364275.708589,11369430709.105876,29496753886.492425,33957312930.102981,33957312884.334755,33957312182.896533,33957285495.992873,33953027277.664854,33909035880.503672,27413043908.031273,31432029401.539313,33451488069.216526,21657701902.687869,33956282231.040266,33947641467.488987,33829976181.738263,25476545404.017816,30042244923.758144,13329712748.552459,32900477564.530105,19312964488.038511,8200881743.627912,32809946798.900639,28786322422.006951,33957312932.31721,29883770087.80382,54151,0.626747685185,156904,27028508163.651533,10913078688.852589556549347516873,183197.39530114,73968.10724473508927743295834,299.793978,121.045351543225572650418,213.515230721753,0.03766004401439382,0.039207506276631145,0.3874,coinbase-ada-usd-spot
2023-02-18,50977,8296,1366340,3485437,854,380458,2570394,181,60533,4349117,4338780,4330523,4313014,2024555,23808,3022409,171465,4267030,825090,2753,1536387,10843,2685035,79860,245,3615862,471131,1124,1676765922,4225,30462.538461538462,8119896730.574953086026238680064,0.76363930924,0.671959427535,13790663317.664877466332242157816,14232138664.1295975981840223056,12135004204.394385489881793684384,18059132303.4238312749060535996923,0.31489359,0.12788148305073261220056,0.223219,0.090651501559944370296,19870.730024,8069.705149507297472932416,0,0,0,0,0,0,0.546066823776,1.672528985677,3.186837344381998,1.471730967949,2.8042367275590068,0.000016484066781199433,0.406110149942184,-59.248649264601845,19.863554676336054,0.403761784511981,0.0000164081878259846,0.000238060659670698,0.377465258612772,0.403761784511981,0.045694309484,28064564113.505397,16333339182.973283,1590980406.786171,19994321077.005696,25380656568.513065,9482876614.559626,27344101805.429444,27565875645.243826,27781239150.383501,3376188319.129057,13391995564.309157,28064564113.505397,58.8796676674,24750024783.420675,33782185243.030598,33956532186.615974,18543303378.94421,32642677309.593849,33944968705.818148,11391547051.392213,29493939125.741109,33957938058.74827,33957938012.980044,33957937311.541822,33957910618.768582,33953652920.628556,33909615559.678707,27409673245.814217,31431630507.486431,33451830757.885881,21653581138.001385,33956911002.549115,33948295910.414251,33831339465.116495,25480512913.164787,30048886415.948434,13310793596.917075,32904414155.501272,19321516102.220656,8221742111.48726,32809917735.721138,28783906929.168043,33957938060.962499,29881066026.352676,63103,0.730358796296,185380,20303348014.755972,8245395706.600891633494668722848,119239.67853133,48424.44372741624474553262472,188.35473,76.49276764261958293032,213.636546169701,0.037654441624492885,0.03887346030127122,0.4037,coinbase-ada-usd-spot
2023-02-19,52170,8306,1367113,3486614,852,380729,2571324,181,60594,4350737,4340400,4332143,4314634,2025426,23850,3023357,171575,4268639,825578,2757,1527044,10735,2680673,79024,242,3613005,466635,1112,1676852653,4177,29922.715345942064,7991487619.05595842732037158723,0.752301923922,0.662004725349,13595357405.0028180566357720067,14030155748.765977030871787906,11963535594.85183004044110336456,18071677039.0842667199079830897384,0.33299861,0.1333148690378297468949,0.224481,0.08987021031853874529,18634.6023,7460.300105146207632807,0,0,0,0,0,0,0.545532895113,1.660773193692,3.1041293694287844,1.461434122387,2.7315473286874234,0.000016429875445610537,0.40034662318209,-59.854058826270204,10.394753395464932,0.406110149942184,0.0000164840667811994,0.000240168788963046,0.379612282411094,0.406110149942184,0.045720728582,28066360648.243716,16326997597.196249,1826551643.101926,19961421319.198147,25367526972.540469,9100324017.382279,27345713751.133599,27567717736.771407,27782332633.327175,3314375004.079667,13366469431.100005,28066360648.243716,58.7810042869,24742403914.100652,33783188617.644898,33957559601.720053,18525733091.746553,32643103756.191288,33945995951.874799,11398837894.785488,29492659478.637887,33958966098.067401,33958966052.299175,33958965350.860953,33958938647.245039,33954679020.627944,33910637140.205335,27407247645.516507,31431054874.310625,33452652014.401521,21642153102.554464,33957928375.723683,33949191816.545757,33829832459.912797,25443654272.264071,30025311187.735496,13246157856.87964,32893030577.092124,19279310412.962637,8238002829.005992,32810051042.61319,28780432528.179731,33958966100.28163,29882943684.554184,55960,0.647685185185,181679,20447684385.359046,8186161395.57164355833168668614,124889.48176728,49999.0822964917456304440152,257.8467805,103.228087871548571761245,213.37905965051,0.037646903559940915,0.03721888234615494,0.406,coinbase-ada-usd-spot
2023-02-20,64264,8299,1367302,3488007,853,380767,2572422,181,60577,4352012,4341675,4333418,4315909,2026028,23835,3024495,171613,4269890,825835,2757,1532810,10799,2684678,79510,242,3616674,469662,1117,1676939006,4021,35733.271076846556,8036661636.589225178265584850748,0.757499922538,0.666380146818,13693844236.524831260223068969724,14130796037.8838785439132563572,12046609724.09221994812536796408,18077684009.0631655691221089758511,0.31815868,0.12828742309869748872344,0.22357749999999998,0.09015055423868691943063267871884,21360.537303,8612.960949566020196555574,0,0,0,0,0,0,0.54571294188,1.465000501648,3.097767907781542,1.288775378493,2.7251369561606937,0.000016260219305348543,0.403218366064058,-57.004055639909325,9.270415868803191,0.40034662318209,0.0000164298754456106,0.000237847478048824,0.374500979139242,0.40034662318209,0.045738517655,28062159787.681413,16323416975.506909,2057286920.311911,19931288634.090806,25308012704.794109,9099130025.213418,27341537052.108269,27561926999.544499,27777588545.516996,3463992122.968141,13342559024.984743,28062159787.681413,58.6881338635,24743903336.079023,33785462791.523991,33959954179.858148,18533153876.168488,32644889003.79085,33948388149.834875,11403179871.075871,29493294833.368091,33961360364.861249,33961360319.093023,33961359617.654801,33961332890.493825,33957071856.216031,33912993879.665177,27407907503.387964,31432755841.924456,33454948815.609244,21649591872.999894,33960328628.150455,33951656690.30761,33833503191.593813,25463051685.316707,30038548082.009699,13250656480.719691,32902322433.934765,19297170171.58758,8238306926.112894,32812118667.246007,28782554196.897877,33961360367.075478,29876143395.16076,67138,0.777060185185,207720,23181808012.271376,9347330749.118752436941695803808,121309.925861,48914.390093024434356803938,260.3374695,104.972849077041534621231,213.570890006729,0.03763376660281521,0.03713209224045941,0.3995,coinbase-ada-usd-spot
2023-02-21,50995,8303,1367682,3488894,854,380960,2573065,182,60609,4353230,4342893,4334636,4317127,2026680,23844,3025233,171683,4271115,826176,2758,1512719,10417,2672782,76621,245,3607791,458256,1091,1677024850,4142,30720.127233220666,7800874199.737876479231220733502,0.73466467135,0.646261147073,13303035544.827508064524394903208,13726686712.4652016939559137428,11702257296.464217346686706344338,18107629322.0814902746317419607674,0.31630883,0.12389412563965501296286,0.226163,0.088585156276039770046,19291.675677,7556.302775757839830923234,0,0,0,0,0,0,0.545466429013,1.530064294383,2.9838549143405686,1.345948899607,2.6248022735314196,0.00001605249865912746,0.391687217962442,-54.62073878884528,4.019133659361274,0.403218366064058,0.0000162602193053486,0.000237063879215407,0.377069434065377,0.403218366064058,0.045752903995,28063708302.0974,16318153575.407964,2005893170.446064,19916080591.850931,25286962314.205572,9422634132.836746,27342938659.812243,27562207511.596374,27777709883.803438,3671209982.666981,13352306094.156037,28063708302.0974,58.6398057304,24741169100.486613,33787446457.022239,33962008378.908016,18525902712.434883,32646563910.666808,33950441486.249829,11358454712.303868,29493566073.263991,33963415025.802095,33963414980.033869,33963414278.595647,33963387558.268109,33959125175.796579,33915047451.075355,27406384170.65582,31433850842.352883,33456924228.281182,21643389836.632857,33962358305.148683,33953395099.703745,33830350689.519087,25363475172.173358,29965569972.724079,13274490493.048648,32874896222.642705,19222407021.272206,8135746089.80708,32813604062.361676,28781804046.49191,33963415028.016324,29876536072.173589,60990,0.705902777778,179269,22197377687.138346,8694429112.336804014687886000932,136186.64661564,53342.56873651424881592979288,229.822839,90.018668432140215812838,213.843969999685,0.037676411397550326,0.03742927095499163,0.4036,coinbase-ada-usd-spot
2023-02-22,54032,8305,1367982,3489931,852,381054,2573495,180,60661,4355658,4345321,4337064,4319555,2027011,23861,3025870,171738,4273536,826465,2762,1509213,10331,2670903,76235,244,3606929,456348,1085,1677111240,4295,27939.186030267753,7756177695.6937230096514380024,0.727922633505,0.640461987724,13196314491.53306585036941800885,13615996376.08718432502621849,11610763865.3680249321344013431,18128732208.8073270742338365076922,0.32328254,0.125604544919645285319,0.226793,0.08811558940350169605,16950.996901,6585.94878549402180971985,0,0,0,0,0,0,0.544904649464,1.82748051461,2.954761246441266,1.607906869551,2.5997436733553068,0.000016078997544857086,0.38852869975485,-56.24288401645643,3.5609854214689576,0.391687217962442,0.0000160524986591275,0.000236655474801757,0.367861143711112,0.391687217962442,0.045762617669,28125031623.446882,16382136748.786367,1969668144.936169,19962946625.532784,25337328185.036215,8580922457.871669,27404234540.077432,27623246626.101406,27837640179.351811,3562094568.391814,13344046226.060289,28125031623.446882,58.7753323147,24737470297.530495,33788848877.698305,33963428253.615093,18507598349.262447,32647733715.982486,33951854826.10865,11278904018.512666,29494436550.41538,33964838373.585412,33964838327.817186,33964837626.378964,33964810899.14256,33960543160.908906,33916454048.65704,27404540698.844921,31434768039.658802,33458311556.426219,21642464705.622301,33963773291.627895,33954749671.755673,33830778344.393021,25336908197.340689,29955226615.619615,13226046365.814441,32870915191.058173,19194440183.42279,8139703944.635197,32815176953.536083,28781235141.171591,33964838375.799641,29883928452.889246,52434,0.606875,157086,18585609041.665131,7221042515.11013712619549313535,132629.0361872,51530.18697955176441870792,218.23743100000002,84.791505304268801560923995097,213.885366399971,0.03724825120236014,0.03745825279794081,0.3927,coinbase-ada-usd-spot
2023-02-23,47326,8295,1368590,3491462,852,381232,2574592,181,60658,4357576,4347239,4338982,4321473,2027991,23868,3027205,171803,4275451,826783,2761,1502370,10221,2666863,75309,244,3603495,452305,1068,1677197663,4244,27259.569274269557,7635188630.861455637913668926736,0.717357937526,0.631121057296,12995437544.551534537710843208436,13408613678.6181979249656682968,11433196531.460250347319001520576,18115694919.8439411475377758337252,0.32832203,0.12561965032819953221156,0.225385,0.08623480090331206702,17324.568807,6628.572184517051530853364,0,0,0,0,0,0,0.544978725142,1.961296550138,2.8933177610372014,1.725520117143,2.5454987934416975,0.00001600211393824678,0.382611091702252,-56.04629707951132,6.711457901298121,0.38852869975485,0.0000160789975448571,0.000236627658139062,0.366375191483559,0.38852869975485,0.045782332047,28124329534.93274,16383867724.516018,1511841976.413033,19955481679.561868,25329727988.793665,8588199880.985417,27403652764.056503,27622088963.229571,27836163429.031749,3469520953.037569,13359624123.151193,28124329534.93274,58.7528400232,24733648065.667571,33789044576.921343,33963724270.418326,18510276202.87593,32647509008.258039,33952143989.009166,11334505966.378194,29492332842.800221,33965135422.204114,33965135376.435888,33965134674.997666,33965107944.790997,33960838159.595511,33916733637.167629,27403863609.290067,31433910385.738589,33458334766.834439,21642066506.22047,33964056438.522213,33954906359.96045,33829044804.403364,25307472427.212966,29929248583.44329,13245135108.674154,32859734794.142464,19152104544.775876,8160522875.400725,32814984019.905406,28780238079.677156,33965135424.418343,29882031073.886288,52767,0.610729166667,152656,17317694981.940646,6625942182.806921799762568534792,127119.39071838,48637.28885928449192334379176,249.983137,95.646320954723624924524,213.888110482079,0.037106725073002264,0.03656486552806415,0.3889,coinbase-ada-usd-spot
2023-02-24,52542,8311,1369219,3493348,853,381329,2576488,181,60669,4359458,4349121,4340864,4323355,2029324,23900,3028988,171884,4277325,827192,2769,1482290,9923,2654565,72986,229,3588036,441339,1030,1677284097,4351,27674.798437140887,7280506939.611682932124635330588,0.687808520678,0.604549174389,12419286306.947941337020917122849,12813746072.9228116067221995246,10915929444.969255697814311072178,18056313543.0557636003577234493567,0.31851435,0.11646053860954142856765,0.22129,0.08091174726948855751,17912.610263,6549.507860891603606194097,0,0,0,0,0,0,0.544378386081,1.945569022955,2.7636736616698623,1.710057539539,2.4291304632240096,0.000015776643173174736,0.365636708705719,-57.0121901217786,-1.964379289623061,0.382611091702252,0.0000160021139382468,0.000231970863592925,0.361046364626108,0.382611091702252,0.045817816448,28100693073.958605,16373394430.494194,2045215436.49792,19911859958.982852,25288770901.035382,8361656946.54404,27379952960.331293,27598329215.610234,27811746605.978604,3473072501.543458,13330555648.236892,28100693073.958605,58.6225871574,24730118973.46597,33789909397.188686,33964779820.697855,18490460271.311092,32647611650.870146,33953200350.121673,11331863402.821597,29490498471.350332,33966191059.153042,33966191013.384816,33966190311.946594,33966163573.853819,33961893262.389287,33917747952.320545,27403131469.032272,31433858759.006893,33459052485.59207,21634741112.617534,33965065556.51266,33955583367.415623,33824375873.762725,25219971287.394969,29865064939.204057,12838694988.649529,32830292200.864662,19029135363.768253,8141628947.276884,32815373278.120134,28778748371.778379,33966191061.367271,29854577467.370462,56238,0.650902777778,181932,17458229782.965041,6383369677.671496534529333769479,110827.91410552,40522.75374626246214279346888,285.31163000000004,104.32040534866389283743834822876,213.817524629432,0.03711940406185064,0.03686209913826606,0.3823,coinbase-ada-usd-spot
2023-02-25,59823,8297,1370051,3495324,853,381464,2577446,181,60659,4361443,4351106,4342849,4325340,2030480,23881,3030251,171986,4279300,827682,2765,1478245,9858,2652407,72455,228,3585806,438940,1027,1677371004,4119,31386.028404952658,7194880515.426657954811483372664,0.6812316124,0.598680501021,12288179805.044170339164485223746,12677815798.1124487941290342766,10799107834.12825569985465732436,18038181994.7423416766036517856001,0.30207287,0.10927727000103562845713,0.21972,0.07948546244695046028,19277.082101,6973.638200554416438636899,0,0,0,0,0,0,0.544513089516,2.043195249805,2.715117909929236,1.795602455277,2.386102055543071,0.00001562007161715855,0.361757975818999,-59.78628670155077,-4.76700563731781,0.365636708705719,0.0000157766431731747,0.00022734373326925,0.346830182532718,0.365636708705719,0.045852960973,28098320346.110123,16372397699.154379,2084165717.897849,19888657600.811336,25276198861.51655,8299219835.879564,27377747624.774274,27596040001.478709,27808539182.572107,3474241268.504345,13319693815.547822,28098320346.110123,58.5512307728,24728022625.343403,33791592538.632459,33966546788.912329,18495997869.930813,32648343084.747143,33954956837.474627,11346774657.758413,29489335459.767222,33967958208.588025,33967958162.819799,33967957461.381577,33967930713.566237,33963655290.937248,33919516631.156445,27401573115.020945,31434405442.862501,33460514726.494663,21638278056.782515,33966821008.028573,33957254350.134235,33824721660.879535,25204210717.694818,29849625200.35662,12826312029.543357,32824094718.501784,19027460978.775257,8156540202.2137,32816317100.079532,28779278328.969292,33967958210.802254,29851747731.83564,63816,0.738611111111,195816,16624920312.455066,6014197520.385905065631736598934,98005.30387201,35454.20034826424264562231799,227.866399,82.432487259404377914601,213.663369935779,0.03697979377818143,0.03672667457828216,0.3659,coinbase-ada-usd-spot
2023-02-26,45627,8295,1370628,3496965,854,381569,2578186,181,60637,4363597,4353260,4345003,4327494,2031353,23884,3031727,172050,4281449,828001,2765,1487773,9968,2658790,73380,228,3595260,443756,1043,1677456882,4257,23699.69978858351,7318113960.589005091295988082052,0.694854434649,0.610625599392,12526268296.932332705850761544715,12923114845.2463231704311609802,11007859640.159468457097834929438,18027183352.8163684404921096557517,0.31133611,0.11480753070407330364983,0.223097,0.082268695646922041341,15565.560091,5739.917281273863627416423,0,0,0,0,0,0,0.544697232444,2.141254175878,2.7486863584790204,1.881695718408,2.4154962125765778,0.0000156637501495963,0.368757516447653,-58.42142724845743,-5.129135775788166,0.361757975818999,0.0000156200716171585,0.000226963477550447,0.343516043405379,0.361757975818999,0.045875283411,28098056153.400799,16370128969.180128,1386869788.444152,19845328255.506484,25264675113.062731,7624483646.619487,27377391519.928928,27595687451.990139,27807911748.104487,3465415388.826357,13312668698.091971,28098056153.400799,58.4221396757,24728152952.1923,33792408764.398496,33967436336.5669,18502737896.484493,32648552496.618039,33955833927.313204,11350257088.308631,29488043943.732619,33968848735.030426,33968848689.2622,33968847987.823978,33968821235.146899,33964543822.020805,33920401721.656416,27402037722.387801,31434444645.631645,33461158081.796025,21640812289.730334,33967732006.062333,33958285876.978452,33827990894.22834,25235008097.652011,29874304328.831682,12830540449.385311,32837218924.124544,19076280453.377475,8160022632.763918,32816846871.476252,28780121722.296522,33968848737.244655,29851214278.155846,49996,0.578657407407,146915,15863996493.230892,5849967947.778100170568560496476,123120.60646973,45401.64906530647283867404369,262.069866,96.640232921929217724498,213.763645964704,0.03700671993186537,0.03664516908666693,0.362,coinbase-ada-usd-spot
2023-02-27,48132,8308,1370874,3498249,854,381635,2578625,181,60650,4365050,4354713,4346456,4328947,2031790,23895,3032521,172101,4282907,828187,2762,1483006,9910,2656008,72861,228,3592358,441189,1027,1677543320,4231,25886.062869298038,7233820268.880310358169637644,0.686598882395,0.603282488667,12386460863.3123809868703049724,12777276882.54398423027202204,10883406785.2291288202878386868,18040316086.8868097087959285156633,0.31407561,0.114510733220952901566,0.221205,0.080650473757388823,16581.307596,6045.4795919368456948776,0,0,0,0,0,0,0.544621156027,2.099849629747,2.7022875887137126,1.845040158003,2.3743743594877387,0.000015511961035473082,0.3645960704206,-57.313842711826894,-4.457342277522197,0.368757516447653,0.0000156637501495963,0.000224772854958848,0.349624836503466,0.368757516447653,0.045885605086,28100516438.174609,16375631794.474171,1866823153.174805,19840642441.74474,25236001153.69272,8276776041.36365,27379746055.593294,27597515867.916034,27808422509.741662,4095054236.861579,13471254042.475851,28100516438.174609,58.4010263198,24730533004.274726,33796607397.110304,33971693251.985785,18502472137.68232,32652398602.940901,33960081870.261523,11351179473.843229,29490509272.905164,33973105766.652925,33973105720.884699,33973105019.446477,33973078269.628812,33968798067.338685,33924645115.855415,27403593935.511835,31438016956.626544,33465319096.682438,21630643604.30559,33971977478.219156,33962446264.745667,33830826789.55405,25217840774.947553,29862330906.975984,12832067253.652752,32833921059.912012,19029870905.054122,8160466662.470033,32820949253.669621,28782603246.993049,33973105768.867154,29850587179.049878,52794,0.611041666667,148334,16178827896.816108,5898737075.1903335028964150248,123101.5873723,44882.35501847873450978938,210.96250700000002,76.916101058278327736121408412,213.687616538944,0.037003353761626806,0.03655715386138493,0.3691,coinbase-ada-usd-spot
2023-02-28,59078,8312,1371323,3501862,853,381784,2579767,181,60665,4368547,4358210,4349953,4332444,2032615,23897,3035231,172136,4286416,828545,2766,1467203,9682,2645342,71085,225,3576835,432705,1002,1677629649,4309,33474.029009050824,6982050335.541721038493132591325,0.664671212673,0.584000842128,11959721715.21747595650954453776,12336281755.454078846449032189,10508184227.221518840139410128835,17993440195.9672711268563488694873,0.3037362,0.106918907558154634677,0.226749,0.079818458813615253165,22273.582713,7840.577221550009887272105,0,0,0,0,0,0,0.544357246528,1.803709684555,2.594533460340758,1.58479554199,2.2796379576508783,0.000015208380274380958,0.352012396145585,-63.214467800853726,-11.180289718917503,0.3645960704206,0.0000155119610354731,0.000223181638977204,0.344091793906022,0.3645960704206,0.045904866641,28102008410.643305,16139561894.533985,2822026591.270533,19834671767.224045,25218806000.133447,8363854091.679922,27381150775.959345,27598318157.2458,27809609835.895052,4448180400.773931,13539931750.828877,28102008410.643305,58.3797056637,24731413199.125926,33798632835.029415,33973873313.553355,18494692952.372861,32653947899.240909,33962232541.788497,11343879244.275434,29491201031.323984,33975285658.666827,33975285612.898601,33975284911.460379,33975258172.499552,33970973255.777195,33926774278.185132,27403043829.31685,31438844882.175788,33467282558.917162,21633469741.510736,33974103942.604531,33964267364.012028,33828320435.490859,25153976152.32747,29813034373.710841,12741266040.367595,32811385465.917878,18955695923.323653,8153166432.902238,32823067874.661449,28784263158.107368,33975285660.881056,29851744831.382451,73332,0.84875,222395,18836338215.520767,6630624549.854117878534322863695,95230.65129157,33522.36974765020467000321845,299.831683,105.544469173193463569555,213.607410127072,0.037041019919224975,0.03627426593214953,0.3646,coinbase-ada-usd-spot
2023-03-01,62530,8322,1371975,3504321,853,381958,2580716,179,60689,4370786,4360449,4352192,4334683,2033312,23916,3037612,172218,4288640,829030,2775,1478220,9837,2654103,72256,226,3593484,438538,1016,1677716305,4270,33739.787119437939,7128216087.034646949140002577702,0.679986615285,0.598158728013,12229489486.1222228170763616011,12613957818.6687954074050648134,10757823331.863612001835912317038,17984897365.9439683836680208916822,0.32076902,0.11545625575187848031602,0.227145,0.081757618652700430395,22278.370837,8018.783363467778290560287,0,0,0,0,0,0,0.5440421717,1.583206738858,2.62518820629683,1.392687602681,2.3092796284162875,0.000015244631868102015,0.359935805994851,-62.60158702652346,-3.202171430413122,0.352012396145585,0.0000152083802743809,0.00021909538860657,0.333195183686627,0.352012396145585,0.045931245014,28095972781.365588,16139851559.443457,2701842891.75974,19804131648.788002,25194982836.527836,8366829501.528974,27375074901.801104,27592288732.838069,27802978012.238647,4181733048.018233,13518872820.916473,28095972781.365588,58.2871107999,24727509110.116634,33800146097.412079,33975450866.999566,18484846208.680403,32654802063.099373,33963787372.978443,11277680166.32305,29490612921.864045,33976862767.301871,33976862721.533645,33976862020.095423,33976835266.191731,33972550023.371921,33928308409.803727,27402318602.402221,31439134778.365025,33468710838.239808,21631454512.307873,33975721448.473141,33966041357.627748,33832746996.644723,25190721462.269659,29844688434.462408,12761435741.717509,32828153728.061832,18984011506.282013,8187794466.456909,32824084672.046383,28783472035.505979,33976862769.5161,29888172148.167738,69453,0.803854166667,211995,21460787107.333169,7724505704.761871101733555512819,114048.97569074,41050.30998813367046060837974,234.780541,84.505923256742160994391,213.473885858623,0.03708010865719699,0.034751664542242836,0.3519,coinbase-ada-usd-spot
2023-03-02,69715,8316,1372656,3508149,856,382026,2582233,179,60656,4374866,4364529,4356272,4338763,2034609,23895,3041130,172248,4292712,829527,2767,1465876,9630,2645861,70785,224,3579980,431483,998,1677802467,4185,40576.625089605735,6903470735.10611113835970090216,0.66180492061,0.582072080898,11882175334.56336836029756040154,12254409489.453870338310202362,10450636293.57264540747217781244,17954196115.0966280524032917397169,0.34087198,0.1191948164797932664614,0.224481,0.07849566162111791133,24301.104024,8497.51755599578956971832,0,0,0,0,0,0,0.544694052601,1.49462937037,2.5218291907549273,1.314559624279,2.218004609848894,0.000014898841669312297,0.34967619362493,-62.80007166093025,-10.508490080532193,0.359935805994851,0.000015244631868102,0.000216605933101104,0.337362414798511,0.359935805994851,0.045964673585,28095567825.1506,16165633783.381316,1969832386.664849,19742467062.287112,25186731034.275818,8393920802.082034,27375411663.611163,27592291534.395071,27800742383.669858,4178032733.156976,13541395797.220445,28095567825.1506,58.0993845043,24732259076.471687,33803605908.909202,33979097479.054741,18508981608.399806,32657266825.464481,33967403829.647355,11286826368.062382,29491707592.423344,33980509827.140749,33980509781.372523,33980509079.934301,33980482318.182219,33976195181.088646,33931907123.303059,27404061779.056938,31441289325.134541,33472010287.162937,21632400050.937587,33979319122.702366,33969383094.545143,33832544371.086062,25138554116.247343,29805323076.04487,12717868852.068764,32810576843.824551,18948403546.307298,8196940668.196241,32827530767.217932,28788260650.600295,33980509829.354978,29886610767.624108,71291,0.825127314815,231402,22735074328.795747,7949914253.07315708584549717271,106775.78732706,37336.9508838313794568796058,233.443955,81.62979360914944579815,212.858393686751,0.03688225767093205,0.03374696894242819,0.3602,coinbase-ada-usd-spot
2023-03-03,58123,8310,1373438,3511288,852,382179,2583791,179,60708,4377680,4367343,4359086,4341577,2035979,23906,3044384,172288,4295523,829933,2772,1456741,9479,2638898,69702,224,3575457,426496,983,1677888897,4173,29545.274143302181,6738109969.249183821759024828383,0.648354601366,0.570261798973,11629708140.328877837966183845102,11993681901.0865865486304283782,10228936868.293430671404296745068,17937264755.7870694566757547802571,0.31559352,0.10800759135657440608296,0.222569,0.076171214163844076987,19154.948531,6555.520700781382383868313,0,0,0,0,0,0,0.543911270373,1.633839016495,2.4471721005055818,1.437046910466,2.152415917912514,0.000015312524843063993,0.342236403829123,-62.157004652446496,-13.900074292173558,0.34967619362493,0.0000148988416693123,0.000212200829692981,0.330188386663323,0.34967619362493,0.046001766005,28099843265.986791,16164481551.589119,1692357255.653727,19688466492.341621,25180340113.423448,8005620868.040603,27379505539.69636,27595948007.761053,27804619006.133719,4169593321.370413,13463218635.455149,28099843265.986791,57.938771016,24723927802.006017,33804442734.726574,33980093507.241168,18482923668.838436,32657288995.897937,33968375084.804969,11275964032.085912,29490926435.162842,33981505209.415845,33981505163.647619,33981504462.209397,33981477697.487754,33977191736.055651,33932863529.901594,27399989264.470753,31440610904.526075,33472603058.492763,21628988064.046045,33980292983.56466,33970107714.728524,33830517805.10897,25088429296.834526,29771770677.792333,12708369261.657923,32795752254.779425,18891853386.847539,8185028692.278655,32827935896.338737,28786203894.68677,33981505211.630074,29888512016.391716,60695,0.702488425926,179372,20798563915.147521,7118025719.130252510425821054083,126372.31225671,43249.20569030743366935016533,276.700506,94.696986111138671636238,212.430659948829,0.03676437101845297,0.033661724764692466,0.3505,coinbase-ada-usd-spot
2023-03-04,45781,8309,1374135,3513532,852,382301,2585200,178,60737,4380068,4369731,4361474,4343965,2037072,23918,3046412,172348,4297901,830327,2766,1446678,9372,2634153,68800,222,3568795,422203,967,1677975240,4202,26734.620894811994,6577008112.547339690318390958852,0.636559260031,0.559837800326,11408560460.562919734519689912095,11765405180.9403867598910442282,10033540935.083764743161002186666,17922228419.0827567254590378065691,0.32328763,0.10853496065394801480599,0.226881,0.076169077078910750613,17222.825269,5782.091516835137286301337,0,0,0,0,0,0,0.544001446369,1.605781942273,2.387295047085671,1.412244682956,2.0995657306509043,0.000015031714095069184,0.335722590604373,-60.15030707851484,-15.772471876894594,0.342236403829123,0.000015312524843064,0.000218100420545395,0.322163133645889,0.342236403829123,0.046030445117,28098360013.359395,16151405151.499301,1511236435.611112,19590603363.054324,25159780808.853998,7990186567.238919,27377619623.047486,27594486779.649037,27802614606.766947,4120987231.564766,13450568442.974634,28098360013.359395,57.6497633973,24720596116.229476,33804929991.10846,33980693510.641677,18486314490.661413,32657119099.851901,33968965328.744789,11240614896.370714,29489940007.67496,33982105402.206286,33982105356.43806,33982104654.999838,33982077880.251063,33977790288.844626,33933433009.021982,27398170709.094021,31439965204.717831,33472923740.442929,21623558987.66461,33980866725.95239,33970516278.818439,33827828550.235091,25053781055.406687,29743329689.073633,12646848546.85241,32782564595.255522,18847957394.773914,8183456017.419827,32828105354.655822,28784998737.355353,33982105404.420515,29886403881.911042,53274,0.616597222222,155626,21162341230.667268,7104676021.213350297786188762964,145606.04906056,48883.23999827863473927782888,242.055047,81.263347447703264920531,212.212580227136,0.03678563189205912,0.03372625898395112,0.3432,coinbase-ada-usd-spot
2023-03-05,42482,8310,1374807,3515435,850,382452,2586550,178,60752,4381951,4371614,4363357,4345848,2038192,23917,3048304,172394,4299774,830800,2767,1449542,9393,2636139,68909,222,3571143,422971,967,1678062115,4223,25159.333412266161,6587235583.24938943815978430124,0.638269000091,0.561403225705,11434900146.011989856218515566596,11792432020.9567944189811474248,10057812343.489349570041758152204,17915487270.0630608555177705170304,0.3307123,0.1112826365584523146156,0.228685,0.07695108328710382882,16320.652001,5491.798112813646550171172,0,0,0,0,0,0,0.54359991255,1.529717711473,2.3847278353020336,1.345496111382,2.097538653726542,0.000015008766215150378,0.336493794027172,-61.091020209328846,-16.804690329803968,0.335722590604373,0.0000150317140950692,0.000214398258145523,0.316154501355306,0.335722590604373,0.046063543629,28101258545.291788,16150109668.57712,1265457073.282171,19576098282.26867,25153181330.613109,7833277281.350875,27380536803.522219,27597323047.346075,27804372539.060192,4167468335.387583,13449660899.051715,28101258545.291788,57.6064110673,24718905551.836233,33805214890.15767,33981087512.017331,18472883689.754228,32656609805.736347,33969350629.809384,11237971997.32187,29488348777.315575,33982499375.140164,33982499329.371938,33982498627.933716,33982471843.376983,33978184099.763119,33933802498.151397,27396330647.914864,31438706774.503965,33473069144.439306,21619374259.131612,33981262054.94626,33970920456.062479,33828766477.562348,25058051270.07225,29744501655.800748,12643893511.626061,32783901472.219514,18841227867.700399,8180561845.394017,32827724537.711894,28783924708.382889,33982499377.354393,29890038158.258507,49350,0.571180555556,143644,22214882603.823606,7475170131.228826879812259022232,164081.78941701,55212.50385169717341797899572,240.18264349999998,80.81996897079067505930611945656,212.023439313453,0.03640373304366164,0.0335443849532962,0.3367,coinbase-ada-usd-spot
2023-03-06,50608,8303,1375612,3517591,844,382638,2587986,173,60787,4384213,4373876,4365619,4348110,2039404,23915,3050219,172538,4302027,831378,2763,1431796,9030,2627568,66609,213,3554918,411636,932,1678147887,4173,28062.06494128924,6487944830.121443058012802977204,0.630699129015,0.554990215659,11233017506.610384258595603894662,11580811183.9156407632130836628,9884609826.917897000993762924616,17810421784.0827080200926445691905,0.3358828,0.1109942352597826904376,0.228033,0.075354702440833606986,17555.586265,5801.33568024566815309113,0,0,0,0,0,0,0.543382183885,1.577750416805,2.3199288836758747,1.388357782332,2.0414453932648535,0.000014742789468360358,0.330455251831242,-59.911135141609975,-17.533276681339462,0.336493794027172,0.0000150087662151503,0.000215200381738029,0.316999623511335,0.336493794027172,0.046096983681,28126749315.390226,16338387044.26331,1678234367.245619,19633353666.398162,25208831859.093843,7993244151.879657,27405953874.699403,27622611686.606963,27827434939.261042,4519409924.037241,13706526433.670996,28126749315.390226,57.7578093002,24719210465.138455,33815129646.343927,33991139976.589852,18470947429.434988,32665455719.991087,33979392410.478698,11276927219.922619,29494672359.728735,33992552527.551282,33992552481.783056,33992551780.344834,33992524986.894805,33988234757.546519,33943825429.631027,27399529902.478293,31447208634.484865,33482805026.961607,21620291633.908587,33991259423.411047,33980662316.30583,33833128750.472267,24951573954.484203,29680890253.958883,12562407317.180111,32758231206.342955,18751661674.643238,8401053012.748173,32836757705.419092,28789233129.972628,33992552529.765511,29912097847.262548,52267,0.60494212963,178539,21544949167.937192,7119641602.981992570849639352464,130135.81897121,43004.06483039612075697654282,251.863015,83.22945604880088131463,211.96234550478,0.036317495361199194,0.03361151158284801,0.3369,coinbase-ada-usd-spot
2023-03-07,58325,8279,1376139,3519294,846,382772,2589362,172,60753,4386299,4375962,4367705,4350196,2040390,23895,3051744,172560,4304105,831815,2745,1431408,8990,2628312,66486,212,3555932,411295,931,1678234462,4284,33958.666199813259,6473213508.552204067590521749632,0.630096262288,0.554493025179,11215251252.73964433960151790731,11562079915.1711044644190801284,9869569092.016967092825973743472,17799266435.9296686090710138219293,0.32934755,0.1086585940811001908263,0.228465,0.07537534648956263709,20672.486817,6820.282566836455664275842,0,0,0,0,0,0,0.5442528813,1.399754227209,2.288996593531296,1.231802190245,2.014347206508638,0.000014878285924330306,0.329920760245826,-58.74169479283697,-15.942943719502512,0.330455251831242,0.0000147427894683604,0.000210811897438389,0.309280355234541,0.330455251831242,0.04612416215,28130941640.605308,16305256138.657699,2175884793.325867,19620509796.743232,25205404552.726205,7977269159.811389,27409624637.364903,27626750314.138994,27829640786.112718,3825199263.687403,13702734951.484592,28130941640.605308,57.7179535498,24719095265.40432,33816225085.427433,33992359131.938912,18501208606.132278,32665836269.260526,33980609731.127505,11254539925.003318,29493217333.76992,33993772455.096706,33993772409.32848,33993771707.890258,33993744906.812344,33989453332.784998,33945013144.933196,27399378612.139477,31446949005.145156,33483831391.132749,21623979764.948557,33992476509.209693,33981860339.562993,33833948413.215439,24946492679.665913,29676748251.631066,12542168631.213459,32757180371.330338,18772599129.739951,8410642067.201216,32837360686.121337,28790467428.76639,33993772457.310935,29914968323.494072,62768,0.726481481481,214787,24285529414.047331,8012300327.254864673229159190406,122191.72719815,40313.5875329642221242124219,259.517253,85.620129406668368235978,211.719326149885,0.03631750923760331,0.033512174775944516,0.3306,coinbase-ada-usd-spot
2023-03-08,46810,8291,1376552,3520335,840,382842,2590110,169,60769,4387284,4376947,4368690,4351181,2040925,23917,3052833,172644,4305076,832036,2760,1413102,8754,2616577,64442,205,3543543,401118,892,1678320874,4144,26849.641167953668,6272087573.153226183499100975196,0.606305185452,0.533432621396,10807494449.07277153847024254908,11140871151.8858348519769776568,9508528432.589470229215870731628,17825172385.7801758168894608234039,0.32232098,0.10246638246031350723896,0.227857,0.072436124102935076764,16456.097644,5231.421159722113124551888,0,0,0,0,0,0,0.543598785755,1.619533216789,2.186984482156057,1.424879532618,1.9241281342501113,0.00001464891249702132,0.317901684402652,-60.27391690761721,-16.748677252696158,0.329920760245826,0.0000148782859243303,0.000211483885538392,0.312595171728135,0.329920760245826,0.046141280138,28257141390.329408,16437277370.75641,1763964471.749217,19729645613.355873,25320408131.652604,8232461950.048296,27535805903.634903,27749896340.97595,27954855239.034839,3281300639.057841,13814099093.080615,28257141390.329408,58.0346129504,24720083847.894276,33818740467.902051,33994929122.153392,18480370340.295314,32667883593.239711,33983172506.970233,11247514808.895696,29493981621.493254,33996342198.301061,33996342152.532835,33996341451.094613,33996314636.383166,33992023541.366544,33947557861.13362,27401319393.776677,31448924455.95925,33486220762.424945,21627884786.161935,33995004917.290383,33984037768.401435,33830686253.80347,24871002130.945934,29613982462.369571,12411188889.273631,32727604353.452669,18649580274.122452,8551678836.638258,32839521150.815256,28791108597.283949,33996342200.51529,29910280124.675389,51055,0.590914351852,158256,20991444848.481992,6673215675.377797351605499042784,145817.7266484,46355.7009172918351760315568,293.478041,93.297163569090564164732,211.221395215748,0.036261663521218145,0.03377226189137027,0.3305,coinbase-ada-usd-spot
2023-03-09,47332,8300,1377106,3521237,843,382982,2590904,168,60789,4388220,4377883,4369626,4352117,2041729,23956,3053699,172745,4306010,832428,2768,1399496,8568,2607212,63040,178,3535186,394060,876,1678407199,4270,25995.914051522248,6163654075.428803853872161036444,0.596880273415,0.528395861696,10497622025.192820402936617296488,10820566482.5386981583005985736,9293153556.614410627440890751832,17587483608.9458173747394836464945,0.31842492,0.09831747663210821056368,0.227857,0.070353555472235905828,17070.123046,5270.603267113380537895384,0,0,0,0,0,0,0.543132952013,1.406489132612,2.102577309860521,1.245112412478,1.861333334187002,0.000015172712458694566,0.308761879039204,-63.60299091199826,-22.61490887762749,0.317901684402652,0.0000146489124970213,0.000207206336818761,0.30134887352911,0.317901684402652,0.046171274797,28247780830.380977,16696376966.432768,1900081806.869297,19962484017.161311,25305613170.099558,8481160201.469395,27526257222.388726,27740524385.749321,27942685884.175451,3458517062.448086,14076452742.313429,28247780830.380977,58.7147647404,24715643712.41675,33821419639.301427,33997674000.154836,18466024553.939894,32669816113.478167,33985916036.805816,11182971938.131439,29493527624.636287,33999087119.094293,33999087073.326067,33999086371.887845,33999059555.182073,33994768121.427542,33950299110.556273,27401471609.295064,31450491703.383016,33488780828.896623,21624599107.371524,33997720268.593289,33986457151.443826,33828847248.855665,24804479129.147824,29568204610.114372,11516191083.316669,32706576694.69914,18575120232.076392,8534948691.043228,32841369221.902136,28790000139.130752,33999087121.308522,30098124760.519558,53608,0.620462962963,158453,24173018001.33362,7463706460.14027201479626323848,167514.62990669,51722.13189654644262137187476,329.776441,101.822393586021194592964,210.404301453151,0.03624677790110435,0.03265780810184032,0.3176,coinbase-ada-usd-spot
2023-03-10,48684,8265,1378034,3523072,848,383117,2592454,167,60678,4390092,4379755,4371498,4353989,2043091,23895,3055374,172691,4307871,832985,2757,1412599,8699,2617621,64153,202,3544893,400397,900,1678493935,4323,28758.815405968078,6321556738.287972207925103213184,0.611983716298,0.541751058449,10761101875.348321870835154230992,11092035350.9383926096370330848,9526133091.116373873976202733088,17583967659.2132822765605695312937,0.3470695,0.109850331716780630504,0.229089,0.072508539767007927408,19061.750888,6033.199858095965643799936,0,0,0,0,0,0,0.544435010864,1.492350918163,2.135458604577008,1.321085296817,1.8903884670371418,0.000015637441138035754,0.316508168297072,-60.782210048018115,-19.69913706409492,0.308761879039204,0.0000151727124586946,0.000214915125724607,0.292055198436323,0.308761879039204,0.046208740164,28263687782.024742,16708836193.165523,1955257647.049944,19972807565.442072,25315396551.718859,7618177570.383325,27542018022.302931,27756006300.118499,27958111484.039219,3511431461.543422,14088175145.51476,28263687782.024742,58.7445115892,24720856726.820156,33821662314.692349,33998031241.546407,18510487890.201342,32668939054.640067,33986270287.772572,11160566500.816538,29490514451.220519,33999444414.171382,33999444368.403156,33999443666.964934,33999416839.567394,33995124484.287868,33950641306.543935,27401282356.963297,31448535797.264952,33488805192.946201,21643299681.473141,33998102666.533358,33987094676.101965,33832984947.016066,24862786475.380236,29604347306.116834,12293498520.57575,32725540335.980685,18680181601.71412,8548130702.984515,32840680581.296486,28793370194.102129,33999444416.385611,30097590031.784654,54922,0.635671296296,163335,22782472944.258149,7210838780.864747661557688839728,153095.53193422,48455.98638696586457172260384,386.3939895,122.296853857643071248744,209.80958149732,0.03630123054661291,0.03320830769218037,0.3104,coinbase-ada-usd-spot
2023-03-11,52555,8268,1379791,3525636,846,383540,2594535,165,60704,4393420,4383083,4374826,4357317,2045768,23913,3058455,172944,4311194,834245,2761,1399037,8497,2609256,62669,176,3537903,393134,873,1678580135,4177,28874.432607134307,6111195850.539674083101007391706,0.593546488326,0.525063878262,10421571219.294737626649248702185,10741454260.7807669323718062746,9219144093.368533340774900620995,17558138114.3157575108052212900801,0.33271995,0.10198013982864804470655,0.226163,0.069319962220679967447,18220.409849,5584.636401082339685750181,0,0,0,0,0,0,0.543557913673,1.382306478154,2.046877998289378,1.222817781996,1.810711917684573,0.000014889528519331374,0.306504433619469,-61.237764393173705,-15.28068104254216,0.316508168297072,0.0000156374411380357,0.000220694028209797,0.296873363129656,0.316508168297072,0.046296616805,28257284171.934082,16697220501.581544,2136958411.872728,19938360363.579074,25301498050.874355,7296058130.226431,27535471272.765681,27749592877.408055,27949997732.37838,3455504213.946108,14066996704.875995,28257284171.934082,58.6398703415,24709186026.849965,33823366659.308424,33999956246.628739,18481714741.495076,32668604608.245601,33988166086.824947,11091626375.246062,29484671989.88437,34001371841.670136,34001371795.90191,34001371094.463688,34001344262.176638,33997050103.664853,33952553549.006789,27394253796.853132,31447082073.91368,33490133644.747884,21631693575.542468,33999997180.28729,33988656719.294701,33829776831.474424,24785426441.477754,29550118138.775875,11459897317.231348,32700558776.522155,18571252490.96384,8545761933.818452,32840183897.132917,28787572993.685392,34001371843.884365,30078338458.275855,54762,0.633819444444,183068,24597563840.762554,7539262373.431657176275220563826,145755.51195898,44674.71063990290539605738162,398.38955350000003,122.10816445543065301222450858407,209.294428420665,0.03636035778110736,0.03014856788208788,0.316,coinbase-ada-usd-spot
2023-03-12,61735,8267,1381171,3529519,846,383930,2596683,165,60736,4397934,4387597,4379340,4361831,2047702,23942,3061003,173114,4315705,835214,2755,1438645,9009,2637339,66733,208,3567860,413660,935,1678666436,4256,30425.545817669173,6591682681.373816018650144827132,0.639882491449,0.565974561571,11245056053.565638775819483767716,11589544462.5518842080541328532,9946225681.756280010011141950054,17573626726.529323865764754708968,0.31315812,0.10356278494229864198376,0.218389,0.072222214901416760722,19957.253866,6599.952733665076797807268,0,0,0,0,0,0,0.543654905658,1.543433836148,2.1898590388130796,1.365163604882,1.936925179164616,0.000014987072996023931,0.330704453527498,-58.19980926800299,-7.670336033386815,0.306504433619469,0.0000148895285193313,0.000207483731758456,0.283494750124345,0.306504433619469,0.046352977181,28255328288.000788,16688906473.597038,1831267911.038503,19932246484.928934,25293522208.792517,7292093315.188663,27533520397.449702,27746174830.674065,27947356926.853978,3457310500.002562,14058478692.830684,28255328288.000788,58.6184955413,24702482583.174553,33825186936.038353,34001923239.373447,18486082732.523251,32669070210.400053,33990118613.926541,11101463109.271515,29481445563.139952,34003340241.979413,34003340196.211187,34003339494.772965,34003312659.497663,33999009479.292184,33954490251.79269,27390853769.964809,31446345652.548589,33491692035.430416,21625866431.321269,34002046094.214212,33991424132.111315,33843599094.87183,24939670530.021552,29673331247.281407,12489200902.506401,32764187623.180349,18769943699.465756,8554015863.147261,32840856376.732837,28784991060.692454,34003340244.193642,30075874623.591223,63729,0.737604166667,199613,22030967215.962748,7285738973.837184590202761644504,121588.35263471,40209.80971337049220173425558,249.833751,82.621134097180006984998,208.79233181817,0.0363926334749931,0.03359895607252402,0.3074,coinbase-ada-usd-spot
2023-03-13,56857,8285,1381964,3531498,842,384139,2597761,165,60793,4400176,4389839,4381582,4364073,2048845,23952,3062400,173230,4317943,835802,2772,1469739,9511,2655939,70244,213,3598536,430779,978,1678752924,4151,31041.168874969887,6858004099.40040699994089157507,0.6676202255,0.590428695656,11712876310.368011311637687622988,12070582555.8248882344474494036,10358611105.78331092458066919853,17544220296.1974372045496268969296,0.33292918,0.11467104476524860001372,0.227233,0.078266030977343995882,19465.370527,6704.472029378042899499158,0,0,0,0,0,0,0.542833163762,1.174852046335,2.2480695780372018,1.039013401349,1.9881434654113666,0.000014259527370489301,0.344430742794154,-56.355118740969516,-6.718591689998065,0.330704453527498,0.000014987072996024,0.000208449081987618,0.306028874609143,0.330704453527498,0.046387644052,28263568781.639493,16707764500.855665,2589339861.338376,19911126526.527955,25296250875.668827,8271861082.779398,27539229469.309775,27754243630.429722,27954339523.303169,4471406358.84803,13995548691.327614,28263568781.639493,58.5509819935,24699305583.46175,33828224425.768433,34005059790.464496,18459843777.974719,32671264710.518175,33993246162.913228,11108968672.446156,29482418961.408391,34006477512.971193,34006477467.202967,34006476765.764745,34006449926.745755,34002143336.814042,33957614995.154101,27386994001.923305,31447943387.797981,33494593006.942173,21622417652.363584,34005268181.357389,33995072521.975862,33855651886.1252,25081013505.279713,29777218877.124889,12641342275.587452,32816784335.058703,18883807313.315059,8561447023.219238,32843118609.889986,28783802927.333044,34006477515.185422,30074583417.700445,58467,0.676701388889,176441,28945327729.792586,9969660730.392683700004513342244,175454.20267453,60431.82135354440927204869762,434.689148,149.720306130197941640792,208.485355453563,0.036425186228676104,0.033996864465890834,0.3325,coinbase-ada-usd-spot
2023-03-14,49300,8290,1382604,3532811,841,384465,2598556,164,60817,4401529,4391192,4382935,4365426,2049740,23970,3063333,173397,4319286,836230,2774,1470622,9537,2656984,70313,214,3599944,431280,974,1678839590,4192,29470.18893129771,6861848522.826347125432306858493,0.667633490392,0.590585523121,11720080580.061454441780427561574,12077786220.2647356889362068538,10367529520.328474992469306327081,17554662473.8491911308296819903266,0.33126035,0.11416434048993979979495,0.226837,0.078176263786826507809,18726.479108,6453.824422583192178109556,0,0,0,0,0,0,0.54229055992,1.14293504093,2.214421044952134,1.011035094488,1.958866698667143,0.00001391400754629569,0.344636297371357,-57.10447472829385,-5.289813030096473,0.344430742794154,0.0000142595273704893,0.000205276537070175,0.316204516296775,0.344430742794154,0.046405627169,28270691915.321635,16680602482.40582,2886471972.681862,19910405767.366049,25290515791.153211,8301185874.465599,27545441058.398516,27760945614.855601,27960355366.488934,4421110718.267129,13958076477.265827,28270691915.321635,58.5477930459,24691325104.956994,33828794729.072191,34005680976.352804,18441728594.869963,32671518521.369555,33993862637.394881,11085590916.147969,29479412237.396202,34007098697.063753,34007098651.295527,34007097949.857305,34007071101.112461,34002762479.076124,33958230680.206871,27384338169.128004,31447384132.246647,33495053906.731426,21612322608.796085,34005889650.536752,33995696420.853473,33856292277.863292,25079396327.467018,29775532011.112925,12682676921.966423,32817552282.325646,18856225746.254589,8601144059.014503,32842846953.013473,28780565189.449844,34007098699.277982,30082523516.543933,56531,0.654293981481,161094,29754183292.512293,10254371561.240128731456508591601,195787.30881361,67475.41318182500124126576877,376.187279,129.647790952765642367603,208.289319591984,0.03635044719183704,0.03392063275208042,0.345,coinbase-ada-usd-spot
2023-03-15,47812,8285,1383368,3533961,839,384788,2599655,165,60903,4402888,4392551,4384294,4366785,2050903,24005,3064598,173542,4320637,836783,2756,1431203,8893,2634380,65769,203,3566958,409323,914,1678925689,4234,31112.321209258385,6460609098.396328300126358283349,0.629853836534,0.557102094416,11039023100.169965407687141959393,11375671165.3253054893283671674,9763952416.722328169543575870732,17526325093.0056914210605280012785,0.32912101,0.10683321894676104999761,0.230005,0.074659999748572038305,19124.23461,6207.75787993405653368721,0,0,0,0,0,0,0.542567760323,1.146054054235,2.055094528540824,1.013678216904,1.817719286068897,0.000013298003863403004,0.324601638001661,-59.451183854190795,-9.725418713298422,0.344636297371357,0.0000139140075462957,0.000201908548761343,0.319249244821623,0.344636297371357,0.04644077083,28270456323.51741,16684712023.526799,2197376593.445694,19903193151.364409,25284915922.498892,8344763564.323976,27545142505.140852,27756513198.592635,27957726871.014823,4569952624.014313,13915951371.78544,28270456323.51741,58.5251886854,24680769497.809579,33829511260.797655,34006491272.683772,18451595242.957722,32671564208.328868,33994670611.225864,11186964923.33301,29477556387.247037,34007909409.855584,34007909364.087358,34007908662.649136,34007881806.219793,34003573297.947713,33959036430.304049,27379892976.958995,31446290089.518028,33495641373.912178,21594768665.570092,34006597844.305404,33995795379.194232,33844985320.610916,24877173054.003871,29634933937.789551,12419467832.158916,32750845176.528949,18693313619.33595,8646709815.8466,32842379659.174163,28775258891.242211,34007909412.069813,30079800203.202812,58107,0.672534722222,175783,29673913971.50641,9632201081.07135438460625214701,181634.26784531,58958.78085982005113667105991,410.608305,133.284128380085610394605,208.24059986188,0.03658486823502209,0.035507115370221665,0.3445,coinbase-ada-usd-spot
2023-03-16,65935,8285,1384290,3535345,841,384734,2601023,163,60926,4403883,4393546,4385289,4367780,2052357,24035,3065791,173491,4321641,836851,2755,1433593,8898,2636081,65839,202,3568678,409495,916,1679012174,4172,38968.313998082454,6443590865.022683618723608271504,0.631811103432,0.557789383844,11046870159.455450559872450991264,11383371373.1310195190156010604,9752641044.412613661131097815444,17484450810.4590533174668745791407,0.32181474,0.10453230193539583312044,0.216905,0.07045537737425275543,25139.8457,8165.9589033170531998342,0,0,0,0,0,0,0.54244238714,1.367722288675,2.033971797941366,1.207482693048,1.7956757482843917,0.000012970421409663708,0.324821361306806,-61.133298075354965,-15.998062517157882,0.324601638001661,0.000013298003863403,0.000196082689826718,0.305653465620163,0.324601638001661,0.04647130962,28214308393.317118,16671827077.439489,2405628842.55166,19837337172.343384,25226446298.068396,8288970317.223907,27481348710.561872,27693996174.171226,27901441165.393693,4574968546.481609,13864838159.762677,28214308393.317118,58.3295609708,24677415503.284564,33830437451.152655,34007645445.247351,18447957349.892711,32671803290.424167,33995825008.653258,11101605103.047375,29478702604.508359,34009063056.361115,34009063010.592889,34009062309.154667,34009035461.260557,34004725841.824982,33960194938.975736,27382616755.959749,31446400329.914559,33496215952.509229,21586852906.063425,34007753056.722351,33996960090.182836,33846382098.214535,24875370536.852692,29637536223.023784,12361921464.233646,32751789823.775335,18689501713.012339,8632426320.37182,32843077076.005695,28776029319.785507,34009063058.575344,30024629553.845374,78119,0.904155092593,257111,24865474036.781092,8076837126.166274989834871712152,105775.30721787,34358.07928315415582735582322,350,113.6874764573821,207.722500499817,0.03651688252408271,0.032490863797613595,0.3255,coinbase-ada-usd-spot
2023-03-17,70930,8275,1385111,3536639,845,384973,2601811,163,60939,4405495,4395158,4386901,4369392,2053117,24025,3066908,173610,4323249,837463,2774,1481237,9617,2666560,71275,213,3609873,435618,988,1679098586,4228,37852.484389782403,6924818852.829666002610542007894,0.680100644304,0.599784894206,11891391759.835577970035736777633,12252767682.6739297552449104874,10487090709.831379184695007517501,17484752969.178738534766022097806,0.32228547,0.11268045781826226547167,0.222173,0.077678200493670354753,24460.82235,8552.22129936289669345335,0,0,0,0,0,0,0.542652732798,1.212087536105,2.1586945460475646,1.068947369333,1.9037658481392172,0.000012736660938488526,0.349629345121461,-58.225663718325315,-15.13164694209474,0.324821361306806,0.0000129704214096637,0.000193662111170079,0.305824160309302,0.324821361306806,0.046504920785,28184690675.448165,16660447825.082229,2368257657.721014,19806171734.309054,25191371508.150735,8107116486.577996,27451525271.128279,27663817515.35038,27871651252.863687,4395889234.440276,13792213095.54456,28184690675.448165,58.2338803791,24674940688.404425,33832810497.617474,34010005420.293008,18456391962.762483,32673236711.439519,33998177345.672003,11096274617.991027,29477475267.149509,34011423597.554024,34011423551.785798,34011422850.347576,34011395998.563244,34007085140.782609,33962545313.911106,27380203427.592795,31447166293.109987,33498384256.367037,21610867317.336773,34010231728.134272,34000194116.042419,33862685560.763485,25090254381.271154,29797866909.586937,12687067157.96288,32830360411.087075,18899970816.359576,8627095835.315472,32844318039.555137,28775167568.389375,34011423599.768253,29994881311.201641,75898,0.878449074074,236159,28060204058.42685,9810670768.92234174105383362785,128647.26561177,44978.85922750979491912119597,352.815,123.354477399028262715,207.767018318543,0.03645594823143502,0.03328814874256255,0.3255,coinbase-ada-usd-spot
2023-03-18,51672,8284,1385610,3537637,845,385092,2602515,163,60990,4406810,4396473,4388216,4370707,2053660,24039,3067827,173662,4324551,837889,2772,1465312,9421,2654833,69533,210,3598286,427543,964,1679184969,4141,28993.195363438783,6693857971.80958131621891068655,0.658023338009,0.580212579318,11495009842.271375988455267005635,11844089059.823302436981210007,10135733680.884048398855386805475,17469000228.84939933250121903992,0.31975908,0.1080682770754744867134,0.225825,0.076321581456167017875,18138.973168,6130.38909851761277697864,0,0,0,0,0,0,0.542470169398,1.247655963446,2.0559538032299773,1.100121595751,1.8128388314300128,0.000012523942777936108,0.337967813378355,-60.40313843130097,-13.02185209844158,0.349629345121461,0.0000127366609384885,0.000195212368666229,0.326966140339795,0.349629345121461,0.046531267483,28181554423.324338,16669828630.205178,1972770617.894455,19806199604.91861,25183299443.468641,8076690599.781613,27448209932.677211,27656552191.876793,27866831337.563977,4377068337.953903,13790877410.806305,28181554423.324338,58.232729364,24669831395.729698,33833524576.377736,34010724977.026963,18450573366.831384,32673285032.413883,33998893806.035646,11091731477.368114,29477286710.885492,34012143720.486108,34012143674.717882,34012142973.27966,34012116108.652652,34007804038.234746,33963250768.641306,27377896936.867258,31446761683.812518,33499046302.538788,21602675588.897513,34010914687.792474,34000549078.965256,33858613490.749,25025822750.128798,29745541094.898047,12594123248.597127,32806583031.252041,18824913737.781229,8623563061.690936,32844419750.649164,28773312284.69971,34012143722.700337,29990233624.812945,56727,0.6565625,167377,27260835293.696705,9213284895.078161411702781820275,176282.71445968,59577.8835423389727092322264,347.803861,117.546510386719322828655,207.320065719208,0.0365180062079879,0.032224661392918845,0.3503,coinbase-ada-usd-spot
2023-03-19,54322,8264,1385880,3538286,846,385233,2602665,163,60998,4408054,4397717,4389460,4371951,2053878,24044,3068293,173780,4325780,838155,2749,1479908,9578,2666284,71162,212,3610232,435047,988,1679271888,4307,30603.821917808219,6894265083.38171765613808997004,0.678028449879,0.597806722402,11844738833.07232787447289905892,12204282574.000527182760349944,10443314732.24394834631671395268,17469383231.8998951601497227435796,0.32494197,0.1131596879691683790252,0.232337,0.08091039278087922492,19219.667526,6693.16918375708248330216,0,0,0,0,0,0,0.543171477484,1.381112836776,2.0932158451196177,1.217704859387,1.8455545690942023,0.000012355625732617294,0.34824583592316,-61.31711503204561,-13.749678825082981,0.337967813378355,0.0000125239427779361,0.000191552068220921,0.316090165128163,0.337967813378355,0.046539103393,28182620361.953374,16665411700.780874,1548188020.222485,19797121378.654269,25167788769.583857,8018355913.648078,27449257490.924335,27657160571.59986,27867034651.333646,4326358415.907543,13778217954.320656,28182620361.953374,58.2052941862,24664885626.577892,33833983711.772175,34011158750.447165,18474662519.137586,32673579106.062934,33999320169.093315,11089075133.47844,29475389641.975427,34012578501.914258,34012578456.146032,34012577754.70781,34012550875.336406,34008236822.225119,33963680155.802133,27375703592.366174,31446920850.580825,33499539929.432145,21595249854.958717,34011381400.79044,34001304659.29178,33863244390.482419,25072205417.349948,29790877415.122496,12650243075.437042,32828345888.488286,18915889531.543752,8620906717.801262,32844680069.430602,28771491078.552443,34012578504.128487,29988340577.167023,59148,0.684583333333,179757,24626936770.437061,8576228181.84766057188761223276,150285.99673655,52336.472561065150516563498,311.170501,108.36383123537349470316,206.197244974057,0.03653866496311236,0.031872499354488444,0.3381,coinbase-ada-usd-spot
2023-03-20,56057,8287,1385067,3536852,842,385205,2601137,164,60980,4406800,4396463,4388206,4370697,2052782,24057,3066791,173795,4324523,837863,2763,1452099,9326,2648169,68749,209,3591138,422510,950,1679357723,4178,32673.685974150311,6598228088.719243167052240320336,0.651277410941,0.574092091917,11342221245.605434412804257452564,11686052258.0286903195024692952,9998012233.319754400047984103596,17415345680.748128296858916571431,0.31982218,0.10664735303917262606904,0.233854,0.077980551872989782312,20787.802128,6931.864676969183261640384,0,0,0,0,0,0,0.542272037613,1.513776368591,1.9832125483795913,1.334373075957,1.748174620350918,0.000011980105274930551,0.333458276843628,-62.04745508526946,-17.889696455234887,0.34824583592316,0.0000123556257326173,0.000193281942094755,0.325979345757267,0.34824583592316,0.046507625481,28177365224.234891,16698425353.137655,1612636806.557176,19787267394.215612,24905903760.620784,8148542105.932169,27443462554.860118,27651705950.007456,27861532839.857567,4488783071.866227,13896800834.023775,28177365224.234891,58.1740379229,24669696727.668358,33835407603.646794,34012494352.459494,18444794605.588355,32675734038.431473,34000654571.366935,11124869791.844548,29477049674.936789,34013914281.053834,34013914235.285608,34013913533.847386,34013886651.512867,34009572149.748092,33965042909.14531,27379210021.505144,31449202131.140926,33501298222.814085,21597183095.954533,34012665141.601284,34002152516.175335,33856712376.278771,24996281034.896956,29722251194.11085,12566197295.817227,32793680654.536313,18786734045.22713,8623323116.73594,32846568372.27229,28773351272.767948,34013914283.268063,29982798231.780657,64998,0.752291666667,194290,22469576741.32518,7492666341.56795656532035895304,126516.75200803,42188.05811645029641931033284,220.8272205,73.636664428097884375974,204.611009323497,0.03667161249679185,0.032559358123867926,0.3457,coinbase-ada-usd-spot
2023-03-21,62723,8300,1385914,3536698,843,385458,2600914,163,61033,4407828,4397491,4389234,4371725,2053081,24087,3066469,173912,4325560,838339,2758,1509279,10050,2685497,74501,216,3638193,451361,1034,1679444362,4202,35071.36530223703,7341014208.457225736435393804064,0.72306500844,0.637428225552,12624214919.1659873553866270538,13006155832.1035082430037634064,11129055923.020235537462347068264,17459308321.9513920353914364803162,0.31994087,0.11873871704702223332152,0.231237,0.085818309845198208552,23097.171009,8571.985357870459054675464,0,0,0,0,0,0,0.541778641556,1.239224474079,2.175695509741746,1.092455931835,1.9180152710026548,0.00001317324274571364,0.371127068095496,-59.34950939642419,-7.298564142828816,0.333458276843628,0.0000119801052749306,0.00019193198220387,0.311217459052554,0.333458276843628,0.046527919939,28181373054.129056,16700229298.310852,2638387775.285445,19780325499.104484,24905215341.999389,8373412401.006188,27447443882.906737,27654964939.236207,27864858109.348731,3897220691.115635,13822744070.597443,28181373054.129056,58.1502632478,24664184871.37774,33837531441.463037,34014461350.136886,18429078872.421347,32677251839.700226,34002624140.031997,11049119287.087472,29476480024.063203,34015882978.106696,34015882932.33847,34015882230.900248,34015855357.381573,34011537925.485625,33967041497.483615,27377351650.630864,31449931716.249666,33503218586.546858,21579726010.390653,34014766537.24713,34005191376.079202,33874937717.817791,25192769318.546487,29883876048.332069,12726828212.290445,32876768499.78313,19007426517.014949,8582989364.395632,32847677760.187323,28770491832.988209,34015882980.320925,29987184659.235309,72192,0.835555555556,226517,27449331167.869198,10187189797.513612590458300932208,133783.07072861,49650.51880032140113777934056,288.1823895,106.952285291889251467692,203.530774490734,0.03740070694395237,0.03855012041034741,0.3336,coinbase-ada-usd-spot
2023-03-22,70714,8286,1385296,3536736,841,385267,2600632,164,60979,4407953,4397616,4389359,4371850,2052756,24059,3066463,173808,4325675,837948,2770,1495181,9835,2675759,72873,215,3627817,443689,1006,1679531215,4113,42452.01872112813,7129032920.87021793862960432587,0.702466528424,0.619328561608,12263294601.666539130299716310283,12633569128.8344384735383849302,10811915299.734887273483035470465,17457478905.3262843787947171564275,0.32976127,0.11887742400633616892181,0.233854,0.084303293450979669162,26583.374903,9583.184616748130021142909,0,0,0,0,0,0,0.542218374561,1.127658887995,2.0791768506490595,0.994198767951,1.8331031531552893,0.00001318488949289467,0.360495409319403,-62.89804512777564,-10.595488782340764,0.371127068095496,0.0000131732427457136,0.000205600244834886,0.344678196655179,0.371127068095496,0.046503163897,28185803359.303428,16708567345.968996,2560595779.542019,19775655213.83329,24899203190.887418,8412846996.86496,27451900009.67229,27654867299.31974,27867688930.876371,3952791178.028389,13815418941.790443,28185803359.303428,58.1330967936,24673193838.051859,33839463463.265865,34016472269.604862,18445127160.502557,32679656886.128865,34004630158.683112,11119082913.321112,29480388161.172394,34017893942.174732,34017893896.406506,34017893194.968284,34017866310.786691,34013549325.355069,33969041067.117045,27383900058.855241,31452912837.554565,33505243006.698578,21606297199.677967,34016748964.009579,34006939326.613116,33873186750.299185,25146687520.224532,29844718611.938708,12738327030.240269,32858714270.228532,18950953985.395159,8616196714.299272,32850640526.450624,28777333542.777353,34017893944.388961,29991825194.521155,80614,0.933032407407,262328,30166829975.404911,10875003719.852429326187853788133,122345.10590063,44104.84902987331906764892389,315.512157,113.740684182962742482271,203.163392564561,0.03745029880032126,0.03880289300445886,0.3708,coinbase-ada-usd-spot
2023-03-23,52849,8281,1385500,3537711,845,385479,2601111,165,61015,4408981,4398644,4390387,4372878,2053018,24059,3067303,173912,4326693,838392,2772,1510568,10056,2686816,74641,218,3642011,452223,1034,1679616972,4223,34249.721998579209,7357906830.572128519365467631607,0.723101448251,0.637542813471,12667355145.101260278556507834118,13049203872.0638044080312332586,11168531411.437330504113452683526,17518088472.5624837573884955419952,0.3269899,0.1217564654866372968871,0.23091,0.08598059281194745839,22644.377471,8431.756956450944378338859,0,0,0,0,0,0,0.542437071055,1.35173111557,2.1190349579468895,1.19179191324,1.8683070158426847,0.000013116699949279538,0.372355432038229,-66.106789950797,-4.935516156176089,0.360495409319403,0.0000131848894928947,0.000207387554246868,0.331960714896616,0.360495409319403,0.046521078215,28188557367.859522,16715129327.574851,3187342813.614205,19760439079.123483,24901936120.476549,8361143807.564437,27454575186.32991,27657063745.921926,27869950709.022428,4818922176.785426,13822357485.07344,28188557367.859522,58.0855809779,24666846764.72342,33841060469.908273,34018103659.957211,18453451814.338509,32680856247.855613,34006253360.998064,11116801442.237052,29479813781.417314,34019525577.852313,34019525532.084087,34019524830.645865,34019497936.74275,34015179739.029935,33970648024.930632,27381286691.514053,31453412524.128576,33506941227.479788,21605881389.228811,34018416407.789642,34008851464.072231,33878927820.168934,25202574391.587522,29891430672.516915,12791086277.692441,32882647275.824817,19024378858.504666,8564705215.013905,32851558434.320733,28775543980.972824,34019525580.066542,29994275497.210094,69251,0.801516203704,205618,25167376254.196739,9371209258.400092190157935135231,134581.07482811,50111.99426179012470312381719,260.596513,97.034527185770960095477,203.079281546962,0.03749317139722166,0.03904150966454825,0.3605,coinbase-ada-usd-spot
2023-03-24,44285,8277,1386368,3539148,848,385702,2602189,163,61013,4410224,4399887,4391630,4374121,2054041,24064,3068551,173984,4327930,839067,2787,1495538,9831,2676992,72868,216,3629823,443869,1009,1679703599,4200,24625.234285714286,7151232052.939244294028793339536,0.69718931931,0.614671323632,12244767659.737652321257689927144,12613563097.8134317978096187568,10795500356.23306045866709117416,17563045388.9467501033045773173079,0.31836792,0.11458842803040676440384,0.231677,0.083386238289336902904,16425.87427,5912.07528580268152976904,0,0,0,0,0,0,0.541701466579,1.557147036936,2.024885952101426,1.372846088964,1.7852243198635438,0.000013105261626223568,0.359924542744152,-68.17621458453395,-7.362173509639414,0.372355432038229,0.0000131166999492796,0.000204676264056085,0.343643596990799,0.372355432038229,0.0465602823,28317357497.906133,16832980835.382888,2967071332.334442,19868698028.804918,25022317739.340939,7662696966.819424,27583375087.843035,27785748178.006238,27997861917.03671,4682298109.463686,13933055238.097405,28317357497.906133,58.4023498988,24664349908.059409,33841870089.773945,34018952580.687016,18428886645.577155,32680665233.42771,34007098485.079879,11064850389.11362,29476951543.794837,34020374286.186818,34020374240.418592,34020373538.98037,34020346639.171465,34016027343.896602,33971487903.497819,27379982089.159961,31452348422.981582,33507610712.502576,21610078275.459781,34019228172.371207,34009398920.255504,33875397324.038476,25139871444.125062,29840345247.053449,12742164420.372233,32859058106.432909,18922877291.452574,8613195053.691508,32851104936.10091,28773645450.759477,34020374288.401047,29993787792.08983,51594,0.597152777778,151637,21847888145.073284,7863591150.540880959068502435168,162383.10572627,58445.66507790302001075527304,271.227347,97.621378848684446724744,202.931611631497,0.03756456442390839,0.039470964901423634,0.3724,coinbase-ada-usd-spot
2023-03-25,39607,8275,1386944,3540515,847,385821,2603179,163,61004,4411404,4401067,4392810,4375301,2054971,24051,3069714,174026,4329111,839451,2790,1485317,9672,2669857,71681,214,3616808,438155,992,1679789651,4103,23800.445283938582,6982109283.0081933277922862267,0.681617262167,0.601032327641,11964410480.237186814633548857765,12324601477.540428897687100221,10549905172.48194484614111150875,17552974586.052740115092982432839,0.32373277,0.11385005004813508989005,0.233854,0.08224156486832205251,15072.997883,5300.858369558893460216395,0,0,0,0,0,0,0.541619074026,1.738853776005,1.9603781251094956,1.5332759166,1.7286103110784545,0.000012793469383280993,0.351679102638065,-67.98604250147125,-8.084446513709086,0.359924542744152,0.0000131052616262236,0.000205538094743078,0.335526383144224,0.359924542744152,0.046585042714,28323418791.132342,16836956400.605731,2194261821.231164,19853637110.17518,25025570708.87837,7655895037.110656,27589155422.789645,27789473681.95493,28003329366.790213,4614594623.974395,13894548561.05224,28323418791.132342,58.3573197739,24665763413.519841,33842235929.893095,34019395867.119668,18426323534.603008,32680414903.201761,34007538447.900798,11069083892.38565,29475547419.056023,34020817244.213152,34020817198.444926,34020816497.006704,34020789598.087584,34016469480.019577,33971924233.37631,27378167073.285728,31451671917.988811,33507846515.057856,21613482752.880804,34019630962.216361,34009610656.41793,33872729818.460304,25097016309.056547,29805813107.303417,12691180036.800058,32842419797.174443,18875639635.87523,8617428556.963538,32850851762.463399,28773234178.599007,34020817246.427381,29998669506.78475,46560,0.538888888889,141432,19565082306.459428,6880630588.57553468034469092682,156231.46522146,54943.3414929131137854508749,285.738858,100.48838517026548042977,202.108752477857,0.03760011490275334,0.039584192641333525,0.3598268212,binance-ada-btc-spot
2023-03-26,46136,8270,1387423,3542119,846,385960,2603940,164,61059,4413410,4403074,4394817,4377308,2055706,24099,3070834,174106,4331117,839812,2767,1492407,9749,2674625,72376,215,3628859,441680,1000,1679876336,4248,26634.783662900188,7077793471.954816273922769397095,0.691697559646,0.609741858582,12136765859.574722357787288322538,12501815627.8379236850864920722,10698742635.687678501569083128042,17546347663.5435127295268819992537,0.3260713,0.1163213254706406076529,0.232645,0.082992814038270722285,16826.257347,6002.529377204141417279451,0,0,0,0,0,0,0.541944266224,1.657440374807,1.9687004218121649,1.461058753973,1.735439192239321,0.000012718131767328739,0.356735859521033,-69.05327907140693,-2.434342332911064,0.351679102638065,0.000012793469383281,0.00020182795440934,0.327613546176607,0.351679102638065,0.046610967534,28316329797.149035,16821660937.327861,1443581077.656268,19840431745.375215,25012755124.99414,7610253247.96945,27581682520.940041,27782218057.01805,27995941437.737032,4569322992.220116,13859370831.557249,28316329797.149035,58.3169647816,24652561476.3809,33843068141.518138,34020293133.085519,18437873548.61585,32680670389.206556,34008427039.587804,11092971125.647924,29475320324.466102,34021715324.834758,34021715279.066532,34021714577.62831,34021687677.651212,34017363815.072897,33972811680.756298,27376913994.337263,31451647083.01776,33508588881.547792,21588934550.44954,34020557757.417565,34010612249.241371,33875430779.10076,25106902396.938918,29823614328.435649,12710380921.288854,32852252405.071958,18913644582.247072,8607242641.79778,32851301547.68199,28771016968.804755,34021715327.048986,29990656532.405274,51603,0.597256944444,168338,20526660170.816291,7322595759.132303629859893548603,136966.09082994,48860.71613745452202185612802,290.018907,103.460144065995534170931,200.641619809804,0.03761229971730729,0.03886384751814224,0.3518,coinbase-ada-usd-spot
2023-03-27,55810,8274,1388776,3544637,845,386361,2605915,166,61054,4415974,4405638,4397381,4379872,2057481,24123,3073101,174284,4333661,840663,2779,1478964,9557,2666843,70838,216,3613802,434538,983,1679962607,4184,28205.109703632887,6852776882.56060832388706689528,0.670463229771,0.591076640692,11754452433.530012807688087979461,12107219397.3830118614039854578,10362659649.444154146464257487985,17531837558.843712353180328561633,0.32727481,0.11306564624662185638577,0.228033,0.078779966324190736761,17979.169104,6211.374391206757540252368,0,0,0,0,0,0,0.541390903511,1.56611780019,1.888241462071424,1.380680710231,1.664663132380272,0.000012722379345919975,0.345476164959417,-70.70335442760613,-4.500746893754283,0.356735859521033,0.0000127181317673287,0.000200579124759829,0.331144610287844,0.356735859521033,0.046658870623,28322300134.088585,16898694455.963387,1928534185.208998,19835744336.70584,25015114124.433223,7688812346.979113,27587694243.483284,27787801384.92737,28001705652.360746,5012134911.283648,13933137736.842593,28322300134.088585,58.2994139566,24647445143.619623,33845159315.570992,34022494864.539085,18420239277.624581,32681586382.589338,34010622856.89227,11122933925.892087,29471915761.705508,34023917204.666905,34023917158.898679,34023916457.460457,34023889537.959448,34019563895.219178,33974991307.678999,27374625492.854485,31451209830.198354,33510352504.403501,21587943427.120314,34022709549.318159,34012530128.89692,33873308451.585247,25046245969.064886,29776556076.67245,12716689304.484489,32831696903.273979,18850229134.32979,8568985164.181852,32851827514.323613,28769038049.599272,34023917206.881133,29995295480.547705,54936,0.635833333333,186017,21725005106.735555,7505471447.998749328299925971435,131823.59594497,45541.91037822798964581528249,304.1306285,105.0698831808771692035845,199.510258651834,0.03767832520161493,0.03924546367041459,0.3562,coinbase-ada-usd-spot
2023-03-28,45988,8286,1390252,3547501,844,386797,2608084,165,61135,4419153,4408817,4400560,4383051,2059459,24142,3075699,174499,4336828,841612,2778,1510619,9994,2690067,74205,217,3646681,450999,1033,1680049039,4156,22950.673243503369,7271199069.69077700948687960735,0.708413596095,0.62448182467,12536511865.213907212976487572106,12911612676.9626660698616777988,11051204900.265852180609212336812,17696599746.6965209107572514796409,0.31611887,0.11646745565028809415134,0.228201,0.084075935887191401682,15343.145373,5652.864390113125729872186,0,0,0,0,0,0,0.540689962067,1.698993384911,1.9942511511832959,1.497699218309,1.757975290995476,0.000013503511194749372,0.368429305249282,-68.75924297590144,-0.08900461244362046,0.345476164959417,0.00001272237934592,0.000201458739515098,0.32002280554553,0.345476164959417,0.046718520618,28317631957.910548,16775492706.91487,1918840004.743748,19735669682.331675,25004105727.986526,7742843146.804431,27583360482.157578,27781952971.688666,27996773998.526394,4974525492.458075,13888558915.325079,28317631957.910548,58.000176986,24640573296.428558,33848022436.359452,34025489924.753392,18398010224.158442,32683093257.810939,34013607371.604038,11129066442.262626,29469497513.303197,34026912858.942705,34026912813.174479,34026912111.736257,34026885180.495923,34022557059.979916,33977958257.70883,27368237153.820173,31451362912.938443,33512892773.796878,21573581147.966713,34025788917.967799,34016105278.155733,33884634759.386218,25158412363.064207,29866316752.580149,12772531521.474544,32878158353.755018,18972342122.925786,8578147592.873439,32853047531.188561,28764172871.055915,34026912861.156933,29995455689.358166,48536,0.561759259259,147706,20027690021.24723,7378787920.27609480595170198886,152371.40871441,56138.09225250446929219555362,255.79397799999998,94.24199760149011705520989501436,197.995203310352,0.03799461305773241,0.04089816130289374,0.3455704895,binance-ada-btc-spot
2023-03-29,46519,8285,1390611,3548707,844,386837,2608744,166,61058,4420535,4410199,4401942,4384433,2060022,24130,3076653,174408,4338209,841851,2776,1528404,10266,2702764,76124,225,3662288,460441,1058,1680135261,4273,23070.870582728762,7532938850.140032232569061856544,0.734374668276,0.647247430488,13009729038.1381795419727231434,13398293547.8365933216158765708,11466236588.810860654202259447646,17715383713.7116697506642360988165,0.32159122,0.12294966491327197437164,0.229037,0.087564649317046258894,15834.829978,6053.918511064244321867036,0,0,0,0,0,0,0.540935888391,1.371508402815,2.0431983828506355,1.208790727625,1.80079046896075,0.000013466930158064295,0.382316609617862,-67.84743566586273,4.86032095102383,0.368429305249282,0.0000135035111947494,0.000207575106661819,0.339930132408492,0.368429305249282,0.046726485189,28316236478.622738,16777707015.890402,1802269187.461272,19703404614.488112,24996554112.099788,7756568997.212256,27581614033.443326,27780087155.228423,27992210571.188959,4621118281.515024,13688846581.675182,28316236478.622738,57.9023500648,24648901867.384852,33849730713.585523,34027255335.053092,18407333497.775319,32684389657.907269,34015366003.709064,11174674807.584578,29470190583.613441,34028678613.506472,34028678567.738246,34028677866.300024,34028650934.143441,34024320680.06067,33979709000.973625,27372997547.726413,31451861217.049287,33514508300.654206,21581413917.043748,34027592751.111176,34018185042.40219,33890988723.350118,25239325841.918844,29920245486.815796,13004505668.179149,32904537422.64199,19045376093.27176,8588060049.816777,32854635000.550593,28769314712.622577,34028678615.7207,29991468590.056133,49239,0.569895833333,144025,24811133891.6254,9485708590.2210532348160528948,190376.39330169,72784.05723837877388737878678,364.474562,139.344678835795239826444,196.984122464067,0.038095561400359794,0.041386441770105066,0.36815499,binance-ada-btc-spot
2023-03-30,40530,8274,1391674,3550968,841,387140,2610617,163,61093,4422711,4412375,4404118,4386609,2061544,24148,3078845,174523,4340374,842449,2776,1522542,10159,2700291,75395,223,3658922,457056,1041,1680285920,4300,20687.915813953488,7411284497.791921991538354983223,0.724178470491,0.638291310445,12812426976.923397027587250603862,13194678020.9166903475241674746,11292880330.373881854840824091416,17692361067.0734829689976682458215,0.32478525,0.12228375666950305353225,0.227769,0.085756508255396576661,14411.04624,5425.85253414407489956656,0,0,0,0,0,0,0.540687824475,1.806752645591,1.9950027411257927,1.592472796137,1.7583965360254743,0.000013436315450169617,0.376506496737469,-68.431923640187,6.958306258553961,0.382316609617862,0.0000134669301580643,0.000213019558686825,0.352378848043685,0.382316609617862,0.046765490288,28317806434.213634,16872559882.604031,1767878427.485899,19684346915.691267,24994479550.96378,7924042857.603727,27582605898.445855,27779872935.750159,27993653595.730055,4788404945.371788,13798506725.879225,28317806434.213634,57.8445013668,24639394844.394369,33850688131.598187,34028340303.37256,18399478703.373789,32684500420.679718,34016444071.445828,11098340171.284575,29467500491.716136,34029763329.75097,34029763283.982744,34029762582.544522,34029735639.602064,34025404848.606888,33980763128.070143,27370054656.208901,31450872185.861511,33515179154.616544,21576648565.992809,34028662859.335663,34019148980.411729,33890127350.244684,25204928489.442515,29897501925.525254,12962295161.259908,32894937588.318925,19001357047.096085,8608973305.741589,32854511304.672914,28766145783.718198,34029763331.965198,29993852505.148664,44371,0.513553240741,128267,18834766017.919055,7091411770.276632670150027571795,166256.3196616,62596.5844762538035581204904,306.177269,115.277730931835668392161,195.708916817891,0.03810725852034312,0.04093618631112991,0.3811,coinbase-ada-usd-spot
2023-03-31,62942,8270,1392277,3553463,836,387196,2612101,163,61065,4426020,4415684,4407427,4389918,2062685,24118,3081030,174529,4343660,842785,2773,1553727,10618,2719858,78875,224,3679546,473175,1088,1680308220,4199,30975.708502024291,7855076772.05670228024092390823,0.768937070179,0.677324744987,13593324850.801862443390023886815,13997469464.270755272024230457,11973795574.645446253888576192995,17678071948.8910245202472408679011,0.31650658,0.1264171366951327802409,0.227541,0.090883044835109614305,20808.408651,8311.168257044294289105855,0,0,0,0,0,0,0.540556399015,1.267417234705,2.085371074545603,1.116415228997,1.8369168115933612,0.000014007308192675029,0.399413929072605,-65.10681176093804,10.968101094759866,0.376506496737469,0.0000134363154501696,0.000210127922098591,0.345542857308139,0.376506496737469,0.046788921902,28306239054.738568,17032117428.95808,2934194991.358064,19666506849.912126,24978729370.279025,8021781703.328606,27570640393.309873,27767880983.227,27978087112.097105,5070454592.358629,14015873067.10855,28306239054.738568,57.7862800917,24647511660.026039,33853950972.864659,34031752468.639922,18396851479.505531,32687029032.877342,34019840112.967167,11157185633.251729,29469057073.115296,34033176763.463575,34033176717.695349,34033176016.257127,34033149050.64824,34028814338.719855,33984135832.212076,27372104567.474958,31452946828.366133,33518296514.125732,21582977162.83977,34032121839.364585,34023011997.652188,33901270386.463175,25331880473.813806,29989402771.77867,13022340140.785619,32938891169.245415,19135711987.711242,8656372849.267273,32857832891.436265,28770650788.204244,34033176765.677803,29978412626.838719,65744,0.760925925926,212023,26852385965.534288,10725216983.46812603732516898024,137093.24313568,54756.9508901278838045860464,354.588281,141.627498517310931142005,195.28869519157,0.0383185733356807,0.042091906629356746,0.3762,coinbase-ada-usd-spot
2023-04-01,69724,8291,1393293,3554633,837,387657,2613705,163,61135,4425545,4415209,4406952,4389443,2064070,24130,3082880,174761,4343173,843540,2799,1546277,10515,2717533,78011,224,3676549,469548,1077,1680394615,4189,34220.058009071377,7743577899.05059570942705303848,0.756786017391,0.666652401686,13407156008.88613298782385829288,13804508646.428327178441385464,11810356623.54342808482892967544,17715914011.0749119376975671530365,0.32202183,0.1268469252193236772068,0.227981,0.08980350449665673676,22086.511049,8700.04997918392409898204,0,0,0,0,0,0,0.53980978172,1.252252508307,2.026927750577492,1.103108570978,1.7855195813795632,0.00001382396470243994,0.39390784537596,-66.18031279366257,12.649317442088662,0.399413929072605,0.0000140073081926751,0.000218976706269833,0.36855239728985,0.399413929072605,0.046825876245,28310378468.127695,17036948909.340109,3813275858.735589,19658349002.061238,24980574621.016368,8170960629.486583,27576134041.631235,27772178936.981416,27982687404.851283,5221276294.207453,13887561952.472006,28310378468.127695,57.7570507415,24645428619.194832,33856971544.702761,34034854817.468944,18373114533.257708,32689294827.630662,34022941701.160871,11147333185.722066,29467738009.676002,34036275655.33165,34036275609.563424,34036274908.125202,34036247931.066352,34031920041.946277,33987225777.73391,27367636498.986047,31453949665.641433,33521172507.920797,21584836524.74514,34035213556.511684,34026014901.760702,33902163644.820243,25298567681.619728,29964642950.850873,13013048075.726483,32930894054.831351,19079781974.366927,8649292186.596164,32858685003.797753,28765736766.209397,34036275657.545878,29982537190.319714,68587,0.793831018519,227156,27180041909.880442,10706431745.94929767230614097432,129938.1625392,51183.661637927551612237632,272.77085,107.446577804869178766,195.026296032545,0.03830034785036304,0.04178132597539839,0.3991,coinbase-ada-usd-spot
2023-04-02,48056,8303,1393999,3556781,839,387886,2614930,162,61172,4427868,4417532,4409275,4391766,2065130,24150,3084289,174866,4345500,843968,2801,1531144,10244,2708556,76155,222,3669152,461126,1056,1680481070,4086,25791.160792951542,7490256709.347415382627696538975,0.733120919801,0.645745816877,12980581265.496875244036872921925,13364985204.394939391553977115,11433524574.76864493872541320435,17705921240.1311677912461581509363,0.32002113,0.12204523114002326711175,0.230797,0.088018166836120946075,16522.370926,6301.07324052280630185485,0,0,0,0,0,0,0.53945383617,1.497744225131,1.944213713468313,1.319239489704,1.7124976776370318,0.000013541871735708183,0.381366165227975,-67.212266588381,11.433547384511815,0.39390784537596,0.00001382396470244,0.000216145959284097,0.363574636145542,0.39390784537596,0.046852533904,28308392564.814477,17035293879.059006,2361566660.98446,19640590572.238761,24962944276.660461,8131026265.459075,27573188157.681739,27768419249.840802,27980421210.940941,5217790179.541533,13876412056.583939,28308392564.814477,57.7035539176,24641442345.786477,33857639777.449654,34035634181.167861,18361420067.777961,32689425249.968135,34023711600.62746,11096162372.664629,29465827660.840044,34037055324.225855,34037055278.457629,34037054577.019407,34037027603.755542,34032693588.836758,33987983371.854734,27364453148.673026,31453311282.811518,33521675505.825051,21577091554.460906,34035968251.23196,34026521781.830598,33898751723.7242,25221381901.784757,29913950210.445985,12936476815.805706,32908706720.090525,19009831750.399116,8643350220.551623,32858829589.91045,28763227176.434538,34037055326.440083,29980437745.267346,51629,0.59755787037,161131,22725546028.031236,8666754341.4221113292703610271,154796.94195317,59034.31614169788533482393075,263.555626,100.51119841187838383735,194.480002404497,0.03834838021103967,0.042055551328505573,0.3921,coinbase-ada-usd-spot
2023-04-03,48003,8293,1394758,3558310,840,388190,2615930,162,61214,4429669,4419333,4411076,4393567,2065944,24156,3085587,174991,4347281,844608,2769,1540518,10368,2715517,77273,223,3676693,466354,1073,1680567396,4191,26648.344309234073,7616552629.000552056237496098672,0.745209699994,0.656368000238,13210100397.681800522681289868056,13600510783.0568812999622958876,11635231238.99139911888621510919,17726688739.8159574091685261626479,0.32605542,0.12653781194922514154388,0.228033,0.088496602424881195662,17300.500521,6714.096277110711997445694,0,0,0,0,0,0,0.540016019085,1.33003401706,1.9526418724945922,1.171471289267,1.7198536747986188,0.000013934404585271744,0.388086822630414,-67.2533491940171,15.59747049841779,0.381366165227975,0.0000135418717357082,0.000212489162976734,0.352982829670909,0.381366165227975,0.046881748988,28310514832.417833,16999062237.991263,2489265057.902163,19625898600.154248,24955681762.264587,8714021098.181251,27574432846.990941,27769469851.365405,27981038011.532741,5932575846.331201,13858326191.083637,28310514832.417833,57.6570381731,24637836102.488667,33859593926.99842,34037612112.628599,18381623421.570624,32690659094.935817,34025683480.513462,11094616020.586488,29464696903.356383,34039033604.093376,34039033558.32515,34039032856.886928,34039005864.115951,34034670073.18629,33989941453.022449,27362236694.485914,31453436275.515915,33523540607.578878,21558814349.987538,34037961823.749232,34028648727.119844,33902942924.930726,25252292065.031044,29940827715.529017,12956312982.209622,32922767261.263524,19073712945.999705,8638746349.233177,32859730525.328429,28761181919.979965,34039033606.307604,29981000540.366085,53060,0.61412037037,159876,25592603775.309459,9932152281.998985726257235286026,175472.01399118,68098.37637039659645819574852,301.9141735,117.168912300702538772829,193.90513042344,0.03836430001648403,0.04190205215676611,0.3818,coinbase-ada-usd-spot
2023-04-04,42573,8308,1395722,3560524,839,388450,2617527,163,61249,4431946,4421610,4413353,4395844,2067364,24196,3087564,175111,4349550,845169,2791,1543142,10417,2718065,77495,224,3679544,467459,1078,1680654057,4295,22449.050989522701,7634155905.673998426034767118392,0.746269840726,0.657292459965,13250472172.39656308127552558588,13641640841.0850923451585507408,11670624986.565536197753794503352,17755604540.4566660223430784810887,0.3259624,0.1268842729478577665088,0.230985,0.08991332677284535332,14891.266359,5796.581155478693614752408,0,0,0,0,0,0,0.538984378611,1.560895713768,1.9389562512893588,1.37479089662,1.707775464884603,0.000013845807491995863,0.389260457487912,-67.89343153140318,15.681318466301065,0.388086822630414,0.0000139344045852717,0.000214272289036756,0.356015502814757,0.388086822630414,0.046921100613,28313132549.137331,16988129064.068539,2991900854.260177,19611948141.203291,24953352361.96704,8729266335.079884,27576867231.950705,27771924833.274832,27981562533.006379,5887246388.188825,13829216523.396592,28313132549.137331,57.614217866,24631013258.371438,33860557868.813006,34038697059.990221,18347092217.450562,32690741829.421571,34026759818.009135,11127532138.891316,29462362354.245501,34040118683.121387,34040118637.353161,34040117935.914939,34040090935.18538,34035753612.00422,33991006713.173878,27360821955.714069,31452752064.663825,33524236275.095854,21556751363.094126,34039048434.293768,34029749868.796819,33904339676.047542,25254777415.474289,29943393032.989728,12976835808.072948,32925069842.858466,19053614274.237039,8635667817.989103,32859746968.967049,28758422933.279467,34040118685.335615,29981532318.699371,45684,0.52875,137044,21808067243.10796,8489018231.97935231465701097952,177315.91254677,69022.07323784228559640964424,303.232747,118.036517822536275054264,193.047680311284,0.03836339803406538,0.04190074746173689,0.3871,coinbase-ada-usd-spot
2023-04-05,52047,8321,1396960,3562832,834,388896,2619715,162,61311,4434526,4424190,4415933,4398424,2069211,24224,3090097,175333,4352119,846046,2791,1548262,10519,2722642,78014,224,3684048,469975,1078,1680740096,4129,26391.155243400339,7679678061.717239506768894302544,0.75075921138,0.661208948442,13354476719.68048029256269784648,13748327411.0358770132964483864,11761559998.155244362912793259252,17787962528.1274470916355446217839,0.33146384,0.13003483203229007491264,0.2304655,0.090412705596295958738,16394.201703,6431.522861598082304008788,0,0,0,0,0,0,0.537953323904,1.615350002698,1.934963531713179,1.422671690816,1.704161844016561,0.000013916296307861396,0.392304729325196,-66.55508964123513,18.716445615922446,0.389260457487912,0.0000138458074919959,0.000208362218814204,0.355413654162369,0.389260457487912,0.046972196227,28311101723.831739,16969368898.216264,3570208850.465599,19575797811.377564,24945385245.458647,8852414852.491572,27575142754.515491,27769922391.760008,27979715057.417092,5834913636.41182,13790068388.982204,28311101723.831739,57.5063944692,24620822286.760756,33861373241.751153,34039657787.574261,18312512196.086391,32690518038.89081,34027716680.93128,11089545557.098861,29458155790.682839,34041080110.818152,34041080065.049926,34041079363.611704,34041052352.186564,34036716947.179787,33991939704.499017,27354487041.622448,31451185533.286634,33524826501.099599,21536629343.586842,34040014825.344754,34030768049.037847,33906153033.516668,25267673366.238606,29950949733.723828,12967763799.572271,32930162586.17932,19032292327.864104,8614690210.820198,32859001595.812307,28752372310.114072,34041080113.03238,29980673489.168287,49460,0.572453703704,172273,21073501133.612635,8267234158.15611583929720945146,139716.95219933,54811.62111469950361898331868,271.315744,106.438449511584170685824,192.318826827689,0.0383612967234291,0.04167750206420244,0.3897,coinbase-ada-usd-spot
2023-04-06,58601,8314,1397836,3562651,829,389199,2620750,155,61362,4434426,4424090,4415833,4398324,2070828,24204,3090030,175463,4352005,846648,2779,1537835,10324,2715992,76697,216,3677423,464017,1052,1680826602,4128,29861.972868217054,7668743046.579774868227856319112,0.726984949333,0.640046037784,13051663221.570788856459006829032,13435530825.1219748629326920556,11490836693.557505309432211526332,17953140891.7649435814163729884163,0.34345241,0.13167249818053105505094,0.229917,0.088145387491015592478,18652.55709,7151.00176322907919282206,0,0,0,0,0,0,0.538206195517,1.605090865437,1.8752914111976149,1.413140739226,1.6510284546178606,0.000013668157406564867,0.383379165050934,-63.86725848078636,16.20340737735807,0.392304729325196,0.0000139162963078614,0.000205274188044621,0.359788733578337,0.392304729325196,0.047005488379,28750570017.599269,17407730922.542587,3253623534.911836,20003025061.523468,25381430130.351611,8802931064.699699,28014948426.904916,28209631087.866874,28418947317.245026,5805934862.705579,14207783019.211907,28750570017.599269,58.7568259799,24618058610.501285,33863949885.170886,34042324202.781251,18322555443.814974,32692389347.863796,34030399327.554527,11070271095.81051,29457170429.89503,34043746793.04212,34043746747.273894,34043746045.835672,34043719020.597313,34039384630.623873,33994643329.531407,27349145085.555025,31451928051.597637,33527224126.747172,21530704861.723687,34042664671.122342,34033252458.229494,33905821778.222727,25216857273.788769,29914733554.884437,12920551768.097884,32915903785.252111,18987002259.106125,8946210087.107088,32859999263.507552,28748928986.836237,34043746795.256348,29972512178.722298,54309,0.628576388889,183836,21209856418.927097,8131417044.738463470575637758598,129457.60888179,49631.35000259102775613509186,285.393285,109.41383931444324657819,191.630008901736,0.03839584506058096,0.041989290766804695,0.3923,coinbase-ada-usd-spot
2023-04-07,50156,8308,1398737,3564819,830,389518,2622248,155,61418,4436846,4426510,4418253,4400744,2072082,24228,3091831,175636,4354412,847305,2772,1538958,10314,2717626,76798,216,3680083,464506,1050,1680913079,4228,25921.776253547777,7666744982.451738470283658064244,0.727039539489,0.640085141846,13055696332.595544740393312177832,13439402538.0964889280225514536,11494226634.25418133638336824422,17957340176.8208353487664100638689,0.32972813,0.12644732296376597672452,0.231457,0.088761362372159092628,16534.546902,6340.827493780194576372408,0,0,0,0,0,0,0.538357042274,1.575644011794,1.8579578716199787,1.387195972171,1.6357449123551207,0.000013727040492184291,0.383489643312404,-64.92674994589603,20.631522929170377,0.383379165050934,0.0000136681574065649,0.000204786939626899,0.351612513216137,0.383379165050934,0.04704604717,28751172707.37706,17399158831.422739,1728147187.953574,19992052239.611961,25376134057.60746,8775955345.725553,28015483083.069923,28210123717.084553,28419317019.713379,5762108707.604709,14174503984.185731,28751172707.37706,58.7233709114,24607862338.824872,33864574891.144196,34043032623.70833,18328072700.319363,32692161372.556603,34031100425.037411,11068286490.841587,29453774874.499576,34044456113.54043,34044456067.772204,34044455366.333982,34044428328.330029,34040091030.634126,33995328177.855882,27343883109.740487,31450740334.149355,33527693729.399913,21520026400.918199,34043374582.977268,34033957254.748146,33906506980.384895,25205582748.849284,29912559777.645892,12916543790.472126,32916158791.988873,18982572518.199154,8942950848.387341,32859576394.965798,28744067239.238694,34044456115.754658,29972717215.965555,50146,0.580393518519,163167,21606692794.135075,8285942912.7835496611871989703,143294.46362444,54951.94274397874528904955376,261.8907705,100.432398165855655767282,190.870205918806,0.038395434166478046,0.04124434608767769,0.3833,coinbase-ada-usd-spot
2023-04-08,39420,8299,1399290,3566171,829,389663,2623275,155,61435,4438192,4427856,4419599,4402090,2072926,24219,3093052,175655,4355765,847625,2770,1542747,10347,2721099,77259,216,3683571,466606,1053,1680999287,4154,24792.32354357246,7712100412.572194926719334145127,0.731454338349,0.644047757342,13137407611.890568745976877841025,13523325494.9326961387118931734,11567527138.900737775710419379749,17960666747.2075068823276263368518,0.33475311,0.12917599018956650333061,0.233854,0.090240601528066117354,15276.12364,5894.81722053379860423364,0,0,0,0,0,0,0.538427295551,1.644683575772,1.855267137824413,1.448148863131,1.633568326468803,0.000013799301048422556,0.385884361730251,-62.3200577580777,24.977980743942364,0.383489643312404,0.0000137270404921843,0.000205476570855987,0.351775962260754,0.383489643312404,0.047065611912,28755994703.013547,17362442576.116324,2404126982.386504,19985522030.465877,25377017096.192012,8692847920.584282,28020632840.590656,28215064160.275294,28423303358.347129,5239907370.290269,14174560923.466313,28755994703.013547,58.7033655376,24606346950.336807,33864981763.055621,34043510451.130346,18330721720.113062,32692110974.871373,34031573685.600586,11067661969.244975,29453103929.915386,34044933959.308047,34044933913.539821,34044933212.101599,34044906180.779392,34040568198.962027,33995789452.082231,27341801877.486799,31449997752.776622,33527952244.221493,21524136650.382274,34043857966.379921,34034494115.136373,33907757981.650918,25214602236.939657,29923415544.774916,12916078409.726001,32921196252.351322,18994866241.676972,8942326326.790729,32859500903.188355,28743342149.325927,34044933961.522275,29976667328.609999,45634,0.528171296296,141040,20699990237.057094,7987802520.449203809308113950594,162962.24003291,62884.57998123143306678256041,256.3611525,98.9257597048940404742775,190.01884855055,0.0382505068693755,0.040698704466263884,0.3839,coinbase-ada-usd-spot
2023-04-09,36373,8295,1399739,3567302,830,389703,2623889,154,61450,4439528,4429192,4420935,4403426,2073463,24215,3093924,175658,4357097,847876,2769,1547880,10416,2724669,77798,218,3687058,469116,1062,1681085635,4172,22136.719558964525,7784053276.083086041283335716647,0.737726391953,0.649655379834,13260910754.107194626388948519347,13650287704.8441663995299893894,11677801020.644721046898285822532,17975377997.5310092586777149083444,0.33659682,0.13110688265192978741862,0.231219,0.090061463741388149529,13754.692542,5357.551687557142782616122,0,0,0,0,0,0,0.538519084917,1.604051802364,1.8594067213716337,1.412557411942,1.6374276330833524,0.000013735448218780272,0.389507193359491,-62.59988162681988,23.063867657880703,0.385884361730251,0.0000137993010484225,0.000208389004693941,0.35446385869476,0.385884361730251,0.047084790961,28760560133.080111,17359964938.115178,2286202775.043922,19984363341.138317,25352693861.95069,8379215725.687954,28024055353.393796,28219834357.401096,28427424735.980013,5033104625.877442,14147926191.420462,28760560133.080111,58.6992358249,24604373063.631601,33865386420.890191,34043931383.146671,18334073532.43035,32691993040.020348,34031988399.546084,11030581853.934843,29452827802.48,34045355206.073789,34045355160.305563,34045354458.867341,34045327423.560465,34040987583.47259,33996199935.674136,27340322678.137266,31449667078.98383,33528203866.909119,21524565846.296957,34044284976.208506,34034985221.677337,33909367356.932788,25231664283.43335,29936668527.814835,12967087323.877911,32927459567.575159,19018905385.615539,8939564738.348667,32859645928.339931,28743085413.742432,34045355208.288017,29980963688.819052,40864,0.472962962963,125783,21224598331.623461,8267133726.333189505888622618351,189985.82429896,74000.84520077729638233742936,311.56115750000004,121.35531201765934515112023437964,189.45822904544,0.03817599189340036,0.040569212658243134,0.3857,coinbase-ada-usd-spot
2023-04-10,51215,8307,1400130,3568704,835,389766,2624628,155,61430,4441107,4430771,4422514,4405005,2074311,24261,3095060,175670,4358675,848233,2775,1558172,10607,2731254,78914,219,3693461,474406,1076,1681172106,4104,29077.510233918129,7972758122.56546849194040351461,0.754236873747,0.666436095945,13517447880.720795273931463438241,13911695946.6214534739477489934,11943880637.924895568407943271685,17922019396.3186895510566416142961,0.338147,0.134232999091037882997,0.232425,0.092264916778012166175,17624.559668,6996.358098384983255593068,0,0,0,0,0,0,0.53819603275,1.403146280547,1.87756890932695,1.239805904212,1.6590009549409208,0.000013371470612123635,0.396966405412551,-61.60681565796262,29.51408262674342,0.389507193359491,0.0000137354482187803,0.000209285003777595,0.35723079770429,0.389507193359491,0.047101255031,28767175153.663547,17456803544.30895,3062955904.804355,20084213711.43411,25458179412.184225,8471060594.380187,28031477043.149779,28227158303.074689,28433943925.774926,5128912957.313881,14213824713.418048,28767175153.663547,58.9812381222,24605081828.229961,33871788921.008339,34050444475.719086,18326580595.036863,32697752778.618066,34038490783.533942,11021744861.24325,29457522695.227922,34051868610.376963,34051868564.608737,34051867863.170515,34051840826.801115,34047498888.696635,34002703527.583082,27348356894.987021,31455006012.795823,33534579814.892913,21518183247.914597,34050810789.643336,34041637152.495268,33918297223.896691,25278355283.926534,29970327647.513685,12951680595.466319,32946566461.771557,19034290310.128411,8912676988.678235,32865708220.615352,28749039342.397532,34051868612.591191,30087887728.212435,52121,0.603252314815,181374,24268224264.773637,9633669752.132839007321613717987,150267.28784772,59651.06510800251571546473372,295.112261,117.149653442340563387811,188.948079091908,0.03815815458721841,0.039941558893841496,0.3896,coinbase-ada-usd-spot
2023-04-11,72120,8301,1400304,3568211,831,389781,2624181,155,61349,4440685,4430349,4422092,4404583,2074661,24220,3094366,175683,4358246,848371,2768,1569182,10850,2737345,80682,219,3698149,481434,1091,1681258653,4125,34211.073454545455,8090104079.960029742245589094264,0.764839758185,0.675559561721,13671058413.086815974745437980934,14068820077.0909451560085445156,12075227694.393055236445124455678,17874408680.7481024072622692260667,0.32937236,0.13222650069584976446824,0.227189,0.091205001131817533626,21303.804363,8552.410112458940842124742,0,0,0,0,0,0,0.538645801006,1.241237048923,1.8784417906291972,1.09634671549,1.6591701715499736,0.000013272345225912257,0.401449899122834,-56.56481533901283,21.39234740890889,0.396966405412551,0.0000133714706121236,0.000207605818111754,0.364977135971859,0.396966405412551,0.047106804987,28762993268.973568,17531299651.026856,3529567243.262689,20152213508.178396,25454321452.686223,8521965708.914575,28030756142.616886,28226076971.240381,28426026083.814666,4610940438.489733,14167938155.351812,28762993268.973568,59.1768671855,24617343273.814099,33874113666.744549,34052783702.342985,18343156208.557353,32699739013.616829,34040834498.858491,11044244853.666651,29458015887.685277,34054208114.310423,34054208068.542197,34054207367.103975,34054180323.850004,34049837243.974961,34005094326.314666,27350988288.813905,31457062267.269243,33536878234.016048,21531253877.173256,34053163078.107264,34044144128.522211,33923344518.774681,25352340126.699051,30017202739.204262,12970615964.84975,32966144975.461728,19098162371.524795,8925881853.519204,32867558181.581007,28753151551.935263,34054208116.524651,30079040300.613767,64680,0.748611111111,208303,27435700655.298992,11014059260.434051007494804383328,144993.36609433,58207.57219204891810350093122,356.8793395,143.269174841298627288143,188.585895628653,0.03816134015078005,0.03787115693684458,0.3974,coinbase-ada-usd-spot
2023-04-12,49900,8278,1400051,3568087,830,389711,2623844,155,61308,4440800,4430464,4422207,4404698,2074383,24183,3094253,175615,4358354,848226,2761,1575625,10905,2740610,81200,220,3700793,483904,1096,1681344910,4107,26023.621865108352,8162242283.169421508945854496878,0.771455008484,0.681706192016,13792687880.934077378982066211985,14193572630.8343096080338852894,12188086964.984423079344414109464,17878797505.0478365256948301798542,0.32607364,0.13206298020904359105724,0.230031,0.093164781429331442721,16883.44108,6837.95704923769229787028,0,0,0,0,0,0,0.539210246452,1.454191681618,1.8779780167512763,1.285015280003,1.65949955397261,0.000013539585825792087,0.405009678822991,-57.5927092538411,17.588132678691082,0.401449899122834,0.0000132723452259122,0.000212213861484781,0.367613166868338,0.401449899122834,0.047094317585,28760726087.208084,17529328471.598463,2190272303.397971,20153203021.937458,25448398488.211826,8530728567.023628,28028426841.991357,28223555542.79369,28423544314.312665,4366975192.543336,14135506529.912078,28760726087.208084,59.1780395064,24619500603.950044,33875116677.925565,34053780794.033169,18362915802.728615,32700932093.496862,34041828055.738592,11082275957.360781,29459402428.565993,34055205594.396107,34055205548.627881,34055204847.189659,34055177797.08418,34050834484.879166,34006090855.98716,27352650951.865833,31458142883.047022,33537966246.705347,21537736842.285597,34054167040.606864,34045227142.494842,33926007393.753991,25374066187.96485,30032440445.23217,13034027698.978006,32973646395.322656,19131792988.588638,8958670674.450866,32868989076.409968,28756622296.456126,34055205596.610335,30093322708.742504,51778,0.599282407407,157678,23418649705.605206,9484779795.735297217049402091146,164867.12615228,66772.78181140446278503106948,317.9527795,128.7739531061722769534845,187.939636119933,0.0380985693992582,0.037321652354914366,0.4021,coinbase-ada-usd-spot
2023-04-13,49676,8267,1400551,3568867,833,389814,2624406,155,61310,4441552,4431216,4422959,4405450,2075016,24172,3094938,175698,4359051,848499,2767,1601584,11290,2758187,84209,222,3714551,497738,1134,1681431418,4210,28288.845843230404,8592288317.383168636917964235496,0.807686572094,0.713647801843,14493707785.500480549773270958903,14914413456.4163311131962702754,12806208570.308371911060573804144,17944718020.9044297347525645190383,0.34540892,0.14699866977841064762652,0.230005,0.097885222658359086405,18646.90069,7935.72324918571197388389,0,0,0,0,0,0,0.539395157557,1.18896501198,1.950333631637839,1.050534076687,1.7232567151262383,0.000014012747889399927,0.425578672891281,-56.34487627398042,23.48631764480278,0.405009678822991,0.0000135395858257921,0.00021074722009485,0.368375734288577,0.405009678822991,0.047109385266,28792805739.908496,17554944153.865604,2446470066.965577,20189659079.975016,25479617480.444666,8583117103.896461,28064789504.196204,28255762322.325051,28455213870.310212,4801661038.096594,14156901029.565737,28792805739.908496,59.2828863707,24619270778.921829,33876359778.994504,34055046380.735649,18369895609.263106,32701776412.076057,34043091296.921034,11086939981.567234,29458922144.259077,34056471124.578035,34056471078.809809,34056470377.371587,34056443279.941526,34052099710.180564,34007359381.934876,27351623107.234394,31458963825.323928,33539098453.580539,21551330526.614121,34055463875.363089,34046900201.220022,33933382273.047889,25469181239.235983,30104469778.151066,13074178728.630531,33007565331.433224,19222977089.184612,8959096080.600078,32869749262.533983,28756365787.335026,34056471126.792263,30091283671.021424,53985,0.624826388889,161804,28643795892.767045,12190188642.612524463565544634645,194079.33191932,82596.02451385063777542344892,369.711548,157.341349950421134212988,187.425817619553,0.03826799554811158,0.038164584402165525,0.4051,coinbase-ada-usd-spot
2023-04-14,52423,8292,1401116,3570569,835,389988,2625452,155,61424,4443552,4433216,4424959,4407450,2076038,24218,3096324,175873,4361053,848894,2785,1616147,11559,2769702,86186,224,3729440,506536,1159,1681517711,4273,26799.734378656681,8841712308.42111089411948413897,0.827392062893,0.730888521315,14927933825.895299973030467818846,15360291681.9534288359541484716,13186802206.125829022885372975136,18042152560.2903731080709833552274,0.3284771,0.1439720664248103993154,0.227717,0.099808744810699283758,18083.64999,7926.09426216714015476826,0,0,0,0,0,0,0.538491348294,1.131842972918,1.9828588690168187,0.99982955353,1.7515865231817478,0.000014389904991404753,0.438301685033174,-52.93479182403695,35.027564164950775,0.425578672891281,0.0000140127478893999,0.000211639810977812,0.385426070901785,0.425578672891281,0.047136702427,28787725084.444207,17543145874.372416,3655744171.678173,20172663282.715655,25469993201.2656,8533239377.049954,28059144141.0482,28250404259.54405,28450001643.626561,5006298425.072881,14146137950.192995,28787725084.444207,59.2293107107,24613613194.035242,33878381016.307024,34057156686.24399,18340251675.145851,32703289672.112603,34045192521.111612,11069073966.743016,29459097121.976718,34058581873.339001,34058581827.570775,34058581126.132553,34058554030.658373,34054208038.650313,34009457163.449657,27348871900.12241,31460345651.512603,33541009013.12737,21542648059.970645,34057604749.276087,34049244020.185344,33938645555.921039,25519699948.061781,30147752305.078168,13098426431.538016,33029089689.824942,19247059383.428131,8939943123.017457,32871356708.743757,28752376251.619193,34058581875.553229,30086131667.798064,55053,0.6371875,163528,30091260616.955264,13189050233.183879260526713927936,200808.86697229,88014.86476355718866158874846,407.208705,178.48026156167666657967,187.083669607217,0.03830794157574864,0.036197566360681485,0.4256,coinbase-ada-usd-spot
2023-04-15,58663,8303,1401768,3572517,837,390266,2626387,156,61460,4445561,4435225,4426968,4409459,2077084,24242,3097627,176015,4363053,849439,2788,1634944,11896,2781757,88469,232,3740068,517356,1200,1681604178,4136,33174.325193423598,9144388059.5084476345624509033,0.854766395341,0.754195471113,15473940744.74893415485549929174,15921410361.7795941628772620008,13653292985.749957388767905973964,18103122477.7785422667352147685903,0.3318707,0.1507731905006913677084,0.233854,0.106242924402029703448,20943.696012,9514.994449964537638053744,0,0,0,0,0,0,0.538072747568,1.074296616321,2.022391580309178,0.947895994833,1.7844390923653548,0.000014973046164022448,0.454313051741812,-52.338829370252164,39.86550943387502,0.438301685033174,0.0000143899049914047,0.000208493590261844,0.398580998753793,0.438301685033174,0.047161346764,28754571393.81599,17501632982.626082,3461724821.587275,20127944870.721525,25427782656.957286,8483593084.997233,28026083246.734957,28217143655.270057,28416411878.187104,4989300629.068311,14104837819.32577,28754571393.81599,59.0954056911,24609923584.95195,33879817918.130666,34058658951.227564,18326803027.802686,32704188513.672453,34046683169.889152,11069004154.231576,29457715227.498874,34060084086.109167,34060084040.340941,34060083338.902719,34060056234.389286,34055706371.864381,34010957224.435148,27346083097.264119,31460543083.521754,33542384329.418386,21534003282.563374,34059126462.537555,34050984707.634827,33944151058.761413,25588959151.373609,30196758052.388118,13240005959.442814,33053643267.017271,19321948717.97355,8904927279.30449,32872050965.421723,28750145356.266548,34060084088.323395,30052610052.482447,63108,0.730416666667,197789,31704543764.608348,14403788031.781055419061395846576,176845.66295681,80343.29282521226725662713972,283.638532,128.860687064487598699984,186.858416904427,0.03839456389977702,0.03645423195150227,0.4385,coinbase-ada-usd-spot
2023-04-16,62053,8306,1402339,3573728,837,390394,2626418,156,61496,4446861,4436525,4428268,4410759,2077034,24251,3097893,176108,4364345,849863,2783,1632172,11858,2780352,88148,231,3739744,516025,1191,1681690499,4198,32039.543115769414,9097538624.527721035685452557927,0.850309497182,0.750229407037,15393750092.49498613147650246591,15837877020.3943822480868823006,13581929923.454533256031215122675,18103702408.960638360083567856396,0.3321361,0.1501020852948617741599,0.227331,0.102737574001038194829,20086.263082,9077.573845147808800672438,0,0,0,0,0,0,0.53819151535,1.221405092312,1.9877236468764472,1.077647634414,1.7537717006482696,0.000014908800903497167,0.451929450893359,-52.582400554749604,29.25958796060412,0.454313051741812,0.0000149730461640224,0.00021690885931748,0.41341778571655,0.454313051741812,0.047182298075,28756522380.126603,17445044507.506878,2757565511.800518,20130439843.086153,25425635487.405717,8423393788.712725,28028034217.398467,28218859146.346271,28416972440.12534,5036704086.643908,14110237848.582098,28756522380.126603,59.0989107259,24607798800.807446,33882167326.810475,34060860510.359946,18332033180.889795,32705821403.746673,34048873878.744711,11071261443.572396,29458184050.022379,34062285741.866262,34062285696.098036,34062284994.659814,34062257882.148794,34057902512.846779,34013142795.716687,27344399647.20272,31462028763.155262,33544611935.32342,21530747846.052225,34061324662.271751,34053144418.582379,33945741499.359359,25578049086.668766,30189405772.382386,13223034229.108082,33052130278.358151,19307299766.042474,8901940343.76174,32873710579.579679,28749433488.487733,34062285744.08049,30053208297.459325,60476,0.699953703704,194764,27887787564.07833,12603312520.46456544427595281047,156607.75078113,70775.65481616009490857951567,340.50487250000003,153.88418005543823094961102680077,186.589147232526,0.03833247514894122,0.03459418402743808,0.4528,coinbase-ada-usd-spot
2023-04-17,49418,8308,1402660,3575191,835,390553,2627296,158,61516,4448648,4438312,4430055,4412546,2077854,24248,3099081,176140,4366124,850071,2781,1612602,11481,2767306,85668,223,3731066,504453,1151,1681776786,4142,25997.763882182521,8739638724.498465754776803471731,0.817322897766,0.721014189515,14801354436.609054157215808476882,15227977934.0173424074227642342,13057246532.561274974820423695037,18109555571.0732835957035516005047,0.33004905,0.14341494259277363233515,0.228033,0.099086301276304081779,16365.812012,7111.373264625682565871556,0,0,0,0,0,0,0.538047345656,1.468867029805,1.89608570213843,1.295784045565,1.6726616855043661,0.000014744942192617579,0.434526148742963,-52.71170962056672,28.570275494403646,0.451929450893359,0.0000149088009034972,0.00021323790046126,0.411442275852732,0.451929450893359,0.047190320352,28753330827.078335,17434705891.488598,2766195529.258739,20113032897.516737,25417742547.898407,8405551218.491081,28024248418.954438,28214878977.006262,28412514269.765832,5117532824.681918,14092153150.845243,28753330827.078335,59.0462093312,24605523519.068165,33882982335.210344,34061781939.051871,18327618463.850936,32706539482.646776,34049788442.276308,11148349441.990468,29457551822.98633,34063207653.821586,34063207608.05336,34063206906.615138,34063179786.300945,34058822366.243723,34014051352.184984,27342473846.078767,31461943294.668189,33545350646.297296,21526799561.137873,34062223183.875831,34053744189.517369,33942075491.726586,25490873931.527657,30132374761.410665,13048962772.370955,33026341381.755369,19215190505.314082,8899840445.25656,32874474582.815739,28748865514.562682,34063207656.035814,30049391895.825999,49586,0.573912037037,154512,23190123384.113779,10076715002.973088422424617587177,166311.14173444,72266.53991091127693356474572,359.607388,156.258813367156407810644,186.31111983121,0.038365648773926064,0.034833530721063835,0.4516,coinbase-ada-usd-spot
2023-04-18,48416,8300,1403235,3574411,836,390706,2626950,158,61532,4448106,4437770,4429513,4412004,2078309,24259,3098286,176194,4365590,850454,2791,1623535,11685,2775088,87015,222,3735762,510723,1171,1681863465,4202,24684.592812946216,8917405423.536470758395742312152,0.83301455726,0.734470556156,15107683328.709162318761370386111,15542640023.5175619382536407262,13320473790.003949485240521214503,18136157642.2034246157948709613719,0.33038358,0.14652675136029101782794,0.230515,0.102234542315382271645,16091.662731,7136.731988795867291273733,0,0,0,0,0,0,0.537816881203,1.450439907081,1.918112046320981,1.278855688584,1.691203123827493,0.00001460489374992856,0.443504944647343,-52.60627825392602,27.353983564989942,0.434526148742963,0.0000147449421926176,0.000209250217307149,0.39763637755123,0.434526148742963,0.047212636376,28750544023.732712,17431568937.790297,1946732375.278345,20106665170.615464,25410673445.163284,8373802961.925321,28021786600.112222,28212424076.878846,28409268939.139232,5068953099.883556,14089425272.702154,28750544023.732712,59.0256310615,24603313505.002268,33884138726.817176,34062869054.85107,18320352970.38027,32707066199.706127,34050884465.447691,11138472801.071635,29456847210.750783,34064295133.710749,34064295087.942523,34064294386.504301,34064267271.823953,34059909419.31736,34015200905.915121,27341773066.303002,31461844843.59552,33546378011.319915,21534074500.896165,34063322789.034882,34055024695.693479,33945593680.184376,25536627113.580865,30161978769.253664,13006819449.772091,33040885050.699047,19252582201.425574,8896866324.007815,32874442112.001472,28747154160.361241,34064295135.924977,30034555309.402121,48706,0.563726851852,145934,23485492207.999088,10415931921.724240857893825623184,180579.54672012,80087.92187254910978572264116,274.61294250000003,121.79219786290649934192583942029,186.198329418303,0.03831778988573934,0.03467332420967952,0.4345,coinbase-ada-usd-spot
2023-04-19,55601,8306,1403921,3568821,833,390969,2624144,157,61551,4442301,4431965,4423708,4406199,2078552,24247,3093566,176335,4359786,850945,2792,1590515,11107,2747668,82880,218,3707326,491777,1114,1681949698,4206,24245.833571088921,8330517681.75684374925242785381,0.778912278635,0.68676119086,14117128034.330451609399881458785,14523387322.3684171977735773634,12446967298.255462045128216104265,18124156495.6027349920041096753102,0.32983098,0.13668883510297362251898,0.23091,0.09569391848402972691,16166.665431,6699.803230317852460319031,0,0,0,0,0,0,0.537371080402,1.566976200788,1.7785911077517416,1.381591318073,1.568170615249637,0.000014391239810813561,0.414420850045601,-56.497435569666656,24.279671198546854,0.443504944647343,0.0000146048937499285,0.000211027678265804,0.404049121898656,0.443504944647343,0.047233237667,28751734035.631665,17412270258.942901,1587627004.561815,20101589195.71781,25406883491.368357,8423036799.042872,28022987273.764316,28213501224.74161,28409326437.264992,5033773332.936793,14079521610.767567,28751734035.631665,59.0100030367,24599931991.836322,33884870710.904786,34063288966.690196,18305392557.214826,32707212515.740468,34051350129.333385,11126009421.241785,29453858455.175823,34064714726.248557,34064714680.480331,34064713979.042109,34064686864.457316,34060336040.896195,34015870769.657403,27337047216.423671,31461289185.426101,33546975296.628009,21527154967.550828,34063689415.581699,34054912351.272892,33938456644.73549,25397746571.227261,30062248493.665876,12929572870.701825,32996247152.151339,19111200404.427302,8938237983.268046,32872199966.420969,28740401458.253541,34064714728.462785,30034606842.020265,49015,0.567303240741,142979,21739139823.134132,9009152804.763423162526939553332,173762.72714785,72010.89709085382679316910785,299.766871,124.229641495330019084471,186.005610071751,0.03861411254633943,0.036178042771834514,0.4438,coinbase-ada-usd-spot
2023-04-20,87401,8310,1403995,3536957,832,391017,2607658,158,61546,4408523,4398187,4389930,4372421,2076374,24261,3066498,176354,4326007,851136,2793,1570387,10846,2716879,80840,217,3665962,482188,1088,1682036123,4196,30661.298617731173,8052861383.258044864413930596844,0.756614218626,0.667715269235,13648128057.206303277243126621411,14040235346.7461364012815840538,12044531117.615940003044752079334,18038423969.8572753553529018151966,0.34320464,0.13749953070439694661648,0.256185,0.102636483217435323045,20618.361834,8260.421759066104526160738,0,0,0,0,0,0,0.537293040954,1.4040982061,1.7059186112838678,1.239122644855,1.505480437434771,0.000014181102345765286,0.400634241729357,-57.230277549065676,7.950692948720308,0.414420850045601,0.0000143912398108136,0.000214029763704041,0.378809132104009,0.414420850045601,0.047212226677,28755765847.326002,17425413724.343029,2685876662.094456,20100282363.528092,25402856613.99203,8356620416.401335,28026921343.04736,28217264869.343486,28413091849.933333,5017400697.957255,14077840190.259349,28755765847.326002,59.0034131384,24599978237.498046,33887982056.585701,34064881945.344094,18303588319.198737,32710112730.799575,34053187322.928268,11139002198.491641,29455731548.881331,34066304461.162395,34066304415.394169,34066303713.955947,34066276600.269295,34061963074.899392,34018643230.686196,27340224483.607316,31463846348.719195,33550145657.529615,21523579019.8961,34065258830.545506,34056384570.521602,33936597817.998526,25333005481.633985,30014172846.704468,12886515833.816745,32975481632.248549,19045714400.945095,8917720328.013389,32865286416.457428,28725434660.51808,34066304463.376623,30063658726.785662,60076,0.695324074074,173027,24262052551.150714,9720209026.628077842547705310898,159891.43393785,64057.98339471011250445846245,231.19478700000002,92.62454818152521127464383458714,185.907823237507,0.038698266381951354,0.03163718642563462,0.4164,coinbase-ada-usd-spot
2023-04-21,95445,8296,1403835,3508327,826,391103,2591296,149,61515,4377762,4367426,4359169,4341660,2073529,24237,3041569,176364,4295258,851367,2782,1542827,10283,2681212,76766,208,3621641,465871,1045,1682122459,4226,32107.362754377662,7925433406.318962647266524951244,0.714082140302,0.630035990209,13027809736.59662741398263743844,13400198498.9852416562550310158,11494460573.076708881233256184872,18244133274.4686859741548221870795,0.33397536,0.12770248131505410020832,0.248837,0.095148044283848117219,21971.904684,8401.418438068783469776308,0,0,0,0,0,0,0.537730376674,1.289543962269,1.617115942020131,1.137767017729,1.4267843799889632,0.000014010357290849768,0.382370966873287,-57.899523290872565,6.068193099929879,0.400634241729357,0.0000141811023457653,0.000206193569631212,0.365450435125218,0.400634241729357,0.047176690197,29396157297.602585,18058245379.411411,4186380507.784374,20727079441.011412,26037118014.31257,8846183133.414238,28667546368.715251,28857737703.234816,29053192925.259851,5521413158.729433,14632863897.650924,29396157297.602585,60.834734054,24608033090.695184,33894309300.145225,34069708133.048153,18321079903.580342,32716377948.806453,34058209674.066448,11073734725.259008,29460617006.065909,34071126901.397892,34071126855.629666,34071126154.191444,34071099052.172651,34066815612.55405,34024548009.87218,27345709777.870906,31469534586.593062,33556678600.920643,21536563772.036131,34070044850.009409,34060906606.075256,33935940518.433184,25201249372.980992,29916452492.290842,12825410620.708353,32940061259.941285,18973701358.338753,9297745082.689581,32862395671.312011,28716490053.490876,34071126903.61212,30061018144.418456,65789,0.761446759259,195547,26421066594.48488,10102648779.55668782109199740056,146198.09210467,55901.90583309253427103095029,223.740215,85.551762337987111136705,185.927512876518,0.038799373188722994,0.032397312549858344,0.4006,coinbase-ada-usd-spot
2023-04-22,69140,8309,1404147,3483776,825,391246,2577806,150,61567,4351121,4340785,4332528,4315019,2072107,24269,3020673,176438,4268602,851634,2796,1560626,10582,2676357,78972,208,3606884,475672,1073,1682209057,4244,29087.984213006598,8206378954.044877200182317348528,0.739366124802,0.652338795054,13490356240.942891303347453101288,13875788947.6195377218864729904,11902469480.097418714389574317368,18245840306.197326548923911035866,0.33760685,0.1336726669546515829036,0.250531,0.099195697376447828936,18962.026494,7507.859074298230653664464,0,0,0,0,0,0,0.536779556079,1.696824018334,1.6672386478715147,1.497098796399,1.4709957815719328,0.000014228411892694128,0.395941809103256,-56.337462001387095,6.3343716878032295,0.382370966873287,0.0000140103572908497,0.00020673271753612,0.347719177949839,0.382370966873287,0.047171141078,29396611872.742163,18062360451.829514,2623765947.393239,20726224827.408338,26028642937.673048,8636414526.970245,28667956889.567391,28857808492.597024,29053386446.501504,5162031116.978575,14626877519.81693,29396611872.742163,60.8314473501,24605499733.185303,33895983466.017116,34070147822.020766,18288918391.206915,32717687779.367297,34058821412.067024,11102491302.923749,29461190295.721549,34071562865.815195,34071562820.046969,34071562118.608747,34071535002.507892,34067279953.605411,34025943622.637622,27345637003.254441,31470375454.942666,33558291222.686134,21536017535.627722,34070509571.352867,34061733176.611033,33942101957.662123,25272345384.539878,29972337613.731861,12819385511.673704,32966219026.882567,19014864147.81416,9292379927.132302,32855468780.447289,28701342764.332981,34071562868.029423,30061158499.665853,56166,0.650069444444,158478,20079609022.438973,7950356722.430548670943115596088,146222.47156865,57895.5899244406962121425244,231.047554,91.481386519642232235824,185.850062863219,0.03887553717366703,0.032481548465483644,0.3824,coinbase-ada-usd-spot
2023-04-23,38226,8311,1404580,3485164,826,391318,2578609,150,61577,4352523,4342187,4333930,4316421,2072829,24269,3021739,176488,4269996,851857,2799,1551830,10426,2672122,77893,208,3603599,470825,1058,1682295185,4241,24624.674840839425,8055824494.662270274916632095113,0.726256221197,0.640693582467,13245825066.495269845103636335529,13623888142.5621682691541308946,11685290764.999511640273548406998,18238501344.1357301928821798911476,0.33879524,0.13170796717000866045956,0.229653,0.089278496901237452157,15347.085406,5966.239138450608201675214,0,0,0,0,0,0,0.536825810201,1.770008735264,1.6292278538442444,1.561478173259,1.4372831514106212,0.000014082895024776054,0.388753889133769,-56.39086650582414,8.009830663342687,0.395941809103256,0.0000142284118926941,0.000211106317679591,0.361129653524113,0.395941809103256,0.047186762547,29395267355.628769,18058254189.025265,1117441540.588165,20722170812.522177,26022386357.930132,8656224181.460756,28666531762.823828,28856266410.770379,29050661599.924363,5168835193.463596,14609001487.78665,29395267355.628769,60.8178384829,24605104905.477972,33896867520.152314,34071105899.030927,18291008712.336115,32718217502.160743,34059772471.805623,11101363238.787427,29460532344.52131,34072521036.764813,34072520990.996587,34072520289.558365,34072493165.574771,34068236117.290663,34026888950.552516,27344397025.264842,31470770641.312803,33559024189.359378,21535832804.948687,34071455746.579502,34062555988.693836,33940637507.859198,25231682225.07921,29944090792.044916,12816356820.8566,32954218117.242297,18976232265.380979,9290294556.017558,32856200693.557995,28700920845.302653,34072521038.979041,30058325052.482342,45299,0.524293981481,140108,19249916884.677658,7483480054.420246190658407633002,155862.25709808,60592.05861604599270287306352,278.287546,108.185365804992640740874,185.778896071349,0.03788064830151329,0.032005961141092394,0.3957,coinbase-ada-usd-spot
2023-04-24,41695,8310,1405358,3486318,826,391517,2579778,150,61621,4353837,4343501,4335244,4317735,2073923,24284,3023137,176595,4271302,852329,2801,1546477,10352,2669230,77184,206,3601026,467529,1047,1682381721,4245,26740.820023557126,7960602062.273880975950986560092,0.717709147346,0.633160364288,13087261921.923514386938552669932,13460417768.9848107110211166578,11545534227.415915274566114719354,18234770965.8151525726862186331944,0.33965934,0.13045952055995575412478,0.228209,0.087652636690240706153,16427.624205,6309.674798648034528328485,0,0,0,0,0,0,0.536608938738,1.731913791794,1.601483199929033,1.527887963226,1.412822575854326,0.000013956632280697847,0.384089307127417,-56.640407372481675,9.215845993188674,0.388753889133769,0.000014082895024776,0.000208691366179506,0.353889460772139,0.388753889133769,0.047217789426,29395821560.941606,18058052213.267783,1806020495.673242,20725914297.929276,26011698893.588447,8683927118.398485,28665754650.929219,28855826844.704893,29050418989.720813,5199271066.128559,14708004510.621607,29395821560.941606,60.8271012666,24597006440.636394,33897755047.171467,34072071347.725822,18284137570.581359,32718434073.741545,34060735004.353565,11098841917.07629,29458931142.128454,34073486760.024568,34073486714.256342,34073486012.81812,34073458881.13517,34069202580.230825,34027845648.995248,27341276585.190833,31470370090.638638,33559714310.348482,21526897682.316124,34072411556.094442,34063413507.707057,33939941368.005088,25205220198.88591,29923068674.305312,12754326643.002787,32945393505.787742,18940031436.193365,9285175630.457421,32856221056.94577,28697927305.909185,34073486762.238796,30059504425.583562,48365,0.559780092593,148076,19673893079.254794,7556531961.309858338367166087098,157439.57832656,60470.85855388112884555529552,316.847345,121.697677206211653157865,185.762647150747,0.037890860955330466,0.03176125403735773,0.3889,coinbase-ada-usd-spot
2023-04-25,48479,8321,1406086,3488044,827,391724,2581024,150,61653,4355441,4345105,4336848,4319339,2075059,24312,3024569,176716,4272902,852819,2805,1560433,10581,2678303,78798,208,3609838,474907,1066,1682468446,4163,29574.431659860677,8159879614.766337637368594341334,0.736307859857,0.649495101591,13425111722.880158399199475363083,13807518277.3005435863546628234,11842253461.77570572373652412328,18233014279.5112836560028449900133,0.34539758,0.13608447892999488814758,0.227413,0.089599294838449439913,17497.84141,6894.03970543029584896641,0,0,0,0,0,0,0.536109556331,1.555555694033,1.6330206853022762,1.372151322305,1.440482974209722,0.000013920714449577435,0.393993724362501,-56.13808704272392,10.444104187196615,0.384089307127417,0.0000139566322806978,0.000208419357920576,0.347620380154773,0.384089307127417,0.04725162188,29392910210.041221,18046591697.643637,3242532488.983764,20710684232.266334,26006786407.722276,8673182501.208736,28662665647.081881,28852781203.922546,29047359293.613696,5171123463.657617,14477709597.984288,29392910210.041221,60.7807203635,24589643242.804789,33898594753.433713,34073014814.366505,18267627742.278667,32718550545.369808,34061674317.474507,11079276960.51177,29456861202.055669,34074430357.311355,34074430311.543129,34074429610.104907,34074402474.172217,34070144251.698953,34028777843.57317,27338655398.593502,31469999054.348302,33560400901.692268,21513464528.436521,34073373302.299908,34064554057.841502,33944191074.989004,25253821490.933454,29961742164.522956,12783965231.513651,32963980604.404845,18969437885.547133,9265483260.833211,32856208042.978508,28694884116.315427,34074430359.525583,30056959615.12328,50660,0.586342592593,176800,21904988995.400875,8630428196.417590029930312588375,141794.09964477,55865.98541167051233880876977,327.2996945,128.9540256187637845559445,185.54744241175,0.03784255022279032,0.03196389848009198,0.3837,coinbase-ada-usd-spot
2023-04-26,75717,8245,1399172,3474402,823,389948,2568582,152,61378,4341610,4331274,4323017,4305508,2064874,24183,3010966,175944,4259063,848680,2767,1565734,10797,2673235,80742,211,3603006,481394,1086,1682554406,4146,33989.017607332369,8335436429.510914604335854645987,0.7546549668,0.665812894159,13665954120.97322203212248758809,14054092076.9592958883665932054,12057123937.465661784105675819312,18108877198.4424716111098346654899,0.31548816,0.12652010313527755016496,0.202549,0.081228152492148461319,21558.883302,8645.751202994283599697762,0,0,0,0,0,0,0.539717167834,1.510426316052,1.6531545185596206,1.332610744177,1.4585362091523868,0.000014128605310682402,0.401029639702731,-51.469182454487886,16.08026265714736,0.393993724362501,0.0000139207144495774,0.00021091112843485,0.359129162401854,0.393993724362501,0.046965576646,29403880176.193492,18126818519.780776,3590015790.546448,20785088193.704777,26013515409.12982,8841087429.884662,28673747008.104743,28863828579.645341,29056868043.317469,5857890682.929933,14683814572.751808,29403880176.193492,60.9941783481,24632147550.216983,33902148615.075208,34075752083.476683,18392032218.332051,32728068726.221768,34064438018.227539,11278957115.985032,29480888941.194578,34077167289.219162,34077167243.450936,34077166542.012714,34077139398.137624,34072882564.851363,34031686546.302444,27371116845.776542,31485487869.949031,33565606834.421585,21578653042.643741,34076127693.110417,34067500988.982494,33950779041.339852,25368881439.269901,30041211197.752372,13015316907.89608,32994038722.361873,19154653742.523261,9372351660.701207,32866841225.301567,28725263513.627286,34077167291.43339,30065418472.318352,68335,0.790914351852,210469,22561290762.276086,9047746305.624132005577990190866,122729.92183117,49218.33633269844474596992527,352.829236,141.494981389669845843516,185.455478249108,0.03775248792612503,0.031349820209325086,0.3948,coinbase-ada-usd-spot
2023-04-27,49647,8189,1397107,3471083,798,389143,2565380,166,61189,4338170,4327834,4319577,4302068,2062152,24090,3007625,175548,4255613,847163,2729,1576997,10908,2677084,81820,222,3605625,486638,1073,1682640885,4279,24737.538209862117,8547338162.166917547174025353536,0.784267243838,0.693278754775,13960551788.582480825201683157792,14356569956.9160591182766128784,12340887670.623859925918937484736,17800758476.4864722992540253800071,0.34758715,0.1423928169214338555484,0.227857,0.093344072372258738632,15665.752939,6417.644294904001355203864,0,0,0,0,0,0,0.541108658948,1.07168014111,1.6724337104963891,0.947346812688,1.4784026355376791,0.000013903040761386185,0.409660762549576,-51.23831654948646,11.191144871713304,0.401029639702731,0.0000141286053106824,0.00021481079733457,0.363315735500994,0.401029639702731,0.04687670939,29464115294.475488,18209529941.280949,2447405739.267732,20864429653.871336,26067465753.489207,8568532685.352558,28733755589.947359,28924032262.020525,29116270515.239176,5955019989.268875,14771806183.872338,29464115294.475488,61.2249307306,24652323456.498916,33903480722.004114,34076908255.46318,18440075660.360481,32731002795.754695,34065597048.833986,11885564997.067821,29490070306.343776,34078323002.647664,34078322956.879438,34078322255.441216,34078295101.968613,34074038772.917183,34032875899.947685,27385309019.143303,31490932257.399574,33567273686.22643,21606993944.140317,34077298430.424473,34068833640.036541,33955390089.557886,25429979347.787826,30081478526.109259,13532478812.94048,33011858434.829708,19232595696.557597,9319405725.948525,32871128286.412261,28741783001.471805,34078323004.861892,30124651416.012536,45070,0.521643518519,139659,31798968458.584762,13026789667.033748932103823160912,246398.49171871,100939.79400855212574182176696,367.0948505,150.384356383852600558388,185.608731512038,0.03769894539758458,0.029468435840961465,0.4015,coinbase-ada-usd-spot
2023-04-28,44873,8197,1397201,3470202,798,389110,2565410,164,61165,4337144,4326808,4318551,4301042,2062418,24062,3007162,175504,4254582,847242,2735,1570318,10819,2673165,81023,220,3601172,483035,1065,1682727252,4166,21850.816370619299,8437849924.584946819996113449508,0.77433091207,0.6844925144,13783908698.061050473269572151795,14174764408.7621244708278280102,12184690260.883581004858479720912,17801056994.1224060838625908725621,0.31982493,0.12936054615998933178279,0.223977,0.090592647193812973131,14356.940891,5806.994829472623868302273,0,0,0,0,0,0,0.540706191126,1.936335095853,1.6482294221329434,1.71168018456,1.4570007265348544,0.000013780640650013606,0.404472991395603,-52.0690307058767,5.795296678291591,0.409660762549576,0.0000139030407613862,0.000214553372673963,0.371554001009336,0.409660762549576,0.046881422718,29468363799.08796,18214207551.890883,1655815565.786402,20861343288.882636,26069045628.28112,8443802609.301018,28738090993.35418,28928223762.443929,29119853446.890694,5890051628.376036,14778880773.734613,29468363799.08796,61.2152192054,24659224448.030082,33903835982.851388,34077273425.6398,18426557346.228924,32731156618.181865,34065973925.460403,11837904469.31022,29490892204.735105,34078687552.425037,34078687506.656811,34078686805.218589,34078659646.893582,34074406733.543423,34033266230.859714,27386327643.692287,31490979446.555542,33567613749.648881,21612643619.60865,34077654738.589012,34069113191.664905,33954081608.948685,25413034432.077712,30063233476.119415,13493268630.707882,33003247918.24778,19198466871.982684,9349399922.953242,32871078565.62275,28743388283.560387,34078687554.639265,30124855107.979504,44890,0.519560185185,135012,17599581615.610931,7118555423.377212839745152136393,150249.21084373,60771.74776479214525384211919,256.026771,103.555913943727019687913,185.411004970973,0.03763365533992798,0.028914849844416612,0.4102,coinbase-ada-usd-spot
2023-04-29,38862,8199,1397419,3471096,798,389161,2566036,165,61154,4337909,4327573,4319316,4301807,2062960,24061,3007933,175511,4255331,847401,2732,1566949,10773,2671455,80692,220,3600185,481646,1060,1682813681,4280,22226.336214953271,8374901587.582737192615846532065,0.770457013955,0.680998617563,13710129608.311668699626915666205,14098662358.241753759234954589,12118235204.245831854925404786825,17794801474.9471016494077130982659,0.33090304,0.1331227696186452365184,0.23091,0.09289542559851179235,14088.527959,5667.835090761931901235015,0,0,0,0,0,0,0.54082963868,1.870775620917,1.6351313565164407,1.653558327771,1.4452749123605024,0.000013767302864366677,0.402301440381585,-50.09445614634461,6.851128431417834,0.404472991395603,0.0000137806406500136,0.000213562204737403,0.367057942978604,0.404472991395603,0.046891659988,29465783775.731782,18213143236.729936,1391362559.978811,20817478504.772689,26062178587.316605,8408988741.999388,28735444896.112391,28925553474.92951,29117045168.496524,4920912163.316039,14777438867.898062,29465783775.731782,61.0855026674,24659729167.058045,33904325065.960883,34077831806.583135,18431066106.273849,32731404072.363213,34066528449.719389,11876611629.588976,29490472530.092409,34079245638.337145,34079245592.568919,34079244891.130697,34079217717.097457,34074964291.410492,34033814328.028698,27385983915.572461,31490900509.884458,33568073048.465107,21611535603.593322,34078208418.463542,34069609878.495197,33953684727.855288,25401530607.805123,30054939578.501582,13498237361.908878,32999948450.022304,19190940716.526632,9348774095.881877,32871409702.017487,28743737554.183835,34079245640.551373,30122276452.084345,42576,0.492777777778,131662,18216639804.107733,7328580432.105055400685969296805,161115.35385788,64816.9389246138816490591398,301.51097300000004,121.2982987287532007242626152634,185.315369625431,0.03763544868139611,0.028767721618910502,0.4048,coinbase-ada-usd-spot
2023-04-30,46604,8205,1397358,3472020,797,389107,2566280,164,61140,4338814,4328478,4320221,4302712,2062950,24066,3008424,175473,4256228,847382,2737,1555986,10525,2665761,78814,220,3596539,474744,1046,1682900101,4343,24972.674188349067,8282344403.624364393697549839573,0.76256310414,0.674001532108,13563917602.395179464437151602285,13947613972.4563621030447808022,11988648802.666295094080084615289,17787272330.3245634355863652115359,0.34181427,0.13603911127117388192241,0.227857,0.090685107374001287931,15818.480941,6295.618052674168149523503,0,0,0,0,0,0,0.540342848407,1.744229413014,1.611630216016476,1.541660343043,1.424460780871664,0.000013554599137127691,0.397991316369483,-47.1697861067413,-0.35617503536372513,0.402301440381585,0.0000137673028643667,0.000211087789728057,0.364993090466794,0.402301440381585,0.046889302671,29465249120.764441,18209775953.208768,1649782026.351037,20810364605.883231,26053284672.340996,8399143371.480553,28735047190.063051,28924988434.292498,29116036160.704873,5215020626.029045,14771354960.665762,29465249120.764441,61.0615947871,24662026058.602119,33906003131.550754,34079524908.845798,18415391420.330495,32733017856.904387,34068215413.315964,11834217909.790507,29492626155.435059,34080938562.291667,34080938516.523441,34080937815.085219,34080910633.275553,34076654979.029906,34035485787.198922,27389029606.109028,31492452528.847405,33569747486.300744,21613396085.007548,34079890133.155737,34071148313.309275,33952640353.119559,25340888587.726539,30010439279.367933,13489852257.881711,32984456438.723947,19147617466.888674,9349916801.264832,32873454741.232818,28746870412.012899,34080938564.505895,30122890398.785483,46278,0.535625,162131,19539252296.86885,7776452742.50627784731059330455,146756.6340214,58407.8659601314395705289362,332.0502045,132.1530979897110277092735,185.133768634592,0.03763279999046437,0.02676423879951319,0.4026,coinbase-ada-usd-spot
2023-05-01,59693,8193,1397793,3473210,796,389243,2567481,165,61170,4337992,4327656,4319399,4301890,2063703,24047,3009833,175537,4255376,847641,2734,1541974,10277,2658782,77123,220,3589892,467160,1026,1682986415,4151,38034.817875210793,8045943060.478986946120200709316,0.742109325216,0.655740472973,13181537515.793475766998817887194,13553633784.1169686713062197206,11647431653.826256900511830195388,17762258292.5510108976002567275831,0.35811479,0.13850060868379179885661,0.227857,0.088123512555465100763,21912.686055,8474.713810380008196055245,0,0,0,0,0,0,0.540325072902,1.383641550649,1.5635352841482257,1.222609302995,1.3815664780108192,0.000013755996598070837,0.386749200399659,-50.968222240022534,-1.8173400353243943,0.397991316369483,0.0000135545991371277,0.000211074124861416,0.361562880639144,0.397991316369483,0.046908581816,29460470434.100034,18207500055.104579,2645737872.240074,20804032825.832524,26043637999.781312,8338767420.732448,28730155838.240913,28919470783.377721,29110987991.035243,5186079800.947822,14767568011.513875,29460470434.100034,61.0394883817,24658399669.902802,33907880573.57916,34081498232.904824,18415849888.805966,32734490828.133262,34070188540.199398,11866324810.318505,29493152713.519722,34082908255.054138,34082908209.285912,34082907507.84769,34082880296.523881,34078629741.98252,34037429581.95453,27386972036.788755,31493529499.659693,33571521172.980075,21612061160.445339,34081843450.446942,34072912772.833466,33950842679.519144,25277816202.820624,29967146298.883581,13490416034.441806,32966283183.396548,19099967970.847534,9347599235.753719,32874291599.542681,28745644761.486369,34082908257.268366,30116239779.655732,61189,0.708206018519,202322,24632758564.727077,9526699678.546048903308658866743,140065.6689686,54170.2854770493803143217074,386.978686,149.663697382210714668074,185.100935665078,0.03757647067970789,0.027159153682251694,0.3958,coinbase-ada-usd-spot
2023-05-02,48944,8174,1398116,3473636,789,389343,2567558,167,61166,4338373,4328037,4319780,4302271,2063954,24033,3010241,175556,4255739,847854,2728,1548331,10377,2662523,77829,221,3593366,470459,1028,1683072874,4258,43240.637623297323,8164343609.260196668721965434988,0.751609975293,0.665720266994,13344051936.31299326859898348448,13720413598.3374749668223436696,11819169662.244927734368853518144,17753958003.4238947890041896817709,0.3676892,0.1439533428747935770448,0.229483,0.089844480019908810052,24438.095001,9567.714985606680544561644,0,0,0,0,0,0,0.540370515718,1.324150284775,1.575635079048433,1.172833929961,1.3955804739024151,0.000013645879685652656,0.391508216381644,-49.95497869766535,2.659399831027548,0.386749200399659,0.0000137559965980709,0.000211133749713124,0.35260597351019,0.386749200399659,0.046921213776,29486130997.14953,18252433483.322922,2808279326.216215,20853569012.461177,26062511914.255258,8394160810.192413,28755810577.763531,28945057952.408506,29136171907.92528,4894752226.884856,14473504319.789193,29486130997.14953,61.1833920328,24654940539.653552,33908686105.386158,34082298629.324173,18417831158.7805,32734950139.795511,34070982998.725877,11975858174.260394,29492332968.626498,34083708533.049692,34083708487.281466,34083707785.843244,34083680557.088036,34079430119.836202,34038235026.072877,27385348235.961147,31493499152.940906,33572255107.903551,21616053159.924494,34082651669.672667,34073801731.724286,33953199292.626811,25305172827.499981,29984641666.769328,13568539206.61333,32974985415.297957,19124815218.649502,9359177760.748438,32874573373.468742,28745172746.613447,34083708535.26392,30188816396.955376,66464,0.769259259259,208437,25740060571.030113,10077445203.719480499478624445772,146101.21545473,57199.82627387162333268497612,361.7938975,141.64528350798833021749,185.14461118668,0.037581083574260724,0.026575732960064484,0.3868,coinbase-ada-usd-spot
2023-05-03,47530,8189,1398371,3475153,790,389470,2568165,166,61172,4340031,4329695,4321438,4303929,2064364,24033,3011342,175639,4257380,848005,2732,1552175,10440,2665052,78304,221,3596682,472442,1034,1683159176,4078,41751.808729769495,8217695501.504879207244456113928,0.756673855422,0.670109790186,13435968368.565210152167030358504,13814686270.9119325851925462704,11898883356.26433778363624235904,17756617692.3981180978319972856359,0.37142292,0.14641426919016816829152,0.226529,0.089297337884747675224,22425.030323,8839.907958047946603313288,0,0,0,0,0,0,0.540216329629,1.329170805855,1.5801748890676393,1.177112653556,1.3994016785201486,0.000013571963524246665,0.394198261082456,-48.75588437505085,1.5747606194457364,0.391508216381644,0.0000136458796856526,0.000209104166741793,0.35547570136244,0.391508216381644,0.046927067201,29482532316.867229,18235025294.346586,2259307280.489417,20846605154.825763,26055905828.079453,8402446202.326334,28752041317.771933,28941929113.763893,29132096769.320767,5209562846.059783,14470905268.799009,29482532316.867229,61.1619146167,24655629864.821275,33909216257.016747,34082881109.844506,18412890754.877018,32735419683.343302,34071554633.036748,11936813713.803837,29490713232.940392,34084291317.768931,34084291272.000705,34084290570.562483,34084263324.857543,34080010287.167191,34038793937.650836,27382889731.915747,31493742331.074133,33572722264.277844,21612675699.617147,34083238756.377537,34074422557.951387,33954644038.442442,25317730777.679684,29995202994.373999,13562827792.054393,32980166820.54364,19132029857.653703,9357279592.681798,32875157712.012288,28744000362.332568,34084291319.983159,30185022439.19184,60376,0.698796296296,184663,25643274114.845758,10108534064.532953897240559821648,154504.07832267,60905.23900494409915904407752,407.0870195,160.472995196139856779892,184.97033448266,0.03710754946458104,0.0264173146854425,0.392,coinbase-ada-usd-spot
2023-05-04,47063,8187,1398526,3476721,786,389447,2568864,164,61147,4342001,4331665,4323408,4305899,2064854,24036,3012325,175637,4259341,848115,2724,1543599,10281,2660781,77231,217,3593971,467820,1016,1683245554,4251,39825.544107268878,8173732010.700973705756265456505,0.739838092548,0.65518165243,13204569476.92151278171261394748,13574739539.031566891766036669,11693628290.654590209197482151325,17847917821.3875434805518677075576,0.37101719,0.14371404551700219797415,0.224945,0.087132771311275521825,22809.023657,8835.108324874321670414745,0,0,0,0,0,0,0.540266908567,1.516841377062,1.5491082271462515,1.343275846308,1.3718505417312863,0.000013423667898645853,0.387351447292785,-56.73028775016625,-0.49041975839179514,0.394198261082456,0.0000135719635242467,0.000206917753600214,0.356327437361222,0.394198261082456,0.046929504347,29741281586.656798,18464823084.869832,1730566244.550025,21101591507.731593,26310149118.99628,8370413490.201511,29011009297.956161,29200394028.055662,29390234195.509175,4408569571.183492,14632284048.069109,29741281586.656798,61.9007838535,24660498036.069704,33914218470.71511,34087965807.663323,18417362269.102674,32740121112.81898,34076632791.920144,12009499700.64457,29495291829.625629,34089376891.0665,34089376845.298274,34089376143.860052,34089348888.673851,34085092132.518328,34043867933.145757,27389100647.911311,31498471958.766488,33577678530.793881,21612908079.548307,34088312609.217891,34079373493.92781,33957418363.870983,25282500028.021809,29972916865.415264,13569752463.875937,32973130969.563905,19101497247.781406,9547924379.599076,32880526623.669718,28750693177.409155,34089376893.280728,30188678453.073645,61477,0.711539351852,185499,22473923383.681274,8705306749.01610532859459980809,138788.42982455,53759.89916003256905003087175,309.188841,119.764745048128781812185,184.829579088769,0.0371164592951216,0.026615772276032335,0.3942,coinbase-ada-usd-spot
2023-05-05,54762,8202,1398965,3478652,790,389636,2569879,163,61220,4344267,4333931,4325674,4308165,2065581,24097,3013684,175765,4261604,848376,2730,1553354,10453,2666997,78412,217,3600489,472913,1027,1683332074,4208,38110.413260456274,8323593372.624715951783807882774,0.753235257943,0.667015196156,13449243314.334807969998951635056,13825724524.0238551673098726068,11909758037.552594021437507678016,17855302407.1957755846431827664746,0.35764403,0.14109530310688912657006,0.218301,0.086122633624101046002,21996.18089,8677.78447152749126892778,0,0,0,0,0,0,0.540171014548,1.439790096572,1.5734188298478031,1.274982634656,1.3933153797019615,0.000013349360180993567,0.394513234589402,-50.11860448545998,0.5629565740909805,0.387351447292785,0.0000134236678986458,0.000206362311449959,0.35154559502331,0.387351447292785,0.046947950305,29742294108.809117,18471219387.9175,2345274097.813963,21098388198.022487,26307940739.288504,8352143590.993754,29011233139.143691,29201277636.141797,29389563855.571895,4267100954.108965,14545129318.641199,29742294108.809117,61.8889344039,24653621584.832052,33915481955.391019,34089316173.481545,18414823050.42131,32741074445.196083,34077972935.688434,11955283789.539648,29494716926.342994,34090727849.6217,34090727803.853474,34090727102.415252,34090699844.217081,34086438880.525684,34045191003.758039,27388555142.860046,31499011415.089946,33578825882.054536,21602637294.696783,34089674696.574595,34080846641.463752,33961069261.063777,25315672104.773214,30000769166.199413,13545877453.786452,32986637348.522429,19112389995.552989,9534309769.303039,32881590061.036473,28747866474.737008,34090727851.835928,30188487972.901408,61503,0.711840277778,203927,23677567954.518413,9341113920.947429932706703659026,130057.74293785,51309.5008498081583099546657,325.85005,128.5521572166183711701,184.673622113621,0.036918969624407834,0.026793128668118577,0.3876,coinbase-ada-usd-spot
2023-05-06,61661,8195,1399462,3480265,791,389679,2570755,162,61201,4345998,4335662,4327405,4309896,2066041,24094,3015181,175740,4263321,848702,2731,1534960,10139,2656846,76083,215,3590868,462571,1001,1683418514,4155,50776.579061371841,8008922832.898645585340652698532,0.725727142857,0.642517201403,12944207637.038934758668448272214,13305488751.0500348134127603334,11460059262.214782657152224645101,17836190590.9793348685421694618176,0.37060158,0.14070572757499100988858,0.221337,0.084034675794598029387,27529.397519,10452.043695043198126877869,0,0,0,0,0,0,0.540333205267,1.290647492088,1.5104368514182376,1.14266528788,1.3372541846096193,0.00001313756075224562,0.379668450347651,-51.593060159415,-0.9678968085785263,0.394513234589402,0.0000133493601809936,0.000197692019988167,0.35775617801398,0.394513234589402,0.046967944223,29738408828.887893,18463570893.164991,2325710156.543806,21094517665.518732,26296487341.112106,8398179672.256487,29007282302.523498,29197261641.155587,29385434076.979635,4019985035.190477,14599045927.176699,29738408828.887893,61.87263877,24655092968.435776,33918138389.64098,34092038876.449182,18421823556.213728,32743060035.865264,34080681998.495153,11956663322.977562,29496490104.960451,34093450810.425886,34093450764.65766,34093450063.219438,34093422791.371361,34089160868.946998,34047874400.927309,27391038499.469826,31500382102.378425,33581348460.796015,21611631247.680183,34092368340.642062,34083271570.357517,33958850433.470037,25238230401.916096,29942888534.572,13517961903.672904,32961818896.605017,19049713109.290453,9584038146.737864,32883974393.720401,28751328147.506972,34093450812.640114,30184386539.679951,74283,0.859756944444,241861,26415772720.000633,10029235493.338394132009790063083,123284.3856309,46807.1916445460150539680159,452.454752,171.782794544270746987552,184.764289101322,0.037028654223816126,0.027390891796207916,0.39464277680000004,binance-ada-btc-spot
2023-05-07,48399,8191,1399670,3481588,791,389744,2571309,162,61210,4347518,4337182,4328925,4311416,2066455,24108,3016092,175787,4264852,848849,2727,1533315,10112,2656433,75901,216,3591028,461712,997,1683505450,4206,44053.148597242035,7975627067.385789011761028729584,0.723771816475,0.640706589564,12893591322.538919800477467295395,13253261510.1332928416872733094,11413830623.757946809468305479136,17814442382.3252327080026703860269,0.37298409,0.14105443702894996979019,0.224481,0.084893811633348001971,23944.832515,9055.412712525676987831865,0,0,0,0,0,0,0.540442227721,1.365073821631,1.5006494529917238,1.208408192819,1.3284241956809428,0.000013148654463388164,0.378178160438291,-50.42784310026051,-1.385039457189738,0.379668450347651,0.0000131375607522456,0.000199791346980256,0.344573531749223,0.379668450347651,0.046977204684,29736296524.469489,18456187125.154107,1305208066.289305,21089602472.396624,26287856751.013248,8335564354.432592,29004998305.281079,29195207574.07483,29382313068.504365,4016382157.781341,14581333990.672178,29736296524.469489,61.857296915,24650900089.060569,33918600601.180262,34092548358.905076,18425816048.175368,32743310498.999334,34081182045.46747,11954576815.212049,29495985667.987655,34093960652.721117,34093960606.952891,34093959905.514669,34093932644.31104,34089668033.565151,34048367743.717934,27390672339.819449,31500526882.657562,33581772133.675493,21605339052.058646,34092874752.514504,34083746352.660605,33958825469.174688,25228305763.18207,29937337762.879107,13542651296.437233,32959643762.395874,19043361580.970375,9582050803.111227,32884486245.48093,28751181877.020347,34093960654.935345,30181094039.195296,64198,0.743032407407,200203,24975909811.38971,9445343627.74402405787740738561,139751.75921444,52851.06321773190292825612204,501.002748,189.468297613168675423668,184.823419847878,0.036539927983687936,0.02739847839314644,0.3797,coinbase-ada-usd-spot
2023-05-08,63836,8184,1400653,3483470,790,390097,2572395,162,61224,4349708,4339372,4331115,4313606,2067572,24110,3017561,175941,4267030,849517,2734,1518297,9876,2647057,74087,192,3579074,453274,973,1683591219,4231,65644.766249113685,7709740962.9055578364216456719,0.700177783799,0.619874386395,12460101963.689632557822573180545,12807519488.433499246477190871,11031052738.14968387552255874634,17795625985.2863613851206573200122,0.36329413,0.13276912211113545620095,0.208797,0.076306750096509266055,35714.719086,13052.26676658396349732209,0,0,0,0,0,0,0.540154390641,1.01591066292,1.4446704512773794,0.899395858282,1.2789811819941401,0.000013180483752482382,0.365459034835315,-50.611841443104325,-5.293121183598034,0.378178160438291,0.0000131486544633882,0.000199011045322068,0.343516331128622,0.378178160438291,0.047012785496,29741707356.478992,18462286983.279662,1795242015.638765,21096046965.64626,26284495370.980292,8566997444.262548,29009896747.216326,29200382909.128411,29387109112.275485,4204223543.133194,14822768241.817737,29741707356.478992,61.8754243374,24645073525.694842,33918968424.811641,34092974715.008623,18416233125.992199,32742890351.174187,34081600223.81857,11954060800.79187,29491798461.4398,34094387537.840615,34094387492.072389,34094386790.634167,34094359517.642321,34090092070.542481,34048787206.214198,27386129722.201338,31498959177.012101,33581930173.443163,21611839630.36476,34093263940.219015,34083883250.738026,33954892814.926071,25160377498.492686,29884028128.572393,12894835313.719146,32935610688.25933,18973375641.85321,9577573818.929303,32883691209.235089,28747439119.677908,34094387540.054843,30184101873.745036,98308,1.137824074074,292709,33560419025.494993,12264958345.726142931898112077795,123884.39173742,45274.6702355175855364229873,486.39345649999996,177.7568831627027564979361065874,185.047764691734,0.034466423223439006,0.028045022562180416,0.3765,coinbase-ada-usd-spot
2023-05-09,57346,8173,1401718,3485841,792,390282,2573870,162,61218,4352252,4341916,4333659,4316150,2069117,24085,3019481,176013,4269558,850044,2718,1516832,9825,2647053,73795,193,3579987,452008,973,1683677959,4279,53219.416218742697,7667535909.789025308256490768736,0.696809125246,0.616914388918,12391461063.265508824697952093504,12736794994.4558754053457471936,10970680998.097076684102427017088,17783149810.0494302526722570809925,0.36273332,0.13183213549414593875328,0.211085,0.07671692890187699184,29561.677555,10743.92360995403684320272,0,0,0,0,0,0,0.541033756519,1.171767838441,1.4329889406206568,1.037415288942,1.2686853036204755,0.000013147937998663831,0.363440930913504,-41.16388349950612,-6.692113237028074,0.365459034835315,0.0000131804837524824,0.000197518916477238,0.33231414182831,0.365459034835315,0.047054222628,29742797524.164547,18439851665.573768,1917947567.373141,21097062156.749309,26278855317.257509,8558977517.755181,29010940598.575462,29201531477.9161,29387776582.429811,4181627387.255231,14499140763.352565,29742797524.164547,61.877577395,24645795843.773491,33919291240.471126,34093428754.302082,18446460366.928018,32742198862.681435,34082043493.455185,11945389323.932325,29489133403.728821,34094841853.158898,34094841807.390672,34094841105.95245,34094813817.410714,34090543488.874695,34049235469.202855,27382441099.181987,31497571072.570123,33581958246.619978,21609231053.391442,34093713975.280857,34084286265.001764,33954530858.072783,25149811187.619954,29873491633.639735,12916368775.482852,32930955911.952831,18997528331.685188,9573949284.503066,32883214289.441727,28746474113.373015,34094841855.373126,30185595690.948772,81497,0.943252314815,248077,29096925804.636544,10575013801.158261973584621490176,127659.438859,46396.665298810506905451936,498.825347,181.293548476931659785888,184.948968226624,0.03252588061088539,0.027972387112396548,0.3658,coinbase-ada-usd-spot
2023-05-10,59472,8186,1402335,3487443,790,390423,2574850,162,61277,4354089,4343753,4335496,4317987,2070113,24110,3020685,176084,4271402,850421,2730,1526260,9944,2653074,74821,206,3587410,456947,979,1683764044,4079,52233.747241971071,7806304099.921949616826288224576,0.710087527703,0.628335155629,12622672534.619108791291798498572,12973853473.7647048392992893236,11169424334.406719790925084060254,17776220595.5728579017818358973639,0.37130171,0.13745787178788277435134,0.220105,0.08148404398641724017,27614.450798,10223.016848708510297237292,0,0,0,0,0,0,0.540165028864,1.340351782067,1.4529148402276502,1.186037090816,1.285640764881734,0.000013390915993969875,0.370205329212954,-41.010686440929106,-6.741395703695708,0.363440930913504,0.0000131479379986638,0.000196643752601115,0.331609326658173,0.363440930913504,0.047078430337,29735487685.751427,18413932367.817773,1410918909.327078,21086417411.974944,26263436430.99398,8547520354.982552,29003501040.024458,29193752044.811529,29380426046.822541,3753715177.707071,12594806639.647372,29735487685.751427,61.8435127625,24641658803.02528,33920776632.413272,34094995892.586094,18417688066.517496,32743133056.077198,34083605935.487473,11936581953.017239,29489548779.270449,34096409580.69089,34096409534.922664,34096408833.484442,34096381551.839888,34092108934.427201,34050796535.977896,27381786628.636514,31498168349.8194,33583310682.563834,21603123575.94443,34095297011.880974,34085986303.307193,33958422242.476849,25174403672.813216,29900286738.501305,13263721404.528948,32944976050.085251,18991100029.125756,9565903336.430887,32884273521.020748,28745149681.896391,34096409582.905118,30170890187.217451,74372,0.860787037037,246116,25438403588.593149,9417432575.167117170496286452146,114064.76289472,42227.38309903735748036220288,503.607088,186.438027807017095817952,184.789798702947,0.03239627597027755,0.027958692218811736,0.3636,coinbase-ada-usd-spot
2023-05-11,65933,8188,1402823,3488925,794,390488,2575635,163,61283,4356056,4345720,4337463,4319954,2070760,24114,3021709,176140,4273358,850678,2733,1513212,9778,2645575,73317,193,3578919,449647,963,1683850382,4223,51406.804641250296,7585300315.510295990483111025177,0.69410533608,0.614286758614,12263718614.118019127037047311299,12603796073.9749025596516041882,10853453452.136294829156265168587,17668382559.0270588665492656905828,0.35042713,0.12602966072391787486149,0.215947,0.077664440947674038031,29442.186263,10588.759910502036445600299,0,0,0,0,0,0,0.540265068278,1.417548926621,1.4073483444148678,1.254538021893,1.245510454672672,0.000013326992919381483,0.359645843413773,-29.71094888851241,-10.413268455267442,0.370205329212954,0.0000133909159939699,0.000200929691354595,0.337147577067191,0.370205329212954,0.047092542887,29741562431.972388,18387733778.292654,4128664248.622886,21091027338.201149,26264605871.257758,10387146212.702439,29013822261.718186,29204427892.685045,29389953085.20551,5400288486.411612,14485232798.310357,29741562431.972388,61.8515521612,24641809433.58343,33923746443.365608,34098016401.733643,18422731405.720422,32745641776.302244,34086619822.834129,11917658748.554432,29491230652.83099,34099430976.079035,34099430930.310809,34099430228.872587,34099402936.46174,34095126848.750271,34053803070.369273,27383042323.200851,31500570684.986747,33586150301.396188,21604644121.261859,34098290211.905143,34088773144.304449,33957683936.274374,25128896689.14977,29860555351.209387,12865296819.624441,32927311956.044754,18941132206.071489,9497834722.065358,32887177625.083847,28747421969.276103,34099430978.293263,30178170138.475319,84018,0.972430555556,270550,24055205670.809659,8651354731.970114919625462033407,99300.60404571,35713.04949351649232133556383,392.13214949999997,141.02869763658321360568819758681,184.512675477857,0.03233449409961259,0.02824739729727131,0.3695,coinbase-ada-usd-spot
2023-05-12,48642,8191,1402830,3489872,793,390476,2576137,162,61278,4357398,4347062,4338805,4321296,2071162,24126,3022479,176183,4274699,850775,2731,1526683,9948,2654256,74787,205,3589801,456881,983,1683936895,4313,35730.173892881985,7800183920.779436296933005749952,0.714533751994,0.632355491866,12615020016.180352406107180565376,12964413018.0602406730032245184,11164171272.480432616872096307008,17654897310.2706354132666507061863,0.34515111,0.12768380322405558613536,0.233854,0.086511001280448714304,21481.860141,7946.912304961519573758816,0,0,0,0,0,0,0.539970417946,1.621863676417,1.4437000277874679,1.435333740328,1.277660626430323,0.000013817323060269573,0.369935948414176,-21.721066980239026,-8.659973388967808,0.359645843413773,0.0000133269929193815,0.000200293716701606,0.329635122639883,0.359645843413773,0.04710272156,29742618317.269045,18368123012.037253,4517901225.027698,21085228278.616602,26251289557.912198,10353797713.616094,29013817446.591541,29204965929.899767,29390321770.654834,5750951288.993779,14489507988.446407,29742618317.269045,61.8325132324,24642706802.025713,33924760433.760933,34099136707.782011,18413289272.723158,32746424653.17256,34087733103.458364,11864720577.178266,29491407792.383295,34100551918.348848,34100551872.580622,34100551171.1424,34100523877.859009,34096246121.727791,34054908366.467394,27383951820.718234,31501740253.419177,33587196777.380006,21599783525.454835,34099437774.069841,34090111167.770359,33962397161.728499,25175487654.201366,29901296328.697837,13174873237.599494,32947972384.304049,18989832663.289321,9479915230.500483,32888398577.507648,28748386983.71744,34100551920.563076,30178660171.682358,62239,0.720358796296,184568,21025535263.168809,7778101328.496054934604136636384,127970.84118057,47341.01450149405324716376032,312.706755,115.68146998644437295888,184.010419955566,0.032308669805043065,0.02875999636083588,0.3602,coinbase-ada-usd-spot
2023-05-13,41962,8179,1402662,3490363,794,390329,2576385,162,61230,4358147,4347811,4339554,4322045,2071331,24092,3022896,176132,4275442,850548,2713,1520567,9861,2651016,74067,194,3586046,453417,974,1684023304,4305,33684.125900116144,7692462456.350036443512701047968,0.705489221705,0.624331992132,12451323045.365835570865563949608,12796013563.5335989000545255024,11018962561.615044601879294011144,17649203789.7733403500871748968603,0.35759758,0.13056986058366012169488,0.227541,0.083082208350142100376,19422.912543,7091.901972234077978146248,0,0,0,0,0,0,0.541004521966,1.745945857495,1.4234087836185763,1.54509781557,1.2596643777871137,0.000013603267329057254,0.365130716442936,-30.946148076647336,-14.203709043424533,0.369935948414176,0.0000138173230602696,0.000204625958416055,0.340941251893118,0.369935948414176,0.047097012531,29745102430.236011,18329570335.829105,1580981149.261993,21067694691.066188,26243711852.157084,10310417795.36543,29016759151.407916,29207415022.29799,29389797357.346908,5677863722.368058,14430830683.415417,29745102430.236011,61.7802817285,24647035918.976204,33925132728.755052,34099585694.604877,18448795920.600664,32746872257.58291,34088178796.378378,11867334422.920089,29492219302.140908,34101001323.188575,34101001277.420349,34101000575.982127,34100973276.822443,34096694499.380155,34055350436.762447,27385031599.548225,31502696875.553449,33587547220.752387,21600662648.96506,34099875231.074801,34090461915.242662,33961151712.791904,25159192536.459251,29883835713.647624,12880064763.697395,32939397337.406279,18998034054.372692,9477653939.336633,32889500107.737803,28751910048.232973,34101001325.402803,30178130914.212279,54315,0.628645833333,167427,19531534256.35132,7131563096.25130467651634827552,133737.88796643,48831.81084874769500817863848,349.315989,127.545997328542750903704,183.806995215942,0.03231576532457746,0.027034486706435868,0.37068154500000006,binance-ada-usdt-spot
2023-05-14,40566,8191,1403305,3491740,794,390482,2577376,162,61270,4359975,4349639,4341382,4323873,2072163,24109,3024057,176223,4277261,850978,2731,1528132,9971,2656551,74934,208,3592627,457467,984,1684109743,4305,34085.936585365854,7798070996.817729931101363723951,0.715754627181,0.633376064217,12632495692.837593536022864583545,12982054790.4415135635646343682,11178580059.876824679259371619488,17649198780.0156182228557180108408,0.35991708,0.13332744971670211945884,0.222437,0.082399418034381889701,19596.045103,7259.146240340856580996719,0,0,0,0,0,0,0.540144736502,1.805923767117,1.4422244736511882,1.598074038861,1.276234097761413,0.000013761637250394635,0.370439351521473,-30.812614502915494,-15.483019077730598,0.365130716442936,0.0000136032673290572,0.000202897377746252,0.336920134667852,0.365130716442936,0.047125044231,29742178211.826393,18261538217.484156,1077244398.035891,21050870985.464687,26220147774.303973,10258138420.412581,29013706974.517452,29204456192.791137,29386771562.990504,5556083398.09768,14418185020.830951,29742178211.826393,61.7302486099,24643796791.754474,33925467117.710595,34099970560.140145,18419684705.069206,32746576481.636983,34088559337.451664,11862602066.74389,29490619240.336975,34101387015.534437,34101386969.766211,34101386268.327989,34101358960.385969,34097078047.190367,34055719528.14979,27382434214.377525,31502139062.18326,33587761129.395142,21602948996.392379,34100274248.18203,34090965892.201571,33963368150.415726,25182653869.986056,29904732054.116511,13256533763.981628,32949713503.792799,18995972325.879478,9473238093.956779,32889300730.672096,28749268212.043228,34101387017.748665,30176545806.929056,54446,0.630162037037,167338,18883071167.61144,6995032638.06380582476328045112,131954.33301796,48881.07755362159564583465508,425.465729,157.609248745370769098817,183.722499943274,0.03231412218737674,0.02650613646265089,0.36477865400000004,binance-ada-usdt-spot
2023-05-15,53142,8207,1403658,3493494,795,390569,2578098,163,61283,4361898,4351562,4343305,4325796,2072759,24125,3025169,176283,4279185,851305,2742,1524976,9931,2654766,74514,203,3592031,455640,984,1684196546,4276,43751.405519176801,7740977376.011146908995246610348,0.710901023264,0.628990455214,12544772649.977564171060726953212,12890116917.2702311124829202152,11099354201.862638929049524869168,17646299891.9138943133117488951272,0.3692648,0.1358214757091495149344,0.223219,0.082103504006665800732,23963.808246,8814.270408614105226471288,0,0,0,0,0,0,0.539483421437,1.330532029042,1.4288261231579606,1.177227095247,1.2641956674944428,0.000013506941856417772,0.367815929677428,-38.16775563691418,-19.03910128330205,0.370439351521473,0.0000137616372503946,0.000205810100611561,0.341706639546056,0.370439351521473,0.047138304525,29742510073.681181,18271572858.0111,2314483390.215767,21045791526.212391,26211726040.356565,10145473231.403492,29014192674.11213,29204518945.843899,29386770467.787205,5714002444.030258,14386612115.220759,29742510073.681181,61.7067968627,24645342326.108153,33930135759.338714,34104698994.603285,18399683984.01955,32750772768.249603,34093276239.307385,11863243811.657085,29493658065.565972,34106115687.172151,34106115641.403925,34106114939.965703,34106087633.061462,34101802493.736005,34060426277.884792,27385318648.832094,31506021183.844976,33592403425.236442,21600309982.327879,34104996363.251074,34095615280.215909,33967089395.074222,25169392868.45426,29896165739.958144,13087290094.069,32948769220.157468,18973127501.165119,9448654280.452893,32893831986.842866,28752474973.190787,34106115689.386379,30176382549.816956,64896,0.751111111111,219405,25633442070.493066,9428388325.990901953778290714248,129086.34122296,47480.01260558073049182734688,448.8980595,165.111857085385890150966,183.796156033854,0.03230501982554611,0.0253215357885715,0.37120761899999993,binance-ada-usdt-spot
2023-05-16,60840,8212,1403687,3494741,795,390507,2578533,162,61254,4363619,4353283,4345026,4327517,2073013,24106,3025967,176285,4280906,851462,2741,1525083,9937,2655247,74474,201,3593390,455627,985,1684282580,4221,45276.467424780858,7767892437.524020324780641395808,0.709937130915,0.628529321716,12546161601.034084263503030715444,12886815428.9050266749517733368,11107505295.678778501382796766416,17672214981.723004852709191896069,0.34790772,0.12793322611044932061744,0.223845,0.08231266899939308094,25126.243561,9239.465565166631878650972,0,0,0,0,0,0,0.539850725549,1.429367119642,1.4280335450394341,1.265462964353,1.264282309469462,0.000013606362653568437,0.367721722617852,-33.91357852941003,-18.632936647312533,0.367815929677428,0.0000135069418564177,0.000202173242865292,0.33847707437997,0.367815929677428,0.047138233801,29824719109.598017,18331913758.500286,2684944552.851018,21124377374.889704,26280420521.095,10267783056.497321,29096254898.855597,29286191840.632595,29468606504.815464,5478328872.639509,14398128524.859564,29824719109.598017,61.9144937276,24661160731.093174,33942551559.825174,34117212728.182385,18418967459.837789,32762639892.023713,34105778741.533572,11854860686.935011,29505165488.691369,34118630552.751519,34118630506.983293,34118629805.545071,34118602498.651816,34114313976.567352,34072914821.465976,27397223319.995274,31518204549.170448,33604854409.784427,21617625550.918316,34117510483.098882,34108119672.785153,33979537487.97952,25185784544.944931,29907456458.690718,13053484371.140111,32960833583.588113,18995655494.128764,9485210913.640296,32906424582.333869,28766259437.231769,34118630554.965747,30206279946.159308,72221,0.835891203704,232049,23869746327.671939,8777424238.062672168203720855028,114063.58155916,41943.65669889617206701012432,377.70843,138.89159452688436889236,183.71019765174,0.03225032388468044,0.025350131058551894,0.36708808,binance-ada-usdt-spot
2023-05-17,49680,8206,1403723,3495148,794,390515,2578675,162,61269,4364364,4354028,4345771,4328262,2073136,24114,3026245,176290,4281651,851592,2742,1535123,10071,2662132,75625,215,3601449,461130,994,1684369008,4184,41168.882170172084,7928846833.714762076089018537889,0.724444141863,0.641482466553,12804249516.621048980687536830452,13151520822.6797080489451449386,11337936339.946671827412596941763,17674584935.8328596672428270254687,0.35558862,0.13344352576875858717798,0.224481,0.084242111314182935349,22710.023049,8522.504308344662320545021,0,0,0,0,0,0,0.539932669075,1.416270889737,1.4583610546026708,1.254082807986,1.2913529040713345,0.000013695646675249377,0.375275017993429,-35.113394024636406,-13.635803258547528,0.367721722617852,0.0000136063626535684,0.000201570151402682,0.338434055170378,0.367721722617852,0.047148817797,29831192674.161792,18316178800.180216,1619012586.362928,21128096605.283741,26275738104.40719,10115819980.711669,29102630913.179835,29292171124.428826,29474855933.549317,5497956697.983419,14375262149.329777,29831192674.161792,61.9235576706,24660148659.317487,33943535902.102523,34118224178.020035,18422309734.29037,32763330528.274416,34106789439.156784,11869839334.979823,29505988837.336871,34119642667.00616,34119642621.237934,34119641919.799712,34119614612.810877,34115325164.52628,34073923822.504713,27397597747.93491,31518893978.604952,33605900797.59642,21618324400.212989,34118542552.185911,34109311857.595322,33983217998.809534,25222461005.612609,29938876787.721676,13440303960.259313,32976340445.786132,19025213077.876113,9501599983.860019,32907320225.5267,28766620337.730006,34119642669.220388,30212339741.051447,63866,0.739189814815,195329,24091184049.941595,9040819527.824841792181543779255,136439.04733347,51202.16594307426527243176863,430.318594,161.487818106257068518826,183.643831165765,0.0322832040536617,0.025057487873771735,0.3684,coinbase-ada-usd-spot
2023-05-18,47346,8186,1403721,3495445,792,390494,2578859,163,61258,4364575,4354239,4345982,4328473,2073294,24104,3026587,176261,4281850,851621,2727,1531915,9995,2659966,75260,210,3599946,459419,990,1684455367,4161,37349.37154530161,7869734613.521592908281757310024,0.719541211696,0.637072812596,12716750859.462418675875392618766,13061384245.2156885306381208026,11259252570.15896453290094991213,17673415577.5381223413144038930114,0.35496769,0.13229752141322443868141,0.224461,0.083657287101070440329,20639.951219,7692.571648883199357899191,0,0,0,0,0,0,0.540182103213,1.492482833187,1.452794033871695,1.321425681858,1.2862857140595876,0.000013884429142872045,0.372702995625389,-26.668512981931453,-15.964184813824982,0.375275017993429,0.0000136956466752494,0.000205947296184417,0.346169913920091,0.375275017993429,0.047151976344,29829752216.727952,18275523645.665735,1237262599.544797,21115297451.034216,26260027468.266031,10083903160.886102,29101147641.617156,29290289171.020339,29472749115.351266,5503966237.700275,14296264620.377512,29829752216.727952,61.8847903878,24659024144.76909,33944181247.972222,34118916133.280763,18431194022.922501,32763868080.320731,34107477811.440509,11908083312.985086,29506615310.216365,34120334442.975666,34120334397.20744,34120333695.769218,34120306377.04913,34116017290.131425,34074607023.291762,27398253507.853694,31519369891.954313,33606548922.457547,21618259697.37034,34119229716.350427,34109937729.055195,33983007662.748712,25206176887.368214,29930054833.449594,13313445749.735741,32972370043.497138,19029796365.76557,9508506857.68459,32907987530.902925,28767964145.718002,34120334445.189894,30209718468.36417,58146,0.672986111111,176803,22861458561.856154,8520534090.369486063521888293906,148760.44292188,55443.46270754437166907161132,399.124127,148.754757759268203660403,183.682419042334,0.03228239727520297,0.02459705166891064,0.3757,coinbase-ada-usd-spot
2023-05-19,47449,8175,1403652,3495822,790,390392,2579149,160,61206,4365330,4354994,4346737,4329228,2073670,24082,3027163,176285,4282588,851639,2719,1526280,9906,2656599,74587,201,3595276,456191,981,1684541764,4187,42651.668020062097,8023737411.444939159149623125022,0.702315762745,0.620657511702,12578088495.536626748809805290124,12910755079.9878086465098538118,11115634194.366182658287736963224,17909449228.8967028560121996470842,0.3630023,0.1337318020572285003221,0.224233,0.082608521132506648891,23064.077151,8496.917513167764084869277,0,0,0,0,0,0,0.540792068507,0.982896378548,1.428698465312219,0.868615020381,1.2625837002258626,0.00001370069299176753,0.368404833956227,-30.70341542016368,-11.103692317679146,0.372702995625389,0.0000138844291428721,0.0002066203969809,0.345743469626334,0.372702995625389,0.047136654702,30494677155.626354,18931857015.456136,1778515507.308235,21779674618.488586,26919005196.763133,10709549166.92981,29766025350.534018,29954952339.517097,30137111969.840997,4222659289.356293,14959081228.687177,30494677155.626354,63.7913894014,24681517557.78374,33965746756.270727,34140609309.949409,18463738443.151635,32784976035.385053,34129164314.548072,11932016518.691638,29526077017.684193,34142028918.695984,34142028872.927758,34142028171.489536,34142000836.115731,34137711102.987948,34096291857.152096,27418412298.851353,31540867058.991283,33628107153.134253,21643342306.455507,34140909524.997875,34131526721.687112,34003088861.792592,25207642358.970567,29933079789.114793,13177528730.847795,32985141755.170097,19043133962.591939,9677391656.718981,32929685124.802716,28789758079.133038,34142028920.910212,30172335349.125512,63537,0.735381944444,193800,34736142757.342534,12796962904.798573342492201259218,194793.62996714,71762.91490377493559020838078,499.979476,184.194855837301382397052,184.012185215368,0.03205521780500001,0.021676355216294414,0.371396286,binance-ada-usdt-spot
2023-05-20,53334,8181,1403670,3496967,788,390447,2579787,160,61224,4366706,4356370,4348113,4330604,2074161,24078,3028220,176345,4283958,851734,2720,1523601,9880,2655700,74303,191,3594059,454763,972,1684628460,4187,49777.727489849534,7977198218.038762521524014083576,0.698504329472,0.617234342857,12504931491.76220133360835802114,12835337187.3436381506647148492,11050000474.043286874855821477568,17902439489.832314001663121558605,0.37281968,0.13654625363318399165984,0.224747,0.082314219209933345186,26221.153542,9603.571040296458576567396,0,0,0,0,0,0,0.540492861276,0.915364902765,1.4106415662655738,0.808863496464,1.2465154236317328,0.000013514435642900934,0.366252805198438,-29.261435580511687,-8.581751869862618,0.368404833956227,0.0000137006929917675,0.00020318359564116,0.341086014118813,0.368404833956227,0.047140962241,30496508409.215035,18923125111.925723,1799533442.267448,21780579165.029652,26763403396.928917,10673119485.225653,29767587587.705183,29955452634.171699,30135250178.584008,3980474579.116427,14958296656.95648,30496508409.215035,63.7924184014,24681441630.574251,33966505963.799597,34141475987.128481,18453991631.215149,32785718331.383451,34130022551.390138,11926284052.284496,29526214836.048506,34142896145.671802,34142896099.903576,34142895398.465354,34142868057.246023,34138577669.886887,34097141033.859427,27416723366.429743,31541586471.941083,33628899957.017135,21640420213.513425,34141769823.6182,34132343435.377161,34003115719.872755,25198799155.649632,29925009731.490776,12900817733.706598,32981844296.606672,19014302781.628949,9670451275.857662,32930669062.285766,28789777552.197,34142896147.88603,30170418675.855136,70332,0.814027777778,234606,37299765421.159051,13661143718.743199630532014762338,171422.07938883,62783.81744910832775791064754,487.003432,178.366373111266747039216,184.419889537713,0.032006538467899595,0.02093432342038799,0.368177301,binance-ada-usdt-spot
2023-05-21,67323,8175,1404039,3497458,788,390429,2579964,160,61221,4366787,4356451,4348194,4330685,2074539,24072,3028705,176368,4284033,851854,2716,1516776,9782,2651335,73547,189,3589212,450845,962,1684714550,4173,59214.363048166786,7850501879.762583562047825252738,0.688393355999,0.608229316459,12317656109.237674154962963150646,12642522788.1043242940577700756,10883253724.633868096783635675522,17893339617.370746276082610622151,0.36901305,0.1331217897207290328537,0.222437,0.080244347835692542258,31255.405116,11275.415510341302088653144,0,0,0,0,0,0,0.540679729058,0.737511721504,1.376824116499126,0.651627803118,1.2164916816290474,0.000013472367410295112,0.360750899516234,-31.655510628755643,-5.654212591987296,0.366252805198438,0.0000135144356429009,0.00020131280587563,0.33902443313899,0.366252805198438,0.047154362673,30494427738.408656,18899344961.197702,1072677341.360924,21761558710.706157,26704319028.127374,10639510756.375902,29765832738.594687,29949933987.612017,30132411107.327348,3952299016.423494,14958396860.141951,30494427738.408656,63.733731565,24680403452.332447,33968102335.954379,34143072230.399431,18461234543.571305,32786908613.918533,34131614485.815081,11930610184.30411,29526542190.022717,34144491739.194091,34144491693.425865,34144490991.987643,34144463644.844019,34140173851.885651,34098744151.247693,27417075880.649263,31542808672.190614,33630367029.146035,21639670287.068903,34143351349.994517,34133810240.916554,34002736054.232414,25172637455.172026,29904715444.815596,12852766030.701095,32972321241.697531,18993962374.787994,9673598731.751118,32931944783.206909,28790191416.994902,34144491741.408319,30168334269.514733,84700,0.980324074074,274641,46296880098.079062,16701641140.177253390128484492508,179255.07843528,64666.43078838033947767833552,540.4476875,194.966989407093534008875,185.195480354199,0.03198339271166833,0.019402034286037168,0.36632817000000006,binance-ada-usdt-spot
2023-05-22,63314,8167,1404175,3498756,790,390418,2580447,160,61229,4368530,4358194,4349937,4332428,2075007,24057,3029616,176415,4285777,852082,2720,1526110,9898,2657558,74534,200,3597892,455813,983,1684800951,4286,62859.259216052263,8096274119.466494747668185601443,0.698323453473,0.616830656338,12558141950.903293359382974803588,12886917954.4330860454243009638,11092634657.231370573628408714813,17983273923.3404444277661084669738,0.36458245,0.13406595314992272305215,0.219181,0.080598256107372179767,33984.188061,12496.823597581806660801927,0,0,0,0,0,0,0.540889931414,0.77137075006,1.3906034195084427,0.681353495537,1.2283230868077797,0.000013691062512854285,0.367724648155507,-32.22198905560349,-7.126592923252108,0.360750899516234,0.0000134723674102951,0.000199697937430507,0.333557893626234,0.360750899516234,0.047161188282,30748499944.486395,19149024025.057442,1939078869.458176,22017219025.368849,26849848591.818072,10243407361.935469,30019900916.861809,30203208004.921192,30386381773.477045,4520107917.976481,15219820039.309006,30748499944.486395,64.4703185481,24684859482.717191,33974483069.835337,34149518442.394106,18471898940.101398,32792901272.342586,34138049654.55241,11919487233.765692,29531787841.916676,34150938788.248856,34150938742.48063,34150938041.042408,34150910694.878542,34146617551.587735,34105176302.798288,27419768187.106194,31548845853.24164,33636796227.277236,21652614945.916391,34149817846.805837,34140403507.41934,34011644779.073312,25211327011.921383,29936931279.71837,13141857732.057171,32992024433.231753,19057122315.513008,9678900812.61115,32938512121.446743,28795659472.938106,34150938790.463084,30165600029.455759,93214,1.078865740741,280729,44273053895.023872,16280293166.317452074850533263104,170532.77447717,62709.10449359976244678127519,526.1183055,193.4666687781590433333885,185.899281724797,0.03198006221250077,0.018567408132091144,0.36030806,binance-ada-usdt-spot
2023-05-23,54895,8171,1404233,3499417,793,390427,2580658,160,61243,4369312,4358976,4350719,4333210,2075255,24067,3029939,176426,4286547,852135,2719,1529445,9941,2659625,74936,203,3600402,457646,986,1684887368,4358,58861.222579164754,8146861669.565560679384831527808,0.703901542525,0.621452972176,12645498644.59188768820124100408,12976005108.7457131529560508448,11164320920.708638420817841710816,17964868494.5738834220078325107436,0.37008603,0.13703054249008142429616,0.230181,0.085228365147718308432,31854.415181,11794.630002534046648628432,0,0,0,0,0,0,0.541058544918,0.8432102005,1.3870070504853047,0.744444291726,1.2245457665306025,0.00001359931999510005,0.370266725523472,-27.630563724551717,-4.75549290361842,0.367724648155507,0.0000136910625128543,0.00020224593191903,0.340021334785201,0.367724648155507,0.047164085008,30734069684.577158,19081137424.259611,2397528824.802958,22002683762.759864,26829613504.631599,10304147854.649212,30005424519.923293,30188552296.017635,30370702749.768931,3841680378.166194,15075986650.548908,30734069684.577158,64.4249934189,24686106866.132582,33975908868.743572,34150983042.832957,18478449789.752743,32794212261.876423,34139510351.646427,11921597026.004726,29533518550.743682,34152403583.914287,34152403538.146061,34152402836.707839,34152375478.758712,34148079913.12273,34106639806.134463,27421398924.453201,31550317404.789284,33638217750.452129,21650890292.835365,34151287460.406919,34141914627.220624,34013960514.408494,25222970942.769695,29949136589.151487,13221765750.387699,32998287759.976191,19063112977.751488,9679571430.184745,32940029299.825543,28797151985.890842,34152403586.128515,30152104283.540078,86073,0.996215277778,279709,40502834958.467185,14996852074.48925563129785926632,156175.44749586,57826.57155145500711005282592,361.975461,134.027468664319243520592,186.434030609725,0.03197781680824381,0.01839470714768456,0.367977259,binance-ada-usdt-spot
2023-05-24,51764,8165,1404610,3499458,795,390513,2580894,160,61276,4369217,4358881,4350624,4333115,2075585,24077,3029916,176471,4286452,852425,2720,1522036,9841,2655400,74103,188,3595238,453576,976,1684973820,4219,54559.82460298649,8014960077.637351846284201562992,0.693229852692,0.61206115805,12440384837.525037254030101151244,12765293801.5249039213389585276,10983768688.949277938597124934482,17945541135.042784817132862966273,0.38226034,0.13923991006872436504476,0.227857,0.082997854782762259998,28662.262859,10440.347808128090153770026,0,0,0,0,0,0,0.541023866629,0.837009843275,1.350947959017788,0.739006279064,1.1927685587266421,0.000013828183496326702,0.364254136510014,-30.098480008127986,-5.164207971773333,0.370266725523472,0.0000135993199951001,0.000199651754319251,0.343604029646794,0.370266725523472,0.047180728446,30734773140.792946,19084467771.119741,1926750350.384123,22003758569.305928,26822411861.40748,10478587238.175651,30007339300.609043,30190017202.809291,30372525162.577741,3868757757.162028,15157070239.049701,30734773140.792946,64.4269464515,24682474604.235926,33976572958.283499,34151616402.174776,18477607891.104148,32794442613.499358,34140148916.168322,11922489758.244475,29533530510.56822,34153036547.263718,34153036501.495492,34153035800.05727,34153008441.534862,34148713166.284061,34107285245.237607,27419700700.59161,31550291581.022977,33638811004.03577,21649139643.809067,34151906628.805609,34142431554.335942,34012501673.242325,25193620465.581418,29925547131.965505,12814767299.222763,32987215873.715849,19030238959.425359,9684404490.869974,32939985920.027349,28795526918.119897,34153036549.477946,30154135775.057463,74981,0.867835648148,251490,40803625935.684579,14862889531.680398370130978874106,174857.643532,63692.619956924494560329448,618.23569,225.19490742062269719966,187.047242896439,0.03200230352671936,0.01849541020307416,0.370370368,binance-ada-usdt-spot
2023-05-25,56696,8164,1404745,3501008,794,390626,2581613,160,61344,4371131,4360795,4352538,4335029,2076092,24093,3030941,176517,4288363,852682,2721,1514191,9723,2650364,73337,188,3590612,449522,964,1685060188,4230,43165.472340425532,7885813324.756739651445231989803,0.682411120556,0.602609471018,12237553739.853483086066020038889,12556595463.6105024304388379306,10806485362.841628545442841704216,17932816994.3700747123988295694071,0.36628269,0.13123871679007386515121,0.224481,0.080431314905305984629,24184.180975,8665.167545258328856421275,0,0,0,0,0,0,0.54062869573,1.057872449379,1.320659910770805,0.934164080745,1.1662209865161588,0.000013528457871368119,0.358298987020309,-30.243480853643586,-9.059722309015878,0.364254136510014,0.0000138281834963267,0.000202235225771228,0.338591444912894,0.364254136510014,0.047193732421,30740716043.548763,19078064036.319233,2433547909.558556,22009030475.739967,26822614814.834313,10460651388.516843,30013187470.031574,30195715870.738107,30378393499.24481,4643460807.755488,15199308506.62567,30740716043.548763,64.4394581825,24676296959.707228,33978016908.618106,34153165580.371998,18464949544.867149,32795685423.062319,34141691167.844418,11913335535.081263,29534587566.673605,34154586483.289393,34154586437.521167,34154585736.082945,34154558374.543906,34150259248.940834,34108812838.281774,27417676143.71741,31551110190.195345,33640304386.532009,21640807365.864308,34153438751.649881,34143814445.305842,34011738683.981322,25155506803.861637,29903543671.865688,12806859565.004998,32976934505.419197,18986951126.053207,9674142902.294756,32941463009.108742,28794100248.584407,34154586485.503621,30160524462.295224,66026,0.764189814815,225579,32286110206.920286,11568080581.965597475742626088374,156272.31509044,55992.21219622319983145174596,503.799517,180.510856602420943390753,187.472104720143,0.0320255441720143,0.017943332767959893,0.363774534,binance-ada-usdt-spot
2023-05-26,74168,8170,1404956,3501487,795,390681,2582027,158,61341,4372804,4362468,4354211,4336702,2076171,24075,3031628,176553,4289921,852815,2722,1520154,9825,2655176,73933,186,3596200,452577,975,1685146419,4298,56080.415542112611,7980478602.951349074926063951192,0.690771421501,0.610007257472,12385316909.572444913997951348042,12707622215.9118930484899039876,10937240548.41119263984361262366,17929689219.9991914944957830014762,0.36123872,0.13098822813503844291008,0.220105,0.07981194251176240597,31185.738467,11308.213651280350123000838,0,0,0,0,0,0,0.540625660106,0.707860038127,1.3184528039588883,0.625097893588,1.1643008874064722,0.000013570482233498173,0.362608493726914,-24.88811488067046,-9.580625014225184,0.358298987020309,0.0000135284578713681,0.000198290669210209,0.334016703253468,0.358298987020309,0.047200166349,30742319931.428679,19073972337.432066,2553516113.368365,22008526388.688428,26819035710.814454,10419506578.439267,30014694713.895105,30197196373.071869,30379888638.389232,4714428677.517544,15145175836.474834,30742319931.428679,64.4349971924,24680688542.930991,33979570195.602956,34154746472.231188,18465701288.560111,32797018254.659928,34143267800.137791,11866953692.59168,29534829887.058841,34156168768.890225,34156168723.121999,34156168021.683777,34156140547.663936,34151841386.520508,34110364425.080575,27417018268.544661,31552402005.685359,33641808169.233627,21644279850.022941,34155033799.045847,34145513334.153558,34014888722.340913,25186407334.487815,29920512805.480607,12769213328.886972,32986593844.109316,19015391357.329244,9682404909.41326,32943128090.708601,28795460304.140113,34156168771.104453,30162670587.21519,86330,0.999189814815,284037,48252715129.247806,17496844351.250421322678397650684,182142.00824735,66046.2392549667305266641779,656.7054345,238.126968426323582714133,188.290434673332,0.032035782056865136,0.01774251199893584,0.358078514,binance-ada-usdt-spot
2023-05-27,50015,8170,1405109,3501051,794,390805,2581608,161,61340,4372258,4361922,4353665,4336156,2076316,24078,3031649,176610,4289379,853067,2720,1525813,9888,2657954,74509,191,3598494,455636,982,1685232970,4244,44974.637841658812,8069070386.735441137437324118628,0.698417362389,0.616824047185,12522872782.898569563353070797597,12848349014.2470656106692490426,11059875496.103238051127945576677,17930357200.8459172237951451903054,0.3750748,0.1375114587656087313772,0.225913,0.082825148967925771957,24269.589881,8897.816404032919347920309,0,0,0,0,0,0,0.540614218386,0.752140945593,1.3162818998832952,0.664271318411,1.1625059347695352,0.000013652220035578222,0.366624094088989,-19.293862603624493,-10.505440695062621,0.362608493726914,0.0000135704822334981,0.000198229544859312,0.338090940577275,0.362608493726914,0.047207122025,30745028737.41842,19064106842.070995,1633667508.406758,22009111012.700852,26767557932.922983,9970394906.572226,30017463518.968614,30199745671.27075,30382195280.592102,4122263811.352411,15132123923.190286,30745028737.41842,64.4346590964,24678982423.624027,33980663434.444926,34155833367.300542,18465897879.118185,32797943350.649877,34144348616.205021,11974012259.344471,29534213685.857955,34157255303.158445,34157255257.390219,34157254555.951997,34157227085.723579,34152930663.032772,34111476054.312373,27416601724.629017,31552880964.626563,33642969354.150138,21642825761.54119,34156128195.000247,34146682039.642881,34017494709.248198,25202043737.44797,29935718869.16192,12910450217.909504,32995571595.67704,19037323393.710349,9684241379.060223,32943528770.627722,28794637258.330264,34157255305.372673,30166799385.036393,64706,0.748912037037,204010,45413370333.706193,16649635758.122801083440322408877,237874.07807068,87210.36837991649929735174252,613.6533764999999,224.9801132439617546589490911011,189.003985798064,0.032003257003088315,0.01734479178212025,0.362712406,binance-ada-usdt-spot
2023-05-28,66759,8160,1405102,3502411,794,390930,2581615,161,61373,4374198,4363862,4355605,4338096,2076121,24095,3032213,176700,4291310,853185,2718,1546821,10177,2671300,76898,212,3616994,467098,1019,1685319353,4275,73209.166783625731,8430409841.085871336886803683781,0.729008398665,0.64383724013,13082634999.377854272804660000338,13422296651.2084007425747143498,11554170880.695704643380053645052,17945794620.9448121085840819019173,0.36095033,0.13824452920340463858301,0.207127,0.079329958225314803219,39785.389555,15237.865132870296526170335,0,0,0,0,0,0,0.540617027542,0.490158618592,1.3425187118580426,0.432892642662,1.1856702115496582,0.000013631150229693135,0.383001531549797,-17.701161838089806,-5.308502743711115,0.366624094088989,0.0000136522200355782,0.000200256352901519,0.341834324444907,0.366624094088989,0.047203978589,30743828403.444548,19055759223.83409,1299974638.36815,22011425925.563873,26762780165.469101,9910528334.707567,30015838310.16896,30198387242.687028,30380569860.831741,4216692792.783616,15153607073.592438,30743828403.444548,64.4396930854,24675036950.768936,33981591101.353242,34156756395.383769,18466493377.080343,32798970208.956878,34145256982.207932,11975658678.862861,29534633477.495312,34158179330.488726,34158179284.7205,34158178583.282278,34158151104.03865,34153848978.388467,34112374752.550146,27416685769.594199,31553712549.625728,33643946621.298147,21642859461.635278,34157097069.734569,34147946854.581652,34024030813.097246,25277781462.772959,29999005231.491854,13477646767.176117,33026854294.701833,19138036423.369462,9689698190.388385,32944758331.687711,28794376329.632639,34158179332.702954,30167427357.123916,110224,1.275740740741,332580,69688011262.193748,26690615044.079707430548524069156,217709.34845718,83383.01389180837459629219246,685.5643585,262.5721992814540911102245,190.516806268249,0.032154117748227545,0.019283115870272413,0.36683934600000007,binance-ada-usdt-spot
2023-05-29,60409,8160,1405044,3503207,794,390876,2581586,161,61373,4375187,4364851,4356594,4339085,2076046,24103,3032583,176672,4292285,853198,2716,1542039,10097,2668543,76357,211,3614853,464454,1009,1685405740,4255,62340.234547591069,8343156037.736502736975710696702,0.721441967524,0.637087427453,12950866246.624498331672424460173,13285076904.3830844629103408642,11436587323.391050470079539396749,17951362451.3348566703346457477073,0.37850967,0.14348771825102262110871,0.2196635,0.0832713584253567617755,32942.453926,12488.023218617326205318438,0,0,0,0,0,0,0.540777388193,0.533281719233,1.3027722104831105,0.470927800027,1.15044568169798,0.000013653340861678487,0.379086003934913,-21.124972546940157,-5.7706570537386215,0.383001531549797,0.0000136311502296931,0.000200389358980336,0.356867282062059,0.383001531549797,0.047197511173,30746212269.867509,19046381254.64877,1392993526.473961,22008610054.537854,26757598199.899715,9806344844.400291,30018163658.263635,30199281669.443535,30382722665.792749,4264186437.728175,15096286974.343848,30746212269.867509,64.421606083,24678734923.406398,33986787562.497356,34161975251.403264,18474793453.156697,32804110002.294984,34150466198.371265,11985033600.074154,29539848604.762569,34163398572.764793,34163398526.996567,34163397825.558345,34163370332.681765,34159065319.312024,34117577323.32349,27422279436.397421,31558798014.784781,33649214230.946394,21645162526.502969,34162308221.356228,34153084836.060777,34027990989.124555,25260691850.462387,29989980599.036812,13459730008.468139,33025207059.597538,19118743495.902917,9694807431.319503,32950352516.876682,28800005315.893885,34163398574.979021,30168846131.693773,87032,1.007314814815,268839,64062572075.687176,24285224449.964596475194452775688,248098.33145637,94050.60505471482754597924581,750.79557,284.61609240333524873541,191.877317073464,0.032084120997075714,0.019334927069933613,0.382884216,binance-ada-usdt-spot
2023-05-30,73141,8155,1405653,3505420,805,391059,2582442,142,61407,4376921,4366585,4358328,4340819,2076822,24142,3034123,176779,4294031,853519,2718,1541503,10084,2668791,76267,224,3616035,463983,1018,1685492135,4147,70954.759344104172,8348661181.178912379934600396032,0.717440853274,0.635034901824,12917957784.70795367689419329544,13249182672.5351420679752985156,11434188638.874977560822449798564,18005606630.4975881842116139767271,0.37354517,0.14122314886715170511178,0.210953,0.079753264974547130802,36833.047643,13925.167257599074918010262,0,0,0,0,0,0,0.541234393654,0.376653432639,1.2619811998470307,0.333390654471,1.1170288166482776,0.000013642287297794756,0.378061771932834,-33.76882831457735,-5.0075324804692425,0.379086003934913,0.0000136533408616785,0.000200060340296337,0.353937699832129,0.379086003934913,0.04721122085,30823171870.701815,19099581351.912519,4131818360.966352,22082796518.930048,26831033468.160218,10388275453.145405,30095576340.922372,30275848644.286022,30459226248.13756,5415181838.383463,15202000834.431496,30823171870.701815,64.6283361528,24675248478.53983,33992224418.231519,34167485068.403992,18493388033.136484,32809089005.828047,34155959418.288102,10976913534.97835,29543292446.050006,34168907683.598932,34168907637.830706,34168906936.392484,34168879455.245257,34164571411.523023,34123063322.163079,27425855757.824708,31563458992.902416,33654458843.969836,21645514811.635162,34167815330.104343,34158562825.658141,34033134222.640888,25255506263.686196,29990104878.865035,13477382408.727183,33028483762.892281,19132565379.414845,9494739010.471064,32955321274.018626,28802870493.412667,34168907685.81316,30244233846.807346,98604,1.14125,316084,90717101517.947828,34296668144.486140816676732184552,296418.78547611,112064.61127127674612163159574,812.3392495,307.114416076558535968083,193.858156256505,0.032058824686457474,0.019264431380815197,0.378717366,binance-ada-usdt-spot
2023-05-31,81929,8166,1405990,3506922,807,391187,2582933,144,61418,4378798,4368462,4360205,4342696,2077345,24160,3034872,176871,4295895,853864,2738,1536851,10036,2666236,75744,219,3612928,461517,1010,1685578562,4140,73804.357004830918,8260567220.966970530155244016708,0.71086082031,0.629093033733,12785961055.779186052863989545035,13112308768.6488033638724758094,11315237526.059012988345178917729,17986588500.1310522997531500213556,0.37464825,0.14017693290635135926575,0.211437,0.079110446032832696667,39135.381253,14642.742124556198487621123,0,0,0,0,0,0,0.540365173126,0.424863822389,1.2197667067974296,0.375993251159,1.0794612898928932,0.000013746802374897905,0.374156112850791,-40.64088152799472,-3.2561379663757704,0.378061771932834,0.0000136422872977947,0.000198892706146241,0.352288191521014,0.378061771932834,0.047226204852,30821415273.515826,19102447720.531766,4489888937.970281,22077862521.148188,26826038691.097827,10532616463.833198,30091075789.878014,30274313073.752385,30456032898.562205,5527983111.523868,15199114408.239421,30821415273.515826,64.606541385,24674102255.007669,33996058717.933101,34171374385.15548,18465789605.429696,32812484014.286667,34159840464.579858,10982098974.182961,29544391345.105152,34172797438.831657,34172797393.063431,34172796691.625209,34172769197.39234,34168456936.657227,34126946567.730218,27427380104.886787,31566372462.978287,33658303775.654744,21647857468.692109,34171692356.282966,34162362876.041271,34035644536.245615,25238926205.456944,29977112329.744477,13291937824.691486,33025012184.844468,19079213290.179769,9423019950.533354,32958904234.782711,28804207982.285107,34172797441.045885,30242022346.889719,104459,1.209016203704,340393,80432354180.971905,30094256987.790515402016628026855,243878.80234039,91248.74469038671308566274849,706.814352,264.458910451470713352432,195.367186625848,0.03205133269819927,0.018662773272692362,0.37793401099999996,binance-ada-usdt-spot
2023-06-01,88141,8170,1406762,3511324,812,391405,2584240,142,61453,4383354,4373018,4364761,4347252,2078411,24168,3036377,176973,4300446,854456,2726,1525159,9879,2659379,74366,201,3607191,454964,994,1685664921,4203,72903.123483226267,8038942900.886010397415275877196,0.693530390222,0.613782759468,12462709608.676163364468045629604,12780469881.9011782042072244244,11029648306.5564594790426913526,17969954575.0074006783477761355106,0.37908533,0.13824756065042578277778,0.209898,0.076547110080474680868,39154.965653,14279.314076539062760591698,0,0,0,0,0,0,0.541060748915,0.46601191257,1.1647001022385688,0.412426162826,1.030773637007365,0.000013594860517843743,0.364687181776266,-33.99396441318838,-6.8506952046270015,0.374156112850791,0.0000137468023748979,0.000199769144335745,0.35003380349271,0.374156112850791,0.047257087436,30823113101.65423,19068332385.601999,2390060155.503669,22043393084.810606,26822169516.541951,10585243705.347907,30092571827.648604,30275435959.022768,30457692655.283631,5573514492.530505,15235134200.656335,30823113101.65423,64.5039734801,24670418972.040852,33996863844.648618,34172273473.820673,18490046624.433434,32812548920.729472,34160723900.49798,10903968842.184396,29542654503.254166,34173697981.834966,34173697936.06674,34173697234.628518,34173669735.438018,34169343183.598837,34127816570.41449,27423501804.299274,31565602245.448847,33658983825.894219,21640538666.514631,34172563864.562432,34163025409.786993,34033076840.350688,25191502238.183607,29937178321.978462,12792177782.481895,33006775571.542234,19045579047.612707,9420914043.292741,32959683869.891996,28803067162.592994,34173697984.049194,30244134857.8111,103288,1.195462962963,342976,73332241220.091959,26743328383.892662651433483645094,219472.12727232,80038.67157338435047909475712,820.5630590000001,299.2488294564219190264121776266,196.885984365587,0.032112206964000224,0.019007087074177604,0.37449360000000004,binance-ada-usdt-spot
2023-06-02,68459,8190,1406818,3514899,816,391292,2585710,142,61476,4387072,4376736,4368479,4350970,2078844,24180,3038885,176971,4304147,854512,2743,1542873,10117,2672354,76340,225,3625185,464374,1027,1685751252,4200,52316.265476190476,8336101093.63967090611344323128,0.718618347133,0.635996085028,12921160096.5561591492153839416,13249685135.791577332311813348,11435565579.7270576480833810242,17980559706.1476157199263384937844,0.35109228,0.1327396033271025595416,0.2004,0.075766452360477288,30644.036322,11585.77803454864596171684,0,0,0,0,0,0,0.540379397546,0.621379014426,1.1906196607534616,0.549936725204,1.0537296271630803,0.000013871691319709127,0.37807610958322,-35.57390934700758,-4.089858604389842,0.364687181776266,0.0000135948605178437,0.000195870696291656,0.339120159448413,0.364687181776266,0.04726108219,30829459650.148787,19070363322.678415,2017240589.892601,22048738024.809724,26775661794.063115,10249103686.883523,30098785061.610836,30281120094.765618,30463492561.917759,5744623869.152715,15233816265.040056,30829459650.148787,64.5151134368,24673788386.490367,33999110148.709176,34174656994.830286,18468050563.331683,32814619628.59343,34163079841.705393,10903889668.813036,29546151885.22996,34176081926.898052,34176081881.129826,34176081179.691604,34176053663.811881,34171720221.211946,34130103578.539305,27426056963.380354,31568328166.296303,33661239349.954324,21643772247.49828,34174986203.906071,34165692033.554662,34040083488.258327,25253368828.878642,29993139436.207171,13432599161.984092,33034507658.174239,19101450676.384422,9420377091.000153,32963179142.188078,28807260380.695256,34176081929.11228,30246728872.48361,87282,1.010208333333,254526,55000380018.71764,20794329703.0754341353792620008,229688.7120265,86839.81465815967551659533,999.834543,378.01355424435668916846,197.961869617095,0.03221201940625693,0.020205561897175314,0.364374492,binance-ada-usdt-spot
2023-06-03,65027,8172,1407977,3515380,812,391359,2586091,144,61467,4387885,4377549,4369292,4351783,2079981,24178,3039121,176939,4304949,855322,2725,1540883,10055,2670792,75968,225,3622299,462783,1021,1685837792,4073,65260.534004419347,8282286080.165908445346878207706,0.713974681605,0.631945500708,12836630034.199885393633984135284,13162868978.9857944804447330276,11361818287.637321985957513212028,17979110975.4005455224906073317991,0.37072147,0.13924255205705870877558,0.206951,0.077730554399129774814,35843.57598,13462.80536249030606001372,0,0,0,0,0,0,0.540894678359,0.555349575183,1.1641895657962795,0.491544972671,1.0304347997644216,0.000013870274714346619,0.375598834502514,-32.684572257014025,-3.0340954893573895,0.37807610958322,0.0000138716913197092,0.000198261994885705,0.353217302663339,0.37807610958322,0.047301491761,30833356510.668354,19071620239.886253,1805899813.949782,22050883334.438229,26728330753.95949,9977868061.559861,30102986543.529553,30284568621.316802,30467706327.631444,5736599615.455543,15241820282.398825,30833356510.668354,64.5207196756,24670861719.149607,33999512609.761216,34175011881.981849,18485853085.125137,32813829419.049997,34163438692.618409,10977813760.887298,29544987182.161282,34176437342.705078,34176437296.936852,34176436595.49863,34176409068.389882,34172074501.595613,34130512092.548065,27424948845.369614,31566867464.873088,33661414386.286764,21640178208.997006,34175332158.807327,34165998995.452185,34039651719.698956,25238862517.928929,29982318280.583808,13443191918.229339,33029343818.448828,19116063822.064684,9424130756.790765,32962443053.15978,28806870040.511783,34176437344.919306,30249876314.675502,96686,1.119050925926,284816,61540404228.506211,23114504103.040517103841544114454,226885.77370661,85218.03216940385178114341754,999.427815,375.38392248339417902691,199.190792193167,0.03220635099795894,0.02000204288794707,0.378321024,binance-ada-usdt-spot
2023-06-04,82976,8165,1394867,3504874,812,388840,2573732,146,61357,4377699,4367363,4359106,4341597,2067340,24178,3027715,176218,4294720,846436,2728,1531122,10103,2660521,76188,226,3615430,461015,1028,1685924172,4222,56183.406205589768,8340549544.647376917166860846985,0.719129120726,0.636421063852,12925300868.600199709767129585285,13253410913.619412840902851253,11438743742.01523222664065229647,17973546747.1488794624841644466267,0.34575549,0.13075864919003788799205,0.210131,0.079467850858859396395,33868.133426,12808.33278271801272196717,0,0,0,0,0,0,0.541955367691,0.663097735839,1.1577960862050378,0.586833927758,1.0246363214477257,0.000013925137296914707,0.378182423625545,-32.97001282955485,-4.139483680656153,0.375598834502514,0.0000138702747143466,0.000198530839326161,0.350854869969284,0.375598834502514,0.046741012238,30831731277.711384,19077590126.394233,1363378281.521775,22054302430.791233,26674191336.11118,10030135993.510085,30101222027.991904,30282724502.068364,30464845272.291369,5808664118.318379,15270360550.842061,30831731277.711384,64.5288618767,24709916911.059527,34000364707.172094,34175997261.655638,18522638142.734618,32829305362.612904,34164400570.705223,11061711468.747052,29580714418.666913,34177423540.340745,34177423494.572519,34177422793.134297,34177395222.668041,34173054170.930732,34131456560.982048,27466139264.43576,31592517166.061838,33665266785.6108,21681300898.464839,34176327255.058883,34167016699.118433,34041393677.732437,25292878938.750661,30026651275.962196,13492769178.401989,33046440002.983876,19171790153.264522,9433505002.24711,32982125123.612895,28842297490.045978,34177423542.554973,30246629741.156966,97954,1.133726851852,284028,51542060386.182835,19492301315.500818425583946520075,202079.17043671,76422.79043999457061916175695,1422.5356160000001,537.9779669525376477289623625545,200.288969306799,0.03220756009317138,0.019727275934578185,0.37601652900000004,binance-ada-usdt-spot
2023-06-05,85572,8190,1395902,3505448,812,388981,2574600,144,61407,4378589,4368253,4359996,4342487,2068584,24181,3028299,176317,4295595,847106,2750,1497324,9637,2638425,72441,201,3582314,442729,968,1686010690,4172,65185.488974113135,7765407098.591238500547578906218,0.671123115897,0.594015939104,12030121357.239306089381955146354,12333975498.8923389132047384982,10647947695.863459176161577612903,17925356871.610455024891138670524,0.35060139,0.12339296287123057758297,0.212522,0.074796392722001657806,37049.451465,13039.428021150185197452195,0,0,0,0,0,0,0.540798125591,0.592850874569,1.0645981970979679,0.524736610413,0.942283588268893,0.000013648825518377947,0.351946587750923,-37.98029528198071,-7.301597636396679,0.378182423625545,0.0000139251372969147,0.00019985254066108,0.353598063282751,0.378182423625545,0.046789403107,30840614555.250554,19119824040.142135,2111218949.448864,22064163622.711166,26624973855.292744,10159066107.367354,30109669186.092307,30291223714.370832,30473474247.208711,5980204550.632976,15277293030.424635,30840614555.250554,64.5496987769,24711294656.264813,34004586675.415282,34180240932.052266,18485381893.333354,32832187550.18973,34168651452.120478,10970641944.285179,29581703961.555335,34181667830.15917,34181667784.390944,34181667082.952722,34181639497.744028,34177298443.759162,34135736994.49368,27464796218.705618,31595164629.501549,33669205114.038036,21683570466.965137,34180478187.86616,34170638031.052006,34036072494.484982,25159752262.987756,29923690049.62911,12795669324.710825,32998863943.017242,18968634700.306248,9401645873.225327,32984883267.857433,28841579344.523513,34181667832.373398,30254442197.914261,105674,1.223078703704,320702,57656434861.826108,20291985511.503058333840442497684,192956.68667067,67910.44745746631352808952841,885.7500090000001,311.7366932678993722029657750923,201.5166883721,0.03260776174670726,0.022630401718643507,0.37740941699999997,binance-ada-usdt-spot
2023-06-06,72288,8188,1396256,3505536,813,389276,2574704,147,61471,4377974,4367638,4359381,4341872,2068904,24193,3028429,176481,4294962,847470,2754,1500001,9661,2639804,72708,201,3585442,444164,969,1686097235,4273,69200.552071144395,7812860218.9979822692911940458,0.674908377741,0.597262726106,12086406716.9661259478728918248,12391312328.94948622276499244,10695911419.5089098798349071278,17908218530.9587680899215404600257,0.36859964,0.130330447959850544424,0.227805,0.080547902047581363,37400.331515,13224.109389246462018549,0,0,0,0,0,0,0.540637700236,0.654193600577,1.057309458656887,0.578931105567,0.9356700115782373,0.000012992785330265149,0.3535826783766,-41.91821195055605,-6.5036759481790165,0.351946587750923,0.000013648825518378,0.000194151413790732,0.32878066269552,0.351946587750923,0.046809569299,30837829344.529884,19149877215.596202,2098961501.886443,22096275346.035263,26614989947.48831,10207957507.481533,30106572320.347099,30287888063.539206,30469716218.649993,5971132330.864993,15315043292.653935,30837829344.529884,64.6417119824,24703103233.030938,34005615973.214391,34181263286.732159,18480450347.773428,32832876812.416878,34169672873.303121,11059163094.921146,29579812910.702867,34182688958.8466,34182688913.078374,34182688211.640152,34182660608.607307,34178320742.549073,34136775132.169913,27459417932.215893,31595056682.048024,33670255455.075561,21678162217.408258,34181509128.03497,34171695666.507912,34037762004.009551,25158595648.554587,29927566245.607936,12783581479.836799,33002809005.747479,18963699547.383233,9384824904.787635,32984559774.245883,28836243717.99475,34182688961.060828,30250100114.114533,101466,1.174375,300850,52251640693.089916,18475275065.8344764790927103656,183921.53448416,65031.468774043491267214656,786.2160954999999,277.99239282968269520703216234,202.441348424535,0.032594205557959846,0.022666117155866024,0.351366747,binance-ada-usdt-spot
2023-06-07,77867,8203,1397129,3507189,811,389482,2576049,143,61453,4379487,4369151,4360894,4343385,2070219,24192,3030002,176566,4296472,847824,2755,1443063,8813,2606785,66151,190,3537212,412856,882,1686183323,4151,66540.910623946037,7115866517.21942720817622823132,0.616432859438,0.545624078645,11002937090.02724343029674381068,11279965770.220746458894862984,9739045088.55611264403528975868,17849368218.3899358618790741559089,0.36989536,0.1190584825035464753536,0.213945,0.0688626292560719082,36461.695335,11735.9518002381528693846,0,0,0,0,0,0,0.540276130218,0.573930387802,0.9516984428664284,0.508003806508,0.8423781732048274,0.000012220040062206668,0.32187071095876,-47.83132066589636,-11.927006783728025,0.3535826783766,0.0000129927853302651,0.000187760961955351,0.330451936538004,0.3535826783766,0.046839096973,30843877375.392903,19172435788.447153,1677876495.636857,22107841052.152007,26616844918.814264,10251756346.441434,30112137934.241182,30293078907.747802,30475541093.002908,3808926980.156947,15335631334.699855,30843877375.392903,64.6724275436,24703939060.390619,34007158989.616166,34182912394.627878,18468981704.862417,32833696020.956603,34171317405.328896,10915711678.693611,29577885472.962892,34184337731.569215,34184337685.800989,34184336984.362767,34184309378.531618,34179969267.473633,34138421062.278237,27458108766.550373,31595230436.092505,33671476207.839747,21673586135.046899,34183010148.340086,34172319835.085748,34022119916.39905,24902726940.629314,29730971503.634515,12435768058.157815,32909792741.281109,18698512444.994569,9377580031.032142,32985236888.385508,28835776095.394427,34184337733.783443,30257630647.865743,98573,1.140891203704,299341,59561818750.692408,19171204947.28216769998353309408,208606.09014551,67144.1905454624820000091676,1436.4664,462.356461436370525664,203.636044780495,0.0333402976138748,0.027650136674564875,0.35319886800000005,binance-ada-usdt-spot
2023-06-08,56973,8191,1397867,3508944,812,389684,2577564,146,61429,4381290,4370954,4362697,4345188,2071554,24163,3031620,176597,4298276,848311,2748,1445529,8826,2609774,66388,191,3542068,414205,885,1686269676,4313,49026.253419893346,7137349799.327860675382597172837,0.618944923154,0.547868824572,11037102297.24585869590327366191,11314204824.6027082367034775722,9769664530.823191266177373314483,17832123480.3825500352141177602984,0.38661015,0.12481620272245708240995,0.223141,0.072040561510585782153,28157.203619,9090.488790857162475960927,0,0,0,0,0,0,0.540970958447,0.785770666164,0.9484232069362374,0.695537252428,0.8395117047457895,0.000012172967450394269,0.322847712928533,-49.74775215150148,-11.169137687090029,0.32187071095876,0.0000122200400622067,0.000175703939438751,0.300534629375859,0.32187071095876,0.046870746709,30846754354.502732,19179451478.710312,1772934894.93746,22107481371.279889,26616303529.926338,10080975709.788821,30114897305.787655,30295630113.636841,30477991043.80495,3448137547.146115,15048746489.151704,30846754354.502732,64.6668809177,24706743989.575765,34009389416.454552,34185288219.913125,18494019220.586988,32835103444.883324,34173689671.260692,11045343132.253174,29577011952.877093,34186713594.512042,34186713548.743816,34186712847.305594,34186685242.217151,34182344345.830994,34140782116.183855,27457003847.769884,31595529653.067398,33673521132.367324,21680857896.61899,34185395599.006116,34174737926.16002,34024888705.628488,24913250508.140252,29738207907.280119,12501389436.307447,32914763656.233866,18729809627.269371,9395903533.99434,32986600946.436905,28836966482.308903,34186713596.72627,30260906735.882151,72831,0.842951388889,219949,43507240813.152193,14046213192.357113851791061222869,210715.85547425,68029.13201764091284707177525,953.832352,307.942593360443439299616,204.331542493398,0.03334066035547269,0.02768043865003587,0.322335453,binance-ada-usdt-spot
2023-06-09,74656,8195,1398331,3510104,818,389794,2578286,143,61393,4382488,4372152,4363895,4346386,2072260,24189,3032426,176587,4299494,848540,2769,1399756,8209,2579185,61532,144,3510845,390518,820,1686356061,4248,52819.830743879473,6487356900.193197887340864165212,0.566757126392,0.501671193767,10032735044.759926967345253153888,10284113429.4168831350984609064,8880583820.260001520968182157296,17702000694.0787638955227495142714,0.37837975,0.111037179496477230731,0.215089,0.063118800360531426644,31099.410003,9126.256811411420649908988,0,0,0,0,0,0,0.540528730715,0.819222380812,0.8582599903660408,0.725143541395,0.7596981032606897,0.00001108601539639532,0.293454339182996,-53.55606360883811,-20.732005720481773,0.322847712928533,0.0000121729674503943,0.000174773447819609,0.299358632335284,0.322847712928533,0.046885758939,30850200046.156913,19172658400.225923,2737891831.501852,22106869907.783947,26598323257.720911,10023356192.718806,30118168445.646357,30297984761.140391,30481041469.259535,4215916118.523562,15066667778.183554,30850200046.156913,64.6618979894,24708001355.738156,34010996268.515075,34186976894.112641,18479813774.237006,32836246030.097332,34175374484.696337,10910538548.859337,29577096738.548509,34188402434.4033,34188402388.635074,34188401687.196852,34188374101.445316,34184030518.121386,34142463865.867562,27461254671.152457,31595942291.552792,33674998592.386328,21691697139.99973,34186979423.316116,34175405171.088824,34011482626.563642,24712778889.355785,29581841176.628736,10944628721.932862,32838717076.837462,18486635672.073797,9377055110.613912,32987778646.716196,28839384007.455177,34188402436.617528,30262233794.137676,82191,0.951284722222,262941,41732749540.776696,12246656438.778105106247916261216,176378.11209157,51758.92233017607082253894372,1299.402167,381.315204249938011952332,205.087873890211,0.03407305149069489,0.031980879387417345,0.322858104,binance-ada-usdt-spot
2023-06-10,104780,8188,1402942,3515978,819,391196,2582496,147,61499,4388459,4378123,4369866,4352357,2076497,24187,3037367,177084,4305412,851488,2755,1375039,7815,2563317,58841,116,3499157,377302,791,1686442572,4222,63957.417337754619,6108507046.323134848787929351346,0.540231908746,0.478420318988,9443201532.704232145127373040313,9678606708.6807699573448027734,8362740919.967065863824912684848,17479903315.2586229955884588033057,0.3613822,0.0998052248920731697322,0.212449,0.058673394049557650699,40469.386136,11176.688239065532368384136,0,0,0,0,0,0,0.540521735556,0.541689943586,0.8001107565856352,0.479711530192,0.7085646686064506,0.000010678346997740735,0.276176371974251,-51.94184111498325,-23.20879636678861,0.293454339182996,0.0000110860153963953,0.000159622951078214,0.27298667898385,0.293454339182996,0.047041390496,30865288119.980437,19189585722.510408,4971598473.078597,22118137777.885846,26602968936.346253,10077157456.681102,30132690290.106636,30312489533.928472,30494799474.831466,6141968057.169197,15021268532.173015,30865288119.980437,64.6868228446,24689761341.552958,34015216783.371392,34191222367.894676,18481869557.381365,32836607301.225209,34179600407.330719,11007724806.697521,29566202531.990816,34192648214.573335,34192648168.805109,34192647467.366887,34192619829.878181,34188269981.516782,34146683007.212722,27442766149.472484,31591288848.693266,33678184651.346422,21664710795.844451,34191163230.764684,34178925410.514286,34005402725.221683,24558573491.478639,29472657554.438275,9932524805.007206,32787721592.301972,18383685877.906923,9319764152.460591,32985844738.329745,28826548307.015587,34192648216.787563,30280435868.520848,111985,1.296122685185,354674,63122176480.528228,17432853691.510681730431694657228,188511.31798371,52062.37187682540497335745121,2349.111666,648.769137278268475712166,206.450469636376,0.03436924517258032,0.033207904786172776,0.29509409799999997,binance-ada-usdt-spot
2023-06-11,56373,8210,1405313,3519410,815,391795,2585746,147,61589,4391987,4381651,4373394,4355885,2079587,24213,3040726,177332,4308906,852861,2759,1370841,7749,2562313,58354,114,3498388,374756,783,1686528975,4189,37550.707806158988,6017970192.56916969605740488175,0.533759368345,0.472465712965,9304095867.315275825981864084802,9535607666.7456459422955892596,8235670506.50273158947365417497,17431255391.6735523134992560516097,0.35217321,0.09582489842302184224074,0.221246,0.060200136962433600524,22550.707303,6135.955760738506603460182,0,0,0,0,0,0,0.539429569246,0.984067349744,0.7887068451063203,0.871063084933,0.6981365836241372,0.000010502865583353915,0.272095933767994,-50.805510464535544,-26.44782564808798,0.276176371974251,0.0000106783469977407,0.000157553942949028,0.257733577158732,0.276176371974251,0.047131145214,30856751107.5528,19156697390.352743,4635932786.327834,22117089767.686375,26540091466.780175,10080120176.165668,30124047576.141581,30303873109.618581,30485762061.93881,6121733326.92313,15015657432.564515,30856751107.5528,64.6808704294,24679831039.48605,34016586168.943349,34192748720.936968,18445348875.420279,32835923002.355122,34181125082.519013,10980832301.417894,29561106719.926328,34194174598.162305,34194174552.394079,34194173850.955857,34194146180.334844,34189795799.778422,34148191004.440289,27432539315.506154,31588655745.038097,33678976692.155849,21643437536.555558,34192674262.701373,34180294784.152785,34004376055.922928,24516517533.427496,29446490482.717544,9833395111.756907,32775566641.741264,18332675247.530291,9295837756.815161,32984470042.208273,28818557068.07625,34194174600.376533,30267525105.777505,64033,0.741122685185,201115,34747799131.092574,9454734850.957324477785852276556,191345.43458536,52064.31469574614302982896784,1058.918868,288.127518173007181110792,207.039126365902,0.0343568434310594,0.032475628309836545,0.274823615,binance-ada-usdt-spot
2023-06-12,54977,8193,1407305,3522508,816,392357,2588569,145,61609,4395035,4384699,4376442,4358933,2082185,24173,3043804,177532,4311927,854094,2755,1377806,7798,2568469,58821,113,3504702,377705,789,1686615316,4130,41877.88401937046,6090917405.939395546613582641806,0.541398714857,0.479275403165,9412538323.340716788455123080388,9645265758.9681326963828233812,8332487639.75449226643698126226,17385594138.003019484986983901395,0.35657193,0.09813750842637020095674,0.222569,0.061256552395890470842,23815.796086,6554.702410452049467641948,0,0,0,0,0,0,0.539741131645,0.84656004469,0.7972505511510621,0.749420705273,0.7057692765808474,0.000010623678254206373,0.275224997173418,-44.99176262464693,-24.622885783307915,0.272095933767994,0.0000105028655833539,0.000155320642987423,0.253453576155231,0.272095933767994,0.047198820588,30869679393.505642,19124540502.31057,2793641288.693563,22130683871.354667,26547944543.031818,10443093252.677801,30136755262.434127,30316594900.376726,30498371083.824466,6410614835.932031,15010583796.569248,30869679393.505642,64.7106784239,24679393792.291569,34021685250.732655,34198005325.609021,18458839634.727491,32839284345.721399,34186375996.910474,10930666498.024626,29559099376.325635,34199431081.474438,34199431035.706212,34199430334.26799,34199402637.479063,34195052262.390169,34153427990.739866,27427074299.707595,31589735035.009372,33683596474.485562,21654983003.392474,34197942611.652608,34185667437.71966,34011291717.117802,24540248877.276683,29460812468.039831,9819066717.919515,32787649654.401098,18364090779.412249,9322095238.085376,32987113982.127762,28817388252.816037,34199431083.688666,30275184759.12357,66791,0.773043981481,207474,40398116233.095905,11118571426.06523227524831065329,210029.9840751,57805.5017734024250530356918,1049,288.711022034915482,207.674751835493,0.03435543905697415,0.03270927406851621,0.27210064,binance-ada-usdt-spot
2023-06-13,50211,8206,1408982,3525722,821,392959,2591038,140,61696,4398360,4388024,4379767,4362258,2084483,24213,3046780,177791,4315256,855354,2757,1378099,7787,2570136,58775,111,3507130,377619,794,1686701824,4152,40590.577552986513,6065409370.26465031395003661509,0.541079827961,0.478995444248,9382701927.921268011321945175715,9614510039.1880610417237259174,8306115375.153192195446710327407,17340698069.0468343683728626840859,0.35616825,0.09771383021413494390075,0.223889,0.061423363067349373379,22977.481994,6303.812241293430387929534,0,0,0,0,0,0,0.539423953423,0.960188429823,0.7946190371567178,0.850014840209,0.7034431502375467,0.000010600397029979031,0.274347391195411,-40.00814362431959,-25.939997986550814,0.275224997173418,0.0000106236782542064,0.000157952614824598,0.255728368990586,0.275224997173418,0.047277266414,30871099817.980471,19055213654.140508,2583332086.597535,22108500262.51719,26521774275.482227,10749707582.0095,30138302008.531985,30317911703.270644,30499828614.460254,6499261597.551649,14967973946.691504,30871099817.980471,64.6445918975,24665985775.186406,34022159112.780835,34198651103.770605,18448340790.454214,32838082025.154217,34187008896.355861,10788773957.665168,29552898876.498437,34200077086.319837,34200077040.551611,34200076339.113389,34200048646.08874,34195696485.864659,34154042190.42081,27418311425.924427,31586622217.714061,33683787734.706688,21637459980.996995,34198585523.91984,34186270886.638258,34011261429.33843,24518159963.184687,29449790811.223841,9783542293.069576,32783943901.283105,18353379888.051566,9366625804.842454,32985159684.408063,28808667816.438544,34200077088.534065,30275904352.365237,64513,0.746678240741,199375,35618089144.078412,9771729836.043501849356598567332,195088.09235524,53521.90919094949839406980364,842.969536,231.266493058806095999296,207.951018740827,0.03429500747666823,0.03242301354412187,0.274802748,binance-ada-usdt-spot
2023-06-14,54547,8183,1410689,3528941,821,393407,2593817,141,61781,4401693,4391357,4383100,4365591,2086886,24251,3049623,177990,4318577,856263,2760,1359352,7469,2557942,57023,106,3500409,368331,767,1686788092,4230,41456.66926713948,5804250010.260383552011266738393,0.5196592822,0.460030554035,8981785800.83639443207250737215,9203388463.2089363354247946518,7951163463.670992498185314043718,17283989930.4992334581996779903243,0.35900427,0.09428031938568135219129,0.220853,0.057999564677283319431,23639.354144,6208.076184630199543829088,0,0,0,0,0,0,0.539158066107,0.895855898939,0.7592729612119107,0.793060183165,0.672149566022744,0.000010463801456862913,0.262616150458827,-45.478932052942795,-28.601202593607198,0.274347391195411,0.0000106003970299791,0.000157950088080198,0.254250956105247,0.274347391195411,0.047339015477,30875414044.079602,19021158361.245799,3366503467.043111,22101649118.378859,26523913557.611663,10768703297.297566,30142779932.016419,30321682502.64769,30502927486.267104,6594002483.847052,14954673237.11707,30875414044.079602,64.6224496883,24648281810.807253,34023085786.188999,34199767227.28071,18439849392.773618,32837689229.626516,34188120390.580927,10823720251.300258,29549447893.48264,34201193584.486222,34201193538.717996,34201192837.279774,34201165132.502847,34196810465.828201,34155126251.858162,27412766975.523347,31584873362.282481,33684261733.534567,21634473008.013197,34199664666.791503,34186823936.104344,34004567192.605348,24390219633.771314,29377852259.317626,9594421779.978814,32747264321.764031,18243766620.937833,9361354675.150374,32984443255.682982,28802972417.750023,34201193586.70045,30276749734.466834,65847,0.762118055556,223003,38177114898.954961,10025926950.387881978962957890747,185581.72064525,48736.75707138097492599812175,768.70088,201.87326595991271866776,208.466213370028,0.03306328238312837,0.032993405951798435,0.275142208,binance-ada-usdt-spot
2023-06-15,63245,8185,1412218,3532262,823,393835,2596446,141,61834,4405164,4394828,4386571,4369062,2089089,24273,3052598,178156,4322031,857148,2757,1358709,7434,2559111,56893,105,3502196,367821,765,1686874539,4116,52696.742954324587,5775081357.910660431827399177297,0.518003894465,0.458579968122,8940702694.035649452424116916041,9161008441.5812932527069969834,7915050833.077266882125344290136,17259914046.1433051044439286604539,0.38146212,0.09971681051020359345012,0.221865,0.057997030383636310365,29437.050322,7695.046546006197613688122,0,0,0,0,0,0,0.539197842377,0.758414731364,0.7543984241298918,0.671411560895,0.6678559929483847,0.000010227527772217211,0.261406848234901,-50.723925030589236,-28.911774269434925,0.262616150458827,0.0000104638014568629,0.000159146401756266,0.242380893782773,0.262616150458827,0.047398975707,30880089821.788912,18962249851.984878,2760389215.464402,22092310882.081997,26525012311.698483,10761805370.688995,30147392434.408135,30325464237.190964,30506308303.8874,6620734124.425723,14925005269.461009,30880089821.788912,64.593148386,24641341250.120772,34023949977.061259,34200824761.526805,18441780062.418631,32837237018.312207,34189170629.705839,10827781109.688414,29545614920.945702,34202251218.080913,34202251172.312687,34202250470.874465,34202222749.494182,34197866157.282595,34156146284.985688,27407179607.976337,31582772425.764408,33684743270.376839,21625946004.55455,34200716347.389779,34187818491.722432,34004603201.243861,24369176288.34366,29367055443.346384,9560209008.535038,32743229782.430916,18230658850.72849,9364810033.501629,32983766972.465337,28798390294.718313,34202251220.295141,30278666708.703736,77169,0.893159722222,248617,45097029113.311085,11788672245.268222809055967177585,192658.09077833,50362.14429731669018576049533,955.864407,249.869501973792641068707,209.111704818441,0.03304595075780964,0.03295298471741377,0.26325787199999995,binance-ada-usdt-spot
2023-06-16,52077,8177,1414359,3535767,824,394409,2599533,141,61888,4408632,4398296,4390039,4372530,2091907,24294,3055977,178332,4325489,858558,2757,1363470,7477,2563925,57150,106,3507412,369594,769,1686960804,4207,42548.689327311623,5806795870.361951565368689249351,0.521693443426,0.461854807711,8994750430.220015220633628561533,9216197075.3989004486610119166,7963045698.005624858816245346811,17241448102.4446012323258929771075,0.36527641,0.09606098960116222449959,0.226089,0.059457256158253324311,23744.428012,6244.348635451922644455188,0,0,0,0,0,0,0.538878720143,0.793319250145,0.7574499429820251,0.702324927303,0.6705698570193775,0.000009987218495755837,0.262981640673599,-44.33367112940772,-29.922955682010308,0.261406848234901,0.0000102275277722172,0.000157110224176129,0.238832958722483,0.261406848234901,0.047484181854,30883889947.311356,18976532787.57891,1894340599.223746,22080613138.957049,26526510445.615878,10822080103.99358,30150894264.390482,30327656346.958618,30510057040.732857,6674967451.509207,14931760022.021078,30883889947.311356,64.5576096348,24629680074.270176,34024494966.540068,34201533345.809363,18431247091.710127,32835807384.559924,34189872625.232474,10841347442.20194,29539665373.79389,34202959592.915439,34202959547.147213,34202958845.708991,34202931114.729843,34198574037.848453,34156828584.32075,27400087172.667525,31579102927.260154,33684861125.182581,21617096222.654918,34201431477.710461,34188586469.41172,34006148743.356311,24376878814.581334,29368853341.24214,9611749101.657952,32746381038.297093,18231942574.521045,9379136729.754579,32981694108.338445,28791739842.302423,34202959595.129667,30279854052.203589,65004,0.752361111111,206295,43113739631.131201,11338121983.769250195939985862399,228682.58401601,60139.32113800845596700031999,912.1014660000001,239.8659399894749016942980673599,209.872232778972,0.03304909578410835,0.03257932865794233,0.26173538,binance-ada-usdt-spot
2023-06-17,48245,8177,1415018,3536361,825,394687,2600095,141,61890,4409177,4398841,4390584,4373075,2092739,24302,3056471,178472,4326037,858972,2755,1371023,7604,2570067,57809,107,3511130,373153,781,1687047459,4291,40770.312747611279,5889023741.103327803064376651167,0.529380354814,0.468790116546,9124324323.091121330272633078656,9348676051.7484350908885070766,8079999614.498176690564244099511,17235857432.3943497787110419832361,0.36457709,0.09725527420289113641291,0.227853,0.060782497312026255147,23194.394454,6187.380541640143776399546,0,0,0,0,0,0,0.538814090831,0.813311967294,0.7664662985136251,0.720224331085,0.6787403841885649,0.000010061106123009097,0.266761891710999,-45.35592491746252,-28.425074431350545,0.262981640673599,0.00000998721849575582,0.000153197351452434,0.240641614371886,0.262981640673599,0.047501361374,30892959233.600805,18972699619.619739,1614208400.232349,22075955839.611833,26538432169.401254,10793384809.299655,30159839438.393631,30336367513.14756,30518520146.358458,6642024579.13616,14938839547.841339,30892959233.600805,64.5420256073,24625688341.238777,34025510281.780289,34202576131.183413,18429598332.285223,32836463100.641742,34190916328.221775,10831623957.846443,29537199134.764358,34204002168.291116,34204002122.52289,34204001421.084668,34203973692.949608,34199616432.563096,34157887832.241576,27398001956.827018,31579068748.22728,33685755620.897805,21612154465.711629,34202486065.290345,34189840966.674274,34009767015.901309,24420816867.999607,29391227822.540028,9641564726.134684,32759434009.716377,18271876676.428473,9372197101.407345,32981700193.587531,28789471087.048316,34204002170.505344,30289182471.579489,63620,0.736342592593,201837,42055205807.801142,11218726257.584424466020326160858,222502.61760639,59355.21918332962869901568361,862.6276909999999,230.1161946934510799971198289001,210.434691575033,0.032805621439639734,0.032917769291810874,0.26301576,binance-ada-usdt-spot
2023-06-18,41080,8181,1415787,3538079,824,394909,2601433,141,61901,4410865,4400529,4392272,4374763,2093848,24307,3058056,178519,4327718,859509,2761,1360983,7416,2563283,56847,103,3505644,368275,766,1687133756,4219,32497.901398435648,5753981352.130563055299638236317,0.51779677857,0.458561947808,8919353689.599347016255196321581,9138584220.5875448649487248426,7898998932.329714728072540443712,17225587448.0917705314924623352145,0.36116977,0.09418114992870371365253,0.228993,0.059713812885346549077,18492.975493,4822.357357134503460337577,0,0,0,0,0,0,0.538476767247,1.140788476118,0.7490203942129556,1.010284743543,0.6633340822755383,0.000009894792005790216,0.260766979275989,-42.76002940671589,-29.217275333859284,0.266761891710999,0.0000100611061230091,0.00015441394122526,0.244008482099227,0.266761891710999,0.047533825174,30895652973.653233,18947475358.90408,1227970407.764014,22065605730.090153,26537034326.696185,10788163320.849256,30162344748.619665,30338809577.83373,30520716754.968391,4463527838.710773,14932818769.374889,30895652973.653233,64.5111916443,24623532973.41518,34025717666.84294,34202880677.646584,18418224401.12336,32835922506.836905,34191216495.089051,10831466703.7504,29534960182.454175,34204306518.356901,34204306472.588675,34204305771.150453,34204278036.260775,34199920534.585267,34158172012.667133,27395353700.258328,31577468979.360208,33685838974.414612,21610921114.121566,34202763222.84942,34189833266.913217,34005878233.033549,24345809181.02722,29352095011.24484,9490627715.587082,32739560293.7838,18207443153.462857,9373742867.680857,32981017307.057243,28787584603.688884,34204306520.571129,30291407885.542208,51203,0.592627314815,163310,29983040008.409813,7818586772.504150758845942880057,207277.13714151,54051.03292536646800083820339,572.305643,149.238413747712559105927,210.801009389657,0.03280031589493138,0.03298568658802537,0.266574651,binance-ada-usdt-spot
2023-06-19,54228,8185,1416885,3540486,826,395188,2603255,139,61958,4413352,4403016,4394759,4377250,2095382,24313,3060244,178609,4330210,860197,2769,1365506,7485,2567440,57174,104,3511969,370123,770,1687220018,4215,44077.999051008304,5798320130.441172690296933734656,0.522440635985,0.462758393398,8989505004.60621979685912966112,9210116238.9673015015667835072,7962567623.647761409153588259104,17206749217.8425254975707888291025,0.35340116,0.09287669647408354041728,0.228861,0.060146530452121982688,25354.413005,6663.34575965721607312304,0,0,0,0,0,0,0.538251025423,1.011117549366,0.7558258580579541,0.895610142956,0.6694823022406985,0.000009814306634137608,0.262808125683808,-45.41416725817953,-28.244064767936187,0.260766979275989,0.00000989479200579022,0.000151598217026002,0.238440735259235,0.260766979275989,0.047574977489,30900932823.707778,18937146544.654081,1492565318.727401,22062940844.596632,26538863488.632181,10912629690.025264,30167239745.154647,30340712029.812697,30525810745.472759,4529671604.134268,14821820049.076078,30900932823.707778,64.5009945205,24619833602.348246,34026867610.95662,34204156568.567008,18411189814.551966,32836131595.920368,34192484256.315736,10738407845.489721,29533648107.171715,34205582421.145662,34205582375.377436,34205581673.939214,34205553943.842242,34201194986.292051,34159422443.673427,27391232459.410617,31576574800.207,33686735227.216286,21609923708.644031,34204054092.792341,34191190208.576372,34008337768.683969,24366931767.584015,29361124163.091468,9508703748.522876,32745768127.006823,18208449202.978365,9354340200.957686,32981139335.948166,28785107207.900499,34205582423.35989,30298026755.944963,71744,0.83037037037,247590,33829481492.845718,8890662623.989854142518594734144,152719.59295339,40135.94997927451771202170912,599.095871,157.447262962418424356768,211.361039744927,0.032753724270082434,0.033160242316105835,0.26092431,binance-ada-usdt-spot
2023-06-20,61945,8193,1417709,3542050,816,395325,2604416,146,61940,4415381,4405045,4396788,4379279,2096438,24305,3061665,178643,4332225,860656,2766,1378519,7685,2577748,58269,109,3518954,376097,780,1687306877,4198,48514.569318723202,5946329716.840896621999189836838,0.537125323085,0.475630658437,9225041129.474963281620834137574,9450901997.4977724638685604194,8168880143.879351214782433263229,17174839340.0972846575969905697923,0.36082286,0.09730630507618934250126,0.225253,0.060745976952033687573,27408.104111,7391.386843352788918149951,0,0,0,0,0,0,0.537306647104,0.866878607401,0.7757985343013979,0.767630988714,0.686978535223732,0.00000952746422805947,0.269678880867441,-45.03415206109465,-25.245125866884973,0.262808125683808,0.00000981430663413761,0.000151475865926027,0.240639894370025,0.262808125683808,0.047598435843,30894100052.257987,18919641604.57264,2177427880.201605,22049667729.686918,26529718266.042331,11166565690.200165,30160162968.930443,30333529033.699931,30518703932.562635,4535411730.485022,14720807567.66212,30894100052.257987,64.4585713319,24624263785.614579,34028727368.054424,34206076301.284344,18379918749.041173,32837317958.124777,34194397914.40989,10961980147.152105,29533174415.841167,34207503009.523186,34207502963.75496,34207502262.316738,34207474518.64499,34203113813.037922,34161329987.711239,27391176786.186713,31577104685.395906,33688440321.481696,21604559076.072772,34205994199.27825,34193447782.43284,34014778308.123127,24443607919.348216,29402499492.480799,9678012398.221374,32768887597.259637,18251818756.293165,9335591965.409597,32982532425.95352,28786346218.288032,34207503011.737414,30291137806.577869,75960,0.879166666667,252489,39460545824.638713,10641675836.406939857151869843433,173043.77324202,46666.25110898718624243107082,780.055615,210.364525267563422731215,212.112203561256,0.032793134620904454,0.03382279073020362,0.26331044400000003,binance-ada-usdt-spot
2023-06-21,56010,8196,1418282,3542727,817,395560,2604843,149,61983,4416083,4405747,4397490,4379981,2096696,24339,3062295,178736,4332933,861113,2771,1410631,8094,2599983,61340,104,3538645,391959,809,1687392851,4259,44355.335289974172,6496056171.907755969684189211302,0.598221807372,0.529803998239,9836922477.942526850388196752697,10077229718.7497954431463219442,8711887121.067071757409123621553,16443603955.4599174778408720739327,0.35884992,0.10318764243010483356096,0.227153,0.065318065393258561289,25750.711267,7404.641992229140799500171,0,0,0,0,0,0,0.536990555265,0.853658551789,0.825595751833012,0.756026791895,0.7311734959515583,0.000009553342179375014,0.287550969581113,-39.97042478685922,-21.80263927820508,0.269678880867441,0.00000952746422805947,0.000150675482029579,0.246796252913591,0.269678880867441,0.047621519099,30898329359.811873,19456064232.9548,4096450155.378545,22590972937.322454,27151870073.559668,11694102892.153684,30164392200.063861,30337489154.253156,30522717748.981192,5049595968.784522,15248935380.767391,30898329359.811873,66.0374846551,24619041114.047757,34030572151.352283,34207891019.137006,18370080515.537592,32838564131.481344,34196208441.585245,10962905490.139018,29532887179.770491,34209317713.780141,34209317668.011915,34209316966.573693,34209289228.641234,34204928450.047227,34163131040.765865,27391394240.415061,31577731126.41566,33690194765.159313,21602364994.412187,34207876941.115176,34196040798.277847,34027932877.184867,24583845525.018777,29510711870.941207,9409435850.663814,32826144707.633587,18342427090.303219,9269616121.642862,32983302436.671598,28784331337.087834,34209317715.994369,30296844881.997881,71759,0.830543981481,223337,40073771467.868198,11523251840.357442258191154144374,197422.35174235,56768.98866049627592520223555,825.355066,237.331649476983512468458,212.841695724209,0.03312706437005246,0.03607087628478026,0.270556805,binance-ada-usdt-spot
2023-06-22,51361,8174,1418421,3542926,816,395592,2604978,147,62000,4416339,4406003,4397746,4380237,2096879,24336,3062590,178712,4333164,861337,2750,1415430,8138,2603034,61736,142,3541606,394124,814,1687497408,4050,48455.384197530864,6525686830.382025019036712824482,0.595651502634,0.527187004754,9933618885.519920145498291775536,10174541809.1231775222474770034,8791843491.485293423355098290099,16676897215.2317519278095376712254,0.38070837,0.11053020189094835748237,0.230621,0.066955674471492184821,26525.475242,7701.081365118429732183642,0,0,0,0,0,0,0.538214824769,0.857636482799,0.8308299402720112,0.759059293119,0.7353339087288009,0.000009692934941297033,0.290327743230201,-36.65958397064463,-21.58956686703502,0.287550969581113,0.00000955334217937499,0.000151797107450655,0.261194555916534,0.287550969581113,0.047625101145,30887966827.829198,19339171485.729409,4210504484.575316,22476966058.348082,27177350549.577227,11701156704.826496,30153953645.19867,30325713139.809309,30512277876.937783,5447631730.060929,15335042208.590594,30887966827.829198,65.6929453967,24620697628.276043,34036415838.077721,34213763423.312194,18415122469.19462,32844058681.983885,34202078288.843351,11031659776.943466,29539041218.187023,34215189958.614108,34215189912.845882,34215189211.40766,34215161449.009552,34210801320.224628,34169001982.998143,27397294654.468646,31582813345.168631,33696093616.135079,21603068475.75298,34213758891.98854,34202011550.607164,34035389120.704837,24608338898.944529,29529979593.493987,10860051118.260519,32839019319.847548,18408236149.814186,9397653827.803487,32988802288.398562,28790096941.886283,34215189960.828336,30282477980.460299,69674,0.806412037037,213778,39894746372.239608,11582551680.993573755480674001208,199928.68204098,58044.84306394613944265563698,741.3557825,215.2361512638847399872825,213.541725699064,0.033133843398147844,0.03611351805681808,0.286205724,binance-ada-usdt-spot
2023-06-23,46307,8186,1419036,3544102,815,395828,2605922,147,62020,4417654,4407318,4399061,4381552,2097657,24344,3063648,178856,4334486,861718,2761,1424950,8267,2610623,62634,150,3548193,398893,824,1687565676,4219,39157.207395117326,6652412851.3887332008883202717,0.607107935039,0.537403370851,10125748522.2456129336153897591,10371238191.320661544171523085,8963169601.62298534005748813695,16678662784.38825771176523326655,0.34989139,0.10354700498971811003475,0.228641,0.067664113620669941025,22696.054906,6716.68002633188027522265,0,0,0,0,0,0,0.537033857441,0.8975527925,0.8434497808247875,0.794501057173,0.7466098352507483,0.000009659148872687178,0.295940420225025,-38.33789641504265,-18.75441057156284,0.290327743230201,0.00000969293494129706,0.000154894268307655,0.264828194491049,0.290327743230201,0.047640774057,30893831281.195488,19324287302.797736,2455827292.648419,22478892360.598868,27159632466.88437,11683573040.37492,30156912884.003995,30331219895.57181,30517243114.16338,5450793953.753549,15265936167.48842,30893831281.195488,65.6979860479,24619181293.246971,34036666774.838785,34214070074.584912,18374880268.971994,32844031416.270017,34202382076.534106,11033990524.635995,29536820720.103289,34215496868.900136,34215496823.13191,34215496121.693688,34215468365.896897,34211107054.526967,34169294738.000293,27394762577.612971,31582327043.248716,33696200191.469806,21598610506.062994,34214083973.143649,34202541887.3595,34038677553.065528,24646723856.131384,29557693069.737682,11136287278.512378,32854452776.219437,18405571426.331082,9399245197.199737,32988467574.620168,28787640041.556427,34215496871.114364,30287074657.823478,64866,0.750763888889,203547,38120873955.278974,11281507457.67047044451573112435,206540.50011004,61123.682396052059854061751,547.3749085,161.9903604421246087852125,214.329974945083,0.03316242269791278,0.03641421882788676,0.289911596,binance-ada-usdt-spot
2023-06-24,57476,8189,1420338,3546717,813,396150,2608461,145,62017,4420071,4409735,4401478,4383969,2100073,24343,3066249,178901,4336905,862431,2766,1416203,8135,2605750,61654,129,3544135,394079,810,1687652213,3955,48427.36788874842,6510543543.134192405856489142662,0.594403744636,0.526241400093,9910602339.399147657300675866784,10150590458.7781567550944863804,8774119103.24957463309275387829,16673182880.8950415927125211673674,0.3475621,0.1006693804855799002326,0.227937,0.066020652366128601822,26377.182521,7640.000516006022051783726,0,0,0,0,0,0,0.536621309373,0.934718478833,0.8230300074498781,0.827531060215,0.7286502942616732,0.000009481297051696168,0.289644298056606,-42.26333970706413,-19.161284695402028,0.295940420225025,0.00000965914887268719,0.000156451688539821,0.271610638918054,0.295940420225025,0.047694882706,30899604035.899293,19300423242.785643,2043230832.307606,22477720386.064077,27152537808.757727,11647107558.504092,30162603327.067645,30336665577.104137,30522966929.334162,5400606363.950841,15264317392.09799,30899604035.899293,65.6927129167,24615420096.180472,34037373176.212824,34215032789.553034,18361281198.106237,32843523254.603169,34203342772.549831,10958763532.150388,29533550315.572833,34216459309.759836,34216459263.99161,34216458562.553388,34216430808.88576,34212069764.282224,34170246794.614004,27391474223.69044,31580169142.802211,33696549954.578166,21596000483.416098,34215023907.476741,34203249581.737564,34035951859.291324,24596853155.481365,29521073522.045974,10407654873.467441,32836404427.130301,18350949102.309279,9393445609.20979,32987744695.934762,28785814734.739759,34216459311.974064,30292738928.818215,75892,0.87837962963,254194,36606165478.509247,10602767104.566773536900100435682,156953.58185434,45460.71004367036200776677004,432.11388,125.15932145311647829128,214.996547199285,0.03316636480126068,0.03647116561939269,0.296780926,binance-ada-usdt-spot
2023-06-25,66808,8179,1420330,3543256,812,396212,2607185,145,61970,4413915,4403579,4395322,4377813,2099422,24332,3064460,178894,4330719,862661,2763,1420072,8179,2607009,61949,143,3543139,396082,812,1687738578,4102,51905.472696245734,6564052226.772889645393374644064,0.599555586732,0.530671086299,9994293998.732996129868316005536,10235874059.6674573998707702592,8846023572.247970704735383029344,16669503578.8331659285157411648509,0.36553597,0.10676495731915517685536,0.232205,0.06782193531951021904,28401.779262,8295.530397994748963749056,0,0,0,0,0,0,0.536766439916,0.901919851338,0.8272508181761552,0.798295934282,0.732205820508722,0.000009586556616665258,0.292077842077088,-41.36118326786635,-19.450909967636814,0.289644298056606,0.00000948129705169617,0.000154385842454474,0.265769639348301,0.289644298056606,0.047700335837,30894123303.984254,19287742460.224844,1460340835.69237,22473639835.508103,27149853815.112198,11570824117.822141,30157212818.515702,30331197252.195626,30516972604.275452,5413238985.345637,15257093791.779024,30894123303.984254,65.6779981418,24616860077.903644,34039055307.200538,34216493289.594843,18367026991.91951,32844863431.640021,34204821160.753763,10972349575.199085,29533586826.853695,34217912344.916869,34217912299.148643,34217911597.710421,34217883814.791988,34213539599.567411,34171754693.769589,27393278512.043848,31581368219.174992,33698314210.62764,21601259748.761359,34216492889.139036,34204815136.778313,34038967000.870531,24616860077.903644,29532868024.353385,10903889914.373665,32844418465.632693,18367026991.91951,9407031652.258487,32987097223.495685,28784889904.666679,34217912347.131097,30286527417.965663,77699,0.899293981481,262044,37938972400.240733,11081133189.284513079527943625504,156682.84735181,45763.58794501044693067632928,679.476615,198.46006345104432329712,215.733681333261,0.03314399699831752,0.03641237113674819,0.28936773600000004,binance-ada-usdt-spot
2023-06-26,51748,8191,1421111,3544021,813,396537,2607979,145,62041,4414597,4404261,4396004,4378495,2100223,24344,3065361,179048,4331396,863235,2765,1399513,7918,2593819,59995,105,3530369,385819,792,1687824950,4044,46126.461424332344,6293924865.145809786915691102901,0.575900406314,0.509725757416,9584370199.64503700195232645919,9815882129.0586736924654042698,8483064616.406994422916752382979,16642409164.1068620250169037868836,0.35930442,0.10063882833015982829874,0.23091,0.06467638736455623327,24974.890741,6995.304265525030799310377,0,0,0,0,0,0,0.536339701378,0.989635579774,0.7916415856649098,0.875920106908,0.7006768921007493,0.000009257487520572042,0.280093488218597,-42.921342986066016,-23.60199650418743,0.292077842077088,0.00000958655661666526,0.000153741288565587,0.267508019233442,0.292077842077088,0.047729343748,30895572624.33622,19270418182.338739,2345374516.000087,22470800393.023633,27140609691.493541,11557869931.053159,30159731171.97652,30331621637.0677,30518261494.001247,5447460262.82984,14985219632.522972,30895572624.33622,65.6686327223,24611092584.030143,34039613326.432327,34217049556.826996,18352723169.197376,32844856529.975108,34205376332.199358,10955037206.922944,29530965397.870876,34218468483.440042,34218468437.671816,34218467736.233594,34218439948.334325,34214096668.221132,34172311987.8831,27387037245.431635,31580334976.040571,33698703967.846236,21592146354.986097,34217001804.159732,34204881283.990262,34032063957.704481,24515665249.294339,29459403550.236735,9572133509.93141,32807386978.419509,18279224578.296305,9389719283.982346,32986333325.816645,28779192166.042184,34218468485.65427,30286547075.262407,69509,0.804502314815,222902,34576837358.104278,9684746987.198525208711184857966,172502.45716481,48316.81495357074338613597157,733.01086,205.31156867951365496342,216.391822694599,0.033106821530994666,0.036778801145437114,0.292205156,binance-ada-usdt-spot
2023-06-27,53996,8190,1422436,3546814,810,396869,2610133,140,62040,4417372,4407036,4398779,4381270,2101999,24325,3067826,179121,4334176,864003,2763,1411730,8069,2603468,61184,107,3541036,392083,799,1687911233,4239,51343.639301722104,6430172169.76834779916189253425,0.588621351394,0.521149295228,9789303887.69055926424807710775,10025470392.112915124878290525,8667182747.901980201102189798,16630901791.9806390290935011205401,0.36412991,0.10416811133492062835375,0.233085,0.066679565626729138125,27961.900276,7999.1735397026732750485,0,0,0,0,0,0,0.536099901159,0.868733553707,0.8072477615745487,0.769153001643,0.7147151577549005,0.00000932837642317415,0.286074031476625,-41.17149826565206,-25.307340072756258,0.280093488218597,0.00000925748752057205,0.000150785025193077,0.256785735546095,0.280093488218597,0.047775731407,30905795318.347196,19122133795.719898,2776291474.658693,22477301195.700298,27148513249.039464,11655445388.67751,30169805351.366655,30341517788.649494,30527926871.578883,5568172657.334802,15043702218.318757,30905795318.347196,65.685693728,24609832113.981417,34040499745.344321,34218058657.20128,18345058513.403358,32844595509.8725,34206378240.671786,10800964525.789425,29528139551.291835,34219477512.613746,34219477466.84552,34219476765.407298,34219448982.350277,34215103925.16118,34173287640.996384,27383047726.617606,31578574055.006125,33699258550.408985,21590206824.375072,34218038663.089728,34206147655.619315,34036794319.651257,24567986150.542551,29498530498.025613,9661169748.030785,32828041465.080621,18306873955.400263,9410702544.198217,32985915754.643669,28777832687.386172,34219477514.827974,30296992366.502768,76791,0.888784722222,249221,39390072328.611276,11268476791.2016775809979054235,168513.10679574,48207.2238177083949544595775,843.927604,241.4257719506887182565,217.138528254053,0.033113083328318686,0.035883949274809944,0.28055610000000003,binance-ada-usdt-spot
2023-06-28,54372,8198,1422797,3547925,810,396928,2610856,140,61954,4418825,4408489,4400232,4382723,2102402,24324,3068685,179091,4335596,864288,2766,1379348,7646,2581386,57959,100,3522988,375547,764,1687997662,4149,52784.615087973006,6004350521.360146219030189918544,0.550887271667,0.487734042539,9144585381.168697189970459421664,9364973554.7645765927092102176,8096258208.688849115919499583968,16599739822.4417195714993675244795,0.37206583,0.09942601191341275833712,0.233854,0.062492087999586597856,28758.828281,7685.133577793203309456784,0,0,0,0,0,0,0.535818579254,0.820270846511,0.7512902443738136,0.726235722845,0.6651629958691431,0.000008876778911404484,0.267226936462864,-42.99579924270284,-29.507569868302127,0.286074031476625,0.00000932837642317416,0.000151446535791244,0.261168767737399,0.286074031476625,0.047791114161,30905939648.097765,19100076504.338088,1736664111.771324,22469106598.445621,27145805701.074259,11603449223.613229,30169752625.012899,30341582534.978742,30527862355.39071,5408069586.519658,15024627964.568441,30905939648.097765,65.6601723433,24612094221.028822,34041277953.350547,34218878820.786862,18335871419.489481,32844805923.276859,34207194654.269962,10787920283.714244,29527069550.653525,34220297929.613098,34220297883.844872,34220297182.40665,34220269367.191589,34215922667.73481,34174086589.104516,27386103721.81413,31578104126.488891,33699982286.688188,21587487276.347527,34218789849.928501,34206140001.719171,34025739941.774336,24414811757.996489,29384255047.703795,9398951424.777436,32768368191.756321,18170465100.621348,9398951424.777436,32986396392.608329,28781333783.610159,34220297931.827326,30297313271.837662,77295,0.894618055556,244667,41718291071.044893,11148251117.381380153145971353552,185968.75554504,49695.86082211229126403939456,846.734947,226.270385882855516508208,217.943755893481,0.033508871929247,0.037436718023598624,0.28671433500000004,binance-ada-usdt-spot
2023-06-29,56385,8202,1423172,3549007,812,397124,2611566,140,61964,4420105,4409769,4401512,4384003,2102927,24327,3069550,179154,4336870,864621,2776,1394089,7825,2591996,59229,102,3531364,382616,786,1688083997,4148,58505.941417550627,6185159176.235381757333691775352,0.568184934726,0.503030762234,9432662200.90215800545048411458,9659723928.4525448868652761768,8351012085.72004514864233084554,16601394412.9869423322337273893757,0.39275345,0.1082576014811368470594,0.235708,0.064969977297247940016,31379.429794,8649.349370054328249966888,0,0,0,0,0,0,0.535777844735,0.866668432855,0.7748455433996865,0.767286944336,0.6859934512314267,0.000009048929134864525,0.275637557050452,-40.63365517111431,-27.091925840250937,0.267226936462864,0.00000887677891140447,0.000146052098415361,0.244897867292872,0.267226936462864,0.047808038225,30903228357.580061,19051823552.342618,2058127836.272264,22439464499.764326,27140155322.317312,11422147053.687037,30166014015.131759,30338472985.703319,30525032305.492682,4889153041.631208,14910928143.231085,30903228357.580061,65.5717234912,24612206021.232559,34042159031.445967,34219832059.675061,18334988447.109477,32845314423.116021,34208143983.818163,10790162670.994295,29525991956.945178,34221251636.493437,34221251590.725211,34221250889.286989,34221223067.865399,34216874896.111022,34175024650.660956,27384704850.815133,31577945500.312734,33700830782.074174,21593192493.181938,34219769942.102014,34207454253.70532,34031915935.784592,24479362209.57736,29429603234.420398,9473913474.454938,32794205576.662962,18243425966.796296,9400263934.951649,32986712710.110661,28780457569.0536,34221251638.707665,30297076258.702645,79896,0.924722222222,273582,39485979114.278063,10883818820.804775722285647834476,154540.33003022,42597.11903530044570322465944,743.4980290000001,204.9359803853861431228637050452,218.629391716595,0.03358554447650908,0.038211885522497026,0.26687331000000003,binance-ada-usdt-spot
2023-06-30,65084,8206,1422976,3549276,818,396750,2611627,141,61975,4421226,4410890,4402633,4385124,2102867,24359,3069860,179024,4337996,864326,2778,1414662,8103,2606230,61287,108,3544541,392896,810,1688170618,4226,51499.049219119735,6440169681.492771817915594871798,0.592952584732,0.524790097534,9827723991.822879738110814730246,10062898297.1858128461286668978,8697984231.804662833460726115041,16574215620.0608518806208166645611,0.36416659,0.10456753260743166522203,0.23117100000000002,0.06637890938977292664984052842034,29488.025208,8467.251313379151316996536,0,0,0,0,0,0,0.536213113526,0.89976471594,0.8071386616802094,0.796332835364,0.7143545502514868,0.000009419278509912216,0.287142026421017,-36.44122960324975,-23.25609109170807,0.275637557050452,0.00000904892913486454,0.000148737972436469,0.253663230734905,0.275637557050452,0.047803663236,30898284545.480812,19023375207.785091,2549202110.717677,22428516514.158694,27130783872.213259,10424991300.251282,30160830964.408574,30333284940.225563,30519770123.150917,4746303861.034627,14881784202.690139,30898284545.480812,65.5306323911,24617096980.138741,34046867462.008398,34224582705.734861,18352431882.608412,32849819099.364369,34212889697.328597,10818741203.449043,29534029552.972128,34226003464.84061,34226003419.072384,34226002717.634162,34225974901.122784,34221625998.651076,34179759995.072275,27393887633.887431,31583890790.737176,33705486634.404978,21597003958.602278,34224566346.703616,34212703289.103989,34043996222.418503,24581535459.942703,29510277780.476616,9679177820.30539,32836515042.892332,18324756630.805701,9394380169.359273,32992662461.229633,28788261704.626776,34226003467.054838,30291575009.822473,80974,0.937199074074,263064,38038837110.100202,10922548770.493154148872308745434,160628.74299959,46123.26276636302126079838303,730.4180575,209.7337211650529143144775,219.228747934145,0.03370322564432308,0.03934853745678678,0.275161472,binance-ada-usdt-spot
2023-07-01,48943,8196,1423700,3550835,817,396817,2612969,141,61953,4423135,4412799,4404542,4387033,2104000,24351,3071376,179042,4339889,864662,2774,1423250,8191,2612685,61906,139,3550616,396550,817,1688256946,4226,45080.342877425461,6544331184.598937679713217966267,0.602953111959,0.533620403164,9989336966.469713038929656539682,10228111161.0743162578375546314,8840677514.832832506574728864834,16567352864.3330845030395715512853,0.36956575,0.10786010345455738558075,0.233789,0.068232799512772805969,24729.861896,7217.566732088881767909416,0,0,0,0,0,0,0.536268155441,1.068113071922,0.81989879705449,0.945292290162,0.7256198167994891,0.000009543499387385294,0.291856329907621,-35.150732387214134,-19.97077372281388,0.287142026421017,0.00000941927850991221,0.000148423150375842,0.262923149895019,0.287142026421017,0.047830468262,30897996419.315803,19013725623.881345,1927452488.721715,22423125743.650527,27128576593.282956,10372021227.331642,30160497911.03249,30332821864.233346,30519301413.968116,4571786435.655719,14875769662.339001,30897996419.315803,65.5131687575,24615994341.808416,34047654417.415411,34225477218.247563,18354795699.590798,32849884129.921658,34213781366.999741,10826440519.997601,29533295054.759401,34226898450.293414,34226898404.525188,34226897703.086966,34226869871.150891,34222520440.114954,34180636700.661932,27393709484.19107,31583651096.950673,33706035377.166602,21598367133.290109,34225476468.257715,34213771641.505889,34047500316.432233,24614282015.989271,29531685590.305983,10757980859.172181,32848969786.095926,18354795699.590798,9402420101.98655,32993104602.711542,28789480275.090748,34226898452.507642,30291196759.827354,66916,0.774490740741,216033,32044265117.854645,9352321611.883856995830555749545,166847.79446647,48695.58494616500985008196787,677.40085,197.70372595730288687785,219.540040376724,0.033701147712792034,0.03947507998511542,0.286839751,binance-ada-usdt-spot
2023-07-02,51322,8197,1424958,3553023,816,397091,2614776,140,61959,4425766,4415430,4407173,4389664,2105703,24358,3073259,179150,4342499,865319,2775,1424169,8188,2614317,61889,138,3552691,396700,816,1688343278,4161,45625.394857005528,6543251494.106517759248298240573,0.602830367533,0.533670954041,9983577957.569643957998202657716,10222054935.3345491440938141654,8838216951.753118794150612159117,16561172919.0537120177773943245323,0.3672587,0.1071233093299008007897,0.2323575,0.0677748528424852163325,24579.890322,7169.548860949083026626182,0,0,0,0,0,0,0.536147010725,1.033205671052,0.8196275062893397,0.914671665343,0.7255961490957331,0.000009533943038805308,0.291683517177131,-36.04200781430001,-22.850582254807293,0.291856329907621,0.00000954349938738529,0.000151760701414286,0.267327686814217,0.291856329907621,0.047874213386,30907494046.183974,19024312768.702239,1262140519.076567,22432709113.737783,27135605348.530577,10358001173.271102,30169938812.34754,30342178875.630574,30528639368.023001,4495037133.551635,14904796927.1424,30907494046.183974,65.5401452457,24611602086.753943,34048081458.698058,34226010768.101442,18350935733.673615,32849253957.220851,34214310741.591002,10793140732.218304,29530342134.308362,34227432710.436808,34227432664.668582,34227431963.23036,34227404110.862378,34223051278.033416,34181162129.606748,27390708794.529374,31582182600.475746,33706111234.002105,21596235207.141712,34226009630.808446,34214295018.052066,34047811170.255543,24608518677.222397,29527944265.205762,10724681071.392884,32847914615.121028,18350935733.673615,9403609959.466074,32992454531.78539,28787496607.603554,34227432712.651036,30300707552.103207,66928,0.77462962963,215104,33127414678.06079,9662720828.28208605633801579349,173240.12905499,50531.29015897956689946943369,654.814024,190.998457617230270885144,219.957741491452,0.0336984899216705,0.03864134997324395,0.29237076,binance-ada-usdt-spot
2023-07-03,61885,8187,1424602,3549959,814,397223,2611562,141,61969,4422185,4411849,4403592,4386083,2101913,24359,3070135,179177,4338884,865616,2777,1430762,8268,2616438,62606,143,3554008,400427,823,1688438569,4168,50727.748560460653,6639048757.562633515012964969551,0.612921013478,0.542730624327,10130440353.770945470667304050931,10372014946.3091025338280955902,8970324229.405660595867289835549,16528133529.4521885251866195158207,0.36421389,0.10779368427325083426867,0.233854,0.069212034285778613762,28102.744075,8317.360774001564201004725,0,0,0,0,0,0,0.535681024029,0.980720253228,0.8302905254039025,0.86841029043,0.7352074497634405,0.000009505674819049266,0.295962584714303,-34.99726694181187,-21.202475213665235,0.291683517177131,0.00000953394303880531,0.000150694300595227,0.267210973170963,0.291683517177131,0.047857191732,30915388185.760848,19050482231.236435,2315377385.480954,22432054254.328817,27140832614.068821,10865144214.590214,30177613008.739546,30349870999.118697,30536292971.981223,5075608749.646509,15042156901.595072,30915388185.760848,65.53563839,24609157442.947925,34050058379.226081,34227366112.068889,18335711819.159804,32851184900.639201,34215664480.560285,10811947189.570676,29530891586.905103,34228787273.549049,34228787227.780823,34228786526.342601,34228758645.557097,34224406330.838543,34182471785.245629,27390910741.739887,31583306913.424615,33708366154.099125,21597637510.658202,34227379869.994873,34215830267.232493,34052153143.427007,24636698224.366116,29552548819.250571,10880243895.314722,32862080152.286396,18366388438.164156,9386890695.618668,32992938239.86004,28785691873.667831,34228787275.763277,30308980569.502883,77160,0.893055555556,255109,34901682883.671037,10329592277.130228305334480742211,153983.58382917,45573.37947365270365520761851,510.27585550000003,151.02256111108219529009404142909,220.593856241898,0.03344009367431953,0.038872484297267265,0.29157084000000005,binance-ada-usdt-spot
2023-07-04,58990,8189,1425297,3551794,814,397334,2612760,140,61968,4424193,4413857,4405600,4388091,2102945,24360,3071555,179216,4340890,866044,2789,1427048,8205,2614020,62125,142,3552668,398182,818,1688516029,4105,52462.759561510353,6578728342.393888909047306349027,0.607811077887,0.538242995143,10038469451.511262322512150123059,10277569979.3772475477847043594,8889498827.52980224699866522311,16515772444.30490918773893999922,0.36674146,0.10755339646502926298986,0.228033,0.066874696021851518853,28634.072905,8397.446516027986580546605,0,0,0,0,0,0,0.535427856432,0.957618078262,0.8210959551813224,0.848012221888,0.7271159778022699,0.000009521692336056648,0.293267623641541,-37.35882668061341,-22.453396741695705,0.295962584714303,0.00000950567481904925,0.000151449189303856,0.271122959823155,0.295962584714303,0.047883804884,30916556233.259847,19052939776.310538,2449643088.574676,22432508098.592647,27139069395.997282,10905476174.775645,30178551475.485788,30349783870.355035,30537409435.897678,4281137642.421372,15055583107.843426,30916556233.259847,65.5351732071,24608110632.942661,34050906523.87324,34228301663.048471,18327547083.240515,32851328535.021246,34216593241.70349,10775121286.484421,29530227166.088812,34229722757.026371,34229722711.258145,34229722009.819923,34229694127.259,34225339154.15414,34183388713.934241,27390249915.487113,31582979948.678577,33709084286.469554,21601514969.600691,34228304648.701798,34216636294.876696,34051504731.772609,24613575884.619556,29535589558.512409,10843557024.670924,32854225521.148543,18341221547.347891,9383937039.287275,32993356948.447138,28786230074.363777,34229722759.240599,30311899817.46971,78077,0.903668981481,262608,35744649705.607318,10482748477.062766238050138397038,147020.76512003,43116.43041271235646455916623,552.251962,161.957620547118601953442,221.140309810866,0.03344647883345901,0.03877208618430296,0.296726703,binance-ada-usdt-spot
2023-07-05,79342,8194,1426077,3546739,815,397500,2612868,138,61980,4415388,4405052,4396795,4379286,2103873,24362,3071077,179270,4332094,866560,2781,1411591,8004,2603530,60624,102,3538866,390224,804,1688602376,4142,58128.761467889908,6379184332.60298859525345365298,0.590140701717,0.522628791116,9736999817.32086010675372801914,9968267233.047659426135056188,8623090101.76707517280139044832,16499454772.3839134090856298762059,0.36236017,0.1030703627388669048894,0.227861,0.06481318276244586102,31994.591485,9100.5977562070697607927,0,0,0,0,0,0,0.535143441024,0.839908011342,0.7939395787693492,0.743822799104,0.7031131407549758,0.000009326625157669608,0.28444175511582,-37.68188235924059,-19.180419695637752,0.293267623641541,0.00000952169233605665,0.000151295168226435,0.269535140726145,0.293267623641541,0.047917625874,30917916925.194397,19055488538.550607,3086152230.49376,22427031959.514839,27137501546.722209,11003308625.955382,30181080856.402504,30352190730.52349,30538175551.16243,5164307674.510132,15101457116.545262,30917916925.194397,65.5148860253,24605354160.480155,34053207884.169411,34230553456.801588,18319010812.505588,32852831962.414263,34218886438.944324,10683423051.324687,29530470837.092314,34231963632.506399,34231963586.738173,34231962885.299951,34231935011.682761,34227621327.945499,34185728348.815498,27388544870.543226,31583809978.423642,33711223941.49497,21586587195.593174,34230526104.84712,34218562120.421414,34048176885.76483,24539325319.53505,29483332078.320527,9437711668.026524,32827549934.555425,18280781126.566974,9364958531.124408,32991770766.895065,28781302227.314425,34231963634.720627,30315837765.295376,88295,1.02193287037,291468,40756800950.173958,11592935995.17360085486543781556,150986.66797428,42946.9128376937739461811096,550.933603,156.70852098960239489946,221.945792140074,0.033424264628622115,0.03714062146849776,0.292361988,binance-ada-usdt-spot
2023-07-06,49854,8195,1426560,3547581,816,397698,2613676,137,61997,4416971,4406635,4398378,4380869,2104533,24356,3071998,179397,4333671,866953,2780,1405141,7928,2599728,59988,101,3533960,387101,798,1688688759,4179,53416.523570232113,6283838566.147608514874390992196,0.582067428852,0.515526006414,9591865611.942779889815000682344,9819376125.7013838847318076904,8495332203.57663030136156088968,16478959544.0160705254663733363219,0.39893372,0.11177851098652326045232,0.233854,0.065524297891495385624,28892.774773,8095.558686778652360032388,0,0,0,0,0,0,0.535018736825,0.953167628926,0.7808483091438341,0.844202366987,0.6915824361132163,0.000009346087847671874,0.280193188448756,-39.35284768087077,-20.755963008368028,0.28444175511582,0.00000932662515766963,0.000148755260901509,0.262139125999058,0.28444175511582,0.047938886218,30921280416.266765,19052457230.764468,3196269563.166366,22426807021.744741,27134525461.791892,10924156059.042346,30184035973.471888,30355280714.643142,30541425577.644036,5135312538.060034,15077480229.01143,30921280416.266765,65.512162288,24602541712.652622,34054229684.279966,34231632364.799178,18315319697.48596,32853392178.258073,34219963166.602725,10643944906.805476,29528327264.481224,34233043509.823246,34233043464.05502,34233042762.616798,34233014883.253164,34228701067.557902,34186792554.771586,27385409901.794199,31583896957.147132,33712170753.813541,21581292119.078023,34231584700.06626,34219475538.366261,34046742781.451066,24509259030.364176,29458060933.789567,9398300951.18437,32816346858.154993,18252335969.351576,9362063026.792254,32992220764.737149,28779378133.653092,34233043512.037474,30319552914.93578,72425,0.838252314815,229705,35915029500.741686,10063146629.043946343469804042616,177406.0670426,49707.9715748198628305690056,801.105141,224.464203739480246654596,222.649523631067,0.03344023137523128,0.03710000599866447,0.283897161,binance-ada-usdt-spot
2023-07-07,58388,8212,1427696,3549821,816,398008,2615770,138,62046,4419876,4409540,4401283,4383774,2105970,24365,3074255,179520,4336580,867720,2782,1413259,8022,2606479,60690,103,3541959,390768,805,1688775148,4158,51694.782828282828,6378064959.117732866741102518654,0.59064656874,0.523185230498,9738976802.965156605112872550387,9969873187.9367985523504872618,8626629008.171276079203234565956,16488670752.3595150962227764601811,0.36058927,0.10258316901098921673179,0.233657,0.066472514619197369389,28449.412013,8093.504392942269057265201,0,0,0,0,0,0,0.534694830072,0.986925934338,0.7914781894542882,0.874203118698,0.7010786499052379,0.000009379778378821048,0.284487580595477,-40.51793487097047,-11.614331186559173,0.280193188448756,0.00000934608784767185,0.000151098411311685,0.257457105240082,0.280193188448756,0.0479814752,30924379848.420435,19051587196.429273,3585970047.834141,22419484695.140102,27136482187.644327,10900332696.864624,30187648171.947622,30358404957.178356,30545304567.952566,6961043072.511817,15076616190.612447,30924379848.420435,65.4900929344,24599045233.414132,34054485568.419669,34231986441.568984,18304421359.411577,32852697744.396857,34220314738.671744,10684907777.746075,29525464040.243651,34233398807.603603,34233398761.835377,34233398060.397155,34233370184.388242,34229055657.809671,34187101887.588531,27380131484.667919,31582227984.365737,33712214004.079937,21571247924.971538,34231959128.103038,34219992061.863509,34049471811.709362,24533018580.698685,29478328813.973732,9474427336.553184,32827541600.728739,18266191673.472963,9365582935.959128,32991471213.384205,28775711035.723187,34233398809.817831,30323394048.043828,78897,0.913159722222,254718,34686897586.479483,9867991572.740638552425183098391,149791.66635538,42613.86875480696828670261626,461.990288,131.430499291727630727376,223.25815695311,0.03315507497914022,0.03353501346564863,0.278411136,binance-ada-usdt-spot
2023-07-08,54710,8213,1428753,3552113,818,398285,2617453,138,62072,4422089,4411753,4403496,4385987,2107348,24387,3076272,179654,4338786,868481,2785,1425993,8182,2615680,61836,133,3551003,396917,815,1688861663,4324,52656.938482886216,6506227822.73008281692100188422,0.602802778385,0.533853577859,9939418376.63585748178609938721,10174962193.446243827043833358,8802537500.60243412618960333558,16488673796.8606814871784866577631,0.36975368,0.1073541868644653961016,0.233854,0.06789710927286157298,29405.03092,8537.4489961562054545004,0,0,0,0,0,0,0.534563644783,1.120095413591,0.8073256928435053,0.991977750485,0.7149829514330297,0.000009593688471203796,0.29033973878087,-38.163975535872694,-10.069135646892162,0.284487580595477,0.00000937977837882102,0.000152187121369956,0.259696091581179,0.284487580595477,0.048029639075,30920757149.190431,19028030318.012227,3408069558.781355,22409015899.957706,27129928645.913883,10871082050.542523,30183638271.46296,30354489772.155042,30540813364.702879,6582397388.600604,15068980823.799013,30920757149.190431,65.4588384973,24593163757.32597,34054749609.71914,34232338866.689865,18300118808.223641,32851862128.766346,34220659542.225932,10686259008.886111,29521778410.188703,34233751183.108355,34233751137.340129,34233750435.901907,34233722553.154839,34229406293.922387,34187428007.123374,27376121828.760487,31580567048.196076,33712302086.296058,21566672347.810882,34232335055.150684,34220598654.744769,34053801947.866808,24582518456.635681,29513675286.525604,10514444214.817561,32847165092.194049,18289788974.41014,9367001815.761231,32990479554.502228,28771589443.091411,34233751185.322583,30318059586.207834,79526,0.920439814815,260331,30563245568.131898,8873724734.54699798154987919126,134075.62688444,38927.4824865097006419726628,550.7097295,159.892919007113577474665,223.882462661389,0.03273232176714696,0.033810519054914154,0.284439816,binance-ada-usdt-spot
2023-07-09,56267,8227,1429661,3554409,817,398534,2618870,139,62124,4424313,4413977,4405720,4388211,2108563,24415,3078201,179765,4340986,869108,2794,1414978,8033,2609370,60751,104,3546473,391184,806,1688948062,4208,49105.745247148289,6368799479.215734233471591552016,0.590723367562,0.52328453577,9735136333.538894416558218862476,9965603785.9820585812570204056,8623742646.19797348733009190952,16480025792.2975743754654104028105,0.36425173,0.10358071798883323942332,0.232249,0.066043662091017470316,27052.975634,7692.939824621096817325656,0,0,0,0,0,0,0.534138110384,0.969841991228,0.7904446200226579,0.859121788671,0.7002049838442475,0.000009427565904084686,0.284365754388684,-40.563265969115726,-3.0971035628968635,0.29033973878087,0.00000959368847120378,0.000155756934718711,0.265010343908836,0.29033973878087,0.04806930837,30928877012.053445,19035946452.30756,1286556142.583773,22396506544.562924,27133419896.964362,10852697975.912562,30190908151.421111,30361389262.080728,30548760526.945967,6571570991.543783,15084054497.326503,30928877012.053445,65.4207528381,24590749995.924672,34055468043.926159,34233146980.90255,18285982912.076927,32851676003.985887,34221457981.469294,10707533025.771171,29520123720.46916,34234559480.755261,34234559434.987035,34234558733.548813,34234530826.627378,34230212857.144,34188213042.285399,27372902030.974626,31579554809.629174,33712827097.449977,21565020357.911532,34233119408.336955,34221127962.247532,34050367943.885996,24523330358.519905,29472391246.79233,9497131239.283381,32826133335.94999,18247753226.138313,9352421453.757046,32990222733.535892,28768532892.752291,34234559482.969489,30326234833.50478,74270,0.859606481481,252937,35299110362.926288,10037858147.602946945844793324992,152967.73708688,43498.78595384050662939686592,550.2276395,156.465897791922362831418,224.562156806795,0.032737544685318885,0.029251419883633133,0.290755233,binance-ada-usdt-spot
2023-07-10,77291,8229,1431047,3549077,817,398884,2616177,140,62166,4418392,4408056,4399799,4382290,2108909,24422,3073476,179959,4335072,869952,2790,1424087,8139,2611786,61581,110,3545509,395588,812,1689034474,4182,63262.918220946915,6448079487.15808246498238770517,0.598002557234,0.529718442763,9854350887.206452633049180274377,10086822273.3048683897011979718,8729112180.647814834631222641534,16478777169.0983975875119136286175,0.36300638,0.10448219896526685464026,0.233854,0.067308955167188838458,34247.83658,9857.37296320109947877566,0,0,0,0,0,0,0.534120914334,0.992894464368,0.8009112465566676,0.879518830029,0.7094575987762027,0.000009469582233457512,0.287824690478627,-37.75844296306745,4.2177100166490895,0.284365754388684,0.00000942756590408471,0.000152668714075495,0.259724679329929,0.284365754388684,0.048112214317,30934953757.33588,19042377848.067298,2617904984.337607,22402801776.44071,27134799703.204494,10851617186.934709,30196076576.690494,30366616200.987476,30554605015.90947,6579699297.274757,15091111680.223433,30934953757.33588,65.4338328416,24587626964.876245,34058623624.960415,34235925479.610988,18286877672.965221,32853527331.770512,34224281346.000357,10712278122.800447,29518552386.372886,34237336867.043023,34237336821.274797,34237336119.836575,34237308219.973596,34232995453.851653,34191232115.149869,27369688953.15042,31580436628.476069,33715683821.012805,21562654193.319838,34235913173.913258,34224129886.157811,34056222934.399507,24556576899.75496,29498378445.507298,9676421869.280573,32842160770.053914,18269597781.586563,9320009865.149015,32989275149.045368,28762125317.428859,34237336869.257251,30327878286.369642,94345,1.091956018519,318721,34482352453.294986,9924872421.844553731667559264222,120882.29358778,34792.90873624929582123837806,511.46656,147.21270432216810521312,225.249330086532,0.03275045771254248,0.027071840089115066,0.284439816,binance-ada-usdt-spot
2023-07-11,70400,8227,1431978,3552320,818,399163,2617289,140,62167,4421598,4411262,4403005,4385496,2109950,24417,3074732,180045,4338276,870533,2788,1432945,8235,2618046,62232,143,3552681,399619,821,1689120833,4206,60815.744412743699,6557062257.563042488866958030528,0.608302611133,0.538878216531,10020783892.969277993638767394188,10256967273.5188613587442886024,8877131305.474515145646125341528,16473353409.2600236047451734099877,0.36558057,0.10699802292826224810852,0.234831,0.068730273937334120316,32581.271747,9535.877854278330470639692,0,0,0,0,0,0,0.534121539609,0.917091617141,0.8133789440825644,0.812425733502,0.720549586224998,0.000009559621406729058,0.292679731114436,-32.67090679782813,7.564904429624087,0.287824690478627,0.00000946958223345752,0.000153070656628303,0.26166083194915,0.287824690478627,0.048145611475,30938115159.864353,19007115598.845589,3119162538.205748,22403540664.041648,27134879755.872054,10874557952.431468,30199038329.064083,30369585407.668245,30557653886.919805,6281259833.292796,15168111104.317457,30938115159.864353,65.4346239536,24583894882.034215,34059293651.914785,34236641401.759442,18287281119.939826,32853344211.219087,34224985149.932803,10715895397.316231,29515909808.472605,34238052133.521855,34238052087.753629,34238051386.315407,34238023484.360112,34233700964.50814,34191930508.633543,27366420767.235016,31579266874.0989,33716153688.443073,21558661885.421739,34236642636.4694,34225011040.473283,34059624397.253772,24586631794.161234,29518133119.499214,10818561590.812172,32854903862.284196,18297542558.988937,9319831493.246039,32989224066.681943,28760833689.441582,34238052135.736083,30330529796.761398,89122,1.03150462963,298847,37333295273.6871,10926698822.3185847841097569756,137346.25264396,40198.46429340960734232420656,641.6898975,187.80962665914999761031,225.898729750722,0.03271235985765782,0.027032239530295845,0.28784604799999997,binance-ada-usdt-spot
2023-07-12,51116,8225,1432019,3553364,815,399303,2617810,140,62178,4423068,4412732,4404475,4386966,2110130,24400,3075573,180117,4339736,870668,2791,1426284,8148,2614089,61689,112,3550297,396526,811,1689207687,4193,45515.283567851181,6464888020.669285506571715640016,0.600183578025,0.531677512277,9878169287.097688096331994450296,10110807216.8119289634925472688,8750656740.214090121036949018128,16458579755.8728416051548769424854,0.33907973,0.09782758577196151412536,0.234831,0.067750879105676692392,26935.815264,7771.227663997108218171648,0,0,0,0,0,0,0.533587280117,1.261432476161,0.8049677964844775,1.117450235872,0.7130872805715782,0.000009494925583463399,0.288509094223832,-31.26618359084208,4.826631732888621,0.292679731114436,0.00000955962140672904,0.000155816054551246,0.265957824250147,0.292679731114436,0.048147342857,30939844912.178395,18995481062.677796,2288709031.874463,22407917636.224238,27139951451.356235,10809088302.073402,30200451918.501128,30370703662.794191,30559336826.418908,6241492746.034422,15146327421.292513,30939844912.178395,65.4462161234,24582957260.835391,34059858978.763199,34237263861.471078,18269321792.500166,32853943745.770036,34225600328.8933,10717507483.564816,29515180900.42248,34238675605.820425,34238675560.052199,34238674858.613977,34238646946.824864,34234322438.279108,34192523352.232562,27363420260.237038,31579540151.95243,33716788050.951095,21560548200.805086,34237253293.882966,34225472124.282108,34057883353.013828,24556416659.525537,29498336113.47091,9750845366.504444,32844378495.388778,18255513398.809732,9321549144.461388,32989855131.091138,28760296624.973046,34238675608.034653,30330609729.151654,79438,0.919421296296,242352,27142693925.422651,7830914039.218396073803396818632,126021.75848272,36358.42339234406410038418304,350.654376,101.166976405383014288832,226.292311836633,0.03254091492982527,0.027145816080140665,0.29271463500000006,binance-ada-usdt-spot
2023-07-13,62812,8244,1432237,3552958,814,399443,2617580,140,62273,4422849,4412513,4404256,4386747,2110087,24471,3075306,180266,4339485,870823,2789,1540507,9764,2684690,73955,199,3634996,457186,995,1689293657,4158,57251.192881192881,7941065978.166312011380748630296,0.728448931074,0.645346128291,12156046486.736875520261047743419,12442042083.5305124039194552998,10769262196.561063844698098334427,16687575433.4918411671531144188924,0.37108674,0.13174701359358668568678,0.233854,0.083025241260074722138,33085.722295,11746.431858365510650265365,0,0,0,0,0,0,0.533068818502,0.911934669745,0.9904646740097264,0.807899474169,0.8774706301493768,0.000011294201545290376,0.355030237926547,-18.413785639629292,29.409008184687824,0.288509094223832,0.00000949492558346341,0.000154151824675349,0.259197767786477,0.288509094223832,0.048156624315,30940997529.607341,19010951145.17164,3887347067.065823,22367294753.663368,27136545551.075579,10508976368.153158,30201717010.467048,30371431766.167533,30560390509.253322,6410556679.596953,15146120777.553571,30940997529.607341,65.3260579978,24569792663.386039,34060720105.19056,34238056140.610049,18251992777.239995,32854699175.635968,34226394136.823511,10727653629.442838,29514961974.072013,34239468043.467749,34239467997.699523,34239467296.261301,34239439353.140572,34235115684.804471,34193329551.739229,27362063264.358547,31580288728.493848,33717632286.13498,21533366891.789008,34238306901.955083,34228478759.739407,34094256177.141119,25039317408.444931,29876190518.201363,12596598421.75575,33033395032.669346,18807423259.263523,9333864980.865769,32990132291.165871,28755522002.360786,34239468045.681977,30333366136.518041,89159,1.03193287037,270141,37545965935.557552,13329953219.283026513392867132944,154407.5389688,54819.3452977456416145247336,886.297098,314.662269576548143260606,226.991169502879,0.03602687020308588,0.04633639075228552,0.28899133,binance-ada-usdt-spot
2023-07-14,72346,8217,1432425,3554334,822,399274,2618022,144,62179,4424536,4414200,4405943,4388434,2110349,24368,3076146,180132,4341180,870813,2778,1491338,8973,2656606,68270,189,3589488,430033,911,1689380129,4149,53924.339599903591,7344511411.192139759629907278809,0.676760373259,0.599649324636,11251039852.78441627267163189655,11515183147.3370441515828833654,9969080217.694940998053814684419,16624850238.4962537833079338176805,0.3616309,0.1188256119292453471479,0.230031,0.075584178060271499061,31678.505419,10409.004848359445429594889,0,0,0,0,0,0,0.535142166168,0.901510488856,0.9183247051754474,0.798791089366,0.8136894697354966,0.00001084049122016757,0.328582573915131,-25.44420062865873,25.118951496719244,0.355030237926547,0.0000112942015452904,0.000177336164567338,0.316283576627913,0.355030237926547,0.048157878926,30946469906.359926,19023527904.677974,4237981234.799438,22352102619.687739,27136064135.880015,10095336433.053021,30206853114.013773,30376710300.46404,30565827779.554602,6545283912.387316,15147200573.803139,30946469906.359926,65.2785120957,24588307296.475197,34062351620.824691,34239721380.692981,18323874473.074036,32855927822.991976,34228047871.638761,10829388851.894009,29517681318.526432,34241133721.725822,34241133675.957596,34241132974.519374,34241105038.624866,34236777504.809163,34194971739.44869,27364554468.314972,31581753842.290369,33719171947.124737,21561620968.154344,34239834616.395815,34229294500.168386,34081355432.085544,24831736199.188017,29713986571.46881,12286902786.338906,32955034619.643291,18608967153.206843,9283652951.245254,32992382933.63905,28763847823.783749,34241133723.94005,30339649783.953049,87599,1.013877314815,284419,37981958221.443366,12480209594.738832383208406970946,145446.60763894,47791.22070522705968785080114,650.292279,213.674710830956490573549,227.587775749666,0.03648400477186813,0.04802640492213794,0.356846247,binance-ada-usdt-spot
2023-07-15,57324,8243,1432791,3555849,818,399293,2618952,142,62169,4425908,4415572,4407315,4389806,2110987,24368,3077556,180124,4342562,871007,2785,1487414,8927,2655135,67745,187,3589385,427585,900,1689466451,4240,43941.121698113208,7284037963.489094965437194114112,0.670198507945,0.593772326144,11159209549.914306067886295700796,11420699326.6688909641568215416,9886667507.962619921516087415132,16650603392.328322216747501945685,0.35511287,0.11572649178713675378788,0.229609,0.074826474334069285916,25690.996024,8372.348882694110736985376,0,0,0,0,0,0,0.53360127711,1.34911159971,0.914421713245214,1.195265467309,0.8101455036290086,0.000010758564629538087,0.325886504161724,-26.318839622264363,24.666398895900905,0.328582573915131,0.0000108404912201676,0.000169798071452962,0.293099825523717,0.328582573915131,0.048173505253,30946047995.041677,19020030773.665576,4746775091.648821,22351456321.352688,27131466434.070295,9963738975.32874,30206367520.623105,30375773548.369539,30564257284.223179,6426729918.416382,15120040347.766034,30946047995.041677,65.2737806465,24595002589.06263,34063757247.964864,34241213488.057111,18271908751.438463,32856862110.317257,34229530219.199902,10756497160.397136,29518870320.379614,34242625597.207501,34242625551.439275,34242624850.001053,34242596923.131654,34238268904.076858,34196434902.152292,27366111658.419051,31582549990.21758,33720428312.70804,21553891141.184583,34241321781.681635,34230703564.089649,34081451892.55096,24816377964.50716,29699394585.435665,12217068144.231461,32948435507.979058,18536267557.469187,9283607731.120676,32993675391.823345,28766092104.638053,34242625599.421729,30337762938.032793,72346,0.837337962963,233715,25381610836.918232,8271524425.636612391330692151968,127410.90258326,41521.49363494857113241514024,499.02297250000004,162.62485200441714424005016646896,227.596133225229,0.03648873422141322,0.04806239005960103,0.327873681,binance-ada-usdt-spot
2023-07-16,49186,8252,1433910,3557574,821,399433,2620687,142,62176,4427667,4417331,4409074,4391565,2112510,24374,3079464,180191,4344320,871503,2789,1470889,8705,2645514,65882,185,3578297,418136,871,1689553058,4114,40676.037919299951,7035905035.0163513763738495552,0.648236912936,0.574229154611,10780740913.68955550759295550641,11033222142.036394798883659794,9549927838.74285455396755349437,16630865503.8728571091360180620251,0.3514798,0.110656367722374025118,0.231523,0.07289037442318790843,22810.335864,7181.37689061402737901624,0,0,0,0,0,0,0.533602155437,1.404152326055,0.8853425379778742,1.243843395903,0.784264960817481,0.00001040767975231595,0.31482994960841,-31.125994190573262,19.715562197424553,0.325886504161724,0.0000107585646295381,0.000168790336245707,0.290718386706092,0.325886504161724,0.048217600759,30942432729.055298,19012094801.09923,2328414795.444777,22348271007.15072,27122046024.969176,9910201629.415134,30202655354.501472,30367394106.476918,30560116049.248143,6430446630.742985,15092919892.933331,30942432729.055298,65.2636501642,24595108535.192797,34064091697.865807,34241648150.425606,18272170725.507989,32856111135.078477,34229962017.468567,10745566352.296143,29516673322.628942,34243060186.623573,34243060140.855347,34243059439.417125,34243031510.426955,34238704538.350263,34196854078.483757,27364203744.934439,31581308949.356442,33720355978.133332,21550444263.764943,34241716454.58392,34230781030.696088,34076281042.958866,24744474488.941195,29638868669.845635,12140726423.258185,32917765350.20929,18436434107.110933,9272912444.927017,32993042694.116451,28764373007.601423,34243060188.837801,30333606604.521557,64898,0.751134259259,204239,24386998157.840731,7677757401.13338484006459814771,136110.54104603,42851.6747786950458302851123,459.035011,144.51796938162593004251,227.710374407948,0.03656977381001296,0.04866705766625068,0.32609128000000004,binance-ada-usdt-spot
2023-07-17,53470,8229,1434078,3558231,822,399529,2620946,142,62170,4428583,4418247,4409990,4392481,2112562,24388,3079936,180218,4345231,871679,2786,1466774,8635,2642734,65470,154,3576377,416068,863,1689639254,4239,46483.938428874735,6983486631.555949726098413099065,0.643682867684,0.570316129528,10699771636.314831667564167075475,10950137184.161014661377035363,9480215573.25770993627607680648,16622737956.0456845568024501319547,0.3487134,0.108958690207175326413,0.230401,0.071990899066176987695,26324.025603,8225.182487059656057971085,0,0,0,0,0,0,0.533997405339,1.313827761973,0.8805185385134895,1.164078153534,0.7801573570996991,0.000010365637383467694,0.312459143259695,-30.488061256644546,17.130352186212136,0.31482994960841,0.000010407679752316,0.000163586585726561,0.280903605949593,0.31482994960841,0.048223524741,30949111514.212574,19041802955.334162,1798623035.177177,22350079305.414167,27126489466.353992,9915137237.588715,30211165642.443499,30373444480.365126,30566727528.854106,6556619072.790398,15081537561.448117,30949111514.212574,65.2676231692,24588374947.428756,34064781924.831351,34242333882.935472,18286071682.536236,32856607692.715137,34230642318.32758,10754598301.351955,29516327192.637551,34243746315.114377,34243746269.346151,34243745567.907929,34243717634.007984,34239389316.15591,34197522417.163491,27365335064.875322,31581438236.297265,33721059511.066647,21556124778.904952,34242393961.965763,34231364446.511438,34075605506.207568,24722720202.883361,29625569042.787581,11157513988.548233,32911362827.15229,18421608380.502156,9281252290.639263,32993538999.093517,28764770556.913509,34243746317.328605,30340656619.474864,75489,0.873715277778,235363,26064106200.574192,8143968293.26111619999557079144,130805.81981429,40871.47439255508993014204155,387.803522,121.17275623721228164579,227.790506305119,0.03633768509436262,0.04870227827815413,0.314754154,binance-ada-usdt-spot
2023-07-18,53048,8248,1434321,3558820,821,399621,2621084,141,62169,4429898,4419562,4411305,4393796,2112677,24377,3080271,180263,4346547,871905,2788,1457874,8532,2637406,64587,151,3571730,411616,849,1689725576,4225,43288.869585798817,6856581366.880580164113930240874,0.632361235823,0.560349207528,10502582682.785562365461960555115,10748046704.8331976149773808274,9306569647.08618308468071299828,16608517549.5041274450513746632951,0.35090139,0.10761884111215935116979,0.233854,0.071721278930935306094,24673.631049,7567.218754882597240377489,0,0,0,0,0,0,0.533463245115,1.395186820049,0.8654635592426041,1.236305745325,0.7669063062277296,0.000010279365319766016,0.306692547191561,-37.447972501297244,17.611726777325426,0.312459143259695,0.0000103656373834677,0.000163395580570356,0.278125634950637,0.312459143259695,0.048232796118,30953166061.949248,19051914114.345819,2025845223.399619,22356530765.639834,27116434628.163426,9990291857.46477,30214937712.126568,30377419750.62835,30570359039.895759,6483115422.690491,15075634029.940349,30953166061.949248,65.2847168546,24593549164.112612,34065738586.285641,34243248472.467345,18268268633.707929,32857255216.889344,34231552906.301724,10733202285.892075,29515657553.280204,34244662213.935487,34244662168.167261,34244661466.729039,34244633533.700166,34240302307.531412,34198430875.420106,27364150693.682439,31581766036.713048,33721995573.751202,21553226365.124533,34243291637.801949,34232098432.587678,34073607905.581668,24688453318.105826,29596414854.469457,11071110952.363198,32897339893.969549,18361719108.230473,9296911187.074826,32994321813.622662,28764805504.406058,34244662216.149715,30344948817.00948,70315,0.813831018519,226109,24544857881.437452,7527724984.112913695696283742572,128451.03354494,39394.97466728629599908225134,406.978973,124.817417882775530046853,227.931238316563,0.03627202939950631,0.04862666833105349,0.31178752800000004,binance-ada-usdt-spot
2023-07-19,54872,8250,1435049,3560189,821,399879,2622018,142,62210,4431493,4421157,4412900,4395391,2113588,24428,3081705,180384,4348131,872444,2777,1485422,8871,2655677,67369,185,3591338,426122,891,1689812371,4244,48342.160461828464,7237753656.923110911694294428817,0.666265489613,0.590857406464,11069731678.02936161231412191691,11326133500.4588967551996777838,9816856870.865905873767509240212,16614595608.8058182945744529834259,0.36005485,0.11636544085198851396395,0.230533,0.074505520966962306131,27668.414711,8942.102225594681958493777,0,0,0,0,0,0,0.534153148847,1.108728212009,0.9119789645107044,0.983242094981,0.8087609730966719,0.000010804258217471389,0.323188094402807,-37.31483805772701,22.97492460017916,0.306692547191561,0.000010279365319766,0.000161638398544889,0.273362650024619,0.306692547191561,0.048258094409,30982199273.422715,19094012044.239355,3628539696.504487,22394864731.317431,27141797071.18444,10701316509.792847,30243777812.086695,30406335628.277126,30599045271.628223,6856321085.527513,15145517631.970703,30982199273.422715,65.3832799876,24590940970.890847,34072692966.501787,34250255056.273475,18295636922.010139,32863425933.068697,34238551353.356889,10778103553.038348,29519212705.912903,34251669133.321902,34251669087.553676,34251668386.115454,34251640442.49788,34247309701.754887,34205426042.220826,27368896634.134976,31587142520.279268,33728823347.038621,21541542796.597518,34250356031.314227,34239647386.848646,34089083464.826649,24792955516.705479,29686993729.12946,12171052295.502206,32948737107.42962,18522543761.202964,9303486226.167989,33000230814.694957,28767053889.221875,34251669135.53613,30375057252.667916,76845,0.889409722222,256776,30892755108.557041,9984170654.387131178082390014087,137101.65747378,44309.62341841732051736090046,624.204262,201.735385953890474163434,228.343931772043,0.03612558935156001,0.049377957155060985,0.3094,binance-ada-usdt-spot
2023-07-20,67645,8245,1434427,3560478,824,399580,2621831,141,62230,4432380,4422044,4413787,4396278,2113317,24416,3081678,180331,4348980,872183,2786,1473830,8719,2648266,66174,182,3582919,419618,878,1689898867,4230,53010.3536643026,7130497160.280184694832262310778,0.658557024107,0.587099438501,10833036942.4060508422786906323,11077452240.8108472037795419606,9657584192.921025445451230597228,16449656667.3199732008302877929009,0.36352355,0.11490690169744873174945,0.229433,0.072521945764313632147,30094.296914,9512.567802418392782422726,0,0,0,0,0,0,0.533638627,0.982909962047,0.8917289368851903,0.876258039458,0.7949707299087216,0.000010605120299205338,0.316092043273259,-35.68605942719426,17.210529151013535,0.323188094402807,0.0000108042582174714,0.000171042779453302,0.288567880009435,0.323188094402807,0.048231684183,31008482783.05336,19199407933.44764,4187227535.611838,22558293737.612142,27315253779.248952,11165163483.751946,30270068116.607233,30432583656.03302,30624349286.069627,7324945454.051245,15516461815.771813,31008482783.05336,65.8217746158,24608641444.631967,34092686637.180343,34270364786.230171,18288745582.855997,32883269845.672471,34258654058.474696,10758368965.106949,29541110110.213921,34271779920.575472,34271779874.807246,34271779173.369024,34271751192.611607,34267417598.194528,34225521209.451667,27389014773.94953,31608016098.667241,33748972306.335184,21568866005.275029,34270438595.377847,34259524684.969364,34105655213.579407,24764745113.761848,29670960402.510375,12088847439.07603,32949222721.24354,18466289524.597014,9322077866.2897,33021296743.538778,28788339047.828347,34271779922.7897,30553075910.778692,82785,0.958159722222,277543,34867669721.651072,11021392966.493833242088746283648,147794.40298693,46716.63482449015676379550487,676.564315,213.856596734122833152585,228.812123384265,0.03613573952251075,0.04952158381743647,0.322629034,binance-ada-usdt-spot
2023-07-21,52751,8251,1434347,3560497,821,399566,2621624,140,62151,4432280,4421944,4413687,4396178,2113140,24396,3081542,180296,4348886,872214,2783,1468841,8672,2644871,65683,181,3580309,417205,867,1689984779,4287,42885.390249591789,7041797201.128499493780604786545,0.652665223117,0.581832336136,10732011667.666465884528209547675,10973874522.349601696295024147,9567280741.903067451135234185475,16443363745.3739786569431477330544,0.36708975,0.11494919276678056208625,0.233437,0.073097640868204448835,24583.633636,7698.03254308374050088438,0,0,0,0,0,0,0.533467496983,0.98566388764,0.8810456725580349,0.878691099323,0.7854269597187592,0.0000104658987144381,0.313136481655455,-37.403167258690104,8.897731108892955,0.316092043273259,0.0000106051202992053,0.000167069722631632,0.28381685970701,0.316092043273259,0.048229733348,31012349097.88693,19205342957.949661,3509164615.814829,22487948909.372399,27317784062.789771,11128113289.744125,30273632098.429245,30436128574.394732,30628089528.863765,7304673677.678926,15521687144.068197,31012349097.88693,65.6148858125,24617240549.362142,34093574270.066842,34271218066.46428,18283335661.425541,32884040933.837301,34259506355.05548,10748608203.083928,29540292900.182404,34272632847.620657,34272632801.852431,34272632100.414209,34272604125.491604,34268270058.859285,34226376490.672345,27391773482.426639,31608590939.297402,33749898280.184466,21571574264.181342,34271283526.851808,34260275636.390923,34104982333.584427,24756458334.316116,29657064559.646269,12079086677.053009,32942369616.197351,18435508890.034351,9350518109.06171,33022083313.219512,28791200357.511681,34272632849.834885,30553069675.318045,66969,0.775104166667,215156,34771115468.067955,10888104760.906368786688836444525,186668.90816034,58452.8451357941205617756547,593.574312,185.86977166073732267196,229.469081159346,0.036106578811425954,0.0483123217327478,0.316077873,binance-ada-usdt-spot
2023-07-22,50049,8255,1434042,3560249,820,399435,2621395,140,62141,4431644,4421308,4413051,4395542,2112961,24398,3081331,180271,4348249,872009,2791,1461127,8588,2639755,64874,151,3575617,413142,857,1690071218,4110,44842.034793187348,6934808624.932319889069484707687,0.643725119526,0.573812334409,10574899382.116610321455078357767,10813092304.9388638645842363846,9426395702.95522055299039358511,16427663083.733821745128922376927,0.36235428,0.11180390777052664333932,0.23091,0.07124695848298606329,24235.341266,7477.780750074491787081654,0,0,0,0,0,0,0.533062842095,1.226148264505,0.867244902800293,1.092980492208,0.7730563979635938,0.000010379751918068904,0.308548605443619,-36.17419417905593,6.275963161732938,0.313136481655455,0.0000104658987144381,0.000165495910054361,0.281616655009018,0.313136481655455,0.048220921704,31010351256.83486,19197081559.803934,2656537740.199373,22475579220.206573,27312809750.507946,10519872581.461902,30271517639.863957,30433894640.507461,30625771164.448824,5371846465.233367,15519570747.954432,31010351256.83486,65.5780104789,24618697603.352143,34093955964.048469,34271628187.723539,18269685294.478082,32884627800.429825,34259916523.374114,10734288788.237456,29541716728.263507,34273042220.460665,34273042174.692439,34273041473.254217,34273013497.61056,34268680480.277885,34226785623.471898,27394729076.323687,31609912125.766141,33750334789.660782,21572993146.35174,34271679372.441317,34260528702.529064,34102981405.902822,24729654781.511136,29632794031.598634,11104767029.699639,32930314378.814434,18393128598.119665,9336198694.215238,33022881791.977072,28792780668.240595,34273042222.674893,30550764244.75269,66883,0.774108796296,210999,27951792792.792887,8624486685.865245704718622738053,158178.30692038,48805.69601171599740761205522,669.799781,206.665788353991414047439,230.039491559147,0.03612057175197307,0.0483993849894825,0.312718762,binance-ada-usdt-spot
2023-07-23,45581,8262,1435412,3562126,821,399799,2622977,140,62192,4433635,4423299,4415042,4397533,2114580,24409,3083044,180411,4350249,872962,2796,1476338,8761,2650271,66301,181,3585547,420712,877,1690158195,4232,43142.413988657845,7125115054.730656233036110831325,0.660926443232,0.589151292336,10866764061.718516021537421665438,11111174845.2071595248093194758,9686657503.305631131344034770069,16441714767.1915193577183442571084,0.35984208,0.11408948183827133926896,0.228025,0.072296308692334765675,24977.718335,7919.293214241201405803645,0,0,0,0,0,0,0.532759859293,1.421300377846,0.8911082907843614,1.266950298297,0.7943359000120881,0.000010545076564035412,0.317054308485187,-38.6792862538875,7.134506413185332,0.308548605443619,0.0000103797519180689,0.000165771892674673,0.277572838751822,0.308548605443619,0.04827964569,31011748764.001188,19196812662.748476,2136881529.961301,22472853590.202975,27310722955.568569,10047583410.444008,30272885709.81741,30435041851.068092,30626063371.021707,5360627800.919606,15531060175.872965,31011748764.001188,65.5679557802,24612879330.810912,34095000728.08512,34272726760.440375,18259886516.466434,32884252645.667898,34261012332.472585,10726290234.857684,29538647583.61499,34274140960.062646,34274140914.29442,34274140212.856198,34274112245.912698,34269778005.160744,34227881784.783992,27389529222.887292,31608193131.503962,33751110669.164188,21568039828.766444,34272803671.047358,34261910082.240194,34108452049.370183,24776901763.469279,29673712838.003323,12056768708.826765,32952983046.56962,18443777797.246293,9328200140.835466,33022034176.487274,28788287418.909448,34274140962.276874,30552045009.532487,69413,0.803391203704,220470,24114635791.64162,7645649175.29107380893818268294,131218.09234943,41603.26153059393541718289341,573.26057,181.75473360317413617659,230.479340603056,0.036028759176097616,0.04851966098260884,0.3100434,binance-ada-usdt-spot
2023-07-24,55141,8274,1435808,3563653,822,399964,2623901,140,62231,4435441,4425105,4416848,4399339,2115193,24448,3084306,180495,4352045,873165,2799,1457623,8544,2638930,64451,150,3575697,411091,851,1690244091,4204,48666.056137012369,6859980880.173563337484015863248,0.637465833168,0.568414692429,10461865322.111987366597714912576,10696678430.9166857126021697168,9328622256.892336592159281082584,16411648715.5312701050522835090998,0.37132684,0.11333889112177758153568,0.23091,0.07047991292234534232,28107.214184,8579.074133549997385141568,0,0,0,0,0,0,0.532385203481,1.073393483097,0.8570337938576222,0.957122083732,0.7641987617056338,0.000010460724001010973,0.305226767668552,-40.785253769579406,5.379864101070844,0.317054308485187,0.0000105450765640354,0.00016793381274223,0.285196408093971,0.317054308485187,0.048290908642,31024777447.003407,19089926202.017986,2708247942.640401,22475030393.215274,27320340571.340414,10012709168.06576,30285843196.619963,30445161149.297536,30638659702.111715,5495347758.342461,15515780687.236483,31024777447.003407,65.5712979374,24609262253.797468,34096516174.21538,34274299011.219438,18247882847.400746,32885577146.083265,34262577422.159105,10700029617.552629,29538102566.599106,34275713763.07586,34275713717.307634,34275713015.869412,34275685038.569746,34271348650.987569,34229426099.18935,27389089320.466023,31608915396.171747,33752503688.264379,21560921697.785116,34274339377.621133,34263081053.343321,34103825394.666681,24699732876.147441,29612453239.058883,11037938284.023752,32922864025.662683,18344907268.172755,9302244986.934323,33023420539.541275,28786714897.016493,34275713765.290088,30562923193.624867,75694,0.876087962963,257868,31932105332.331133,9746533295.439165183177654629416,142850.62651137,43601.83498949302589621943624,745.980339,227.693167617260660599128,231.055804674451,0.036009557385893926,0.048891249959864234,0.317080974,binance-ada-usdt-spot
2023-07-25,57651,8246,1435483,3563288,821,399919,2623350,141,62207,4435035,4424699,4416442,4398933,2114725,24414,3083787,180459,4351642,873016,2794,1455083,8498,2636687,64222,151,3574383,410000,846,1690330379,4117,47161.631770706825,6827784216.940479110444190123966,0.63498306771,0.566094642115,10415312960.396707731450018377528,10648690700.7258632232774010212,9285370213.234694349113546616926,16402505027.3413445953548194465462,0.36784462,0.11177232860756989056316,0.231325,0.07028982485905626385,27475.786382,8348.722415024848864850876,0,0,0,0,0,0,0.532914859837,1.228573055511,0.8536632740619146,1.09528688171,0.7610505384952918,0.000010398507954345431,0.303857451028018,-36.82853532620668,4.033037517382442,0.305226767668552,0.000010460724001011,0.000164994197526775,0.275898766569286,0.305226767668552,0.048278314371,31021679313.826572,19087894959.074639,3010417926.420314,22470353100.904887,27314986215.191101,10098222574.120016,30282625495.171694,30442014916.695296,30635169872.162266,5448164086.480603,15432326420.610708,31021679313.826572,65.5552477674,24610899679.91362,34097794604.446458,34275555867.192135,18266707061.727946,32887068476.505272,34263833925.846759,10750959647.99621,29539836902.306989,34276970745.612968,34276970699.844742,34276969998.40652,34276942024.168483,34272604683.71354,34230687684.800863,27390157393.619238,31610430149.752026,33753865345.623599,21574925997.263337,34275593118.250361,34264281992.062403,34104376651.957985,24695488381.411042,29607449579.10793,11088868314.467333,32920922216.088547,18350424900.124548,9315510017.714626,33024928693.549872,28789370330.017359,34276970747.827196,30558310095.145607,74694,0.864513888889,244435,27899822964.593383,8477569090.154305849668710404894,135320.94457075,41118.2772879718063832332735,568.75472,172.82035947935408974496,231.491986090974,0.03598085435936358,0.048887594796386415,0.30526336400000004,binance-ada-usdt-spot
2023-07-26,47891,8251,1435721,3563978,820,399950,2623686,141,62200,4435541,4425205,4416948,4399439,2115069,24419,3084393,180498,4352145,873135,2801,1459713,8543,2640179,64655,151,3577091,412219,850,1690417256,4180,41639.39019138756,6888732007.46960798549064268288,0.640875148949,0.571162715447,10510510083.967183806856430198784,10745426363.8303457913014959488,9367209026.813050967195177632512,16400245978.0314945314434704325112,0.35249738,0.10808196287204689183616,0.232337,0.071238654334970542784,24236.662033,7431.391421953418605157056,0,0,0,0,0,0,0.532742134971,1.51919904234,0.8662848337241014,1.353945229037,0.7720530259163948,0.000010442818598215522,0.306617776484032,-34.16930169740135,9.469798257049918,0.303857451028018,0.0000103985079543455,0.000163579381279234,0.27501282757646,0.303857451028018,0.048285634443,31028031075.904777,19095508742.099432,2972055873.253722,22466838310.75384,27320182271.782928,10168618321.093173,30288716751.656463,30448351893.188429,30641550292.884448,5467202616.309702,15391006484.566911,31028031075.904777,65.541367188,24611668193.522377,34099664796.664692,34277452726.179045,18261796970.738699,32888688798.046025,34265723832.651418,10754719175.920174,29540596163.165851,34278867337.085484,34278867291.317258,34278866589.879036,34278838612.213855,34274501242.939182,34232576409.171255,27391866434.281955,31612126701.64618,33755655313.26016,21578976548.549469,34277496592.710852,34266275343.717787,34107686099.722537,24709342396.098025,29622629445.971063,11092627842.391297,32929713018.305524,18361863766.886495,9317964176.447146,33026618679.567284,28790727455.303675,34278867339.299712,30550117263.996516,68757,0.795798611111,214604,22563776295.240325,6918454916.7296976047549649904,129060.61842763,39572.27985393399680964260416,509.818615,156.31945014146876385568,231.573856411099,0.035943443437366704,0.04821488200775814,0.303660519,binance-ada-usdt-spot
2023-07-27,50536,8260,1436031,3565176,824,400051,2624643,139,62194,4436808,4426472,4418215,4400706,2116071,24424,3085499,180567,4353412,873413,2804,1461340,8573,2641931,64761,152,3578740,412953,856,1690503679,4178,44965.060555289612,6925775705.724543536779210093088,0.641755971074,0.573159546929,10537868122.810348745191172891264,10772991979.5725806687491437808,9411489711.205671933883541660016,16420366304.0064437150610129300402,0.35287086,0.10847403866615988166032,0.229697,0.070609857837229535864,26443.789555,8128.93603815533198351716,0,0,0,0,0,0,0.532563193189,1.357256731235,0.8680265498294941,1.212181402596,0.7752443708315201,0.000010526938351281077,0.307404353723512,-39.506659638399945,7.456224578227703,0.306617776484032,0.0000104428185982155,0.000163864362008148,0.276830578019768,0.306617776484032,0.048307587991,31094153979.676468,19158876477.0342,3560570081.021176,22529855617.964924,27384173142.472826,10297318305.917555,30353775382.438116,30514135136.475062,30707477180.914078,5218022531.422969,15486301974.68516,31094153979.676468,65.722740359,24613048504.976146,34100760775.653057,34278737752.267807,18256347474.959429,32889346604.499131,34267005647.53843,10607547707.479552,29539849555.747441,34280152491.294044,34280152445.525818,34280151744.087596,34280123766.671108,34275785954.763794,34233858386.442469,27391155118.912884,31612785469.254709,33756743245.003683,21576767252.149182,34278783089.002271,34267583069.407011,34109211691.221683,24717546864.338966,29625537540.384809,11045541294.688754,32932433382.860622,18362930603.956265,9247842762.476782,33027360893.304425,28790629937.104414,34280152493.508272,30615993551.186418,74939,0.867349537037,237241,25256940492.249225,7764093469.0530740553046462782,129596.72608151,39838.59782576959329371546312,560.184537,172.203165562389795733944,231.81439507167,0.03592172539799436,0.04809339713688253,0.30691227600000004,binance-ada-usdt-spot
2023-07-28,42944,8255,1436155,3566071,833,399978,2625192,134,62182,4437946,4427610,4419353,4401844,2116539,24412,3086243,180547,4354538,873429,2801,1466058,8619,2645172,65198,147,3582626,415109,872,1690589684,4312,42848.500231910946,6990091175.13942384105102273136,0.647610066109,0.578489299626,10634698626.875228994546116852768,10871754857.6196217709872994784,9499635169.90489868498166363448,16421453561.9686018183996291844703,0.35238153,0.10931668806993776470128,0.233854,0.072546778407787791904,25525.813255,7918.68224571338276792488,0,0,0,0,0,0,0.533927318693,1.397646130806,0.8757779076787594,1.248472458424,0.7823043138981166,0.00001058190790921936,0.310222525198576,-39.503272403567834,16.089541460460904,0.307404353723512,0.0000105269383512811,0.000165356347823221,0.279877749864688,0.307404353723512,0.048315927054,31099688182.598593,19168909520.98842,3227516553.487272,22532506853.47561,27387335074.36607,10251952769.242124,30358620160.16673,30519525073.68547,30712143667.079441,4716452574.31789,15463056930.54335,31099688182.598593,65.7290951102,24614893342.700806,34101407260.611266,34279456687.030913,18303493981.699291,32889725453.669267,34267719981.308575,10316290844.210238,29540684865.699203,34280871833.47169,34280871787.703464,34280871086.265242,34280843096.964134,34276503967.313377,34234567209.360417,27392541541.765529,31613378651.892226,33757322397.933551,21578336714.469961,34279511724.95553,34268384657.489986,34111346276.869574,24735954405.923595,29640913546.93562,10754284431.41944,32940030818.708511,18432762546.175667,9139543850.076354,33028301162.809594,28792708053.797813,34280871835.685918,30622003234.046605,72438,0.838402777778,226972,24527576101.048785,7609006595.06759718272398853016,134755.46619801,41804.18100825801363098603376,525.3439470000001,162.9735258361269056417245198576,232.1141895624,0.03581096404355894,0.046217346861313256,0.30763230599999997,binance-ada-usdt-spot
2023-07-29,45502,8273,1436458,3567099,831,400165,2625959,133,62220,4439207,4428871,4420614,4403105,2117366,24455,3087113,180682,4355793,873782,2823,1470757,8693,2649082,65718,176,3586969,417707,876,1690676102,4218,39900.645329540066,7039122010.35343400434598314385,0.652932938006,0.583009698211,10724740962.90309155122313842634,10963158223.628867234803029582,9576217752.58309102971503872055,16425486200.2521075085899244580569,0.36606982,0.1145178762194590510186,0.233437,0.07302625895530492651,22712.435983,7105.14713434607025280009,0,0,0,0,0,0,0.532230826776,1.554918605445,0.88390402508498,1.388400820569,0.7892458611240138,0.000010654859907774059,0.31283069502823,-40.693385885431276,13.493494274065952,0.310222525198576,0.0000105819079092194,0.000165450666033255,0.281346763132234,0.310222525198576,0.048334127786,31088804453.779821,19170856162.130636,3060345765.474819,22501378931.879495,27375901082.038237,10381486352.073819,30347463164.530224,30508456588.419761,30700888953.283191,4816537331.233838,15469005380.166618,31088804453.779821,65.6344245022,24611257555.329535,34103291384.081633,34281476486.793457,18246412006.103852,32891289752.314754,34269736158.38678,10256628126.054421,29540483812.093448,34282892096.77013,34282892051.001904,34282891349.563682,34282863354.368478,34278522334.553306,34236581126.727857,27392744871.250071,31614802234.360211,33759207973.234976,21578575932.010099,34281542178.520882,34270501693.862913,34114643140.530921,24750178621.520192,29656184379.642595,11654621945.033893,32949332428.662239,18395056741.850845,9114924207.16474,33029681448.257764,28791299448.461006,34282892098.984358,30611502978.372785,62044,0.718101851852,213883,22048030024.809717,6897300556.66450689946369331091,130910.77356739,40952.9082817698541738574197,534.0173635,167.057022980847942671605,232.264969221513,0.035511166051196294,0.04596210949630342,0.309890703,binance-ada-usdt-spot
2023-07-30,51878,8255,1436740,3568260,829,400330,2626594,133,62217,4440573,4430237,4421980,4404471,2117852,24434,3088055,180751,4357146,873988,2814,1473483,8699,2651217,65893,176,3589182,419043,876,1690762354,4271,37979.200889721377,7068876230.615496098897119280952,0.656149694759,0.585777523234,10774548825.489526813577762625896,11013422180.7944113452917660364,9618976546.62591656251512449316,16420869980.6587430284596884493937,0.34973771,0.10991030855491428768866,0.230269,0.072365478805907312974,22955.38404,7214.07292005473159636184,0,0,0,0,0,0,0.532566933924,1.436738224794,0.8896607758253741,1.282647794517,0.794244499303059,0.000010739388188386207,0.314264963177446,-40.04695643263381,9.445826197750824,0.31283069502823,0.0000106548599077741,0.000166310598151283,0.283976102869622,0.31283069502823,0.048340272165,31082603584.130091,19166953237.961152,2770451379.1349,22493364068.154612,27368221532.377586,10427322711.933861,30336494430.118269,30502160123.301103,30694653060.270479,4910539398.857382,15473371971.926202,31082603584.130091,65.6071668996,24611333316.035075,34105263368.842536,34283503108.418359,18259014222.852694,32893127222.564883,34271754462.873044,10293585915.632119,29539949096.414126,34284919056.375848,34284919010.607622,34284918309.1694,34284890301.294067,34280547899.731943,34238587519.780501,27391067072.883381,31615923533.748605,33761118819.834412,21583204474.700679,34283572164.145319,34272567903.209907,34117394597.458131,24757919032.041494,29661319756.681767,11691579734.611591,32954907156.6679,18413819892.332996,9151412439.589445,33031437388.999286,28791559784.104008,34284919058.590076,30607855388.55846,65636,0.759675925926,216123,23863024221.76154,7499312428.35439235897771822684,134202.07634987,42175.01058242869224478903202,444.47845800000005,139.6840062365379941715161588723,232.57724157437,0.03531134636806299,0.0454382316587105,0.31299687000000004,binance-ada-usdt-spot
2023-07-31,44011,8268,1436692,3567143,830,400426,2625826,133,62272,4439105,4428769,4420512,4403003,2117503,24464,3087123,180816,4355679,874071,2815,1462078,8582,2643181,64826,146,3580902,413335,862,1690849256,4186,37387.274725274725,6911670816.725797209315458816775,0.643132669404,0.573916954691,10538809402.90580929571433919505,10771378971.560047403934674745,9404593618.596116049251479486175,16386680236.0959237531542989619408,0.34456955,0.10590632041794846403375,0.229917,0.070666904465393001225,22024.196207,6769.320099371250931179475,0,0,0,0,0,0,0.532108636444,1.511752777842,0.8726825876282456,1.349053767256,0.7787620765212444,0.000010518830198105121,0.307358326984925,-40.53822012686793,5.311516485597798,0.314264963177446,0.0000107393881883862,0.00016882289426704,0.284985432190659,0.314264963177446,0.048337419612,31073647511.594642,19052346617.211483,3068096556.57671,22487338750.593843,27356741826.891309,10566163315.52619,30281442347.504623,30492924643.681206,30684987326.613664,5475053840.424485,15567691011.729491,31073647511.594642,65.5830326984,24606150826.428933,34108763011.22784,34286933096.977613,18245126319.279734,32896678691.890682,34275188528.260032,10280956289.527213,29542673061.260025,34288348409.516638,34288348363.748412,34288347662.31019,34288319655.487099,34283979249.891168,34242045075.885117,27391872526.206515,31619083654.292742,33764680378.613274,21569486481.763573,34286979099.168721,34275768296.311964,34117241479.747927,24710985317.140729,29627946594.48917,10718949876.736415,32939795189.086806,18351822986.485503,9138782813.484539,33034274596.660998,28790732542.213156,34288348411.730866,30598141624.636651,63918,0.739791666667,200692,22681187634.847318,6971251885.47783965732166268115,140806.56182315,43278.06927046279495056601375,387.21117549999997,119.01257909154617080858769045225,232.928872606298,0.03531898531159647,0.0455938858918662,0.315574752,binance-ada-usdt-spot
2023-08-01,36920,8255,1436784,3566297,831,400467,2625351,133,62284,4437854,4427518,4419261,4401752,2117468,24466,3086439,180822,4354446,874168,2813,1465237,8611,2644461,65123,146,3582265,414819,867,1690935213,4214,31045.261746559089,6952929888.374531859454374807698,0.647197548394,0.577550459069,10601330434.382687115116819998298,10834830485.5255055836975345668,9460485866.038322908864178832828,16380362473.0825566449546198841088,0.33375258,0.10318591750637061380916,0.231281,0.071504891997511755362,19101.994933,5905.742731228167465260266,0,0,0,0,0,0,0.532377747232,1.723383364806,0.8810675240146699,1.537924326143,0.7862529056666961,0.000010480448176589935,0.309168898428802,-39.6873872812872,5.994641528219324,0.307358326984925,0.0000105188301981051,0.000165586028888572,0.27929262083698,0.307358326984925,0.048341330442,31076198293.488771,19060129228.281151,3199881851.186369,22489098753.818249,27357066372.31968,10686018069.292586,30259965768.979285,30495423423.889303,30687476897.802254,5475254165.906394,15219901858.837598,31076198293.488771,65.5854463872,24602874809.482749,34110229707.083321,34288355574.893256,18255110533.426548,32897986700.650477,34276615332.486161,10309008275.171109,29543933868.584101,34289770049.879321,34289770004.111095,34289769302.672873,34289741312.673003,34285402697.779551,34243497294.283593,27392655539.03083,31620098731.837637,33766145688.840839,21572361481.617465,34288408747.905965,34277252051.298134,34119703517.837728,24721458869.623268,29638454258.674188,10747001862.380311,32945787516.518749,18374669675.854051,9166834799.128435,33035093856.531462,28790753972.412395,34289770052.093549,30599733395.294814,57234,0.662430555556,176929,19896774421.954393,6151463830.322003355751801627186,141532.48815067,43757.44345343011584564359734,337.69023100000004,104.40331672843769680001793715208,233.162663801171,0.035321803631068655,0.04559783562267332,0.30696316,binance-ada-usdt-spot
2023-08-02,35416,8269,1436898,3565791,830,400518,2625286,133,62300,4436937,4426601,4418344,4400835,2117659,24486,3086162,180900,4353533,874328,2813,1448811,8413,2633607,63472,141,3573202,406596,842,1691021658,4225,33053.346272189349,6721627157.146829087781284853245,0.626633185316,0.559150328714,10254428768.32754784588548183702,10478771744.6957369085463127718,9150117406.721544883341143057329,16364324470.2331910656173980931934,0.34385008,0.10281422060384943400016,0.231941,0.069352414113375927007,19797.168132,5919.528684288646410418764,0,0,0,0,0,0,0.532165809396,1.484750746827,0.8536548136624204,1.324856211898,0.7617237338416946,0.000010260004164628434,0.299008860500627,-40.09876503493766,1.0292773288436656,0.309168898428802,0.0000104804481765899,0.000165597524977171,0.280710791708057,0.309168898428802,0.048349024064,31076838578.865119,18977940820.136912,1799208657.12422,22479692226.821935,27355586419.352898,10675033983.40487,30219230775.433064,30496032848.902005,30688058962.994402,5524995074.26036,15218493608.249704,31076838578.865119,65.5485284359,24607389328.508664,34115169571.524332,34293318345.280599,18250483869.446653,32902632051.480142,34281583918.55987,10306390253.721453,29547236297.615905,34294732104.248032,34294732058.479806,34294731357.041584,34294703372.062076,34290366729.935866,34248478835.043628,27396043709.416388,31624937217.8512,33771103117.374354,21566600756.659772,34293343402.163891,34281865837.657571,34119205088.557284,24656167522.796235,29586936128.520199,10578702679.748567,32923221024.106406,18291121790.197238,9164216777.678779,33039335529.62072,28792722954.275374,34294732106.46226,30601492515.645227,57575,0.666377314815,178824,23097972625.876132,6906498474.737897472304010334764,157346.94623912,47048.13109821268825805192824,452.950381,135.436177286134850388887,233.446847152768,0.035381396866509415,0.045979616564593005,0.31014485,binance-ada-usdt-spot
2023-08-03,48727,8283,1436544,3563600,834,400451,2624034,133,62311,4434121,4423785,4415528,4398019,2116957,24471,3084464,180906,4350713,874160,2816,1438190,8299,2625090,62434,137,3564205,401244,836,1691108069,4203,48797.958838924578,6574187093.50205808089642132436,0.614024825423,0.547754656497,10033575713.078210665739501506425,10252080277.523801980956332757,8950676895.463606463550156250005,16340667832.3888162853868465774843,0.34412845,0.10067143381827114388725,0.226485,0.066255985776041300925,29039.623111,8495.259534997974401978655,0,0,0,0,0,0,0.532191837779,1.256197670197,0.8363166654728768,1.120619386776,0.7460550923218906,0.000010021129971479122,0.292540282032105,-41.54886172805579,-0.24801292430596386,0.299008860500627,0.0000102600041646284,0.000162655529432762,0.272591301148102,0.299008860500627,0.048335664508,31070657135.88123,18897606678.50474,2192072748.47968,22472758444.871432,27346745468.718437,10635836231.325496,30190863099.825339,30489676047.91272,30681852767.355206,5616384406.003543,15227544578.415067,31070657135.88123,65.5218765622,24614069099.744244,34118648273.30632,34296686684.293879,18253168627.4076,32906278275.519368,34284965919.092587,10280759099.718414,29551279510.514084,34298099539.431357,34298099493.663131,34298098792.224909,34298070803.442875,34293738282.512792,34251893942.244713,27398106451.301145,31628966806.496344,33774669159.086453,21568408014.985502,34296688755.717084,34285002070.713386,34119211893.475167,24619547687.627901,29555491771.334071,10417638110.034334,32908993548.855652,18260009277.860565,9138585623.67574,33042353501.443266,28794913244.559337,34298099541.645585,30596391147.531981,84386,0.976689814815,275652,27303107110.745567,7987258654.530279654220380428535,112275.26633923,32845.03808010804928868097915,760.5480155,222.4909309533277650376275,233.906876385584,0.035408906301599694,0.04612859692919847,0.299126406,binance-ada-usdt-spot
2023-08-04,45102,8283,1436159,3562717,833,400222,2623457,133,62305,4432985,4422649,4414392,4396883,2116594,24470,3083765,180951,4349588,873946,2821,1439301,8311,2625499,62580,138,3564031,401776,837,1691194469,4208,42372.157557034221,6596802079.3344094116571397145,0.616092605775,0.55004289897,10065617342.43024638349340342625,10280887885.27049884427432055,8986508344.77590308092055236125,16337831761.1299168590085723328283,0.35897376,0.10530936757556900952,0.230049,0.06748770356193186675,25486.419218,7476.7545394220682634735,0,0,0,0,0,0,0.53196699246,1.323405917169,0.8408746350281929,1.181526965865,0.7507266238641651,0.00001009600930652942,0.29336229917075,-41.24644572011191,3.1361584206572406,0.292540282032105,0.0000100211299714791,0.000159342933678916,0.267248108422474,0.292540282032105,0.04831937663,31094995563.469352,18914994798.946158,2371895952.033884,22486877482.149726,27335183061.49652,10636562570.772543,30182904263.789342,30513395814.634173,30706071254.857154,5366654018.643411,15239512092.96282,31094995563.469352,65.5379779989,24626888912.52069,34131736316.989491,34309804004.383246,18252434617.687058,32919244085.197199,34298083912.901191,10279201036.160906,29564846703.059187,34311216438.626407,34311216392.858181,34311215691.419959,34311187713.487522,34306856518.143999,34265020511.788739,27411472936.598752,31643237199.012936,33787822205.885235,21583635006.279337,34309808497.367368,34298153750.538877,34132810954.602132,24636466565.214698,29574250695.325411,10450170219.550351,32924558854.8188,18266097165.976814,9137419951.933345,33055710925.218753,28807746555.051981,34311216440.840635,30632799000.342415,70998,0.821736111111,238725,25926449319.679125,7605842781.75499527364358559375,127638.28107253,37444.2595976398230396044975,661.2837525,193.995722037661198239375,234.332496186907,0.03538189617215705,0.045769337260611144,0.291972084,binance-ada-usdt-spot
2023-08-05,38268,8278,1435765,3562084,832,400171,2622954,133,62312,4432976,4422640,4414383,4396874,2116124,24463,3083221,180931,4349584,873783,2819,1439074,8307,2625068,62597,138,3563444,401815,836,1691280823,4197,37491.812961639266,6592050939.806923467844964978479,0.61652611978,0.550365316311,10068772406.342672704866058777243,10283716987.4424419037841646526,8988269811.274022789176081212546,16331461203.8334932939717563717309,0.34571179,0.10144671406518111763381,0.232642,0.068267172645607098238,22739.192717,6672.657538334310014086163,0,0,0,0,0,0,0.531921151943,1.586364778454,0.8435641793050965,1.416128408947,0.7530394114325063,0.000010100232686922654,0.293443026820639,-43.195927276299386,4.7288224404163985,0.29336229917075,0.0000100960093065294,0.00016063436601326,0.267194761754644,0.29336229917075,0.048305705452,31095001119.212016,18904394855.51826,1864972415.822932,22464500217.400561,27333226617.9998,10614153157.244256,30177131293.635154,30513307368.331363,30702370230.508199,5134570456.367061,15247682021.572496,31095001119.212016,65.4702547021,24628794146.850332,34133061478.793921,34311116194.655304,18251560021.941294,32920874914.279387,34299397652.20756,10281957982.544471,29566725801.325047,34312529129.708209,34312529083.939983,34312528382.501761,34312500409.185549,34308169444.333576,34266334768.079845,27412397834.620674,31644937409.362978,33789273237.476483,21585596151.930763,34311120844.574482,34299469945.974655,34134193085.134559,24638711259.068011,29576471010.989245,10452927165.933916,32926496630.569265,18265222570.23105,9140176898.31691,33057492856.182434,28809313612.515556,34312529131.922437,30630374518.212414,65775,0.761284722222,211354,21629658952.319422,6347072592.066742603223430150658,129019.72110675,37859.93748111940393482221325,378.345514,111.022852812170448263446,234.772860375146,0.03532900154110226,0.04566910872054885,0.29310084,binance-ada-usdt-spot
2023-08-06,31805,8263,1435887,3561977,833,400269,2623116,134,62352,4432737,4422401,4414144,4396635,2116380,24477,3083301,181004,4349339,873940,2808,1436540,8270,2623501,62412,134,3562198,400567,833,1691367273,4187,31511.66563171722,6554790081.4681064197619121748,0.61418392292,0.548160467298,10012177937.20208831322133333403,10225167030.030460981175093274,8935890263.34690144208727855072,16301595602.8263836910222317875721,0.34969444,0.1020311580291324472084,0.234273,0.06835437670944652653,18778.940939,5479.17516379972717763279,0,0,0,0,0,0,0.53320897339,1.777574367158,0.8440338342306671,1.586488931728,0.7533020056717893,0.000010044474137213954,0.29177231994061,-43.003865109903245,2.560652851658713,0.293443026820639,0.0000101002326869227,0.000159881310992499,0.267505426818064,0.293443026820639,0.048311670052,31088273030.664597,18908498052.856371,2083182223.089662,22465428121.49668,27332495632.045149,10607646133.948194,30165940645.425136,30506478915.5745,30695592707.470758,4789684435.762361,15254250967.587474,31088273030.664597,65.4681740834,24623336239.070544,34135553342.062087,34313624434.596941,18297085619.299536,32923230850.429342,34301908892.402284,10323924708.882704,29568216940.51247,34315036939.055795,34315036893.287569,34315036191.849347,34315008212.204558,34310678735.093913,34268851318.870181,27412834216.645251,31647069549.410123,33791754350.549762,21581504837.547633,34313625192.516108,34301922095.733349,34135777277.170352,24625737011.707805,29570274664.364513,10323924708.882704,32924252846.328905,18297085619.299536,9147100549.41094,33059481299.548497,28808900403.33303,34315036941.270023,30626244001.369952,53701,0.621539351852,168181,19304417061.402363,5632494551.10646057671547366143,147174.30864429,42941.3894687998658624156169,400.096256,116.73701281267220335616,235.151884531476,0.03516628392235472,0.045612860046418346,0.2936,coinbase-ada-usd-spot
2023-08-07,38761,8277,1435806,3560829,828,400353,2622520,133,62376,4432244,4421908,4413651,4396142,2116043,24517,3082454,181088,4348834,873936,2826,1433574,8251,2621076,62172,130,3559209,399215,827,1691453621,4209,50678.957709669755,6514560779.92490171076375262785,0.610679824551,0.545071968042,9950892877.459637538045097661766,10162194242.7467318917182566106,8881827344.604240751405176871434,16294779158.2639175689274253118773,0.36190288,0.10494293558493863896592,0.23091,0.06695822165305283319,29625.008144,8590.523848163558640665296,0,0,0,0,0,0,0.531319962011,1.233708201131,0.8408436772097585,1.101165832152,0.7505083671130603,0.00000994280083210981,0.289975408830509,-45.01893013938406,-0.12548401121073605,0.29177231994061,0.000010044474137214,0.000159705275874841,0.26576435951711,0.29177231994061,0.04829992802,31091508352.656826,18692076048.543749,2329158725.687619,22465907734.03365,27332250797.365967,10596451588.50656,30162769687.422158,30509735365.738536,30698828200.797153,4741233394.402928,15108265199.960105,31091508352.656826,65.467097879,24620834884.185179,34136915518.209719,34314920582.236951,18232953087.120443,32924894615.407863,34303212558.722014,10274123918.041432,29568966385.746856,34316333639.980746,34316333594.21252,34316332892.774298,34316304901.572437,34311976981.100359,34270172318.058422,27414520332.484581,31648782089.384139,33793211159.6531,21581133604.020252,34314915004.698785,34303162879.336768,34136147612.83784,24611888436.259886,29561948300.696731,10170974920.183905,32920979415.396775,18229510700.542342,9132342833.813871,33060748854.67195,28808304356.506259,34316333642.194974,30629588144.819826,81859,0.94744212963,255825,27815599840.178789,8065839935.521685140887957873601,125649.2672929,36435.1976525125803333590861,663.6,192.4276812999257724,235.754524936684,0.035159126940657634,0.045478399683334544,0.291788475,binance-ada-usdt-spot
2023-08-08,40579,8281,1435962,3560848,829,400408,2622580,133,62418,4432111,4421775,4413518,4396009,2116150,24536,3082505,181150,4348704,874110,2827,1446084,8399,2629708,63434,141,3566304,405533,841,1691540349,4188,45377.581184336199,6688623066.49449275782262725739,0.626831016684,0.559500420834,10211829417.94669471191269966144,10427989462.369726940749702698,9114933219.23778475982279889106,16291199934.4932670568253161310571,0.37821112,0.1125404260139130499864,0.235813,0.07016846960929884361,25816.312641,7681.89688004548547974677,0,0,0,0,0,0,0.531063386049,1.466147490194,0.8648840079689124,1.308662328337,0.7719831239218324,0.000009992098199636125,0.29755980208597,-44.52598024017593,4.639815974201933,0.289975408830509,0.00000994280083210982,0.000158815279685594,0.263421629261142,0.289975408830509,0.048310474208,31092543497.132614,18709214575.993823,1718766077.21501,22478248135.687487,27332666971.778564,10650198544.817845,30151874632.842059,30510188863.450085,30699780903.652266,4257623693.404058,15148698943.462612,31092543497.132614,65.4987739488,24618325862.117027,34139156411.763709,34317165501.301951,18225340487.62629,32926865444.564364,34305458479.879391,10257327245.388285,29570720181.644243,34318578469.606124,34318578423.837898,34318577722.399676,34318549734.089289,34314222123.282934,34272419124.457436,27414298963.816961,31650780370.974522,33795464113.699569,21576281741.980291,34317184025.133516,34305700577.121303,34142594522.333295,24658400211.388708,29605221509.89801,10529639671.415399,32944274514.444686,18266131133.709538,9115546161.160724,33062531290.337897,28807687154.229196,34318578471.820352,30632273429.877898,68259,0.790034722222,230115,23407316590.835302,6965076492.13259448504431491294,120801.1495811,35945.566161109773771687167,497.400345,148.00634821569319765965,236.151042365072,0.03464989568144598,0.04554123894193605,0.29067117,binance-ada-usdt-spot
2023-08-09,41977,8268,1436077,3560638,827,400360,2622486,131,62431,4431709,4421373,4413116,4395607,2116192,24513,3082505,181146,4348304,874120,2819,1452365,8469,2633384,64025,145,3570019,408663,845,1691626416,4194,39540.099189318073,6776511960.369606492404859829958,0.634556391707,0.566414368558,10345337654.215739484101560382562,10562967741.0802282971652882866,9234400553.69914682719461001696,16303259709.3443784473460044077158,0.37242718,0.11225378655896141191982,0.230313,0.069418956864947611137,22627.558368,6820.203368056845962948832,0,0,0,0,0,0,0.531249831039,1.730125965802,0.8783999738713715,1.54433588449,0.7840727365512001,0.000010188687360055057,0.301411370026649,-41.36344952419261,4.720470479939891,0.29755980208597,0.00000999209819963612,0.000160262574221045,0.271594764697851,0.29755980208597,0.048313071607,31098349250.744376,18699115178.701868,2582532247.688028,22482602297.884342,27336372302.084862,10686976956.317207,30148419614.782195,30515715406.573414,30705842956.769656,4077709901.492864,15150690415.599721,31098349250.744376,65.5030525525,24621112371.644749,34143570546.860385,34321571398.857084,18234079491.966086,32931016423.595695,34309864805.951632,10214590742.79108,29575317305.14646,34322984075.33091,34322984029.562684,34322983328.124462,34322955341.638357,34318629283.902406,34276833180.671118,27416611262.463172,31655100132.795087,33799788628.429081,21579931529.972037,34321603031.968178,34310232825.429533,34149067674.928371,24688894698.627096,29629115688.036868,10687532842.936668,32959039692.089433,18294800959.311804,9141703187.114594,33066728136.578644,28811408747.99,34322984077.545138,30637200424.39904,60757,0.703206018519,201109,19838430701.572126,5979528576.939589991238815585774,121815.38377074,36716.54171266076747590645026,422.719977,127.412607405203554667073,236.47764078902,0.034658892466113346,0.04554762718079577,0.2972,coinbase-ada-usd-spot
2023-08-10,36160,8257,1436008,3560539,832,400374,2622341,131,62423,4431445,4421109,4412852,4395343,2116207,24507,3082422,181188,4348042,874129,2819,1443800,8348,2628044,63209,139,3565082,404411,839,1691714468,4298,35484.09097254537,6658231186.126577445635860904448,0.623529702569,0.556842396111,10160683829.47897517674150255845,10373432366.6927848708646242644,9073985579.867479512596860684338,16295428730.353813128213126449696,0.35604742,0.10539111529103852152572,0.235505,0.06971019367761751233,21665.485588,6413.049389435939498363208,0,0,0,0,0,0,0.531870183916,1.85535916482,0.8645988757557819,1.656926107494,0.7721289100853655,0.000010057812505997013,0.296003030413866,-44.84693971324073,1.1354729918521733,0.301411370026649,0.0000101886873600551,0.00016245742786151,0.274662448141419,0.301411370026649,0.048309718776,31117042350.994156,18706882614.519201,2631650217.659146,22493793988.585728,27347587628.72923,10736792620.720863,30154002032.651247,30534132538.808329,30724226660.958975,4069709451.882522,15212647644.686063,31117042350.994156,65.5293609945,24622906955.205221,34146849406.863608,34324870827.361385,18257126521.768673,32934275510.00614,34313162998.060128,10219366400.403392,29577828448.409145,34326283128.308097,34326283082.539871,34326282381.101649,34326254396.439159,34321928847.745152,34280138169.773025,27419679182.158919,31658469687.10319,33803084956.890902,21588188961.289672,34324886277.081809,34313357128.189483,34149502839.906314,24653877380.809929,29604585995.178186,10492280848.143352,32948021541.685249,18281018083.260362,9146478844.726906,33069874498.118171,28814235640.053175,34326283130.522325,30655042845.947893,60850,0.704282407407,194624,18501152650.867148,5476397250.806205978462223074168,125402.49646414,37119.51897484955594582776524,310.857831,92.014860003881417084646,236.838028153891,0.03460217325431024,0.045591024547540195,0.301083064,binance-ada-usdt-spot
2023-08-11,31539,8269,1436333,3560795,841,400524,2622669,131,62446,4431365,4421029,4412772,4395263,2116475,24531,3082820,181236,4347960,874414,2832,1439359,8294,2624651,62717,136,3562087,402030,846,1691799412,4164,30314.634726224784,6594394372.003677393921405948768,0.618354917211,0.552073343622,10064689349.828020050454873164576,10275175306.3704300570640317276,8985853507.79226826983262919902,16276557474.8302762481663448709929,0.35350166,0.10364643654170818030324,0.233854,0.068565827303398305956,18151.249656,5321.933553645282563543184,0,0,0,0,0,0,0.531610117188,1.793260163588,0.8576622527759082,1.601040287611,0.765729283312565,0.000009972838063430795,0.293199292308014,-44.73118920668569,1.6256673283731105,0.296003030413866,0.000010057812505997,0.000159924652909833,0.269970055083108,0.296003030413866,0.048322549524,31111345590.154026,18706338832.901492,1834463389.419357,22491167424.360912,27339925409.31676,10692989341.679227,30143894097.658053,30528285397.166161,30718475801.529652,3749773559.758185,15202419224.435891,31111345590.154026,65.520098463,24620379705.548822,34147696750.021283,34325715361.457526,18248648018.896342,32934831429.838902,34314006776.513819,10161483791.640755,29577335635.743671,34327127019.820956,34327126974.05273,34327126272.614508,34327098286.098506,34322774268.885537,34280976551.799091,27419179402.293531,31658484736.473612,33803915256.664039,21585333352.16618,34325719781.020255,34314074597.90648,34148732228.867282,24628933586.508421,29586608484.647709,10332682812.41654,32939984800.545257,18265739142.178419,9088596235.964269,33069972974.124678,28812544162.470003,34327127022.035184,30647596169.33993,51347,0.594293981481,162703,19142301668.791954,5612509302.436316314307852919356,154813.43834479,45391.19056246278628701214706,400.82285,117.5209759608812493199,237.218572862224,0.03459326375199567,0.04554568436414049,0.29616199,binance-ada-usdt-spot
2023-08-12,27708,8278,1436411,3560819,840,400528,2622636,131,62473,4431291,4420955,4412698,4395189,2116581,24536,3082903,181259,4347880,874465,2831,1437185,8284,2623126,62551,132,3561094,400901,840,1691885678,4231,25211.025289529662,6565824357.29846504423841661047,0.615674994124,0.549768281332,10015636927.751309608720803156708,10224912700.8403138218198824028,8943484066.692723498666240418068,16267733826.0195518428511768355149,0.34959494,0.10199958959826136284948,0.233854,0.068230426979039836068,15203.184595,4435.75810701553457969649,0,0,0,0,0,0,0.531431890243,2.036821323347,0.8551645978046274,1.818783885984,0.7636210268039861,0.000009918673581231747,0.291765062727342,-46.01920449154916,-17.819658282823244,0.293199292308014,0.00000997283806343081,0.000158779165842188,0.26772014595834,0.293199292308014,0.048327657636,31116972318.153244,18719146644.069066,1614763625.862483,22503805959.229285,27132447099.923444,10681850423.006638,30139181025.568523,30534174560.593538,30724184071.663348,3472610144.50727,15225324328.429215,31116972318.153244,65.5557345445,24620814778.542527,34148315924.300134,34326334516.24374,18242858876.73848,32935345781.589493,34314622623.627353,10168560306.740674,29577803321.824944,34327745870.193546,34327745824.42532,34327745122.987098,34327717130.515298,34323393701.237846,34281600691.8277,27418170751.28235,31658949482.961488,33804522568.964883,21582071049.266186,34326335459.531233,34314639430.668447,34148581396.769221,24622872604.368389,29580478756.315401,10202880317.200539,32936625240.166081,18242858876.73848,9095672751.064188,33070465774.676642,28811661042.916909,34327745872.407774,30653032899.454854,43488,0.503333333333,137344,16853587243.476178,4917287939.273558022537486258876,164084.57884536,47874.14743940595455886183312,376.989229,109.992286046717297799318,237.595272543872,0.03458505968717469,0.023386035026728435,0.293003767,binance-ada-usdt-spot
2023-08-13,33492,8287,1436838,3561489,840,400653,2623313,131,62515,4431845,4421509,4413252,4395743,2117266,24565,3083633,181285,4348432,874739,2833,1433488,8246,2621164,62218,108,3559393,398974,838,1691972209,4244,29701.26767200754,6505781781.58053668477746886524,0.610883528641,0.545338583081,9928201899.03206863664313354828,10134893176.962229505434279272,8862952268.82420136483835895808,16252201006.4895555430597268291429,0.34915333,0.1009738792584414840964,0.227681,0.06584452109748234548,17596.629521,5088.88156561182162433268,0,0,0,0,0,0,0.531360660239,1.713552100555,0.8506321236873662,1.529695974338,0.7593632751671481,0.000009874862359427263,0.28919638045108,-48.37101557229748,-11.986695762576874,0.291765062727342,0.00000991867358123175,0.000157829736753493,0.267070473620814,0.291765062727342,0.048342271673,31109649053.842671,18664942820.533655,1376469402.824498,22496069181.201403,27037511697.721506,10578702125.225291,30123519361.235158,30526767275.313958,30716513704.455223,3489859022.942213,15244513523.655415,31109649053.842671,65.5282985554,24621080211.892521,34150837993.132757,34328900775.947539,18241777119.834168,32937478978.92313,34317186772.507975,10171404623.981547,29579880491.784815,34330311751.848363,34330311706.080137,34330311004.641915,34330283010.214506,34325960078.434485,34284164407.344305,27419584531.411195,31660665739.527543,33806947040.817835,21576502679.513401,34328893553.434284,34317112730.318924,34149683744.186778,24606954402.441589,29569646723.896787,9377119901.398155,32931693919.693781,18234878369.946067,9098517068.305061,33072396521.794696,28811901611.769901,34330311754.062591,30646829863.499776,50398,0.583310185185,172849,20034588818.716135,5793930570.1983848139377741758,140651.35895822,40675.8639162428102424738776,424.9854775,122.9042618372738991907,237.92045611292,0.03414349733639998,0.019195788355031843,0.29172486,binance-ada-usdt-spot
2023-08-14,43575,8287,1436647,3560976,839,400574,2622876,130,62539,4431183,4420847,4412590,4395081,2117139,24577,3083055,181301,4347780,874663,2825,1435564,8276,2622202,62452,129,3560562,400056,839,1692060019,4162,32432.07063911581,6529970347.71056269678969218072,0.61463021041,0.548184899271,9976633733.81230726286776159737,10182418109.874762083231186898,8898098182.94500479464125607541,16231928670.0086242505403893076003,0.3385484,0.098366081045280215148,0.225429,0.06549895756103550813,19586.040346,5690.77281721244036824362,0,0,0,0,0,0,0.531333740948,1.892861285357,0.8576448226526746,1.688231322627,0.7649281352480617,0.000009879722900107095,0.29055249129897,-49.11494903787098,-10.842429008726054,0.28919638045108,0.00000987486235942726,0.00015726109327708,0.264204825052993,0.28919638045108,0.048334318823,31083465099.256171,18617827815.668716,1722605198.471987,22474322345.394776,26938434490.665275,8773285900.889857,30086778694.928207,30500539556.03374,30689641883.854596,3718440639.200731,15238959544.343733,31083465099.256171,65.4526418623,24622686784.561088,34157293632.911864,34335358207.696715,18244283847.499134,32943914427.964255,34323645289.438733,10153212465.79017,29586633520.252071,34336768852.218493,34336768806.450267,34336768105.012045,34336740119.323351,34332417241.836225,34290641270.573285,27425708776.889227,31667494823.536282,33813470680.910253,21574157296.45186,34335356784.493113,34323622117.849939,34156921317.038165,24618905815.677277,29583642578.429478,10118820856.43539,32942133708.83217,18244283847.499134,9114506036.389781,33078883518.031479,28817090224.743725,34336768854.432721,30624752667.459053,57853,0.669594907407,195460,18140140072.630498,5270662890.61506979398485798706,121719.5600714,35365.921418559904731946458,408.788008,118.77437413754327875176,238.189629946433,0.033798302425091936,0.01924816829817806,0.28919742,binance-ada-usdt-spot
2023-08-15,36615,8280,1436684,3560803,840,400545,2622773,129,62550,4430889,4420553,4412296,4394787,2117136,24577,3082882,181339,4347479,874650,2827,1418604,8049,2611288,60854,98,3547793,391574,827,1692144824,4180,29584.081100478469,6314818057.52640081151823860382,0.596814135263,0.531415358617,9669690414.172731191548483019363,9867481618.6712965065462538566,8610087622.841053350485490026094,16202180616.7622575054932445437472,0.33857387,0.09533084471436951692513,0.228033,0.064206308988794156067,17912.250415,5043.478289678013061095085,0,0,0,0,0,0,0.531506672073,1.885016433814,0.834375328858779,1.678456700314,0.7429446429103203,0.000009653378827448705,0.281565865417699,-48.82098186723108,-10.56573055774564,0.29055249129897,0.0000098797229001071,0.000157579924599006,0.266586472411626,0.29055249129897,0.048331810221,31041624330.157498,18566954033.6735,1731917618.034367,22427498617.98218,26628233303.259603,8752101682.793711,30034976536.917006,30459327678.486524,30647675674.690088,3628624260.332661,15201414987.323139,31041624330.157498,65.3052764572,24625563595.604982,34163080172.782139,34341141742.907917,18253295598.833517,32949529125.516016,34329428775.870694,10143167855.753351,29592166254.787437,34342552138.571309,34342552092.803083,34342551391.364861,34342523398.622739,34338200940.618201,34296430955.636127,27430831437.584165,31673461706.979043,33819213340.819892,21578696274.147804,34341096161.697063,34329027626.828329,34156765669.942438,24544859954.760251,29532903349.719078,9069327022.751644,32918186630.58307,18207879142.595184,9139504501.597165,33084520191.365646,28822074093.865821,34342552140.785537,30579301969.250106,52905,0.612326388889,165558,18218701717.787783,5129764515.955836495645534171317,138329.51175703,38948.86869067592051234967397,363.11393,102.24048794567177544707,238.50753097688,0.03360504030544363,0.019085421791804065,0.29032393,binance-ada-usdt-spot
2023-08-16,34926,8262,1437074,3561463,842,400513,2623460,129,62553,4431403,4421067,4412810,4395301,2117723,24560,3083545,181352,4347996,874784,2833,1406571,7878,2603513,59716,97,3542439,385411,814,1692231430,4262,27991.23369310183,6148246680.981505994105194411002,0.583290866179,0.519059486111,9418153702.403286081992469342232,9609737280.1828570762679169444,8381036467.965915338480568774318,16146581831.6265223665103184548806,0.34717128,0.09519825393107104082448,0.228069,0.062539074591093598554,17442.926781,4783.045916121626149521546,0,0,0,0,0,0,0.531855179817,1.708154950531,0.8150203988125241,1.520054714087,0.7252712049964586,0.000009536357144308142,0.274211201834066,-50.84314939823155,-12.240941656119139,0.281565865417699,0.00000965337882744868,0.000154103449726919,0.258190125658928,0.281565865417699,0.048348266356,31026968389.441207,18542277863.295493,2575421390.348185,22421573735.350197,26548070826.476217,8774563977.982221,30016476878.73835,30444620019.825935,30632990355.051054,3882476197.284179,15224161170.91065,31026968389.441207,65.2808063582,24626244183.953464,34166826462.119747,34344939133.054109,18267283748.565171,32952696805.267198,34333225898.00948,10138131342.867133,29595088162.313363,34346349233.009624,34346349187.241398,34346348485.803176,34346320495.823047,34341998463.321096,34300220784.383106,27433071905.846857,31676867282.339205,33822804558.037002,21594192236.45847,34344871894.421965,34332520222.101093,34156040268.228115,24490416802.596252,29494745387.619221,9027993876.586998,32899285255.208877,18168185395.288341,9134467988.710947,33087966657.107848,28825282372.771702,34346349235.223852,30564165183.293823,50243,0.581516203704,155688,20107279626.211808,5513641311.917169240777385851328,154704.39625939,42421.67842730091639787437974,521.854571,143.098369096510925615686,238.892474127565,0.03351961640362836,0.019523698168976283,0.28168698,binance-ada-usdt-spot
2023-08-17,35439,8275,1437693,3561823,845,400762,2624002,130,62618,4431770,4421434,4413177,4395668,2118426,24576,3083985,181460,4348376,875188,2835,1377222,7358,2582594,57181,91,3526916,371626,774,1692317996,4262,30699.231112153918,5778257357.403403353733090186906,0.54884811894,0.488768914448,8843568666.388593779889232025139,9022835113.3021845372564820326,7875514751.266673975114930381539,16112961603.050712628397144024313,0.36547724,0.09409727248132837342436,0.227857,0.058664999811692895523,18933.182841,4874.615077886622577659099,0,0,0,0,0,0,0.531916246233,1.772345005934,0.7710858351849174,1.578336728658,0.6866795632595545,0.000009657114633242912,0.257464110436339,-51.96469442800501,-16.05139649007311,0.274211201834066,0.00000953635714430814,0.000151754311990396,0.251987070197639,0.274211201834066,0.04836956963,31046716400.274261,18562017944.443973,2577984481.789195,22442962429.251454,26494736290.625183,8743644981.413578,30032805315.735857,30463038609.722434,30652681925.892114,3925192656.099723,15250790119.796111,31046716400.274261,65.3385253779,24625384917.86136,34169205823.339134,34347333338.891431,18270654656.889252,32954596588.665512,34335621913.558557,10159368032.748898,29595501374.850652,34348743406.724973,34348743360.956747,34348742659.518525,34348714682.174733,34344393199.452646,34302623544.294652,27431037878.761019,31677753541.811787,33825047488.332424,21588939140.267042,34347206248.019515,34334107892.613304,34147139951.842668,24287781214.400165,29397374105.123225,8788180893.861544,32848371895.924898,18010493399.271348,9120882861.772733,33089243871.975203,28822808036.834611,34348743408.939201,30588786677.566801,51804,0.599583333333,160140,19380393373.712302,4989755739.869156694773472142378,149771.13814221,38560.69285082213972893376919,665.598864,171.367819427197782718896,239.261760318695,0.033819565594261164,0.022148613407279527,0.27437585400000003,binance-ada-usdt-spot
2023-08-18,41850,8285,1438351,3562423,847,400902,2624734,130,62674,4432283,4421947,4413690,4396181,2119364,24591,3084604,181513,4348889,875561,2851,1389276,7656,2591818,58170,95,3534829,377069,787,1692404004,4245,31070.421672555948,5921270463.942332383176727754682,0.562361585157,0.50090658986,9060548068.58973110575807353678,9242925399.9115250945364279708,8070409421.78002082434192184479,16111605607.0291374885031265054931,0.35122511,0.09263362992487517022482,0.223405,0.05892180115871196511,19400.270113,5116.711165925062135131406,0,0,0,0,0,0,0.531221252791,1.605451809768,0.7961889236692957,1.430007689787,0.7091812263954705,0.000010129455014152867,0.263744326038862,-48.61758777741091,-18.39293259666211,0.257464110436339,0.00000965711463324288,0.000152444959767066,0.236875367901421,0.257464110436339,0.048389396336,31055114194.174435,18579829815.57616,2713954706.191143,22450797531.355611,26489893639.638626,8712860346.131196,30037726980.884016,30471403448.235792,30661013650.605532,3916885109.552544,15287147096.043479,31055114194.174435,65.3522327691,24628900114.346816,34173938595.830524,34352118074.076893,18249324140.017517,32958740443.823619,34340409239.862648,10125774628.40681,29599192928.568154,34353527918.817462,34353527873.049236,34353527171.611014,34353499193.658095,34349177935.088045,34307424242.545768,27433068149.082233,31681227535.328743,33829596894.206626,21596867418.124484,34352019002.045958,34339220850.06303,34156242365.312621,24401924482.377016,29436906347.605632,8907061978.644831,32872844715.506979,18031730661.602324,9087289457.430645,33093133971.442362,28824238011.078003,34353527921.03169,30599366981.608045,55236,0.639305555556,186500,21398043660.98853,5643612603.91756311133411625286,139164.89780566,36703.95218002090194368355892,724.0054505,190.952329590585162817331,239.669802200015,0.033866011148321835,0.020091041473775866,0.256,coinbase-ada-usd-spot
2023-08-19,36108,8274,1439011,3562855,845,401152,2625342,130,62690,4432585,4422249,4413992,4396483,2120121,24617,3085190,181610,4349185,876037,2842,1398252,7766,2598461,58902,95,3538652,381258,800,1692490401,4146,26588.533043897733,6025262541.24770641212868409368,0.572232532665,0.509623138526,9220167815.08873646127701502816,9405420329.861336293406644296,8211366169.23206517141153090012,16112624307.0149933210178747655541,0.34084426,0.0914761485759105392744,0.226437,0.06077140526023074228,15983.209873,4289.59103216967251053412,0,0,0,0,0,0,0.531072674355,1.871806880373,0.8196393509505113,1.667007803012,0.7299605573720876,0.000010285171347367407,0.26838107403044,-40.48954049564101,-15.094011462216177,0.263744326038862,0.0000101294550141529,0.000158819516124079,0.2441333364345,0.263744326038862,0.048412130319,31053967797.426851,18574820241.659096,2652886360.627364,22450400286.289622,26484669164.489251,7928669027.090308,30032700617.469568,30470195332.862675,30659728803.491403,3825433161.62525,15279834756.738682,31053967797.426851,65.348729677,24618744852.259634,34175167061.615193,34353352040.469327,18244875117.393855,32959440167.443193,34341644893.292833,10131649969.041546,29597382158.439588,34354761593.392836,34354761547.62461,34354760846.186388,34354732862.121037,34350412924.115936,34308671027.130525,27432210767.615176,31681053021.170567,33830719645.607641,21587699940.779067,34353265716.889132,34340683337.103621,34160597347.710167,24437151423.719682,29461973859.239169,8912937319.279567,32888353200.897759,18083273195.785353,9093164798.065381,33093178534.581303,28821731639.954793,34354761595.607064,30595921112.905023,46893,0.542743055556,158479,18353795979.614243,4925811477.54444219165643955692,139592.68066563,37464.0335638300154860817772,535.015078,143.58792125611963097432,239.957425807357,0.03389072348269535,0.02034302443827259,0.264,coinbase-ada-usd-spot
2023-08-20,28129,8263,1439255,3563353,845,401307,2625877,130,62688,4432972,4422636,4414379,4396870,2120573,24618,3085763,181671,4349573,876222,2840,1402707,7813,2601997,59313,96,3541127,383410,806,1692576709,4223,30344.206251479991,6074695212.828719568571029013533,0.577265268681,0.514027596905,9299789216.876157326087706049953,9486436119.1087334392096145478,8281025314.058451464258474869869,16110079232.9288534472091030824444,0.33742817,0.09133938869635486523139,0.233854,0.063302602756009881018,17535.129953,4746.634078056262520216451,0,0,0,0,0,0,0.531184499833,2.282229916737,0.8368057263958751,2.03221850219,0.7451361790714867,0.000010341074057838537,0.270692837223267,-39.97494777334224,-13.554359494557035,0.26838107403044,0.0000102851713473674,0.000160816787840793,0.24851166762595,0.26838107403044,0.048419158347,31050623116.136356,18563821515.110483,2068970401.448844,22441285388.790399,26469966903.869013,7605096000.405543,30027450249.198315,30466812950.696614,30656375434.180519,3796126018.968734,15260504533.3206,31050623116.136356,65.3207838496,24616198685.674466,34175866737.343626,34354095992.731867,18249111924.769589,32959997259.631372,34342389270.852292,10136106767.069881,29596746319.066483,34355505345.737431,34355505299.969205,34355504598.530983,34355476615.476991,34351157723.035613,34309409405.973502,27431980136.353685,31681162582.140836,33831371982.274385,21588832507.430853,34354017006.047986,34341538938.423309,34162859056.908875,24456124672.821284,29476663631.808739,8954632271.459767,32896316332.323369,18109898762.333623,9097621596.093716,33093385416.855366,28821403262.064742,34355505347.951659,30591963197.121007,51967,0.601469907407,164604,15053481288.630991,4074869560.106884406780242467597,125895.97130527,34079.13766760254517640371709,269.183096,72.865935988783054294632,240.264353946052,0.03384073043429345,0.020487086389772532,0.2688,coinbase-ada-usd-spot
2023-08-21,30770,8273,1439479,3563541,843,401441,2626037,130,62700,4433026,4422690,4414433,4396924,2120777,24617,3085877,181679,4349629,876434,2841,1389395,7622,2592460,58111,94,3535489,377061,782,1692663165,4165,30368.243217286915,5903991656.737517433851113839794,0.562161386112,0.500403818723,9043799857.481547272870748771142,9224931556.9847114417252558226,8050271854.758219049844617228506,16087550801.0727197029530471964984,0.33491945,0.08816114044593797725105,0.229697,0.060463342684369676233,18008.6186,4740.4244621562914652154,0,0,0,0,0,0,0.53127117438,2.189859899402,0.8227100259168624,1.949287665785,0.7323292720578028,0.000010074317179911273,0.263230876695689,-43.19418810815285,-14.687387318692936,0.270692837223267,0.0000103410740578386,0.000160785804101936,0.249249338677146,0.270692837223267,0.048424723256,31041527127.437988,18411995974.843333,1402463892.541583,22428948043.062946,26449283252.577852,7703458776.939368,30013711963.827031,30457415768.241054,30646901214.992838,3976151413.530461,15206603457.299495,31041527127.437988,65.2822016163,24620838257.616224,34177272001.235876,34355502056.953685,18252836564.835064,32961242572.887677,34343795311.986881,10143991278.384809,29597186875.586057,34356911204.43245,34356911158.664224,34356910457.226002,34356882475.641174,34352563330.31629,34310818449.306602,27432049661.782878,31681648377.462275,33832762296.304796,21591200990.625817,34355401251.475764,34342581702.707931,34159192965.834915,24385503068.812508,29431648558.518319,8886772881.626919,32873277589.471699,18031371296.085734,9105506107.408644,33094248791.926891,28821406503.269555,34356911206.646678,30582551544.911754,53770,0.622337962963,162888,15689090985.242102,4129853174.603709599973444698278,125781.40068696,33109.54837484021943947051544,352.8190985,92.8728806131376518163665,240.565847694258,0.03389286701317367,0.02084550603480991,0.2704,coinbase-ada-usd-spot
2023-08-22,30338,8263,1440048,3564037,846,401596,2626506,130,62735,4433475,4423139,4414882,4397373,2121361,24616,3086368,181728,4350076,876737,2840,1380362,7359,2586020,57355,91,3529496,372781,775,1692749558,4195,27963.294398092968,5785694003.356702460446452049662,0.551526988415,0.490831527778,8863152374.05266674002019739569,9040376605.8176236909707866922,7887763812.236567560131312744863,16070206100.935500904264533098243,0.34273446,0.08841337573155447967518,0.228729,0.059003996906826131757,16809.069006,4336.145638011144197488998,0,0,0,0,0,0,0.531314253254,2.016123733297,0.8148978293000053,1.794249625117,0.725218447946376,0.000009930039642825999,0.257964652085333,-43.682295799510335,-18.63707725095139,0.263230876695689,0.0000100743171799113,0.000157879754757361,0.241549994314673,0.263230876695689,0.04843983893,31039302781.806675,18406432412.060587,1681963811.841472,22428243391.435014,26435450870.941849,7679989488.909408,30010294536.616382,30454901395.066595,30640445324.439531,3886758165.26011,15187013552.367031,31039302781.806675,65.2780608883,24616357241.804499,34178366834.232578,34356602067.451906,18254900999.138643,32961962156.9366,34344894522.181762,10128753304.368428,29597472551.806971,34358011075.678702,34358011029.910476,34358010328.472254,34357982344.908462,34353663170.544555,34311923751.990136,27429948358.097045,31681783423.371796,33833712629.336277,21589790837.18816,34356476389.244447,34343415921.472606,34156603659.638233,24283683011.276203,29401608138.38856,8756859674.762397,32856988975.431874,17995404699.162643,9090120133.392263,33094637430.010165,28820263481.306788,34358011077.89293,30576917218.981411,49044,0.567638888889,150824,17041618284.855141,4396135131.823705731577475746953,141208.49140086,36426.79935571758659742958638,499.789531,128.928032480306752048823,240.85275691333,0.03390536554815896,0.020080471884217774,0.2628,coinbase-ada-usd-spot
2023-08-23,34189,8273,1440767,3565268,847,401831,2627638,130,62768,4434842,4424506,4416249,4398740,2122491,24616,3087576,181834,4351435,877199,2845,1398929,7755,2600131,58907,96,3540645,381406,801,1692835966,4162,27416.2068716963,6002047191.354170844157650511344,0.572614750622,0.509363867258,9201274476.215306331278631040056,9384776360.8704442679208570756,8184903979.18227955593116060133,16068874345.6627389130722058356745,0.34886098,0.09342218097645468304932,0.228297,0.061136111153450508498,16342.392603,4376.362066476280406682102,0,0,0,0,0,0,0.531137520246,2.09796276549,0.8522386201188208,1.866222318639,0.7581005534672985,0.000010123621815249427,0.267792004071234,-42.47212432472276,-12.264574264983436,0.257964652085333,0.000009930039642826,0.000158077481777514,0.237834897585461,0.257964652085333,0.048465576794,31026647712.989184,18392707981.199636,1617116779.073541,22413093371.367416,26404959979.687104,7680251680.794141,29992591828.073364,30442138832.049313,30627635723.41378,3894700740.606622,15140841963.019882,31026647712.989184,65.2306069868,24615911082.298535,34180041010.999415,34358371203.068671,18249768604.366487,32963077386.355027,34346661645.715871,10116665787.572288,29596641582.836963,34359780485.360456,34359780439.59223,34359779738.154008,34359751746.938506,34355432054.718618,34313688793.719355,27426389487.322879,31682121631.100362,33835226278.863229,21585945938.496453,34358283318.454344,34345676594.986946,34165067381.836667,24430596184.699743,29458505142.127565,8934600952.235054,32890007615.725818,18084412350.759049,9078032616.596123,33095459916.094214,28818456182.968341,34359780487.574684,30564407654.998745,46845,0.5421875,164514,16377688418.863212,4385814003.741619200186150043608,120282.98283041,32210.82102782132404058142594,449.284745,120.31486226218332952533,241.104514809493,0.03387759740823555,0.02075582533065891,0.2586,coinbase-ada-usd-spot
2023-08-24,36418,8267,1441207,3565838,847,401941,2628339,129,62742,4435279,4424943,4416686,4399177,2123152,24601,3088198,181839,4351891,877489,2836,1395155,7702,2597992,58503,94,3539523,379462,792,1692922664,4133,30015.144931042826,5950884009.957681028475542948862,0.568501602525,0.505677722572,9121321098.084978015255026437374,9302823131.4456379197459784698,8113343672.629370402661273609506,16044494962.8434014462476268044048,0.3601468,0.0956022254338950584396,0.227945,0.060508796070183628165,17700.1346,4698.5625257241934029562,0,0,0,0,0,0,0.531507262706,2.161215463686,0.8565361690921587,1.922384226904,0.7618822134593077,0.000010160201358683456,0.265453491281597,-42.03987223837916,-12.638807972781892,0.267792004071234,0.0000101236218152494,0.000159504968631947,0.246623946922929,0.267792004071234,0.04848256547,31026107029.174746,18307811692.331983,1524610531.677042,22417802761.708246,26375735799.081717,7680425211.855872,29987040524.160073,30441528365.154194,30627022439.255111,3667286657.082462,15077133803.788925,31026107029.174746,65.2414704621,24618241350.093861,34181484958.109807,34359868515.262207,18263268588.785429,32964023655.577736,34348160481.226203,10103781656.841889,29596400237.250594,34361277576.195714,34361277530.427488,34361276828.989266,34361248856.230861,34356929560.872083,34315184383.262872,27426775905.954357,31682363606.732347,33836586142.436975,21586504241.790538,34359774282.899956,34347068756.242811,34164929938.684365,24415259452.546523,29444099757.614028,8884362516.361233,32883249737.218032,18064179135.16674,9100148483.679807,33096217692.18763,28819719197.739542,34361277578.409942,30564087266.129098,49147,0.568831018519,165280,15899052248.964093,4220458927.556045036650204696521,126184.41171774,33496.09263578854141682043078,487.944017,129.526442862616918355149,241.385562092035,0.03387510099362515,0.020771449403777387,0.268,coinbase-ada-usd-spot
2023-08-25,30698,8295,1441605,3566326,849,402112,2628888,129,62809,4435443,4425107,4416850,4399341,2123785,24628,3088735,181930,4352056,877891,2840,1387192,7559,2592063,57813,90,3534451,375646,784,1693008856,4039,31246.64842782867,5846095414.915107218517986009279,0.559995301465,0.49785885056,8967583276.007971944862853458996,9145828504.7604405572679000678,7972550288.226965473696251598428,16013675922.914305527397748365662,0.35334451,0.09221362164985161034217,0.232733,0.060737190475762351111,17820.930153,4650.793953405910199998251,0,0,0,0,0,0,0.531064626835,1.782867520157,0.8524342877745095,1.585042538687,0.7578491347689573,0.000010021692060625484,0.260973692926067,-43.80985745964482,-14.886313533860637,0.265453491281597,0.0000101602013586834,0.000160236065159844,0.245684238911077,0.265453491281597,0.048504872145,31010988440.037266,18292676889.665782,2577736372.531417,22401090889.154437,26346382847.197624,7616133415.37464,29963057124.620724,30426216966.15913,30611874594.717182,3842292559.739732,15041629726.973795,31010988440.037266,65.191425995,24613051145.502468,34182180109.850381,34360611630.333369,18248453369.703517,32964297876.945966,34348903968.800331,10083363542.15117,29595968473.370304,34362020075.22116,34362020029.452934,34362019328.014712,34361991356.266794,34357672860.417278,34315933545.739671,27424234545.104195,31682300956.845108,33837275779.878093,21570608947.755173,34360496217.783051,34347566107.078458,34162448702.398225,24345218481.326449,29414898122.917249,8713570074.346259,32868376182.562071,18011384923.065171,9079730368.989088,33096026526.410072,28816119673.824641,34362020077.435388,30549248848.946484,50435,0.583738425926,159406,19273456770.594759,5029865188.873023583254604682853,139121.18069307,36306.96828970513115532925569,580.47627,151.48903583784875793009,241.741895668915,0.033857838571886144,0.020730305692867282,0.2657,coinbase-ada-usd-spot
2023-08-26,26556,8292,1441957,3566635,849,402180,2629224,129,62844,4435773,4425437,4417180,4399671,2124139,24633,3089113,181993,4352381,878134,2838,1387367,7554,2592304,57831,89,3534326,375650,783,1693095283,4100,23249.698048780488,5843549597.82971886308665110388,0.559899732605,0.497797929932,8964314029.75057769546828550306,9142349362.239701709883021812,7970028752.30691361794018037724,16010570299.8839226380849437205421,0.34678759,0.0904680102094801866262,0.233854,0.06100652580886120972,14031.372672,3660.42615926226565936896,0,0,0,0,0,0,0.530815593194,2.723749681459,0.8737168363939383,2.421642437254,0.7768077160532133,0.000010031249339136807,0.26087441655418,-39.3421580250539,-15.136394981309317,0.260973692926067,0.0000100216920606255,0.00015788183587003,0.241867325580499,0.260973692926067,0.048524038999,31012608378.97423,18285274201.028833,2393586923.288826,22399856892.889666,26340946860.654661,7503662679.213061,29962221612.787972,30427767923.112277,30613434221.210994,3612366722.342074,15038986689.666577,31012608378.97423,65.1868015605,24610325925.781305,34182718127.35756,34361156198.644674,18240185189.981379,32964383290.159313,34349448312.529632,10081784486.52947,29595645647.687256,34362564745.060689,34362564699.292463,34362563997.854241,34362536021.16115,34358217979.555952,34316477927.393715,27421415712.017862,31682304198.791888,33837756734.388582,21567238556.967203,34361039121.485249,34348106744.544266,34162918433.040307,24341759997.597825,29413930656.858885,8673664790.671449,32868213593.774672,17999388231.779216,9078151313.367388,33096024031.419661,28814201908.301488,34362564747.274917,30551208729.398918,40461,0.468298611111,128958,12615904090.299615,3291166618.8604050569120806407,127589.34189102,33284.7951243516396334854636,391.808654,102.21285401312858387372,241.832390260026,0.03385064426981588,0.020698404716463496,0.2611,coinbase-ada-usd-spot
2023-08-27,25589,8293,1442277,3567182,849,402264,2629775,129,62849,4436341,4426005,4417748,4400239,2124565,24650,3089663,182009,4352950,878334,2839,1392078,7647,2596350,58241,92,3539095,377802,788,1693181651,4102,23487.106289614822,5896632889.787228905785158233271,0.564987552617,0.502331685873,9044803422.797761324643508873701,9224261952.8365143654300020082,8041754779.755915533626817970814,16008854320.5907563859306057332951,0.34622576,0.09113069501435461624048,0.236957,0.062369871318981079861,13755.54952,3620.62253271383398663496,0,0,0,0,0,0,0.53068269425,2.585622429483,0.9018641779735497,2.298882635584,0.8018494404896694,0.00001009001474401663,0.263211769726073,-41.49542332521507,-15.15388202143317,0.26087441655418,0.0000100312493391368,0.000158496817373601,0.241741874887666,0.26087441655418,0.048534554272,31013637714.756174,18232329245.89866,1062602324.760872,22402618606.014127,26335069265.849285,7241757730.81006,29961804799.671933,30428546969.486888,30614294156.468635,3588157546.780148,15039132374.759709,31013637714.756174,65.1935991768,24608573384.690456,34183337001.509047,34361809483.785085,18235965110.401511,32964721206.355514,34350101210.217451,10077377310.258968,29595876663.887016,34363217996.018809,34363217950.250583,34363217248.812361,34363189273.078761,34358871250.020826,34317123346.599633,27422585916.987518,31682249372.317309,33838309020.12238,21566164276.067618,34361708543.421422,34348892922.090434,34165212274.767163,24375144592.002494,29429621331.466413,8783784847.249088,32876439162.204788,18014179768.754822,9073744137.096886,33096283435.892523,28814456274.841268,34363217998.233037,30552413321.505518,39730,0.459837962963,124450,13290114444.552551,3498114542.812722627272323362223,156690.16664451,41242.69606117477060426930923,338.917977,89.207200518150505314321,242.140540043803,0.033767936656574696,0.020693426912141683,0.261,coinbase-ada-usd-spot
2023-08-28,35468,8290,1442689,3567819,850,402351,2630410,129,62863,4436835,4426499,4418242,4400733,2125194,24654,3090387,182052,4353440,878524,2843,1400317,7763,2602670,58942,93,3543029,381616,800,1693268237,3905,33742.342893725992,5989190319.71299056867800268032,0.574266714495,0.510465041591,9191340037.72964215089146603648,9373447679.7573653033058473472,8170171901.328196733595331982592,16005350485.6387294977421964165894,0.33975242,0.09087315280421710900736,0.238614,0.063821786709349888512,18857.278324,5043.732535028015710600192,0,0,0,0,0,0,0.530731649382,1.944412100678,0.9475161749139863,1.728385746186,0.8422460703834893,0.000010246558225471361,0.267468743281408,-37.909592181477834,-14.500479801935201,0.263211769726073,0.0000100900147440166,0.000158871973941214,0.243811513934915,0.263211769726073,0.04854809734,31008546715.63584,18128775034.901985,1506996643.170699,22392112985.74679,26324492292.979307,7019901930.241983,29955684914.636681,30421360036.78827,30606813615.486108,3754306329.972808,15019621960.615924,31008546715.63584,65.1612310624,24606957148.551651,34184236549.332564,34362756805.047788,18238149992.450447,32965292666.488947,34351046982.422516,10068858057.285671,29595967329.083262,34364165039.901707,34364164994.133481,34364164292.695259,34364136313.016187,34359819177.776294,34318066677.965607,27421701268.232491,31682662501.722224,33839063847.15071,21566812097.595056,34362668296.107708,34350052941.931195,34169061250.832933,24418476266.321487,29455594362.564638,8813212850.553025,32891059938.307599,18058033035.368576,9065224884.123589,33096742848.886805,28814154462.510723,34364165042.115935,30546267953.007999,55503,0.642395833333,184192,17673293140.962508,4727053506.057169901099421451264,122230.89173293,32692.94300197262958777036544,262.063479,70.093789388083656498432,242.5061771895,0.0337465578715501,0.020916674528325827,0.2633,coinbase-ada-usd-spot
2023-08-29,42956,8265,1443372,3568576,853,402496,2631304,130,62880,4437627,4427291,4419034,4401525,2126088,24636,3091330,182104,4354233,878935,2824,1409324,7828,2609320,59699,95,3547262,385651,818,1693354672,3950,37883.91746835443,6091517948.422574872516949072975,0.584345289806,0.519722136558,9348586187.082042711767799121895,9533177121.069133244009705499,8314719518.93811777724371117334,15998394014.9371619304714929374807,0.34521278,0.0939070515075594126533,0.233854,0.06361450356284260069,20965.46255,5703.16305080784641832425,0,0,0,0,0,0,0.532417656344,1.881023291115,0.9922821732297087,1.67299961312,0.8825449954612465,0.0000098303120556653,0.272026578817735,-39.51123883110146,-13.440373350134355,0.267468743281408,0.0000102465582254714,0.000161826289185257,0.246801763160526,0.267468743281408,0.048573066821,31008196849.563936,18118944678.571397,2985526631.41005,22393098405.667385,26316545566.363382,6910245864.72098,29947341955.756575,30420699530.983308,30606350600.254152,4012647651.62349,14105715037.022064,31008196849.563936,65.1597773879,24604100511.924915,34186461357.940929,34365035704.854299,18297301570.622875,32966848690.756327,34353324947.935599,10103059936.738241,29596294752.691571,34366443996.428429,34366443950.660203,34366443249.221981,34366415269.180644,34362098933.192278,34320343739.033486,27420430605.788406,31683775243.147361,33841128338.60209,21567422134.447529,34364960080.947909,34352544170.320525,34174370785.592622,24448967208.866122,29483344335.276084,8884769035.149017,32907039500.504902,18172901767.230567,9064426765.762076,33098111097.868764,28814225649.852948,34366443998.642657,30565834982.283844,60732,0.702916666667,201407,18270078930.431458,4969947066.17525257746709230763,117279.01541284,31903.0093298672781301387174,349.5982345,95.1000116917552532888575,242.780650462351,0.033712499724467694,0.021234271109181475,0.2674,coinbase-ada-usd-spot
2023-08-30,36592,8282,1443738,3568936,852,402564,2631787,130,62918,4437745,4427409,4419152,4401643,2126591,24652,3091981,182166,4354353,879013,2833,1398232,7716,2602081,58699,93,3542913,380323,795,1693440809,4187,35063.351325531407,5952588341.137097144379804190928,0.57154460906,0.508385796743,9135143978.154266254234672765984,9315180602.6194154933049239832,8125660492.772431714419673055468,15983256308.1703750954362887171807,0.31364683,0.08336924326667914132484,0.227277,0.060411614878814605596,23146.194876,6152.399982219511807178448,0,0,0,0,0,0,0.530955013794,1.9246288157,0.9954511448523289,1.711946781396,0.8854483366167982,0.000009736844936849136,0.265806108311948,-41.270168568236116,-13.519145253225883,0.272026578817735,0.00000983031205566532,0.000157518076457128,0.250019924707242,0.272026578817735,0.04858163858,31012704733.046742,18117132162.422172,3227216394.042779,22394475352.504636,26309792435.543856,6928380853.467201,29950073259.331875,30425002212.146247,30610075434.481368,4090815777.503386,14070745482.684246,31012704733.046742,65.1614069288,24603447876.865808,34187658553.553459,34366289925.298941,18247701408.127469,32967919963.517223,34354577176.94138,10101930656.115901,29596787656.790527,34367697701.08058,34367697655.312354,34367696953.874132,34367668975.81756,34363354786.412168,34321596056.908879,27419913370.502924,31684784422.294619,33842179951.758195,21559556151.886102,34366196792.497195,34353509309.481651,34171308363.601799,24400251753.436666,29445237042.659536,8811695333.429339,32888040193.542157,18041819696.822626,9063720919.363968,33099010685.032511,28812896820.298746,34367697703.294808,30569878714.887241,73797,0.854131944444,230523,17856792656.817856,4746444563.042124723973464543488,98055.29026334,26063.69510429685216778838632,329.049727,87.463427374978920238196,243.088849266096,0.03371813889249435,0.02126064729327287,0.2727,coinbase-ada-usd-spot
2023-08-31,33981,8275,1444382,3569295,851,402778,2632433,129,62905,4438236,4427900,4419643,4402134,2127260,24650,3092414,182230,4354844,879497,2823,1378854,7282,2587039,57037,86,3532642,371256,772,1693567389,4268,29548.40885660731,5712431087.57865584120030530426,0.550538632544,0.489721504632,8767705034.953637747658520917652,8939535800.3974916331508903404,7799150591.930909584498246639078,15925685350.0792523039798650727029,0.34098822,0.08698172601929898964932,0.239509,0.061095677197166171054,18980.086131,4841.576790158142682422786,0,0,0,0,0,0,0.531167891058,2.149592945991,0.9751472679457965,1.912130829025,0.8674242987987887,0.000009828106286231687,0.255087187526006,-42.88172451719547,-17.49261040733384,0.265806108311948,0.00000973684493684911,0.000155894066195514,0.243105258988552,0.265806108311948,0.048598924431,31015197920.696584,18108982072.971926,2777119759.878436,22394033753.64071,26298019676.994635,7245594823.123381,29951073767.024537,30427675574.642032,30612695591.948951,4913065316.708398,14068146315.006538,31015197920.696584,65.1530938234,24603434951.453024,34191381809.582752,34369997009.210893,18256986711.093884,32971056838.942096,34358287814.589598,10202124545.879224,29597513521.253375,34371405006.356714,34371404960.588488,34371404259.150266,34371376281.047836,34367062427.454852,34325307486.907934,27420993760.874225,31686922515.348292,33845791469.220486,21556419057.033707,34369863088.395763,34356617053.877437,34167340935.123916,24236147419.135333,29382629137.322112,8677638142.12866,32855533356.796472,17966869956.359372,9198491372.717142,33101666772.332558,28814386039.10422,34371405008.570942,30574450514.633513,55662,0.644236111111,172375,15989727298.21926,4078774565.81055363984874007556,130604.17556578,33315.45182422753363351367468,336.0849765,85.730971425128819648859,243.311356858406,0.033822418156461156,0.022158548341392935,0.2655,coinbase-ada-usd-spot
2023-09-01,31186,8285,1444592,3569584,851,402602,2632699,129,62920,4438438,4428102,4419845,4402336,2127600,24675,3092790,182102,4355042,879476,2826,1379298,7292,2587747,57076,86,3532994,371192,770,1693613939,4342,27267.008751727315,5680251824.344252441062705947016,0.55098500507,0.490140620922,8772206523.584784961486426754356,8943985662.7730642931996489144,7803505926.215756340695747461204,15920953279.7813225863623558453647,0.3350751,0.0855159112292242558116,0.246066,0.062799528262560529656,17400.449883,4440.841254820765817029428,0,0,0,0,0,0,0.530959280837,2.244705646095,0.9993680287424301,1.996826427287,0.889009431526152,0.000009890952786994142,0.255214163121116,-44.21478716865547,-14.646621944977177,0.255087187526006,0.00000982810628623171,0.000155004415934629,0.235167091058014,0.255087187526006,0.048612740709,31018425286.08697,18106647639.204875,2712546326.74869,22256804853.140526,26292909476.971773,7123686653.567666,29951034815.228756,30431105077.060398,30615647448.325971,4925166575.102904,14068623939.814019,31018425286.08697,64.7528282545,24603406395.867126,34191894484.955129,34370534595.886227,18250101836.664004,32971125513.608286,34358822870.899542,10205711900.879308,29599594821.951108,34371942433.526663,34371942387.758437,34371941686.320215,34371913704.230763,34367600440.46693,34325844850.523456,27423936512.889357,31687333405.807919,33846176114.767538,21554549751.176773,34370400924.937145,34357169229.02175,34167945372.688338,24236253911.01054,29385667071.933417,8680922399.767102,32856038831.592804,17952567660.131155,9202078727.717226,33102329967.773729,28815839257.364665,34371942435.740891,30576304350.760019,51930,0.601041666667,167576,15312449761.749735,3907954051.27909069884088590426,133214.31669028,33998.18034986112561589995248,351.4790035,89.702419732896301487906,243.529551320355,0.03382154940510173,0.021591133124235832,0.2553,coinbase-ada-usd-spot
2023-09-02,30718,8282,1444875,3570043,850,402703,2633209,129,62918,4438907,4428571,4420314,4402805,2128012,24692,3093249,182125,4355503,879692,2833,1381481,7315,2589475,57222,87,3534197,372111,772,1693700261,4217,25586.986720417358,5699482518.745585923349317831605,0.55314320736,0.491968996549,8807673940.835668436957914044873,8979937737.9876008339807645034,7833599785.636439278196386342526,15922954171.0808528330577377876266,0.34450241,0.08827531327103305365941,0.241137,0.061788955892172416037,15456.445118,3960.560202896634171733718,0,0,0,0,0,0,0.530780424813,2.376455167953,1.023868003934703,2.113633953676,0.9106345477841236,0.000009905563346765528,0.256240045667701,-43.5583555957906,-12.408628347606589,0.255214163121116,0.00000989095278699412,0.000156692938357708,0.236835778949121,0.255214163121116,0.048623197687,31014275600.692441,18091543075.70896,1818712781.018019,22242747045.623105,26280633521.989734,7095617286.347319,29942729813.133513,30426815533.791669,30610930960.923395,4845395490.069296,14048388841.780482,31014275600.692441,64.7104168141,24601419784.473181,34192665753.601627,34371337955.515552,18244380591.450656,32971625181.037238,34359626839.262348,10201411040.517434,29599398024.865014,34372745748.298545,34372745702.530319,34372745001.092097,34372717011.15754,34368403901.414757,34326642149.574388,27424593700.37662,31687491498.142875,33846892874.909828,21560139473.315739,34371207195.40218,34358020845.9943,34169458579.630961,24244526769.535245,29391250742.700707,8715084189.304899,32859735957.106971,17958138639.958191,9197777867.355352,33102666142.76895,28815886986.308693,34372745750.512773,30571333084.272326,44866,0.519282407407,160636,14463873004.645926,3706223479.242299756381759436126,122088.02160373,31283.84023121904148068212473,343.55097,88.03151624198297621997,243.716592532754,0.03380117766885326,0.02142173488397826,0.2551,coinbase-ada-usd-spot
2023-09-03,35460,8278,1445251,3570056,851,402800,2633670,129,62915,4438973,4428637,4420380,4402871,2128548,24660,3093571,182170,4355576,879947,2829,1380594,7288,2589150,57106,87,3533752,371656,771,1693786582,4146,26304.985045827303,5686570469.558045027168610687446,0.55198191846,0.490987349047,8785560000.481744574522534759002,8956996732.1700257908062751386,7814746589.094244665692897373842,15916390929.9577602894021351735819,0.33608542,0.08589853672066460696518,0.233854,0.059769675239926507366,15676.368188,4006.651310382867804400652,0,0,0,0,0,0,0.531028384733,2.634311367626,1.0441668630903898,2.343217253498,0.9287853513416815,0.000009844389489032453,0.255585430396429,-46.796324181062246,-12.877206403517167,0.256240045667701,0.00000990556334676551,0.000156541419567379,0.237878611112233,0.256240045667701,0.048633757148,31019971118.927845,18057289686.513281,1373710563.817032,22249196523.987374,26274772878.253427,6756417999.700654,29942507804.988213,30432329344.997587,30616022656.503095,4895897043.812157,14042824599.735011,31019971118.927845,64.7263289904,24603588858.293043,34194164858.352444,34372851987.919905,18253707689.039169,32972812075.025567,34361144090.161054,10206409832.06823,29599552511.866643,34374259856.24011,34374259810.471884,34374259109.033662,34374231125.86092,34369919988.993271,34328163599.045559,27423246696.134897,31688401123.363959,33848329621.009292,21562380381.25392,34372719449.475747,34359507414.854156,34170463860.746057,24237737726.640852,29387034311.228442,8717852441.189925,32858769438.582137,17959858472.230406,9202776658.906148,33103588921.349002,28816358546.489502,34374259858.454338,30575868808.222298,46644,0.539861111111,161070,13048670055.060978,3335049952.123754959608308447562,119410.46565563,30519.57525843219696029574527,359.8083525,91.9617726339425403732225,243.905911930813,0.03380128208611045,0.021381723112433925,0.2562,coinbase-ada-usd-spot
2023-09-04,29766,8282,1445559,3570514,854,402899,2633988,133,62879,4439381,4429045,4420788,4403279,2128931,24643,3094008,182196,4355981,880187,2832,1381631,7306,2589984,57150,86,3534482,372067,774,1693874333,4179,25238.104331179708,5695712201.864945207213254765875,0.553763022268,0.492628611927,8799947735.07467538460731519624,8971468032.351649693982765769,7828449830.41559202386137679727,15891179766.8183511563698580137521,0.34033721,0.08712576929310313444485,0.235637,0.060322686722732854545,15349.548649,3929.459356930254268510965,0,0,0,0,0,0,0.53123004057,2.50039741019,1.0669491992554707,2.224358174737,0.9491599870169756,0.000009922599665583378,0.255998364954285,-48.90569030177149,-12.760453799858483,0.255585430396429,0.00000984438948903246,0.000156267389641714,0.237220228802766,0.255585430396429,0.048643191465,31016178644.923875,18082807878.398298,1631731682.289128,22249017890.727775,26262189679.487042,6822308532.303002,29936338791.188227,30427189528.209562,30612094053.117586,5043122424.439113,13986523208.482509,31016178644.923875,64.7243867047,24606292828.880381,34194907966.700317,34373607623.688302,18261040820.12175,32973248090.03231,34361897543.457945,10342145855.688868,29598719411.172233,34375015387.615036,34375015341.84681,34375014640.408588,34374986654.249617,34370675629.984001,34328921837.711201,27423089996.968005,31688456245.694234,33849025692.283711,21566570643.406016,34373476153.081326,34360280975.762935,34171492357.880256,24246019312.653239,29389262987.213208,8675958895.92671,32860424289.08842,17967468270.243692,9198367998.931191,33103854758.268532,28817338204.505404,34375015389.829264,30580077461.875822,45101,0.522002314815,145107,13747820746.309149,3519419632.739740303123862253465,146930.98309909,37614.09143449272309547510065,355.623908,91.03913898665307304578,244.135472841494,0.03369591416051974,0.021393636154675086,0.2559,coinbase-ada-usd-spot
2023-09-05,28080,8285,1445965,3570954,856,403007,2634393,133,62890,4439506,4429170,4420913,4403404,2129367,24639,3094393,182226,4356089,880443,2834,1385114,7360,2593344,57428,89,3536079,373653,775,1693959322,4178,24795.388702728578,5732492087.49461602070360696083,0.557118348419,0.495983386177,8851851569.31741083705323386178,9024246460.7650468058817092988,7880500306.165795941672488775224,15888637655.6016689912181659358559,0.33993053,0.08753360133842951405446,0.23574699999999998,0.06070588574298031100391234306436,15232.967101,3922.555792268338929718982,0,0,0,0,0,0,0.531389608841,2.641698834673,1.0966140714564963,2.351814003253,0.9762779524922643,0.000009987617916816103,0.257504382846782,-48.32181845733938,-11.744752586812615,0.255998364954285,0.00000992259966558336,0.000157303414636109,0.237095697534681,0.255998364954285,0.048656429789,31039084778.113055,18098882732.502846,2163645642.636726,22261726282.560065,26275580295.568651,7121383700.285884,29957694551.403487,30449720948.136093,30634879333.105084,5399747097.737832,13951333715.825453,31039084778.113055,64.7603729299,24608005546.108793,34195423581.970743,34374130280.13567,18266803426.556199,32973428186.256722,34362419891.013216,10341940058.501209,29598226326.337824,34375537499.158562,34375537453.390336,34375536751.952114,34375508749.115963,34371197953.549531,34329444726.000159,27422317927.586832,31688117701.207979,33849457774.273375,21567417388.371052,34374003318.866425,34360918364.582147,34173206489.22944,24267500274.369087,29399166729.316224,8792643615.758141,32866372171.65939,17969658676.300017,9198162201.743532,33103746321.755748,28816526843.587953,34375537501.37279,30603363791.500132,44812,0.518657407407,140487,13012663309.754285,3350817834.77124079353722296087,139679.24745296,35968.01841187741138743237472,362.57237499999997,93.36397566166700312211851459654,244.298724140453,0.03363458940443653,0.021476231537424006,0.2561,coinbase-ada-usd-spot
2023-09-06,26691,8285,1446467,3571577,857,403204,2635023,134,62913,4440174,4429838,4421581,4404072,2130042,24649,3095056,182309,4356750,880733,2831,1385895,7368,2594355,57470,89,3536820,374017,776,1694045831,4281,25192.835552441018,5742976575.207393100946058951635,0.559204794921,0.497822814711,8858474271.772483398403430574514,9030855358.3720160311431903042,7886110126.509729860585360429855,15841198702.5590809870793190442426,0.34657408,0.08930970258498684978304,0.236297,0.060892074767174272361,15241.981467,3927.751410675753815264571,0,0,0,0,0,0,0.53134638208,2.336360795548,1.1131472101904434,2.079906535108,0.9909608830215012,0.000010005632476063998,0.257692965916513,-44.375953135441,-11.132820898224907,0.257504382846782,0.00000998761791681612,0.000157714722511443,0.240178098011689,0.257504382846782,0.048673176683,31035684633.667079,18023211445.293849,1999674162.868472,22286120829.033395,26262608848.546162,7141751555.256283,29951398031.057861,30446233973.314809,30631364384.609011,4292771196.877525,13953467582.974143,31035684633.667079,64.8303127493,24605292748.225745,34195939785.596178,34374673711.825082,18265606274.189072,32973597338.218918,34362962804.018255,10382219552.959517,29596725278.351346,34376081006.69635,34376080960.928124,34376080259.489902,34376052249.814078,34371741615.809373,34329992003.69218,27419980162.5542,31687736869.857524,33849839362.926358,21561576105.145629,34374547211.86154,34361476044.646993,34173831086.806774,24267840048.419577,29398420394.826634,8797287972.349554,32867189810.156069,17968640509.263282,9203387696.330545,33103525344.61963,28814303200.874954,34376081008.910578,30602737247.646335,43979,0.509016203704,137213,14713515598.45515,3791569473.62478534470667489195,151051.18420724,38924.82766356522405793015412,428.444394,110.407106620163066878122,244.553305370595,0.03357930331215386,0.021490944604815758,0.2577,coinbase-ada-usd-spot
2023-09-07,34988,8296,1446947,3572465,856,403375,2635746,133,62939,4440973,4430637,4422380,4404871,2130635,24656,3095890,182419,4357546,881045,2833,1385900,7378,2594581,57462,88,3537537,373959,776,1694132242,4224,31947.437026515152,5733714022.868327257710706984928,0.55874574577,0.497423593287,8849733571.039567198680237973098,9021626149.4391947468444376252,7878478370.277535098325576372888,15838569936.3864264167147836165927,0.34961575,0.0900014472163373995285,0.239733,0.061714373409991437174,19870.411416,5115.232320695026140266448,0,0,0,0,0,0,0.531039084413,2.264882278732,1.1251494340495087,2.016312231434,1.0016646725385843,0.000009821582419451264,0.257429612986078,-46.35924191098855,-13.486428213276499,0.257692965916513,0.000010005632476064,0.000157861804565725,0.240397776554184,0.257692965916513,0.04868874848,31035942789.784531,18005726793.650996,1808852296.355932,22272938829.218576,26243519518.461585,7170210659.637874,29944456076.35055,30446402141.736281,30631488508.345852,4201154544.311408,13913523452.049069,31035942789.784531,64.7896795631,24605972740.711144,34197120875.156774,34375887259.640576,18255686897.677288,32974455316.367245,34364173547.286737,10335124209.049421,29595556113.220456,34377294312.865863,34377294267.097637,34377293565.659415,34377265552.996962,34372954921.994847,34331192597.27927,27418238707.468633,31688190596.989733,33850919024.729149,21556653274.620744,34375760092.792886,34362667489.8188,34174827892.043764,24268018145.695357,29395940188.889328,8750192628.439458,32867152257.920909,17962402637.809425,9191346352.291744,33104112738.274952,28812385664.075864,34377294315.080091,30604398145.537396,56835,0.6578125,201842,15178402267.478877,3907370221.464096075416760074406,105955.22305429,27276.01206471944407440817462,338.074981,87.030511519105673114518,244.854389066661,0.0334989510526139,0.02075569022149274,0.2575,coinbase-ada-usd-spot
2023-09-08,39256,8292,1447145,3572828,859,403315,2636018,133,62933,4441228,4430892,4422635,4405126,2130955,24650,3096280,182404,4357798,881139,2833,1380006,7281,2589787,56930,85,3535029,371115,771,1694218293,4177,31269.91189849174,5665050598.086021822741518055102,0.552635024035,0.492070992487,8743681189.109095437018678143895,8913129840.5889414177641766186,7785449154.679865374909650456999,15821800661.9814533471038983292539,0.32807343,0.08344012956919628382747,0.233854,0.059476953254869886166,19477.39151,4953.75706366822712873979,0,0,0,0,0,0,0.531381138113,1.955174433389,1.1323992952013158,1.740904181026,1.0082981006405447,0.000009818053028833828,0.254333700748629,-46.90283319921593,-15.619075442926277,0.257429612986078,0.00000982158241945126,0.000156389364485024,0.240772386852321,0.257429612986078,0.048696553152,31045028218.355707,18001170431.138824,2658055174.005392,22274085508.176838,26242646262.187095,7212998338.145307,29950159072.522583,30455321703.736617,30640658947.195817,4363724079.546912,13893576321.357468,31045028218.355707,64.7902236548,24604640447.241215,34198581562.313618,34377368586.824815,18268232829.09846,32975599634.139674,34365652058.188387,10344868732.438504,29597332923.319019,34378775454.487527,34378775408.719301,34378774707.281079,34378746691.709511,34374436120.032199,34332674785.817621,27420105766.24855,31689501692.086998,33852329258.593795,21559229732.596486,34377230178.858387,34363947928.494663,34173908209.345604,24230299079.742956,29377150394.012492,8643046635.159417,32857413160.752017,17943635661.404207,9201090875.680827,33105516439.601857,28814684648.914439,34378775456.701755,30611158221.515531,59369,0.687141203704,189666,17583482511.637579,4472072179.233583455317029129191,118411.66955578,30116.07812994529355387402562,348.918133,88.741640024192332989657,245.169130749957,0.03300818797809318,0.020521076855548798,0.258,coinbase-ada-usd-spot
2023-09-09,29491,8274,1447297,3573307,861,403341,2636642,134,62926,4442580,4432244,4423987,4406478,2131253,24632,3096848,182400,4359150,881231,2819,1378264,7234,2589143,56760,86,3534774,370233,771,1694304981,4232,24791.007797731569,5642496190.517205783820934321838,0.550628605976,0.490319813425,8709626864.551843230628306086414,8878275185.1455594700680309514,7755686088.375536236998481575933,15817606949.6431743960575784660979,0.32252657,0.08170860153986353572597,0.233854,0.059244369555361740534,16090.850575,4076.442130241111791992075,0,0,0,0,0,0,0.532960050529,2.799302578129,1.1383802205282352,2.492702890719,1.0136966573810855,0.000009783465713178477,0.253339132772421,-49.272230210207766,-14.413331370896149,0.254333700748629,0.00000981805302883384,0.000155424121919872,0.237744787421036,0.254333700748629,0.048705764697,31047738535.362553,17986304378.845075,2604064172.732394,22272501404.613078,26240685831.820759,7197068568.644576,29950215671.83904,30456795620.385428,30643182708.550964,4256365189.010781,13835155299.539019,31047738535.362553,64.7845915591,24603881682.339037,34199074098.668723,34377911089.389596,18322803599.361896,32975831757.880231,34366196499.964982,10396391204.02537,29597336991.538162,34379319012.727906,34379318966.95968,34379318265.521458,34379290249.930035,34374979302.453272,34333197216.131584,27418866850.002616,31689628069.727525,33852784182.848891,21560753710.525755,34377769788.463906,34364442415.733609,34173653269.529313,24218183564.038595,29370716805.19366,8694569107.446215,32854076853.922232,17990416051.062463,9217559347.921347,33106079307.976272,28815629234.004874,34379319014.942134,30613849520.605273,49890,0.577430555556,158224,12281387258.220683,3111355997.239889123049234183543,115841.92067517,29347.29172253915396227548657,215.61796750000002,54.62446889660206114110015544842,245.420263839923,0.032857240678001054,0.020387423112968442,0.2542,coinbase-ada-usd-spot
2023-09-10,26331,8287,1447704,3573823,860,403491,2637099,133,62955,4442897,4432561,4424304,4406795,2131715,24653,3097353,182473,4359462,881402,2836,1362771,7010,2580422,55214,83,3519224,362158,754,1694391460,4279,21662.439822388409,5545635882.146639866424249649383,0.541410039646,0.482070092284,8562141543.686128405536265712765,8727827770.9193108950293127662,7623708579.195151401397995523303,15814523035.6044815918284295633035,0.33509423,0.08345393032091497476889,0.233854,0.058240440073430242322,14014.645906,3490.293709060941805291358,0,0,0,0,0,0,0.531401300614,2.379226425766,1.1314598157386522,2.118457026365,1.007448879494667,0.000009641193770335468,0.249046157317943,-51.473031278358135,-15.059086480906958,0.253339132772421,0.00000978346571317846,0.000154978170790396,0.236936218312678,0.253339132772421,0.048716973121,31045333953.865804,17962114825.433724,1263101463.420918,22267502305.072081,26228206599.414964,7169914650.167662,29944644884.506055,30453972630.460506,30640740589.700035,4249714026.073866,13764384681.528804,31045333953.865804,64.7692619171,24601925890.415667,34199476792.335525,34378329948.139219,18269437285.678824,32976028639.623968,34366615084.618978,10342417994.46926,29596660016.029758,34379737617.087127,34379737571.318901,34379736869.880679,34379708849.372235,34375398115.664448,34333615945.672568,27417680286.499222,31689393618.953722,33853038994.202117,21561589506.483811,34378124444.844755,34364495177.779273,34167717785.322759,24121587526.034287,29307162766.404206,8560400954.114727,32821443699.337652,17873133272.724071,9198640138.061549,33105921936.327642,28813550796.311536,34379737619.301355,30611629030.125521,41823,0.4840625,133237,14449964596.471446,3598708156.131534480228942955578,153046.19854166,38115.56763891939490355100538,309.980541,77.199462579387080147163,245.745236157981,0.03287675687420629,0.02048951472355468,0.2532,coinbase-ada-usd-spot
2023-09-11,29694,8290,1447661,3573748,860,403451,2637059,133,62975,4442769,4432433,4424176,4406667,2131802,24681,3097411,182511,4359327,881501,2840,1346285,6768,2569873,53772,82,3511920,354581,731,1694477722,4149,22933.614364907207,5379618464.88282221464619681118,0.525480115517,0.467946629193,8303681757.52623619325215963902,8461701690.258607180739015004,7394532682.7401704955779412572,15802085582.9136130417053437056939,0.33875773,0.0817938408542448782838,0.231633,0.05592832594134841998,14847.412754,3584.94230049883042040124,0,0,0,0,0,0,0.531276403059,2.184101218719,1.1070086879734704,1.944969510614,0.9858051117960704,0.000009606204287232515,0.24145232303406,-52.49156691886687,-17.24426469124573,0.249046157317943,0.00000964119377033546,0.000153977686883009,0.232612808005585,0.249046157317943,0.048712399934,31062973225.761775,17960132397.207944,1277711783.02836,22280251427.210153,26238637645.867737,7119316288.985341,29959672609.997255,30470583205.652573,30658345014.358076,4398719676.657874,13755801125.250689,31062973225.761775,64.7859422118,24608175753.967318,34210253885.193906,34389157134.614405,18270895557.555279,32986550882.470597,34377439798.014191,10343590945.174122,29606824821.624785,34390564781.686789,34390564735.918563,34390564034.480341,34390536007.095409,34386225920.337102,34344444131.57301,27428595466.262109,31700204431.293715,33863862753.433117,21569129472.781631,34388922097.604555,34374890586.910464,34171781521.701993,24027953582.247714,29257693429.749211,8520352177.943537,32801194834.401762,17780697608.464223,9199813088.766411,33116556151.802819,28822515485.378492,34390564783.901017,30625228988.56962,43829,0.507280092593,138261,15745865845.935698,3801875886.68383858143902387388,151265.96530604,36523.5187191328827092437224,477.742034,115.35192392031687567804,246.029693305101,0.03266124246818647,0.021011835341456543,0.2491,coinbase-ada-usd-spot
2023-09-12,33147,8293,1447950,3574118,861,403507,2637465,132,62953,4443129,4432793,4424536,4407028,2132243,24675,3097777,182484,4359683,881627,2834,1355849,6918,2576522,54578,82,3516593,358793,743,1694564149,4179,24876.013400335008,5471093184.96267202030179669425,0.535233452315,0.476420872207,8452540028.1135347273908797354,8612757567.80692430739618927,7523757110.3654752634235600493,15792249142.0414151056068923590743,0.33780191,0.0830190962322017591605,0.227717,0.05596433583430090135,15797.982075,3882.55411036315167371625,0,0,0,0,0,0,0.531559822955,2.418409722506,1.1378614889073957,2.152669763759,1.0128308696916914,0.000009503692759386838,0.24576266082155,-51.03206881506929,-15.018763223033206,0.24145232303406,0.00000960620428723251,0.000155840074465528,0.224833652669595,0.24145232303406,0.048716196024,31052316448.391705,17940942388.229516,1741860593.093392,22261694134.794835,26218857814.663708,7105052621.60914,29943642561.83722,30459036950.040368,30647359739.234459,4329150055.610754,13584971504.488516,31052316448.391705,64.7272082329,24612709556.958032,34212764958.600516,34391693467.504813,18281990705.34344,32988829761.846498,34379977582.134089,10294763305.652114,29608658319.093044,34393101048.44124,34393101002.673014,34393100301.263985,34393072268.944006,34388762096.843053,34346984593.552935,27431247307.507493,31702066049.870912,33866265523.508102,21567793728.146689,34391476125.870323,34377684817.263752,34178097618.437802,24092965162.408142,29293467605.542008,8509771481.650691,32820542440.031722,17836745070.91258,9185377058.599183,33118776732.006402,28825552966.068686,34393101050.655468,30613914600.430406,46767,0.541284722222,163231,14221370651.378322,3495081891.8122361396963804391,124504.37623794,30598.526788163497618679607,327.663366,80.5274206819053983373,246.249554747939,0.03269261226256436,0.021455400840197418,0.2421,coinbase-ada-usd-spot
2023-09-13,34866,8289,1448476,3574863,859,403670,2638231,133,62964,4443812,4433476,4425219,4407711,2132927,24663,3098621,182527,4360362,882035,2831,1363038,7005,2581285,55172,83,3520133,362088,756,1694650444,4295,25070.984866123399,5540530824.183014109565252798896,0.541567311361,0.482380777446,8556542496.413641487935329458904,8718251593.8624602142043056348,7621419415.61468317481880866586,15799591882.5167002911419182749207,0.33398991,0.08308763973317373247602,0.23091,0.05744415120440957802,15921.632845,3960.87083525734635241359,0,0,0,0,0,0,0.531570297996,2.799471234744,1.1671058508363088,2.493524040917,1.0395557779756903,0.000009485422185410736,0.248772903747822,-46.41823236077,-14.379359600175661,0.24576266082155,0.00000950369275938684,0.000154178924852027,0.228538558668561,0.24576266082155,0.048736287051,31074429881.574509,17938633433.34745,1939772856.984968,22271440099.438568,26235033126.750604,7143749795.410601,29963821685.5,30480869867.473258,30669408350.560198,4014670162.968406,13597203673.798888,31074429881.574509,64.7519816153,24613274853.340388,34214616019.408768,34393586345.873095,18283357134.602347,32990137207.815747,34381869158.981763,10346875459.845101,29608861885.064723,34394993855.667104,34394993809.898878,34394993108.489849,34394965072.287808,34390655401.963058,34348870981.283386,27430485342.160519,31702551092.943102,33868049618.780179,21568024302.539831,34393380270.722135,34379738053.532471,34182643217.936215,24130297752.667073,29317269089.796609,8561883635.843678,32834507540.062812,17897877546.481617,9202435213.095858,33119811377.007093,28825680721.22443,34394993857.881332,30636051196.87963,47671,0.551747685185,158793,12286246570.781916,3056485235.575137706277421986952,89065.5867594,22157.1046421395057597880268,374.325658,93.122080887974136216876,246.29820454683,0.03222101017703997,0.021620128710663485,0.2456,coinbase-ada-usd-spot
2023-09-14,28763,8295,1448552,3574039,862,403745,2637664,133,62976,4442791,4432455,4424198,4406690,2132621,24676,3097838,182571,4359339,882160,2832,1374435,7197,2587251,56433,84,3533964,368803,768,1694736896,4263,23087.978184377199,5586542063.935813574339409742001,0.547468281527,0.487101883263,8643215985.181469266157812626966,8806419498.9264015205719580506,7690174802.624447596791829502399,15787610491.4675918620977080865427,0.34755726,0.08733722962461678166134,0.231325,0.058129370230719614425,14822.274272,3724.670782744441996919648,0,0,0,0,0,0,0.531700023103,2.554190111747,1.1933133731896701,2.272553233906,1.0617330921582095,0.00000946257763826013,0.251288750592109,-47.75609784941018,-10.753119800468129,0.248772903747822,0.00000948542218541071,0.000154736536539647,0.231860140633033,0.248772903747822,0.0487379849,31040384987.684106,17892716303.905441,1622016362.39497,22231564488.152789,26155521616.142368,7079821011.021069,29926227439.94424,30446725272.299113,30635348890.22344,3830191494.135907,13508184725.305224,31040384987.684106,64.634993196,24612116602.893246,34215270871.824587,34394147593.093111,18288117268.203775,32990711376.478094,34382435477.661897,10342013675.625542,29608758495.146802,34395554772.185946,34395554726.41772,34395554025.008691,34395525986.966437,34391217206.182486,34349456272.808512,27430280968.877423,31702935098.242393,33868741071.054749,21564261144.449663,34394000159.81323,34380565393.599161,34187824256.734942,24203563442.791149,29367103629.877883,8600395988.569649,32861636632.911789,17939628189.668199,9197573428.876299,33119863721.3088,28824404636.23406,34395554774.400174,30602940977.278811,42647,0.493599537037,137629,13466325241.888245,3383936045.101077098392956858705,137816.72135362,34631.79171965199883897058458,335.449134,84.294593770064951283606,246.504523554668,0.032143419953455044,0.021206362528669094,0.2487,coinbase-ada-usd-spot
2023-09-15,28504,8299,1448823,3574441,861,403850,2638013,133,63013,4443204,4432868,4424611,4407103,2132997,24685,3098297,182627,4359750,882318,2834,1373370,7185,2586054,56383,84,3534017,368449,767,1694823293,4250,26086.949176470588,5577164754.084402257775274373736,0.546675296376,0.486418778757,8628166558.13745947984353016624,8791001866.9920992585539386264,7677139003.612900343492194459304,15782982357.7700704415305938896277,0.32804464,0.08228960846276485505344,0.227233,0.057001128260530171468,17054.056759,4277.989890034108090142164,0,0,0,0,0,0,0.531398334795,2.26705888322,1.204937655817047,2.017175498246,1.0721250930964672,0.000009404732252332051,0.250848812718796,-46.09492966418956,-8.519852201153814,0.251288750592109,0.00000946257763826013,0.000154399480802644,0.236142634233033,0.251288750592109,0.048749873259,31042659249.896223,17889172656.394269,1722182422.838016,22233171820.256766,26150332470.069806,7042029497.521846,29926745454.602012,30448894411.27154,30636764171.443298,3922841088.333175,13449253814.889456,31042659249.896223,64.6390483599,24609034677.866902,34215572225.894667,34394476383.551751,18277915257.534982,32990796042.228286,34382761736.95239,10355863352.116941,29608104490.152228,34395883576.512212,34395883530.743986,34395882829.334957,34395854789.203756,34391546197.627261,34349780423.093906,27428078848.763745,31702801425.503203,33868968319.391896,21559014989.584101,34394327554.951262,34380829912.575416,34187593100.127742,24194081585.604626,29363035473.89226,8614245665.061048,32859892337.570572,17928979921.829983,9211423105.367698,33119758964.334672,28822383374.001821,34395883578.72644,30604645564.812974,51987,0.601701388889,160739,15172029201.935597,3805885511.840446510195263381212,129615.07946243,32513.78879360296479043683428,349.74656,87.73350932848314834176,246.847230693906,0.032056016755725746,0.020770667523207963,0.2514,coinbase-ada-usd-spot
2023-09-16,23645,8302,1449304,3575399,862,404015,2638790,133,63015,4444136,4433800,4425543,4408035,2133757,24671,3099156,182642,4360678,882708,2835,1370095,7166,2585792,56179,84,3534298,366869,768,1694909727,4255,21173.285546415981,5562145862.265908698751503650788,0.545231500338,0.485201414596,8603119669.148843356819702406715,8765367943.3043538267410944974,7655914654.282561551893788241657,15778838280.2835966356311783510891,0.33273754,0.08322343367324617752694,0.231787,0.057973951543972801357,13425.959643,3358.065524704217108417373,0,0,0,0,0,0,0.531568358294,3.439948665407,1.2114357435002217,3.061209701861,1.0780564513875501,0.000009418616628406988,0.250117355779111,-47.08339489610555,-2.8535063177454303,0.250848812718796,0.00000940473225233207,0.000152591593929567,0.235137117828636,0.250848812718796,0.048768524141,31047372104.50795,17889888093.914492,1551616320.402778,22238144350.038908,26143442694.641811,6983363620.27485,29930419249.166165,30453577084.368686,30641456569.263745,2840512064.814412,13432676478.961826,31047372104.50795,64.6526617805,24609854568.192477,34215953457.012226,34394925116.240083,18284001861.795642,32990760293.079681,34383208173.435154,10356588175.294705,29606616949.975277,34396332240.905337,34396332195.137111,34396331493.728082,34396303449.600091,34391994287.735796,34350226836.357957,27425533454.010284,31701780005.434556,33869289855.692835,21560715076.279158,34394773605.668943,34381234923.331079,34186473804.879874,24186092490.669293,29353325082.188972,8614970488.238812,32852885396.68036,17935186952.229013,9212147928.545462,33119507658.499609,28821293545.075149,34396332243.119565,30609289908.869087,40350,0.467013888889,126565,9999083006.389618,2500944201.774014913811611669598,131847.21322774,32977.27633936695557277773914,284.523442,71.164250970211253420062,247.031099045073,0.03190440212765528,0.017404719807512927,0.2506,coinbase-ada-usd-spot
2023-09-17,30871,8300,1449693,3576361,862,404160,2639590,132,63041,4445063,4434727,4426470,4408962,2134519,24675,3100027,182743,4361595,882957,2836,1359624,6953,2580036,54832,81,3519636,360422,751,1694996012,4172,26765.040508149569,5488060605.72397642927251264263,0.538162072991,0.478904426261,8489213731.364084019068023480906,8649131914.2262378969347205002,7554456613.476059069486453744865,15774455609.9787275661804778674778,0.35033556,0.08646302387306524760868,0.233854,0.057715305819402975862,15789.273434,3896.802042768073278705602,0,0,0,0,0,0,0.53136865067,2.829217319382,1.20651504981843,2.517688936303,1.073664285737646,0.000009312375243633246,0.246800592760453,-49.216600870483916,-6.424302479937482,0.250117355779111,0.00000941861662840699,0.000153003147566018,0.234363338702323,0.250117355779111,0.048783842821,31047558458.391535,17777947531.69045,997030483.59215,22236821007.35771,26140976751.392181,6903095735.707364,29930228190.207012,30454149821.421495,30641442474.223488,2641891529.549736,13415515156.447761,31047558458.391535,64.6474547513,24606085792.256075,34216579159.87432,34395648628.134561,18277517064.399411,32991130438.754835,34383929149.253175,10306196547.268314,29605691135.854443,34397055679.105774,34397055633.337548,34397054931.928519,34397026877.819798,34392717597.955989,34350946638.426277,27422559150.651681,31701811097.922833,33869829187.509808,21556485529.88796,34395434558.328281,34381692540.083783,34182735557.861098,24097606390.760667,29297341556.051935,8484379115.437043,32826797867.458167,17859883478.232516,9196810300.215383,33119727685.793806,28819485330.971353,34397055681.320002,30609556196.684205,45069,0.521631944444,170647,12157799065.372772,3000552015.996481602940944585716,109904.40141132,27124.47141529654326788252796,304.125074,75.058248536516632898522,247.292909228886,0.030859276519080735,0.016880090011733215,0.2504,coinbase-ada-usd-spot
2023-09-18,37776,8285,1449876,3576034,861,404233,2639265,133,63042,4444728,4434392,4426135,4408627,2134678,24670,3099725,182750,4361278,883131,2831,1376921,7199,2589672,56540,84,3536101,369515,772,1695092805,4272,27665.67345505618,5592985089.815047593474357483076,0.548633002433,0.488145885537,8653979480.200579280001512939284,8816613636.0945372261088245468,7699873062.761280437710908015752,15773712922.5133894530013400319277,0.33738573,0.08487937964550668522646,0.233613,0.058772273851433352726,17260.654008,4342.429078060795830176016,0,0,0,0,0,0,0.531478855304,2.16847575931,1.2429868145005352,1.929400008928,1.1059467742253408,0.0000093997047432781,0.251579637483502,-43.79182671372575,-6.2602911206147,0.246800592760453,0.00000931237524363326,0.000152291469710644,0.231221298813303,0.246800592760453,0.048787406558,31044340909.101422,17581277383.266583,1600224061.057958,22231469707.805038,26132194416.986205,6805941752.98524,29925425531.775213,30447782797.990501,30638108512.913276,2838116356.684713,13400142343.520871,31044340909.101422,64.6290542127,24605486470.606549,34218101674.289786,34397161774.464953,18282111994.306016,32992486912.864449,34385441922.479515,10355130414.695123,29606999587.022448,34398568843.676914,34398568797.908688,34398568096.499659,34398540059.274676,34394230918.746688,34352481856.98386,27423592877.217354,31702775965.625479,33871342421.383885,21560112183.423301,34397014932.174166,34383603594.64293,34191115251.636833,24201660767.361633,29367040196.602681,8613507926.63923,32864307754.850818,17951984676.753614,9210690167.94588,33120760283.346984,28820591874.590117,34398568845.891142,30606106041.734876,51160,0.59212962963,172527,15863017466.628491,3990812183.648856050787575655482,117604.91273833,29587.00131298794790501803166,409.5347855,103.030612872973751358821,247.579427439921,0.030834718144209777,0.01695322170490692,0.2472,coinbase-ada-usd-spot
2023-09-19,31128,8285,1450103,3576689,862,404347,2639981,133,63064,4445333,4434997,4426740,4409232,2135399,24688,3100447,182795,4361881,883340,2836,1384810,7288,2595484,57207,85,3540016,372853,780,1695169055,4211,23360.027071954405,5671534962.838335051683601429725,0.556819245717,0.495337935972,8778445713.80438161878844536355,8943115408.245083008099902135,7809171853.100033023013283404125,15765341771.7357546731751967359953,0.32659006,0.0833422988077799711465,0.233854,0.05967704572942170185,14968.275795,3819.744281084826341003625,0,0,0,0,0,0,0.531300397129,2.640210573957,1.2775797476023112,2.348691188917,1.1365155211221183,0.000009376772267637812,0.255189330648275,-43.77774540074937,-5.7273427453881,0.251579637483502,0.0000093997047432781,0.000153622571743297,0.235118847973192,0.251579637483502,0.048800915619,31039838036.717466,17557033166.980482,2793442790.7717,22224812253.829519,26120393916.089907,6805082343.448082,29917450445.528122,30441916474.645534,30633407396.379264,3709731144.698368,13369671049.010196,31039838036.717466,64.607507385,24601791233.978507,34219134705.691042,34398329476.207894,18276593625.892892,32993298127.93574,34386610216.040037,10349996188.229272,29607036319.259648,34399736426.828054,34399736381.059828,34399735679.650799,34399707640.445757,34395398961.735153,34353647694.836938,27423650193.648438,31703373450.148052,33872355931.290575,21560526841.544231,34398195494.232511,34384973013.43954,34195171806.627382,24233145090.062706,29392541838.662445,8644598719.330435,32877846100.221109,17974584916.678911,9205555941.480029,33121420279.532231,28819916250.939997,34399736429.042282,30601482566.931215,45832,0.530462962963,146254,13029163949.408214,3324903627.15611728645922993085,126973.71625668,32402.337661466163130699227,255.825611,65.283966433775977971025,247.842110103006,0.030751344527261696,0.017107866035892844,0.2516,coinbase-ada-usd-spot
2023-09-20,25580,8275,1450149,3576827,859,404371,2639979,134,63084,4445619,4435283,4427026,4409518,2135483,24695,3100499,182826,4362164,883442,2830,1376721,7186,2590258,56541,84,3536803,369501,768,1695255307,4345,18568.274108170311,5586876970.829282889467727232575,0.548851916016,0.488319454146,8649116265.038435759058594691503,8811207420.3301514816613184242,7695211786.898208789596931523026,15758560756.8306655758130476927782,0.33200444,0.08347434003461429690972,0.233854,0.058796829085944428302,12622.808806,3173.694407412044525204278,0,0,0,0,0,0,0.531452704154,3.18676616807,1.277072046495831,2.835300142483,1.1362247383165758,0.000009266267334903508,0.251425372608313,-43.01859806340854,-4.484847763898117,0.255189330648275,0.00000937677226763779,0.000155273645362365,0.238915948290689,0.255189330648275,0.048808207146,31044744216.943991,17554059784.60061,2606244015.666515,22220816112.830775,26120855189.783685,6786047531.736041,29921714883.408194,30446317830.408449,30638359195.822789,3627933475.119861,12956641968.071523,31044744216.943991,64.5947724557,24599343845.152744,34219721204.173475,34398924654.175045,18282149410.416722,32993728799.665203,34387202406.47681,10396402763.51228,29606834235.999634,34400331894.728403,34400331848.960177,34400331147.551148,34400303105.385398,34395993582.204812,34354243684.693401,27423359011.211182,31703712574.06651,33872953495.585733,21559793867.480261,34398777445.760115,34385358549.953879,34192541040.857643,24194222020.711,29365245357.399418,8611854000.906112,32864940373.67039,17944580929.522626,9216327379.071125,33121872445.815479,28818987205.83867,34400331896.942631,30606345362.312802,38020,0.440046296296,122131,10794746172.977431,2714073078.753011365501751983903,145696.64318662,36631.83280097636102942237206,305.856099,76.899983655600069150987,248.106657229486,0.03067367708145587,0.01658092430417267,0.2549,coinbase-ada-usd-spot
2023-09-21,25860,8270,1450791,3577389,863,404553,2640689,134,63109,4446149,4435813,4427556,4410048,2136184,24702,3101233,182876,4362685,883802,2818,1357813,6894,2579797,54635,82,3519605,359433,751,1695342212,4235,23724.985360094451,5454318208.336616833540154354583,0.536419414138,0.477317258634,8444067760.007779449864681405003,8602226343.1428369474594664278,7513708804.515927721772662236192,15741540178.1720121918758032804316,0.35072409,0.08608949102299500294003,0.237265,0.058239578260994017755,15145.669074,3717.688573326617053551558,0,0,0,0,0,0,0.532917850368,2.680340955547,1.2636529202871265,2.385023665037,1.1244249031233375,0.00000923776508465693,0.245462155231467,-44.04520711004394,-4.846593032339267,0.251425372608313,0.0000092662673349035,0.00015494560029165,0.235977430795305,0.251425372608313,0.048830367196,31048859266.726181,17486858611.632696,1599289075.95249,22220607503.398149,26122324951.832797,6703404624.210115,29924655081.02541,30448797022.726829,30641399120.599299,3592822326.630441,12632965121.765252,31048859266.726181,64.5934917075,24596414451.850447,34220070474.90614,34399283946.044028,18332742311.246852,32993556183.118247,34387562349.794606,10406543154.138702,29605478153.299134,34400691020.991181,34400690975.222955,34400690273.813926,34400662222.796885,34396353885.244386,34354602855.125037,27421430913.956479,31702794648.329814,33873136004.237598,21554214740.459108,34399065565.921926,34385269835.828031,34185041817.215395,24075947938.190107,29286375915.550932,8542072576.152825,32823622398.512946,17910502853.586088,9226467769.697547,33121315846.147171,28816798252.516907,34400691023.205409,30610457230.894176,43184,0.499814814815,144944,12834445913.312629,3150370755.083411795272229296743,129791.14470128,31858.81410833538694897117776,319.28761899999995,78.37302709846348003396523842665,248.360513640183,0.030676933945455606,0.01674201902847414,0.2517,coinbase-ada-usd-spot
2023-09-22,32897,8303,1451152,3577789,862,404744,2641167,133,63161,4447002,4436666,4428409,4410901,2136683,24738,3101652,182951,4363526,884104,2841,1356970,6898,2579441,54587,81,3519525,359047,749,1695428043,4204,25450.776879162702,5440834402.90502911101092257332,0.535554391955,0.476465610443,8425560742.387564933452975783535,8583070639.354552781005020429,7495951863.62121853567805783048,15732409011.9488008584306604390414,0.34601628,0.0847447683933728595318,0.233239,0.057123858551689800215,15655.852609,3834.361791735600478713665,0,0,0,0,0,0,0.531019140404,2.383663910042,1.275878224410294,2.120669528716,1.1351080416413841,0.000009213881811559634,0.244915552509185,-46.585869486746745,-8.542619351683008,0.245462155231467,0.00000923776508465693,0.000154896175667822,0.230262980000715,0.245462155231467,0.048844729753,31044674159.498602,17476510122.200769,1855972703.996657,22215144555.595272,26111833265.683972,6691085359.077921,29919314848.39829,30444985710.74203,30637508204.675396,3557505365.23713,12619231936.678979,31044674159.498602,64.5753388915,24593567175.569686,34221233074.631505,34400493948.088026,18268068225.983787,32994480001.714469,34388773438.855553,10359017508.171068,29605015929.424779,34401901616.800283,34401901571.032057,34401900869.623028,34401872806.828191,34397563948.088748,34355815062.678798,27419266241.222793,31703055801.725285,33874241775.047365,21547189603.923864,34400273611.017424,34386446958.081263,34185711845.68064,24061467563.091798,29281849426.446615,8493449923.379012,32822196919.349014,17841803211.232996,9213911940.549892,33121927996.799258,28814196013.010792,34401901619.014511,30606271373.232208,45246,0.523680555556,168146,14432362496.275631,3534710034.788186608179419170735,114820.29317486,28121.2755421874404029610891,379.6226895,92.9755007439152831530575,248.627505359401,0.030652675637825505,0.015031160596090325,0.2451,coinbase-ada-usd-spot
2023-09-23,33183,8295,1451514,3578135,861,404847,2641557,133,63139,4447489,4437153,4428896,4411388,2137170,24711,3102040,182938,4364012,884332,2835,1359854,6935,2581534,54760,81,3520847,360211,751,1695514449,4200,24743.524761904762,5463739723.08288633244956209857,0.538272878971,0.478791239378,8464332344.9525789019511704747,8622021777.8499007601371585404,7528984521.18943949069152269787,15724983880.1809288348342940105505,0.34122782,0.08395126113614856954692,0.233613,0.057475108470930288678,15133.795065,3723.32238761415032020539,0,0,0,0,0,0,0.53136516755,2.443387311628,1.2983894207424949,2.173381726852,1.1549113920456693,0.0000092575663235528,0.246027012499006,-46.828938423180574,-7.318223124058715,0.244915552509185,0.0000092138818115596,0.000153684504413826,0.230073509074855,0.244915552509185,0.048853965492,31039892522.97104,17462988414.846122,1709896794.393944,22207885498.365595,26103665937.906496,6688007848.085905,29899486080.548884,30440061958.502429,30632649505.183537,3544403117.513338,12576095172.266263,31039892522.97104,64.5501558825,24598207949.077589,34223375772.536635,34402669485.44871,18281128275.261852,32996281902.985213,34390949803.56579,10386253121.600812,29605965033.875447,34404077253.273222,34404077207.504996,34404076506.095967,34404048442.317342,34399739818.599486,34357994644.409313,27419699034.650865,31704208318.315892,33876291052.187113,21552358878.436189,34402453116.908152,34388692263.866297,34188879673.269372,24084310287.52534,29290708350.488246,8520778537.574457,32828316562.07008,17866499451.503638,9241147553.979636,33123569036.201145,28816398798.483425,34404077255.48745,30602267794.557145,44351,0.513321759259,153202,14080484535.445045,3464179544.79399877764983012527,123558.72686522,30398.78443883074938074597132,432.825875,106.48685695851820858025,248.875861421926,0.03057396707925614,0.01505047220591546,0.245,coinbase-ada-usd-spot
2023-09-24,26486,8292,1452008,3578345,860,404981,2641947,133,63138,4447877,4437541,4429284,4411776,2137647,24693,3102326,182988,4364391,884648,2835,1353329,6827,2577234,54116,81,3518186,357184,743,1695600782,4276,21970.668381665108,5393616054.643401132182791706697,0.531728143501,0.472924322138,8357475495.813597384841270771593,8513040170.6427400089680630262,7433222186.847625882014982688518,15717572217.9974947356837546407401,0.33664187,0.08177611810550162831641,0.2309195,0.0560943304671619821385,13893.209953,3374.900388894164372908379,0,0,0,0,0,0,0.531405816871,2.509063262009,1.296033374130618,2.231585927678,1.1527050287264842,0.000009241091395277936,0.242917252406843,-46.18500159275975,-6.918873820871787,0.246027012499006,0.00000925756632355281,0.000154448991952634,0.231223448409828,0.246027012499006,0.048868413863,31037781209.367096,17246905115.051434,1279390226.344757,22203511694.632779,26087984850.873105,6674524737.877739,29896493854.887431,30436709025.221078,30630385630.830926,3585306365.387683,12556819376.154713,31037781209.367096,64.5364267876,24599346150.272237,34223928132.830413,34403210886.09445,18282814616.19913,32996447845.244151,34391493929.841508,10391115739.282364,29604800150.618956,34404618908.164023,34404618862.395797,34404618160.986768,34404590088.310186,34400281747.080232,34358544378.815866,27417497874.259967,31704011857.228519,33876763011.214767,21554897299.090773,34402982772.609518,34389044571.731024,34186563049.168181,24042501149.655759,29263248986.987414,8525709475.565416,32815554089.086132,17838537684.407967,9246010171.661188,33123455712.012833,28815567231.112038,34404618910.378251,30599811718.594226,41270,0.477662037037,142582,13712136888.419478,3330914617.561377127129701687954,141384.76138646,34344.79776819597368467154578,349.492975,84.897873222493470427925,249.203467378063,0.030178598679741587,0.01492773529492122,0.2462,coinbase-ada-usd-spot
2023-09-25,42515,8297,1452295,3578708,864,405053,2641879,133,63119,4449433,4439097,4430840,4413332,2137869,24700,3102291,183023,4365899,884873,2841,1359518,6916,2581191,54678,82,3520814,359941,755,1695687225,4138,40988.958192363461,5450678466.278404986624262746633,0.537726576626,0.478169280423,8448189441.913882938694618978521,8605060641.7435434444312594978,7512488394.506085498409723487406,15710938996.037992181719105560822,0.3314464,0.0813843537230754585888,0.2270835,0.0557587709164257204195,28933.281829,7104.365721699700657431093,0,0,0,0,0,0,0.531464230277,1.292012575926,1.3208652234758642,1.148912385185,1.1745693832146273,0.00000934021113259456,0.245543031160017,-44.94639386394592,-5.876921775876351,0.242917252406843,0.00000924109139527795,0.000153624454426648,0.228119836158242,0.242917252406843,0.048877705072,31034237921.676383,17198323658.196592,1651924820.19285,22198465338.347449,26078395191.641712,6666822985.570497,29892270722.2731,30433135658.307476,30625956380.702772,3811121130.231889,12539031954.647089,31034237921.676383,64.5188948917,24599987247.268022,34225473200.31528,34404736577.241502,18285636036.062317,32997643545.222672,34393018155.90861,10323810165.643599,29604630508.45377,34406146252.485685,34406146206.717459,34406145505.30843,34406117385.961827,34401805405.073858,34360086730.254566,27418744437.16906,31704901808.424264,33878263144.987978,21557057646.758575,34404517796.804197,34390733357.749075,34190520877.79363,24077605895.153836,29286799105.772644,8498456816.190463,32827744342.607401,17873836692.367125,9178704598.022423,33124909690.673042,28816874839.260591,34406146254.699913,30595404638.506318,87294,1.010347222222,254968,26629884952.959961,6538782670.792315546099585079337,122348.44502285,30041.80804862528438557138845,151.5509265,37.2122738679189461057505,249.838637123335,0.030050713509631014,0.015116566129595442,0.2428,coinbase-ada-usd-spot
2023-09-26,31846,8290,1452227,3578666,847,405114,2641808,133,63103,4449832,4439496,4431239,4413731,2137823,24685,3102178,183043,4366286,885023,2831,1358977,6901,2580837,54613,82,3520433,359771,743,1695773663,4167,27842.862011039117,5435968967.732577922278565616042,0.535736845849,0.476409242277,8440139752.77342341171673340814,8596703723.8910396015467928388,7505477018.217340768754887380332,15754264090.9766018621863141457722,0.33519478,0.08222481097689923271596,0.234317,0.057479030650996705594,18198.394785,4464.14938585742221919037,0,0,0,0,0,0,0.531200875691,1.890238993881,1.335107267944564,1.680913556301,1.1872572267680874,0.000009364722136462492,0.245304568814882,-45.01103078401527,-6.803343532026405,0.245543031160017,0.00000934021113259458,0.000154667712100027,0.231627049791514,0.245543031160017,0.048877863351,31031873701.122814,17172904885.605994,1863703278.883051,22160080401.253381,26038154167.057518,6754170737.777363,29888470296.166663,30430340687.02664,30622958706.463199,3893269014.22506,12440966949.636005,31031873701.122814,64.4061487957,24602262080.990086,34226108276.224345,34405367402.518597,18276910410.972287,32998212134.417622,34393649523.898735,10395374623.729813,29604714355.899622,34406777635.681042,34406777589.912816,34406776888.503787,34406748756.874783,34402435881.65682,34360719101.789307,27419157287.091492,31705310600.365526,33879024266.03633,21555869943.899161,34405147265.513355,34391353159.102277,34190960863.710847,24076591798.193189,29284928344.644898,8570040064.930183,32827365365.888284,17884124802.283583,9250269056.108637,33125419809.796163,28818066234.791672,34406777637.89527,30596564321.968726,54292,0.62837962963,166658,18202342534.080276,4465117786.743348670357171467432,152127.1193365,37317.477413890230391165793,214.9546755,52.729363988270379880791,250.32202977565,0.030035451351868577,0.014976979082904206,0.24586834800000001,binance-ada-btc-spot
2023-09-27,37483,8260,1452459,3578884,816,405071,2642078,140,63072,4450283,4439947,4431690,4414182,2138176,24649,3102480,183005,4366735,885125,2803,1358069,6854,2580357,54477,85,3520304,359224,712,1695860144,4203,32077.066619081608,5423293227.95753666173289650734,0.535478829037,0.476325485379,8422589995.24828964953681546674,8578294128.510022269035751276,7492162248.2154087669095861205,15729081223.2289994964501866925814,0.34701674,0.0849424994680255289436,0.232381,0.05688204830948282334,19182.391493,4695.45151968636997717902,0,0,0,0,0,0,0.531209363999,1.992539406674,1.348103996267909,1.772427309081,1.1991814718756246,0.000009294444425653804,0.24477925609014,-44.57528730626806,-8.483042509156311,0.245304568814882,0.00000936472213646253,0.000154082209144875,0.232028050777814,0.245304568814882,0.048882772173,31032961290.271289,17285208943.538802,2619633574.443473,22155853051.372981,26026634773.291638,6939008191.834262,29887930585.951871,30431280819.117749,30623783198.187941,3634055701.452859,12583054992.64365,31032961290.271289,64.389851946,24604984900.608936,34228224517.971096,34407510132.194291,18278340844.984911,33000046229.086626,34395792093.64564,10801517727.305062,29606427889.880512,34408920630.123463,34408920584.355237,34408919882.946208,34408891749.56983,34404579116.021217,34362866613.912266,27420415946.36148,31707157461.141448,33881046675.099217,21560381030.141362,34407288579.301134,34393465057.191131,34192609345.12894,24072449852.034938,29282320673.242832,8828133846.212812,32827129858.620716,17884801142.258499,9404761512.988198,33127517275.520817,28821491511.688983,34408920632.337691,30607831594.424075,55278,0.639791666667,196483,17268878355.469651,4227063197.36298139732169034114,121412.89718599,29719.3586529352843757851386,478.1275065,117.03569535730357743591,250.762561971653,0.029680321973652484,0.014569361151874183,0.2453,coinbase-ada-usd-spot
2023-09-28,37700,8256,1452821,3579426,811,405162,2642565,149,63074,4450939,4440603,4432346,4414838,2138705,24638,3103040,183011,4367381,885332,2796,1368030,6971,2586421,55304,86,3524508,363718,725,1695946959,4178,35529.946864528483,5579549450.918785232531494578725,0.55463742206,0.493228242702,8568110683.3404122311731088265,8725933623.5136412955032505262,7619453732.356944519377417784157,15448129431.1328889726617504913679,0.35188749,0.08761720803509891396907,0.233569,0.058156837753879850167,21050.613663,5241.436677892603064558409,0,0,0,0,0,0,0.531297033767,1.795295049921,1.3865610378876885,1.596520875413,1.2330416897876952,0.000009210527496141988,0.248992108344343,-43.1113390970405,-8.467727886555425,0.24477925609014,0.0000092944444256538,0.000153325110596397,0.232930631851831,0.24477925609014,0.048895019639,31025290169.395129,17775322633.223711,3366869597.193929,22408539322.871075,26150509859.649055,7686844064.278111,29878628390.334417,30423560630.47445,30616042524.325815,4370592008.895027,13371686828.662029,31025290169.395129,65.1199506767,24606169187.908818,34230443183.813745,34409763028.106282,18282554500.668987,33001883425.007229,34398042657.437741,11015105924.480841,29607490192.476805,34411173670.371272,34411173624.603046,34411172923.194017,34411144780.288233,34406832135.374921,34365122658.5852,27420756885.044975,31708317545.400149,33883142953.54543,21560636128.42198,34409556306.808732,34395941651.300374,34198713305.375292,24122760806.796688,29316795675.129776,8768265653.828491,32846786549.26072,17961234990.467133,9300509483.789515,33129287817.355758,28822777002.076152,34411173672.5855,30601185648.099499,59822,0.692384259259,196692,19167419680.738915,4772536237.828036238607500207845,123757.26184383,30814.58154941814530872995369,510.804415,127.186268242448744674345,251.134233598799,0.029704926158952743,0.014577253035648158,0.2444,coinbase-ada-usd-spot
2023-09-29,33108,8255,1453081,3580166,814,405339,2642929,147,63130,4451727,4441391,4433134,4415626,2138964,24674,3103708,183132,4368161,885529,2803,1369028,6986,2587151,55426,86,3525401,364231,725,1696033475,4279,35660.05725636831,5584599446.330074369910463546652,0.555710200108,0.494499441134,8579395799.651001956748506715568,8736838914.7990014508325369436,7634386461.442926067256468777848,15438614943.5122530073974118573881,0.34721174,0.08656102835248562206196,0.233854,0.058300571070385386916,21335.81407,5319.08859601530655231378,0,0,0,0,0,0,0.530842405664,1.903608793208,1.400589903592624,1.693928749545,1.2463167392808878,0.000009263905398944063,0.249303287822254,-43.02515371362573,-6.208593397081163,0.248992108344343,0.00000921052749614196,0.000150640091854806,0.235666291449767,0.248992108344343,0.048901597401,31025370506.249803,17765972229.664642,3652165480.738559,22400825496.981538,26147300455.691554,7604419102.634832,29872734053.555823,30423496274.676395,30616106687.870095,5467311871.099652,13335250251.413016,31025370506.249803,65.0931554709,24597917270.581239,34232744567.83228,34412077583.310648,18268138961.22831,33004094433.126647,34400351810.498751,10951816835.308339,29608053848.93589,34413488382.134164,34413488336.365938,34413487634.956909,34413459484.583441,34409146348.528462,34367424132.459232,27420686385.185792,31710153283.423702,33885406160.403442,21555532474.833324,34411871479.574296,34398265501.649311,34201310245.571874,24120845048.78028,29320001085.700823,8777400845.365276,32850348102.67612,17935729880.740551,9308545574.949774,33131214621.417464,28821020705.331542,34413488384.348392,30622887199.490212,61449,0.711215277778,190970,18078025541.343278,4506911204.791562414226461708612,126117.79047796,31441.57981903358674618452184,561.445959,139.970323513218418571586,251.560359879679,0.02962202098552515,0.014084516561722746,0.248947,kraken-ada-usd-spot
2023-09-30,27795,8252,1453298,3580671,815,405356,2643271,146,63121,4452297,4441961,4433704,4416196,2139232,24669,3104211,183139,4368686,885659,2807,1385841,7231,2597198,57056,86,3542355,372846,740,1696119894,4276,26144.922825070159,5689533037.89052834228401116136,0.565874308371,0.503630020265,8739125894.83093397719021085702,8899393009.1521859033381253372,7777851170.147554554582967144182,15443581314.0134031918658546177701,0.34458287,0.08750396808719196592546,0.233613,0.059324087981370567654,16228.474752,4121.086857285762793718016,0,0,0,0,0,0,0.530857934507,2.327533851578,1.4421204948168191,2.071512884574,1.2834920463543409,0.000009413025832507938,0.253941724053758,-41.480020833449935,-0.44904782688517125,0.249303287822254,0.00000926390539894404,0.000149502018437204,0.235768874703275,0.249303287822254,0.048911443161,31031452945.905298,17764690420.034164,2750897767.22795,22404876784.58892,26144030264.7017,7552317848.083195,29877214882.099847,30429163287.113315,30621922710.226751,5449395721.742356,13329943119.82677,31031452945.905298,65.1041432102,24598450076.248841,34233138038.08878,34412492288.447715,18268893539.305091,33004201059.082965,34400764102.47505,10917289394.81292,29607914309.904106,34413903137.944462,34413903092.176236,34413902390.767207,34413874196.415248,34409561020.734188,34367830956.198433,27420490153.51375,31710168153.788228,33885749863.801633,21560618311.341901,34412351900.466181,34399063936.909113,34208312226.742579,24220064959.274016,29385179218.925974,8781382783.768033,32884721941.473482,17992530837.072579,9309037981.751819,33131445370.423041,28821518850.878463,34413903140.15869,30628488481.479429,47096,0.545092592593,146145,14785565037.787556,3754671876.804739521687927435448,145207.42142519,36874.22294211334618853536402,503.799517,127.935717924430562434886,251.876639252691,0.02962571921916652,0.012504694827376362,0.2493,coinbase-ada-usd-spot
2023-10-01,29605,8254,1453504,3581192,816,405513,2643603,146,63113,4452857,4442521,4434264,4416756,2139570,24677,3104588,183194,4369238,885850,2802,1409240,7698,2614831,58992,94,3555269,383650,764,1696207071,4225,37413.941538461538,5962130301.15751336823363536203,0.59244128156,0.527313168458,9158070788.521994097157244463165,9325889639.527932264163333041,8151307943.53603177443280472619,15458191509.5697921628118918564063,0.35851409,0.09540478956322340289285,0.233854,0.06223128262132750671,21493.636983,5719.708012902452311173795,0,0,0,0,0,0,0.530944065056,1.889150321129,1.5265985195535727,1.681472700392,1.358776856652324,0.0000095209411007767,0.266111687725365,-38.181359325442735,4.269952917572752,0.253941724053758,0.00000941302583250793,0.000151957611244627,0.240166719109564,0.253941724053758,0.04891695655,31033736860.798429,17758011696.993784,1459106965.335977,22404616468.069622,26141383261.815883,7464102940.315107,29876590634.785538,30431609477.994759,30624107862.471352,5460788669.953327,13318527418.601948,31033736860.798429,65.1024701472,24596715461.268804,34233600923.567717,34412976825.441001,18272114893.156974,33004552940.600928,34401246293.021693,10922007252.436037,29606788096.410166,34414387681.401493,34414387635.633267,34414386934.224238,34414358732.26411,34410044379.849415,34368314649.768638,27420167058.58147,31710048059.592096,33886187629.489235,21553599807.311215,34412884085.131412,34400211901.145789,34217696132.449519,24397153216.900325,29458819292.04264,9092224235.296865,32926029523.538088,18084538616.846609,9312262350.537851,33131503857.09448,28820982384.002157,34414387683.615721,30631153457.447606,59952,0.693888888889,181844,18216860404.757472,4847719467.36738664727216767728,129451.57461773,34448.57700023015183309972145,695.1233025,184.9804352055044318179125,252.313921431826,0.029849079692907395,0.015163592074629518,0.254,coinbase-ada-usd-spot
2023-10-02,41363,8253,1453554,3581497,815,405542,2643783,146,63115,4454140,4443804,4435547,4418039,2139652,24677,3104750,183221,4370511,885963,2809,1396410,7388,2605783,57893,88,3547635,377675,749,1696293080,4253,39201.873971314366,5805844709.58609128190249285329,0.577962316894,0.514273436149,8922665479.90837824849430339952,9085569761.599554632611749378,7939427367.19087222485163895429,15438144008.8571330784893956240253,0.35254501,0.0913987838091764158117,0.227729,0.05903970570475507793,24110.200868,6250.67147236079037643556,0,0,0,0,0,0,0.530881761205,1.10273989566,1.4939749503805195,0.981222856131,1.3293455451913365,0.000009404892529951649,0.25925422631617,-38.178385206988715,1.176311314109702,0.266111687725365,0.00000952094110077669,0.000153684214380293,0.251849675129725,0.266111687725365,0.048922537388,31025876145.892521,17816758685.925795,1965105326.845289,22394407188.971537,26128199758.021164,7613225393.83775,29866513197.504957,30423644276.107638,30615802067.390023,5647861372.808508,13376816757.754738,31025876145.892521,65.068501365,24599300729.952144,34235853564.779731,34415250671.666215,18271178957.909252,33006577064.709049,34403518283.831646,10916145006.487889,29608042465.694239,34416663543.424028,34416663497.655802,34416662796.246773,34416634583.815933,34412317418.459918,34370580973.650535,27421820897.505969,31712015981.608903,33888431066.305738,21562198175.944112,34415127672.999207,34402132738.127199,34215043407.079274,24281760545.301417,29418141737.768794,8856985154.475493,32905189784.429943,18029818606.718397,9304480948.342591,33133837016.655616,28822840273.638582,34416663545.638256,30624100058.096837,68389,0.791539351852,225051,31210137296.29184,8091359997.9715827582844310528,157565.8717969,40849.618186538140385425873,473.715634,122.81278018654395600178,253.08850241919,0.029893147508655297,0.01596040345042564,0.2659,coinbase-ada-usd-spot
2023-10-03,42629,8253,1453760,3581344,815,405610,2643867,146,63123,4454639,4444303,4436046,4418538,2139823,24683,3104751,183256,4370991,886150,2812,1400088,7534,2608120,58186,90,3549951,379302,753,1696378886,4184,37635.514818355641,5844494855.797238636315447205464,0.581685635832,0.517482158292,8986967325.095514244256871567772,9150498453.2954572612033484808,7995031957.847274928876241931288,15449869777.5947381811169448949977,0.33837521,0.08835211857141739549252,0.223889,0.058458973619361977668,23107.981562,6033.654554398210658656744,0,0,0,0,0,0,0.530779562147,1.41416716381,1.5195489985341126,1.258078644264,1.3518289724799832,0.000009515856812926103,0.261106948619012,-38.99593669235651,2.160341539820478,0.25925422631617,0.00000940489252995168,0.000155877450281871,0.247352098201423,0.25925422631617,0.04893097925,31017856153.708435,17787112750.467234,3368192234.685366,22383528614.265622,26102325674.268611,7619301466.078491,29858283860.789979,30415257146.305563,30606226459.302318,5840121364.318883,13343521219.244357,31017856153.708435,65.0330043982,24599023336.020076,34237906284.51469,34417307650.401754,18268753884.460924,33008342657.234087,34405577771.558416,10913688608.403834,29609239254.233475,34418721416.834003,34418721371.065777,34418720669.656748,34418692438.563717,34414375635.652366,34372646103.829754,27423092510.381096,31713585700.923024,33890478915.626476,21562732629.208284,34417194142.517689,34404278741.45027,34218429936.367887,24337541669.218512,29430272338.706694,8926947401.411279,32912946138.53962,18042706412.499875,9300756672.74142,33135551235.4606,28823840917.097645,34418721419.048231,30619759451.568774,68291,0.790405092593,221530,24338509830.983124,6354954035.901828994642077553488,132356.75333082,34559.26799132966313017754984,283.67205,74.0687433839998030146,253.618312336357,0.02986086417810485,0.015996546809461915,0.2591,coinbase-ada-usd-spot
2023-10-04,31716,8245,1454076,3581970,816,405698,2644232,149,63106,4455439,4445103,4436846,4419338,2140104,24681,3105181,183277,4371788,886280,2805,1397400,7424,2606499,57927,89,3548242,378032,749,1696465146,4225,29040.84449704142,5810978199.19584151138364500389,0.578182349887,0.514518100395,8932287858.979700724047787437895,9094655704.540470647726837187,7948744513.36017301371575513244,15448911335.1906861798627719267405,0.33918902,0.0880241267538725782161,0.227505,0.059040616813420967775,18231.070438,4731.20873751541622053209,0,0,0,0,0,0,0.530988196292,1.553663440676,1.5226441436515825,1.382587971262,1.354984240737737,0.000009335940792965993,0.259513491191055,-40.455244992729526,1.3731049561186404,0.261106948619012,0.00000951585681292608,0.00015758737338455,0.249422173142246,0.261106948619012,0.048938632329,31027513237.868853,17799526500.592107,3011236325.548361,22391815440.985198,26107057165.001393,7643410069.425359,29867189517.6906,30424678900.000165,30616012899.523249,5924256012.184017,13343757982.594236,31027513237.868853,65.0558769594,24597338892.08771,34238539474.387394,34417944513.100716,18276273026.255377,33008759983.276253,34406212210.178865,11012889689.944664,29608031585.369076,34419358382.524661,34419358336.756435,34419357635.347406,34419329401.465974,34415011534.431419,34373275308.441623,27422448045.098456,31713538255.222926,33890993276.948787,21560004943.106087,34417822050.656655,34404836929.118096,34217908691.790874,24296646551.034412,29419756041.690506,8882544496.933285,32908145853.520311,18031006963.247641,9294571849.30443,33135950015.975897,28823821474.462195,34419358384.738889,30629407653.832808,53749,0.622094907407,164778,22153677227.400204,5749178120.00239859683310997522,167320.19279205,43421.84737822529198043511275,330.722084,85.82684263282135175862,254.164235076734,0.02986178147479292,0.016043786067599652,0.2609,coinbase-ada-usd-spot
2023-10-05,29977,8224,1453563,3581572,818,405387,2644018,152,63016,4455849,4445513,4437256,4419748,2140297,24632,3105473,183276,4372191,886422,2796,1398994,7487,2607650,57981,90,3549079,378701,757,1696552051,4317,31632.661570535094,5831165243.497800233637136443973,0.58017694072,0.516459356658,8970514001.027437103657379913128,9119463283.1009425247078023722,7985332688.515733654741395323017,15461686550.1203785535216170394501,0.35029024,0.09115300566020916869792,0.23091,0.06008771622354907503,19034.771687,4953.254339389816361509171,0,0,0,0,0,0,0.532228926316,1.923988506248,1.5443873847702825,1.712687624088,1.3747759677901363,0.00000948800752421086,0.260221368600533,-39.62295921187213,1.0551221395589403,0.259513491191055,0.000009335940792966,0.000157379108449617,0.247040871257204,0.259513491191055,0.048897514825,31082388141.798382,17846156190.544013,1620586667.238009,22408479652.757681,26134064501.285292,7685671955.480187,29918925187.887432,30479532881.478082,30669671081.569696,5256578808.714348,13381733724.137187,31082388141.798382,65.0036914588,24653776019.22647,34291553985.827148,34471209940.891399,18347328895.184287,33060545585.288696,34459462766.735681,11128887944.952723,29658747594.24074,34472626320.791988,34472626275.023762,34472625573.614733,34472597332.89403,34468279228.185044,34426536574.575013,27473522606.26303,31766339739.179021,33944222950.958365,21619158764.050708,34471091975.417568,34458138085.276913,34271705253.813575,24384771152.559161,29475791953.98971,8928741516.530964,32963548834.967192,18124625721.815136,9304468865.452137,33188968096.859694,28878374346.361176,34472626323.006216,30686690841.189349,54340,0.628935185185,167012,17917272484.24951,4662457167.44007934231349098883,143598.25965289,37367.33565552973461764899037,401.751383,104.544294721416907287139,254.250040944937,0.029857422962461487,0.016017480024764708,0.2588,coinbase-ada-usd-spot
2023-10-06,28963,8225,1453822,3582333,819,405497,2644520,152,63049,4457124,4446788,4438531,4421023,2140681,24646,3106121,183317,4373466,886578,2795,1407636,7652,2614354,58771,95,3555807,382794,765,1696638359,4248,29149.835922787194,5929197569.826962249151953129205,0.590199301645,0.525351092439,9124019040.126408048362594583531,9275341651.8452041558789254906,8121516506.052117381202820102289,15459216936.8921034690330473799669,0.34115819,0.09029410440061989532671,0.227945,0.060330046972049248005,17477.533876,4625.766916118633692986084,0,0,0,0,0,0,0.532329175081,1.983757274952,1.5837648796303867,1.765791739547,1.4097485499598021,0.00000947210871624473,0.264669314843709,-38.247448611246924,2.707232967102484,0.260221368600533,0.00000948800752421088,0.000161326445754286,0.246832826988427,0.260221368600533,0.048904547159,31080573275.02836,17871522452.796223,1396859754.964388,22402285558.974745,26129161637.463488,7763583034.023007,29916250003.77168,30477772685.219745,30667953641.158659,4554226863.828088,13406498346.742364,31080573275.02836,64.9844936069,24651672722.532221,34292176731.68572,34471861464.553969,18351131984.90736,33061036926.842169,34460110846.803197,11124761618.051705,29658784787.980707,34473278645.574131,34473278599.805905,34473277898.396876,34473249657.77324,34468930131.422193,34427177772.821074,27472766737.939815,31766588086.490106,33944802578.382998,21616060987.048724,34471766271.967838,34459022317.612021,34275522496.595458,24445203489.690529,29504673152.908733,9117037134.843174,32979216317.429188,18155411375.98697,9301302637.288989,33189508311.343113,28877513503.132561,34473278647.788359,30685523597.051621,51230,0.592939814815,156288,17377770497.968547,4599362611.208555097137302820823,148812.13876049,39386.00680616583938533425741,394.0197505,104.2849373997241666746045,254.702580823823,0.029879203618105775,0.016301928083266262,0.2603,coinbase-ada-usd-spot
2023-10-07,33581,8222,1454011,3582752,816,405568,2644952,153,63087,4457686,4447350,4439093,4421586,2141144,24652,3106547,183407,4374019,886724,2792,1396519,7367,2606764,57837,90,3548982,377618,750,1696724229,4159,28958.445780235634,5798653773.666087212825320686918,0.577103374443,0.51390996815,8919548299.889699555587746092452,9066224221.9989607564112124708,7942848691.773082019724380635408,15455720231.2371845943885478614409,0.34979554,0.09049287808529862872548,0.22733,0.05881077264487402346,16842.65502,4357.23202004691922973724,0,0,0,0,0,0,0.532228697849,1.806486747392,1.5636540854019338,1.60867461174,1.392432373147637,0.000009248364646217628,0.258702206681362,-39.01172082819473,0.49434627217996413,0.264669314843709,0.00000947210871624473,0.000160822159800262,0.250084047240251,0.264669314843709,0.048910666751,31097048866.556301,17881931724.759073,1703257082.557065,22414396259.124939,26131142768.682416,7804285877.139772,29930171584.836286,30493808810.593306,30684396270.323723,4308962635.829832,13417834593.820553,31097048866.556301,65.0106213757,24651164309.479775,34296879291.770241,34476635228.200803,18350209060.652724,33065541125.232251,34464884753.350425,11182436947.606177,29662216693.964049,34478052637.188718,34478052591.420492,34478051890.094825,34478023639.601122,34473703791.583115,34431950345.142879,27474238845.593317,31771029914.347109,33949474383.194221,21615505641.97867,34476512337.559285,34463489790.839285,34275902940.148369,24336719437.272727,29470986374.069467,8949416986.882342,32963658653.786322,18108765199.23485,9324041157.216322,33193985370.607224,28879416454.68656,34478052639.402946,30702670818.560584,48150,0.557291666667,171576,19085693647.730591,4937511062.712357180588756944942,142007.91874355,36737.7619451839328022427151,372.152637,96.276708414187887051594,255.167754947588,0.029876504300911523,0.016865353350376755,0.2648,coinbase-ada-usd-spot
2023-10-08,37054,8219,1454223,3583209,817,405576,2645120,153,63081,4458395,4448059,4439802,4422295,2141417,24649,3106765,183393,4374722,886794,2792,1392429,7303,2603772,57513,88,3547832,375636,748,1696810924,4239,32267.834630809153,5749973978.808596037677129846325,0.572230641499,0.509670490748,8842744373.1063616803551987391,8987751785.863019036611504605,7875995337.11731704237117982645,15453112314.8932039740602497925929,0.34931773,0.08958707905587920403725,0.232921,0.059735622468331166825,19107.330629,4900.323666958001581611925,0,0,0,0,0,0,0.532416459679,2.117074167761,1.567742688428557,1.88562120198,1.3963463810416048,0.000009180270029261101,0.256463017367825,-39.16155882236685,0.8372137129009626,0.258702206681362,0.00000924836464621762,0.000158213531986112,0.244489933740287,0.258702206681362,0.048915294418,31105541807.672444,17876275548.7715,1612983655.891446,22420285146.071781,26134233164.052194,7779650870.301848,29937450401.99901,30502101701.114703,30691707594.624975,4306513108.602799,13416968582.069496,31105541807.672444,65.0247676083,24652701993.833426,34298425323.09632,34478190410.832023,18357510963.169507,33066875962.646569,34466437709.251117,11183962986.438313,29663197289.039122,34479608262.021,34479608216.252774,34479607514.927107,34479579258.612962,34475257918.177265,34433509019.799178,27475968395.332305,31772214210.13919,33950917343.041968,21619293663.882104,34478061288.886088,34464919962.480495,34275777522.747722,24314522733.270712,29459586453.762645,8873027212.975712,32957260511.766654,18104303372.307508,9325434191.388288,33195514864.603253,28881197964.861734,34479608264.235228,30710062674.734066,54699,0.633090277778,188241,16286443238.166321,4176870375.049945215528984021825,116983.16335227,30001.85505455633005863871275,353.21633,90.58692577538940658225,255.5500570194,0.029862704915970508,0.016791253017391882,0.2589,coinbase-ada-usd-spot
2023-10-09,33068,8215,1454501,3583456,813,405653,2645249,153,63077,4458687,4448351,4440094,4422587,2141709,24641,3106788,183425,4374986,886922,2784,1382458,7157,2596341,56639,87,3543748,371271,734,1696897000,4158,30964.071428571429,5639566608.661185651964275170534,0.561949721921,0.500483715772,8674725943.648042994398471778878,9118555580.8101329870398724628,7725885260.233714711415474845698,15436836437.9589808788749540654609,0.3453322,0.0868807487959098714668,0.231249,0.058179012204206158206,18463.876656,4645.252975391812243560864,0,0,0,0,0,0,0.532312627514,2.170362661823,1.5592397060773793,1.932968604111,1.3886902180668055,0.00000911829378068967,0.251586005579294,-40.436666547504075,-0.6920080502137997,0.256463017367825,0.0000091802700292611,0.000157051183045538,0.242804240111831,0.256463017367825,0.048923193244,31102716012.323632,17866302734.376141,1551288161.279552,22416058459.514461,26111009934.557431,7758258836.273223,29932930039.383039,30499257321.351119,30688829070.622075,4355456782.492056,13404482696.577064,31102716012.323632,65.0114671668,24650390083.71887,34298982579.586305,34478743432.637938,18354225026.906916,33067226660.115161,34466991277.018652,11184164784.363096,29662364973.485481,34480160862.353309,34480160816.585083,34480160115.259416,34480131830.860958,34475809611.423561,34434071724.929181,27474582077.17698,31772195759.592901,33951379314.939259,21611347347.984059,34478597262.032767,34465176171.017974,34272298351.795636,24256315455.477945,29424473626.664434,8834373842.686617,32940115981.783781,18061416457.890431,9325635989.313071,33195731180.01579,28880661926.731295,34480160864.567537,30708724209.219567,53467,0.618831018519,170775,15886819963.817534,3996901576.054237412131384540996,135561.639549,34105.411403912956165898406,417.838237,105.122253025124368664678,256.028483653594,0.02987643079750061,0.01715087252296535,0.2566,coinbase-ada-usd-spot
2023-10-10,30653,8206,1454608,3583664,814,405726,2645367,152,63099,4459312,4448976,4440719,4423212,2141761,24653,3106909,183441,4375561,886959,2787,1370989,6965,2589997,55451,88,3529394,364859,725,1696983876,4247,31333.313162232164,5578648475.0818245646481941083,0.557691571255,0.496712085043,8593669241.710955852310988874768,9033207538.7961728309897983494,7654014489.781763289252339667977,15409358298.8295443528928469263609,0.34828068,0.08680241382158942760516,0.229089,0.057096127697850194793,18745.16296,4671.87956681102777986952,0,0,0,0,0,0,0.532293955626,2.162615984747,1.5566617923906534,1.926149775784,1.386452233560196,0.000009089462045531247,0.249231205766537,-38.24909019147675,0.07430287244214552,0.251586005579294,0.00000911829378068968,0.00015927655217616,0.237949962007739,0.251586005579294,0.048922581318,31104949245.055683,17846269163.215331,2740050928.359438,22383426898.4259,26108616055.289011,7797503386.229047,29934690469.939705,30501382319.340343,30691002205.746036,4256419036.67524,13337075993.515637,31104949245.055683,64.9157922905,24647124034.796008,34299532156.427139,34479293019.426377,18353874186.583254,33067815080.305449,34467539878.866535,11148809664.846964,29662773754.682064,34480711252.543036,34480711206.77481,34480710505.449143,34480682172.20876,34476358605.829554,34434616799.374849,27474402131.61838,31772417689.191469,33951876844.152373,21616758330.353533,34479088600.220486,34465466720.639852,34268223771.311176,24179961929.000813,29376487580.546567,8853107753.211108,32914786948.18299,18020909404.453743,9320158934.992314,33196284686.74696,28880245816.9078,34480711254.757264,30710498174.741121,53822,0.622939814815,170896,15943982425.892249,3973737964.725600875226211871713,134709.26932984,33573.75362300520484148756408,416.1777585,103.7244845641696429673145,256.470027694138,0.029623221385059285,0.016946515983126555,0.251333,kraken-ada-usd-spot
2023-10-11,28055,8182,1454664,3583539,813,405779,2645335,153,63100,4459629,4449293,4441036,4423529,2141842,24655,3106867,183513,4375790,887065,2774,1367406,6896,2588030,55135,87,3527623,363213,721,1697070531,4344,28158.981583793738,5544582485.093241647484541015188,0.555019255298,0.494331825572,8540459976.306299490325935129636,8628082603.9875889195537233972,7606621087.486602207105218487678,15387682309.7180754999964036720769,0.34882644,0.08639950068824165733528,0.229389,0.056816493220453889718,17979.909921,4453.375838121566996951502,0,0,0,0,0,0,0.532889570756,2.244096975949,1.5772580764728408,1.998720844893,1.4047960622954365,0.00000923231780147772,0.247686215208462,-36.54536512570334,2.581831516908885,0.249231205766537,0.00000908946204553124,0.000158915236959988,0.235049117799737,0.249231205766537,0.048926301858,31108121185.879824,17829478902.402727,2867964574.512557,22385510959.609574,26106054867.252902,7997874851.738093,29936914660.946671,30503266067.184362,30694140619.672088,3994304359.341401,13320936003.011143,31108121185.879824,64.9213567006,24642612443.585354,34299784579.537244,34479547277.26765,18374547194.744218,33067998059.719737,34467794881.099915,11184962767.555028,29661924511.871806,34480966042.33665,34480965996.568424,34480965295.242757,34480936875.807877,34476613333.46509,34434878371.335643,27473749707.873965,31772825126.791199,33952168399.217853,21618443376.98354,34479336243.865324,34465643756.954315,34267011248.029684,24157159528.589947,29362912765.412116,8814309837.492323,32908132044.404813,18029412614.589717,9321480418.062181,33196405509.57714,28879517379.898518,34480966044.550878,30710716303.224969,51544,0.596574074074,156559,15365185379.282834,3805744612.570961842469368141308,136726.07664598,33865.16444474487255547428276,407.233087,100.866022026688328782194,256.882913046607,0.029524211516440666,0.01595950470047247,0.2491,coinbase-ada-usd-spot
2023-10-12,36579,8184,1454942,3583697,813,405841,2645602,153,63130,4459993,4449657,4441400,4423893,2142282,24669,3107172,183574,4376157,887270,2776,1363365,6845,2585734,54768,86,3526055,361199,712,1697157412,4276,34208.174228250702,5500983183.562199991175151871657,0.551191434008,0.490882134103,8473301322.375376867930019268378,8559790182.2770633965386888858,7546184464.038828180722985658351,15372701387.5434120515313303600199,0.355579,0.087374914987986061597,0.228289,0.056096484797168421127,20323.117574,4993.913224119240808115882,0,0,0,0,0,0,0.532981113023,2.109222535684,1.5925107625142911,1.878439314786,1.4182642063213042,0.000009188983811489825,0.245725745862343,-35.49429019492764,-0.015020572728008845,0.247686215208462,0.00000923231780147772,0.000158234364489132,0.233201012274044,0.247686215208462,0.048939210695,31106449763.517566,17811775862.277144,2548817902.360573,22386678140.937999,26101930906.810611,7960275359.747968,29930436623.209093,30501489261.917168,30692434405.666466,3864948622.689088,13230330685.954442,31106449763.517566,64.9213685938,24639728405.331164,34301545375.624209,34481337942.182442,18378658507.815609,33069438610.988613,34469585826.737291,11183849644.835563,29662786517.730979,34482757564.110018,34482757518.341792,34482756817.016125,34482728400.465042,34478404804.402748,34436681065.518823,27473742750.089972,31774303054.211889,33953887580.460332,21617498885.843505,34481119787.578031,34467330669.557915,34267018837.450265,24132920633.121627,29347651472.178611,8772601494.564818,32901148429.014775,17997322363.119206,9320457210.191466,33197769563.549891,28879071306.532459,34482757566.324246,30709783533.493657,57155,0.661516203704,196789,16348563028.768221,4017262844.021596425466719001803,105375.88909734,25893.56894435140935016746762,408.857628,100.466845591808373502404,257.205024338195,0.02938074081376602,0.01571095473226071,0.2478,coinbase-ada-usd-spot
2023-10-13,39003,8169,1454823,3584420,816,405737,2645893,154,63079,4460306,4449970,4441713,4424206,2142493,24661,3107560,183510,4376470,887067,2758,1363597,6829,2586211,54745,88,3526957,361229,716,1697242586,4186,40763.259675107501,5503933538.494345819951730877432,0.552002916733,0.491522713165,8478869996.865736701185902021512,8565031134.0196899769481443356,7549882544.279494070852897055438,15360190571.1905816920897920170767,0.338587,0.083250484174901532462,0.227541,0.055946915917153551666,23266.005664,5720.557009997434694489664,0,0,0,0,0,0,0.534584806272,2.110673799922,1.6078419421357801,1.879417809754,1.4316787281062955,0.000009159977101774028,0.245876197771626,-34.90689001380729,-1.1643977027065373,0.245725745862343,0.00000918898381148985,0.000159759168970212,0.233244100668108,0.245725745862343,0.048930152601,31101440518.184189,17785077690.288728,2641954419.221113,22384979060.097932,26094236486.147446,7895642636.791578,29922617766.181967,30496283928.550396,30687378454.591896,4019145809.152151,11312259358.876547,31101440518.184189,64.9135266908,24643403084.056777,34303019077.429443,34482886897.046995,18434785944.160873,33071040097.073029,34471130501.876621,11236242871.117854,29664491173.421529,34484305813.922784,34484305768.154558,34484305066.828891,34484276650.222332,34479951830.949311,34438219208.084387,27477937492.861719,31776187829.339984,33955313102.090639,21620487176.485175,34482669581.276825,34468882784.804306,34268632952.449379,24136416964.68162,29350460493.881476,8865740617.734745,32903294846.336006,18056831687.015375,9335426916.112196,33199775555.101256,28883329479.794979,34484305816.137012,30706032599.755563,68715,0.7953125,240516,16338055561.881288,4017138980.536937719893946734288,83089.96321105,20429.8442273172583295396673,549.848231,135.194592389734698093606,257.450104518943,0.029381939826160074,0.015542801018549776,0.2459,coinbase-ada-usd-spot
2023-10-14,29738,8182,1455223,3584596,814,405871,2646407,153,63110,4460358,4450022,4441765,4424258,2142978,24681,3108023,183601,4376523,887390,2774,1366472,6876,2588346,55014,87,3528065,362578,719,1697329512,4136,39656.546421663443,5529457934.78374309666102797312,0.554824825146,0.494038269777,8518441168.445856634095345562368,8619699963.7624425250403958528,7585161559.685180597111276159232,15353388641.5407542678093968610487,0.34954066,0.08634376480599934923264,0.228509,0.056446444176348769536,21674.666797,5354.090514587262154898688,0,0,0,0,0,0,0.533003259421,2.601617868849,1.6304734551977764,2.316584861193,1.4518389376526757,0.000009195918388795931,0.247020660789504,-32.612143262783086,-1.698480251323679,0.245876197771626,0.00000915997710177404,0.000158603117701811,0.234036512022862,0.245876197771626,0.048946220398,31101787857.255278,17769304250.154255,1543688041.41448,22384596968.97828,26090435231.571379,7814144198.920719,29921487793.545379,30496490870.414344,30687575461.969999,3923084284.017032,11308376388.65631,31101787857.255278,64.9116173422,24640191425.169409,34303428355.283222,34483312839.969888,18380474303.068453,33071127290.064089,34471558211.955368,11186146122.510328,29663562451.969426,34484731522.752239,34484731476.984013,34484730775.658346,34484702360.146031,34480378546.394657,34438644310.915133,27476147341.069359,31776092830.468542,33955679821.2002,21619071813.515603,34483099197.138387,34469376294.246588,34270047392.670046,24146908886.351307,29359167658.467951,8815371138.504254,32908316711.313651,18022663262.795744,9322541719.074112,33199474798.97842,28880763895.942321,34484731524.966467,30706587600.576433,62009,0.717696759259,186565,13255110190.421251,3274286078.075545615823999349504,84710.93002039,20925.34990973016935221798656,504.760065,124.68616479645299035776,257.596174871478,0.02926436389047613,0.015448343827427893,0.2458,coinbase-ada-usd-spot
2023-10-15,26620,8180,1455574,3584676,814,405961,2646875,153,63136,4460375,4450039,4441782,4424275,2143387,24683,3108562,183639,4376539,887562,2773,1366814,6873,2588820,55043,87,3528569,362696,718,1697415817,4194,34060.647591797806,5529168614.355208752125874930435,0.555035878191,0.494193532813,8519231748.540891151371302508393,8620336188.1960510625153710839,7585364118.049224952514590440153,15348974874.0280876287372735208257,0.35492958,0.08768141071716086241966,0.231237,0.057124532618566551549,19052.265128,4706.650496079840317182056,0,0,0,0,0,0,0.532981230193,2.549787470116,1.6474522826835425,2.270282926366,1.4668606043504264,0.000009105643226137648,0.247038893509977,-32.09749090027374,-1.518810939356516,0.247020660789504,0.00000919591838879593,0.000158788100898126,0.235191976024306,0.247020660789504,0.04895773766,31102525629.99408,17754881885.513158,1074490956.534971,22381773719.092155,26087129827.319979,7755442164.284519,29921389429.603762,30497145188.412449,30686862849.464238,3742581763.621905,11294200558.743141,31102525629.99408,64.9021974934,24637997712.465402,34304070057.788317,34483967978.021713,18380063775.085556,33071507523.081109,34472213819.855107,11185725272.088842,29663547996.931032,34485386600.267581,34485386554.499355,34485385853.173688,34485357436.670584,34481035639.019604,34439297668.839346,27474874965.336741,31776082219.342013,33956216591.017933,21617442792.074183,34483756014.493578,34470032156.274328,34270685439.79155,24144299698.602947,29359313676.690332,8815006543.125023,32908808777.987607,18018544132.42952,9322177123.694881,33199592621.409458,28879583636.456346,34485386602.481809,30705141244.258689,53679,0.621284722222,166384,13524808246.436834,3341153664.134367800877879292818,105387.32012656,26034.76695404711165426268912,552.465103,136.480367747995474832631,257.831995163528,0.029211961841221292,0.01544712652383268,0.2471,coinbase-ada-usd-spot
2023-10-16,29381,8173,1454946,3584083,811,405647,2646336,156,63049,4460162,4449826,4441569,4424062,2143385,24690,3108495,183666,4376317,887649,2776,1383648,7129,2597964,56704,93,3545017,371612,737,1697501776,4344,32868.082642725599,5640775431.240731208514348322922,0.565614228253,0.503738435707,8689150958.733657986731893111334,8779386394.5188263656393056002,7738594775.27647519508557216593,15362327403.9198365833794297668978,0.35652306,0.08970009827469145887516,0.233854,0.058836942502203634244,19326.402161,4862.462958603321149586046,0,0,0,0,0,0,0.533278091145,2.284580695634,1.693866269950639,2.034657277667,1.5085644994441925,0.000008825857701291867,0.251596904488286,-32.02849123618044,0.5915418002746057,0.247038893509977,0.00000910564322613767,0.000158735161734848,0.234883377346627,0.247038893509977,0.048919619927,31154959182.265696,17783939995.202871,1372204353.392046,22419892020.187227,26136458361.725052,7775428401.31829,29969945562.467095,30549518932.714691,30739125127.486089,3807774325.150121,11296749969.884742,31154959182.265696,64.9174523268,24683765227.372066,34354460690.052247,34534581296.48365,18417292718.16849,33120776851.431343,34522812797.69497,11304050523.022987,29710461918.993968,34536001052.354441,34536001006.586215,34536000305.260548,34535971880.063797,34531651362.106664,34489918601.060873,27525669337.19728,31826391203.028437,34006872508.357576,21667477926.630359,34534437343.702589,34521016217.514937,34328030856.800077,24294625856.587569,29475875307.237057,9064201692.078366,32994847428.822982,18142523436.441669,9333566698.222831,33249911209.37507,28929582961.683916,34536001054.568669,30757909327.285755,54208,0.627407407407,173394,15116997670.759456,3803389819.119708782988675732416,124150.95255419,31235.99535190626824663521834,638.3990934999999,160.6192357527278386090505511714,257.83382392959,0.02885138728303277,0.015813749892258883,0.2474,coinbase-ada-usd-spot
2023-10-17,34417,8172,1454971,3584023,810,405730,2646360,156,63067,4460075,4449739,4441482,4423975,2143417,24697,3108475,183740,4376225,887697,2773,1365924,6868,2588252,54952,88,3528048,362363,715,1697588690,4125,34477.435878787879,5529895390.35774639380216721225,0.554977737173,0.494210514951,8518862462.91789568589696259609,8607086708.040865760829138363,7586090616.9774246280943517582,15349917469.3336807537050655648821,0.3622314,0.089347705186895853426,0.233854,0.05768223916749443286,18948.686715,4673.86779360008560798935,0,0,0,0,0,0,0.533284601228,2.198201116376,1.6829382476343753,1.957509343032,1.4986651216527114,0.000008675040071575269,0.24665919405909,-33.767379627222915,-0.05729269114852792,0.251596904488286,0.00000882585770129184,0.000157150446927406,0.238290710976467,0.251596904488286,0.048920305601,31155527789.525625,17773244696.754828,1781199951.053625,22419174000.191525,26132173893.466464,7870794765.982277,29963750440.148627,30550059238.291596,30739595852.121508,3826386418.184966,11270356712.06561,31155527789.525625,64.9135423236,24682276949.041474,34355430049.098793,34535555438.845403,18418037036.026252,33121795635.158605,34523788604.155003,11336378881.199601,29710125402.086798,34536975176.895073,34536975131.126847,34536974429.80118,34536945999.70928,34532625787.977674,34490892491.123586,27524659534.198878,31827340696.68491,34007866022.892094,21665270737.438333,34535343793.877166,34521601783.627625,34321888148.02236,24189058821.212794,29404567166.141105,8896162398.258309,32958455072.568571,18058832855.71587,9365848696.63576,33250662168.253319,28928264583.827838,34536975179.109301,30755353133.76598,52311,0.605451388889,187141,15711471949.415522,3875379008.52483230510023119498,103329.01523757,25487.0516214184462289680113,533.544726,131.60371210963800185934,257.967119482307,0.028785941136262372,0.016047302133801122,0.2514,coinbase-ada-usd-spot
2023-10-18,38256,8176,1455173,3583894,812,405760,2646368,156,63054,4459918,4449582,4441325,4423818,2143638,24693,3108357,183756,4376058,887917,2772,1358235,6746,2583128,54215,87,3524739,358766,705,1697675046,4086,35881.084189916789,5441334479.19282934672400518765,0.547449121965,0.487504692518,8398505301.625308123349078020584,8485003235.0515072645078251203,7478888138.473128351099059302466,15341161332.9069377348058562198891,0.3561968,0.0866130148335854753072,0.233854,0.056864070566870049766,19908.907913,4841.061279576785213975477,0,0,0,0,0,0,0.53345550152,2.161096553159,1.6855604836895937,1.924461412721,1.5009954575733315,0.000008583730591435049,0.243160564142029,-32.803638271030984,-3.3464844077554137,0.24665919405909,0.00000867504007157524,0.000157580066128749,0.233223381924488,0.24665919405909,0.048930695748,31155937197.633299,17744100820.541087,1825749437.212614,22377536827.94785,26125999619.133996,7878850754.335305,29962923046.338491,30549965232.70154,30739776134.684026,3598727138.81786,10688724122.410268,31155937197.633299,64.7893200489,24683681409.403083,34357393024.061196,34537508695.804874,18424981343.1219,33123386990.162717,34525743718.94758,11331698239.379283,29710849838.002651,34538928344.406068,34538928298.637842,34538927597.312175,34538899157.468437,34534579193.929046,34492860061.35145,27525698996.823479,31828821959.159211,34009819688.70278,21665940489.188706,34537284067.304408,34523347073.414576,34320627484.641758,24139218510.214753,29375702391.101032,8850937385.713764,32945226741.24699,18016672683.902235,9361330268.70516,33252123954.765648,28929516223.478318,34538928346.620296,30756994518.670154,55893,0.646909722222,197281,15982131060.336151,3886224004.823182599117647190379,101307.45620006,24633.97820140048313047832174,546.835228,132.968762533215052597612,258.21404668459,0.02861033025338512,0.015828392743345313,0.246648276,binance-ada-btc-spot
2023-10-19,28538,8171,1455524,3584163,810,405855,2646727,156,63055,4460112,4449776,4441519,4424012,2144054,24689,3108727,183774,4376266,888141,2770,1366415,6861,2588627,54940,88,3528137,362439,718,1697762094,4198,29416.102906145784,5520138128.50885435950180384824,0.555146665601,0.494540242426,8517800794.488011421199218808505,8607913567.1312468240153770384,7587896191.86709559465020252968,15343334153.4432427067313713149975,0.36461903,0.08991907248968766702659,0.235781,0.058146193934779124993,17154.231336,4230.422561890573058022408,0,0,0,0,0,0,0.533333920971,2.21403722012,1.736772006519077,1.972326542559,1.5471652850739874,0.000008595606370839975,0.246611024360653,-29.550347823225774,-3.3615458239691796,0.243160564142029,0.00000858373059143506,0.000155532247892973,0.230797727776191,0.243160564142029,0.048942652414,31168239499.580906,17735779440.555421,1637701040.825349,22383987669.73208,26130842129.198442,7848464079.07969,29973235785.706682,30562227868.902718,30752027059.477226,3596591851.102456,10618188904.557521,31168239499.580906,64.8070818008,24680621036.402092,34357870585.94622,34537996681.866024,18421042236.668141,33123549844.841897,34526232178.32596,11323630640.902822,29710308493.176149,34539416135.286857,34539416089.518631,34539415388.192964,34539386961.970228,34535067664.396539,34493352103.972996,27525089529.594819,31828652380.134848,34010197627.403386,21665426342.763319,34537784838.306294,34524045347.814473,34324301414.595752,24185278691.842013,29404754931.539407,8883760276.7673,32960005320.688196,18073686720.0678,9353446575.144751,33252059629.371742,28929087877.767804,34539416137.501085,30768682022.78856,47047,0.544525462963,158693,15600196701.130805,3847180488.693547519847248215665,129862.20641093,32025.45174873400642104113729,649.182028,160.095444921606117944284,258.527496980447,0.028500307255434443,0.015823195612497554,0.24311515799999997,binance-ada-btc-spot
2023-10-20,32329,8166,1455738,3584378,807,405989,2646946,157,63083,4460757,4450421,4442164,4424657,2144208,24696,3108991,183831,4376918,888350,2773,1383877,7117,2598446,56708,93,3545157,371781,735,1697848269,4334,34111.948315643747,5626812187.517514271398932285565,0.565882385886,0.504087895682,8683779044.020309620167776708345,8775373795.633522357982280488,7735508321.25637882705937363543,15345554589.8090149578611755137668,0.34623555,0.08704661187203468207175,0.233854,0.05879291821051535159,20313.639995,5107.024788046766254244575,0,0,0,0,0,0,0.532869086823,2.342273667075,1.7905614129765364,2.086496829373,1.5950316837389331,0.000008463517013127221,0.251408649031085,-25.94608212374732,-0.006651507385468606,0.246611024360653,0.00000859560637083996,0.000157435233814081,0.23313391385273,0.246611024360653,0.048948286756,31167788074.090611,17730220775.238297,1667073500.701387,22381140065.001489,26123372151.605144,7752209360.2923,29972251764.006079,30560978372.723988,30751559782.813135,2743047083.697004,10592916121.761138,31167788074.090611,64.7968143707,24676440666.388758,34358944408.858435,34539074372.701832,18405561730.657498,33124517137.037558,34527309616.593285,11379968969.325049,29710321811.059453,34540494437.762729,34540494391.994503,34540493690.668836,34540465271.015754,34536145694.702692,34494424814.157099,27523939140.130451,31829248422.704343,34011262516.181955,21663043909.052109,34538929815.895988,34525507516.944098,34332287769.123791,24285465966.298969,29474508817.963891,9105592776.113714,32997891829.486727,18138556887.674774,9374957782.258179,33252821951.983935,28928025816.490255,34540494439.976957,30768664288.474558,58670,0.679050925926,186877,14746566520.173478,3707414366.68384236989081456363,113917.56893743,28639.86210746476946249001155,500.1708845,125.7472863568278524446825,258.903453905909,0.028522396780016144,0.01602824263963948,0.24708488,binance-ada-btc-spot
2023-10-21,26708,8165,1456038,3584736,808,406062,2647318,157,63068,4461067,4450731,4442474,4424967,2144564,24688,3109430,183844,4377226,888571,2769,1398900,7319,2609493,57890,96,3551326,378292,748,1697933617,4318,25887.93631310792,5780815894.882215627943734252672,0.58146426978,0.518004813187,8926856831.384245824024544258368,9020858087.2992333644884540416,7952603531.499694886098050403584,15352373817.8598845202313369834597,0.34721339,0.08973438802898952825408,0.231542,0.059840087598604113024,15772.862515,4076.36400557280830536608,0,0,0,0,0,0,0.532887166736,2.254838428892,1.8563627112917944,2.008751388229,1.6537642456257762,0.000008637019321748234,0.258441611451072,-25.934140277830963,5.287762672565775,0.251408649031085,0.00000846351701312722,0.000156584916354979,0.237230132840446,0.251408649031085,0.048960074205,31170726302.862375,17732211031.505141,1688270716.865201,22367976512.855926,26122948817.113839,7717093894.762732,29974194544.88384,30563674941.295128,30754419924.490899,2618099213.092944,10579463778.164654,31170726302.862375,64.7575737359,24677547294.686862,34359530410.058037,34539677201.681498,18406507442.921492,33124766470.722371,34527910972.97428,11370441392.123319,29709671359.845783,34541097235.427291,34541097189.659065,34541096488.333398,34541068066.969607,34536749073.244513,34495025850.09346,27523818580.152113,31829128384.034526,34011818084.410284,21658800514.279733,34539555454.938652,34526527473.565014,34338654437.806663,24366043317.185884,29520843459.140087,9212823383.550828,33023402734.215071,18187000547.174749,9365297872.676203,33252950385.301608,28928280643.332294,34541097237.641519,30771374187.183772,45427,0.525775462963,147806,15318657334.847589,3958978486.884794741970250665408,147841.01425189,38208.26996181935337541852608,548.680941,141.801986564530560418752,259.255393807593,0.028600522464400858,0.01613176327530095,0.25137,crypto.com-ada-usd-spot
2023-10-22,32679,8165,1456279,3584855,805,406154,2647576,158,63111,4461037,4450701,4442444,4424937,2144793,24693,3109754,183911,4377191,888719,2769,1409480,7586,2616759,58830,100,3558238,383228,756,1698021690,4224,28235.991003787879,5902590433.850361155838774575546,0.593348591919,0.528671665526,9114143091.576457632432362763217,9209883901.7503001863684219376,8120671850.732600611239090509842,15360520300.7265921940743335797094,0.35534373,0.09375995753018710917591,0.23091,0.06092723739151245297,16518.153082,4358.431571159140209032894,0,0,0,0,0,0,0.532759408347,2.367660202513,1.9214911288110361,2.109577539595,1.7120423460972047,0.000008799882400135983,0.263857075880267,-24.908740058484046,7.733899777708749,0.258441611451072,0.00000863701932174821,0.000158674507323981,0.243896388674811,0.258441611451072,0.048968753605,31176073575.299925,17733785160.284521,1375759982.930108,22370407972.416238,26118996539.230021,7684630365.261624,29978487444.735908,30568915699.907638,30759741365.085852,2628548687.463396,10564919581.47153,31176073575.299925,64.7629774356,24676789720.528438,34360411331.344079,34540549934.062575,18402559282.754631,33125467088.915317,34528783285.741322,11401494948.262444,29710086642.925631,34541969589.354623,34541969543.586397,34541968842.26073,34541940416.308407,34537623027.418781,34495896561.529092,27521943007.359501,31829723289.173573,34012642329.935847,21657713171.501027,34540454191.658696,34527667960.827523,34343493986.91995,24467621955.531599,29555577633.548183,9359635750.458046,33042640897.664692,18224596914.487166,9359635750.458046,33253370772.036668,28926660337.029253,34541969591.568851,30776782557.908726,46485,0.538020833333,171785,14589073869.173869,3849430370.921430028369249143023,121745.89898626,32123.51690692892605243813142,539.022604,142.224928124807110555268,259.5644225676,0.02857716471998277,0.016479232115055666,0.258681,kraken-ada-usd-spot
2023-10-23,44744,8169,1456306,3584737,806,406270,2647511,159,63111,4460829,4450493,4442236,4424729,2144605,24696,3109709,183964,4376981,888833,2767,1436890,7918,2635089,61234,107,3570831,396506,788,1698106584,4252,34491.551269990593,6246033275.18111146518920755162,0.626823273938,0.558513043246,9640886024.71763984030016930982,9741282524.700818480587401376,8590237180.29231540308387759528,15380548913.1818728997096835173834,0.34260198,0.0956138041062707731116,0.227945,0.0636151856945015069,21224.192857,5923.27521908340813320194,0,0,0,0,0,0,0.532800524035,1.746233680984,2.0467171025819995,1.555931835871,1.823669039034717,0.000008468770496930992,0.27908129458642,-22.862153283612944,13.435224755065283,0.263857075880267,0.000008799882400136,0.000158660438710782,0.249031877991318,0.263857075880267,0.04896351411,31179329743.885704,17639572027.660496,1853981153.530936,22380694788.009061,26119484975.250035,7774324664.563211,29978820427.801421,30572260513.922686,30762938475.123176,2844064338.592006,10634939768.1066,31179329743.885704,64.7869216498,24679536326.109337,34363563578.287297,34543661853.887829,18405637446.051668,33128650524.797392,34531895373.872289,11431589252.0288,29712122958.950809,34545081347.665543,34545081301.897317,34545080600.57165,34545052172.818495,34540735381.042119,34498997713.120298,27523063691.997661,31832507221.980852,34015845844.657799,21657700722.625007,34543612886.962179,34531458459.206016,34356737940.222152,24591346635.957975,29646122750.435144,9611689565.484544,33094313760.611845,18342334417.533433,9354737532.303577,33256156556.092547,28928291827.626269,34545081349.879771,30780411825.960884,61950,0.717013888889,205328,19782622295.100089,5520959840.43070806392776019138,123245.20336277,34395.4309060484551803755834,661.035124,184.48253817301467341608,259.995769723128,0.028868550615963044,0.019169710032895176,0.26388824,binance-ada-btc-spot
2023-10-24,43061,8182,1456063,3584401,808,406312,2647075,159,63133,4460508,4450172,4441915,4424408,2144159,24694,3109231,184005,4376660,888902,2768,1436711,7926,2634690,61246,107,3570483,396564,790,1698193529,4260,34510.370657276995,6249314118.853932252972345718042,0.627497252642,0.559099321337,9642139371.54184931304578824268,9744836478.8454211121429159414,8591134951.054510377538172768012,15366026434.2820942430515200842698,0.34732652,0.09694001571929271622616,0.229697,0.064109215704790924226,21733.609778,6065.924575861048216580324,0,0,0,0,0,0,0.532715114174,1.495156007622,2.0492528545640147,1.332182261571,1.8258819069089953,0.000008237766474899262,0.279103408859458,-22.01472733854377,14.896495038569617,0.27908129458642,0.00000846877049693098,0.000158293635470856,0.261596736122971,0.27908129458642,0.048960435191,31178669397.433211,17667073434.463098,2031939867.870957,22390676432.048749,26125721087.048857,7815950998.780772,29978003476.15724,30570243104.500164,30762025871.715054,2854611723.083521,10608457176.773247,31178669397.433211,64.8125263289,24683904964.615221,34365352433.355021,34545415279.25534,18403621070.706733,33130460758.226011,34533648610.938596,11417564004.136605,29713757572.437051,34546834846.360232,34546834800.592006,34546834099.266339,34546805670.886424,34542487885.353377,34500748649.213943,27523786074.709091,31834315760.012105,34017773886.143739,21653681569.096552,34545366269.731624,34533213009.581749,34358549588.33901,24593961580.740106,29647404433.202498,9597664317.592349,33096180956.037666,18340318042.188498,9340848681.415051,33257748830.938273,28928952220.537744,34546834848.57446,30781189617.718214,62574,0.724236111111,193781,23105839572.900094,6448918589.356179346565920989052,144213.77586955,40250.5564496852518076917039,823.746361,229.910417390673687932338,260.526703169574,0.02881611879041596,0.0189209062069282,0.280852,kraken-ada-usd-spot
2023-10-25,37621,8190,1456548,3585388,805,406400,2648027,160,63165,4461514,4451178,4442921,4425414,2144632,24723,3110184,184079,4377666,889245,2770,1439362,7961,2637223,61470,107,3572325,397777,788,1698280584,4214,31860.683436165164,6281470470.54138422874550765824,0.630254733813,0.561940170009,9687819079.72844363793267018276,9790763691.9129775070030586876,8637737106.300945680674336572288,15371275390.6857738682148662262666,0.3228902,0.0905444880538013193144,0.215397,0.060401372024684065284,20440.887045,5732.00937301629052531674,0,0,0,0,0,0,0.532308765218,1.845347660526,2.0712587779985183,1.64532675829,1.8467509205354453,0.000008130754463451254,0.280418817461172,-30.40652487251888,14.20353334256386,0.279103408859458,0.00000823776647489927,0.000156393468167331,0.26343370018528,0.279103408859458,0.048984938509,31188565450.383364,17672704935.761155,2011125494.670554,22400317237.66592,26132280471.221725,7958141852.398989,29982165108.914304,30580222287.557666,30771899266.831643,3082738473.535946,10620614384.251705,31188565450.383364,64.8388498882,24677317785.313318,34366172578.251259,34546258680.906661,18390031948.182867,33130694594.297415,34534491371.419411,11461864851.960759,29712890546.479015,34547678243.629102,34547678197.860876,34547677496.535209,34547649068.093383,34543331081.777826,34501551159.438021,27522703844.087202,31834405787.614841,34018503253.024586,21644018782.175025,34546212728.201466,34534112301.625259,34360144132.172834,24597019150.854726,29653393727.958354,9606965169.589484,33100435725.62224,18330303819.62208,9350210298.343835,33258036388.472925,28926925187.295789,34547678245.84333,30802986705.758304,63306,0.732708333333,191961,18721501094.268682,5249861197.952861389235270615304,123726.32195048,34695.18889017384952870676256,460.72545,129.1960858632663272274,260.874233659698,0.02880956375517455,0.01888560745579122,0.278865,kraken-ada-usd-spot
2023-10-26,35745,8194,1456704,3585127,807,406556,2647684,161,63182,4461521,4451185,4442928,4425421,2144715,24719,3109965,184141,4377658,889498,2772,1453416,8142,2645755,62917,161,3583861,405128,804,1698365904,4229,37358.851737999527,6441256048.91097849213638822256,0.645442458549,0.575429788724,9935348487.088490660466969522816,10039658030.7313477837668811368,8857637741.52007030324339807044,15393081684.5011585561319167951877,0.35697878,0.10264833422990042535888,0.225561,0.064859488054809784056,21825.682598,6275.919151595580681373008,0,0,0,0,0,0,0.532074682037,1.76680808498,2.1342480777799815,1.575158233844,1.9027411417000508,0.000008412372333447746,0.287547439738296,-28.71004550629977,17.2205805735695,0.280418817461172,0.00000813075446345125,0.000156984088134904,0.265493929619101,0.280418817461172,0.048986446871,31191372957.314384,17673004499.465951,2064236401.633362,22400672580.40386,26131979131.089897,7910529048.92275,29984115335.834075,30582905134.86783,30772499312.486264,3317674057.40619,10564426807.290187,31191372957.314384,64.8317072852,24679514623.464804,34370552793.841504,34550612596.060666,18384261713.50695,33134934835.179386,34538841979.936442,11482355625.522815,29715211068.368106,34552032511.554268,34552032465.786042,34552031764.460375,34552003321.450352,34547685281.687614,34505934038.317185,27523527865.259365,31838096402.376259,34022931900.969109,21642105831.295204,34550608207.214594,34538775110.80906,34369412975.269337,24661487719.044643,29706024873.536364,11482355625.522815,33129984341.83473,18373868141.508726,9335830302.170118,33261831001.430955,28928362212.531237,34552032513.768496,30804091838.138515,61140,0.707638888889,187878,19556188817.279818,5623332025.447506591328522510128,135019.90247334,38824.62726992333669271702864,616.8787870000001,177.3819158307156626816959738296,261.242967112401,0.028879301046158053,0.019225546602180614,0.28098,crypto.com-ada-usd-spot
2023-10-27,34484,8173,1456897,3585564,808,406603,2648032,161,63199,4462027,4451691,4443434,4425927,2145066,24703,3110373,184170,4378161,889547,2757,1456540,8170,2647842,63175,161,3585434,406439,807,1698452245,4148,34463.281581485053,6478887652.88009634666707163202,0.646578309501,0.576556592896,9992348810.9100799303952017196,10096670024.527127553808307021,8910219382.23108349036530776351,15454197371.1085849693648597167321,0.36329986,0.1050591731512131683182,0.23091,0.0667746298397875317,19406.752089,5612.05095983499379037343,0,0,0,0,0,0,0.533537239241,1.9041298119,2.1549771800121245,1.697920546744,1.9216021979381743,0.00000853116363482341,0.28918032930487,-25.65711427819535,18.13923039229242,0.287547439738296,0.00000841237233344775,0.000159340239115739,0.272181734506733,0.287547439738296,0.04898833604,31197700841.84321,17596727900.908522,3132728759.283318,22404316602.218446,26132718188.842926,7777556554.605902,29989313350.343788,30589455077.560668,30778676453.717812,4348350752.216604,10473931890.415402,31197700841.84321,64.8384856802,24677687574.520412,34372519930.11394,34552620529.796032,18435867373.564285,33136829480.201392,34540848301.675463,11488202542.728615,29716644677.514526,34554040498.844852,34554040453.076626,34554039751.750959,34554011305.800256,34549692975.858362,34507938452.06083,27523846288.511938,31839684823.24273,34024834922.906339,21642709515.63193,34552620080.433261,34540841733.950991,34372396523.060375,24676650300.392103,29715815093.882562,11488202542.728615,33136262560.631562,18432411010.254285,9341836955.850518,33263735350.918706,28929560287.823826,34554040501.05908,30811982971.488473,53418,0.618263888889,186815,18146893286.954121,5247724576.58172747507951186927,121743.24914662,35205.7528788644052053100394,665.295347,192.39032753045775543989,261.633513306469,0.0288769660644632,0.019174135576870727,0.2872,coinbase-ada-usd-spot
2023-10-28,39031,8188,1456915,3585778,810,406687,2648066,160,63257,4462195,4451859,4443602,4426095,2145068,24715,3110470,184266,4378327,889647,2777,1459504,8222,2649697,63497,160,3587503,407986,813,1698538601,4197,33507.416964498451,6514697353.861790406189970922296,0.650268574251,0.57977222372,10053926057.21548787771114719347,10158259521.9537032255638754186,8963968578.710837728364688534278,15461190122.5610848249935212056123,0.35146738,0.10225743923988435581596,0.233854,0.068038493916573185668,19626.641612,5710.259973833349621024104,0,0,0,0,0,0,0.531920038915,2.075262127415,2.182138186149487,1.850280616435,1.945570120939056,0.000008534196619595024,0.290944323879742,-28.07509651889361,16.84881332760206,0.28918032930487,0.0000085311636348234,0.000162383613962996,0.273696673797307,0.28918032930487,0.048991093602,31195478291.910316,17595668709.088933,2767093257.514667,22391560237.327588,26126404600.797073,7491771425.857691,29985808147.41819,30586513638.617106,30776384894.602915,4282217572.04877,10468656779.951552,31195478291.910316,64.7975459217,24677077459.579444,34374649146.559439,34554765683.531388,18381127592.678712,33138942377.385062,34542990728.697918,11425846969.657087,29718566691.602781,34556185604.524557,34556185558.756331,34556184857.430664,34556156409.428055,34551837322.284866,34510078659.200282,27523036938.953527,31841952051.8271,34027008637.634918,21644538087.973512,34554771628.701404,34543046935.115908,34375541413.87046,24688796824.892559,29726839485.456272,11425846969.657087,33143419213.608999,18391462751.137174,9316826228.275517,33265650410.52318,28928589365.24476,34556185606.738785,30809910498.257309,55842,0.646319444444,188197,16651479902.343717,4844653561.784505088116257281014,125044.50437281,36380.98877962464742357461502,654.551216,190.437960983782963866272,261.996784146512,0.028812326437539747,0.019051290951897823,0.2895,coinbase-ada-usd-spot
2023-10-29,32415,8190,1456773,3585867,811,406518,2648057,160,63182,4462054,4451718,4443461,4425954,2144998,24705,3110551,184151,4378179,889468,2775,1467335,8325,2655310,64213,162,3591516,411943,820,1698624823,4145,30055.803136308806,6618432672.825574514319405901528,0.660718713199,0.589138807383,10218026689.446142071215115538342,10326714261.209416990383695242,9111042168.74254566763156094857,15465017843.9463835003881659664955,0.3517055,0.103993670100053305693,0.233854,0.069146873527931368004,17811.773327,5266.655424111840422230402,0,0,0,0,0,0,0.532277157396,2.01095439919,2.2279101317782253,1.793094781144,1.9865463044607137,0.000008552121763688491,0.295683946085726,-29.365945059445558,18.604110145767542,0.290944323879742,0.00000853419661959502,0.000163800637854785,0.27555933419602,0.290944323879742,0.04898427812,31198195768.893409,17597244980.249747,2350299513.263477,22383469784.006228,26119621025.018851,6781343827.534862,29987775276.665688,30589032447.687891,30778947464.570523,4311455636.447099,10462223919.650842,31198195768.893409,64.7721216041,24685522108.647186,34375700343.999521,34555839415.978376,18394039556.258041,33139932738.148787,34544062592.629358,11428856979.445903,29720752180.217974,34557258938.329289,34557258892.561063,34557258191.235396,34557229736.290665,34552911116.079641,34511146471.514487,27528906766.474964,31843270497.30097,34028025203.972278,21652099215.179728,34555858730.60281,34544310371.892378,34379310650.068884,24731684958.132029,29755983123.785401,11496779698.031739,33158473182.142811,18424861406.209662,9319992870.975953,33267115863.11069,28934308247.467354,34557258940.543517,30813448918.532195,50644,0.586157407407,164274,17184506498.241839,5081182692.935948021884973890114,139227.31517872,41167.28195496502565013095072,619.7252985,183.242821749634451939211,262.317884250925,0.028824334452836116,0.019139208454193417,0.2911,coinbase-ada-usd-spot
2023-10-30,40464,8189,1457930,3588314,797,406890,2649838,161,63255,4463387,4453051,4444794,4427287,2146569,24726,3112764,184341,4379504,890207,2759,1479757,8456,2663890,65407,164,3600596,417997,816,1698711577,4177,34122.166387359349,6777035206.583581759892556992494,0.675466627889,0.602271755604,10463214977.218937849009644585806,10572780538.689724794778745558,9329400733.365867465407137887438,15490350737.1255046388221201831921,0.35180842,0.10650280158979912599508,0.233305,0.07062831561822222757,20415.794532,6180.464112654557567066568,0,0,0,0,0,0,0.531869710041,1.806174987217,2.2833530980094956,1.610454366752,2.0359245330888776,0.000008776014482477684,0.302729541236674,-25.306451731468666,19.21220995277953,0.295683946085726,0.00000855212176368849,0.000164477246903345,0.280093600554808,0.295683946085726,0.04902829453,31201673015.19841,17240826512.712195,3077993429.076618,22386435030.089431,26119846500.874276,7128284675.828781,29990565395.807762,30592444975.470506,30781496081.224312,4973658851.996429,10750119031.74104,31201673015.19841,64.770103848,24680072201.476494,34381229397.95094,34561495001.888498,18382966833.351236,33144378453.895942,34549706506.125018,11440615590.397238,29722392828.736336,34562913595.434291,34562913549.666065,34562912848.340398,34562884385.496625,34558565083.958884,34516777047.173364,27527526213.701103,31846727932.671618,34033239489.477652,21636964029.367236,34561536501.796167,34550181638.244832,34388605419.699919,24770340740.832533,29795085809.659225,11541440652.270603,33181913885.945155,18447271210.269464,9296301442.363686,33270867076.349611,28932989763.140996,34562913597.648519,30817609326.313287,58031,0.671655092593,191441,19135971786.930555,5793023960.17542370072525717407,135257.94211308,40946.57476450931668795109592,624.497973,189.053984869522826261802,262.742822152041,0.028878377034931194,0.01927892487142233,0.2956,coinbase-ada-usd-spot
2023-10-31,37584,8199,1457992,3586809,792,406979,2649334,161,63299,4462921,4452585,4444328,4426821,2146327,24776,3111806,184417,4379031,890330,2766,1463380,8271,2652705,63773,161,3589566,409615,798,1698798500,4137,28641.096688421562,6562296590.98529800528986764429,0.652292505447,0.582418310329,10111544559.279899584834034152268,10216223591.124856251310322222,9028386265.142352338900546269426,15501549496.3472672721277381142715,0.33370942,0.09761677163107605019372,0.23091,0.06754585692346284606,17817.746891,5212.052237659525141135406,0,0,0,0,0,0,0.530695608228,2.113603865071,2.2180241367214504,1.887192603809,1.9804272763998259,0.000008445451963376904,0.292520275966666,-27.975618350106657,9.923873869288851,0.302729541236674,0.0000087760144824777,0.000167310678982385,0.285318780316215,0.302729541236674,0.049030586213,31249451596.058064,17285929952.89789,3594621242.52677,22433646930.283565,26165701726.157664,7404722187.042439,30036435527.27595,30640095833.408827,30829217360.397834,5232101349.348086,10840938243.195765,31249451596.058064,64.8990522913,24675047533.540155,34385340817.163491,34565566699.735293,18344548159.199694,33148370023.864356,34553787595.31471,11465741011.628597,29725182490.630337,34566986938.65737,34566986892.889144,34566986191.563477,34566957721.810674,34562642255.67501,34520874854.077707,27530641690.64732,31850479086.987039,34037390313.118195,21626679710.992743,34565576184.169251,34553903452.149058,34387192941.614056,24699797457.13221,29741480691.351401,11465741011.628597,33157431540.64416,18365180331.421121,9321441065.610509,33274467381.005214,28933305240.152196,34566986940.871598,30864138341.545861,53393,0.617974537037,171845,16354524853.084182,4784030123.327882638421523877212,134951.28563827,39475.98731696311040705390782,558.625519,163.409290979902020949654,263.10685372205,0.02895749539021096,0.01902378892578139,0.3032,coinbase-ada-usd-spot
2023-11-01,44151,8195,1458215,3584786,798,407054,2648047,162,63296,4460040,4449704,4441447,4423940,2146440,24770,3110626,184449,4376166,890517,2771,1487645,8562,2667431,66253,167,3600522,422040,831,1698884017,4287,33837.851644506648,6890283889.872866805173174919936,0.683754614955,0.610537981039,10618096504.631149695748119843013,10727527762.957628506851023879,9481107784.321399395835839080561,15529103968.5820707009728820571817,0.35234135,0.10822531196565810228995,0.23091,0.07092640925054669967,20527.054863,6305.098496910323575720731,0,0,0,0,0,0,0.531209776517,2.154465407864,2.346633957854854,1.923764654111,2.0953557424409057,0.000008669016247792989,0.307160405571637,-23.433166473878597,18.478456431041412,0.292520275966666,0.00000844545196337691,0.000161297705488527,0.276579152150575,0.292520275966666,0.049037509213,31250786664.881571,17286193454.188093,2340985028.640159,22432200781.379328,26162809079.437939,7417699658.459529,30036899969.973046,30639368635.626385,30830421794.836563,5270068227.408216,10832763525.098421,31250786664.881571,64.8918936352,24676782166.204657,34387023162.309762,34567152889.243315,18363163249.381547,33149789626.436256,34555375398.392428,11474072728.371876,29725710321.224113,34568571701.780221,34568571656.011995,34568570954.686328,34568542499.157477,34564233330.259951,34522553663.9254,27530714236.487559,31851594270.353818,34039054487.531508,21634634768.13171,34567205730.758433,34556025580.745253,34396895591.729763,24799807682.218793,29824834462.478409,11639922019.335634,33200059581.984185,18473699849.710249,9294632006.044381,33274810404.471553,28932588549.489347,34568571703.994449,30866959452.917453,58259,0.674293981481,209974,16045080871.486507,4928413547.915510336289267401959,106604.10155509,32744.55906926142301209698233,655.32839,201.29093405500790487443,263.447559000235,0.029163132987559712,0.019947067786660076,0.2931,coinbase-ada-usd-spot
2023-11-02,52096,8184,1458146,3584603,796,407134,2647781,163,63292,4459950,4449614,4441357,4423850,2146599,24766,3110517,184544,4376067,890755,2765,1514498,8883,2684063,69049,198,3617909,436625,877,1698971692,4207,43225.546470168766,7274083528.22771389809728036502,0.721259730126,0.643785003263,11185690356.70539539501005758936,11297191968.26747694730104534,9984169921.04507036269481444064,15508546906.8822655527878819366422,0.35293389,0.1141640735526372377178,0.229125,0.0741154196122905825,26017.58016,8415.9470631960997333632,0,0,0,0,0,0,0.531466108628,1.335165655952,2.4673970976960025,1.191747702347,2.2023595415657686,0.00000927306480746112,0.32347155313602,-16.097947888152788,23.88469738046145,0.307160405571637,0.00000866901624779299,0.000166385114425735,0.290302227105399,0.307160405571637,0.049034339931,31246484946.326866,17348661992.032002,3198466788.911644,22487552484.001451,26180565722.716037,7534892504.989252,30031731195.102812,30634650130.187819,30826066527.802367,5438350224.721101,10923320855.296738,31246484946.326866,65.0302600578,24682948020.834887,34398539897.659659,34578717135.166778,18378170409.596528,33160995660.305161,34566934230.752142,11525317929.527458,29734723111.139541,34580136174.40284,34580136128.634614,34580135427.308947,34580106963.074921,34575798128.856798,34534138353.851094,27539042402.471749,31862773246.130387,34050686815.242037,21641739736.678906,34578825632.000643,34568120566.432036,34416957264.902675,24911337547.815973,29922624850.234523,12653043476.11711,33257264637.668368,18641662595.379561,9306812684.035319,33285783083.018666,28941768530.082064,34580136176.617068,30865681461.784432,73718,0.853217592593,240798,25899509939.059244,8377754705.44928035759677036888,128507.50640084,41568.5226851167463251622568,672.1037685,217.40644986526703509137,263.974942048533,0.02929802056573227,0.021651118056993768,0.3074,coinbase-ada-usd-spot
2023-11-03,35222,8205,1458385,3585031,795,407243,2648134,162,63324,4460463,4450127,4441870,4424363,2146851,24796,3110934,184668,4376586,890968,2769,1522462,9020,2688971,69933,199,3622014,440934,897,1699057325,4176,28945.770833333333,7378149208.91076800392789532546,0.729782002153,0.651464278506,11347847991.41210248782745975498,11460693061.118908811632086092,10130035520.896969449229078263048,15549640794.0111117087225955760488,0.34045086,0.11171999361926704631736,0.23091,0.07577382452969851116,17938.015474,5886.414780381502168562824,0,0,0,0,0,0,0.530769309399,1.677028316472,2.5005952038222197,1.497055338445,2.232239827082098,0.000009454620504279932,0.328153066258276,-15.675547887677519,26.449328222665795,0.32347155313602,0.0000092730648074611,0.000179784212586966,0.304860668141588,0.32347155313602,0.049049095553,31245330439.712061,17344719510.052402,3400381560.443978,22483864901.947085,26175859281.541552,7490200883.541632,30030304634.344527,30633462941.926709,30824870958.886858,5483558529.892408,10899808883.112911,31245330439.712061,65.0180476025,24679391672.194093,34399355412.320918,34579540546.42283,18354512149.606245,33161500941.498452,34567755988.529128,11483208827.832812,29733851641.518062,34580959794.396877,34580959748.628651,34580959047.302984,34580930588.766717,34576621647.770523,34534954524.399724,27538422631.205827,31863373958.025166,34051463260.769662,21631847046.368036,34579660333.840951,34569082110.145036,34420143890.484151,24943448047.02148,29947895581.001771,12674127624.518132,33270665111.572899,18683813573.804144,9299191815.173255,33286124049.977223,28939552077.587445,34580959796.611105,30869848745.902098,52689,0.609826388889,169845,20620379189.162706,6766640658.332085002216783054856,157474.4938305,51675.738007948541681566218,607.322057,199.294595210833473593732,264.42857626772,0.029319151295658454,0.02154128412852056,0.3231,coinbase-ada-usd-spot
2023-11-04,32316,8209,1459083,3586041,796,407474,2648958,162,63350,4461461,4451125,4442868,4425361,2147745,24799,3111866,184749,4377579,891454,2763,1524263,9038,2690367,70087,200,3623397,441765,901,1699144559,4255,27102.207520564042,7393094361.01810995703108398131,0.731290660157,0.652812156524,11370109027.30950279069709304449,11486128922.3174121088688628574,10149925055.01809588155715354502,15548002520.4533024614780079493442,0.34139362,0.11224581298289298556252,0.228993,0.075289940838354312078,17096.992263,5621.270239680127371798498,0,0,0,0,0,0,0.530936888464,1.843767112201,2.50222729104867,1.645903127473,2.2337006104131185,0.0000093695354801714,0.328787084488846,-21.985407722034815,26.348995187081865,0.328153066258276,0.00000945462050427992,0.000179062882600281,0.306049232343715,0.328153066258276,0.049073755924,31246500249.921882,17351383822.228573,2214313238.792476,22485963438.958985,26168368249.126783,7342888219.320207,30030967800.626039,30634353529.999772,30825978063.068595,5219486401.107815,10901562179.773885,31246500249.921882,65.0221940991,24678039201.392894,34400329548.808697,34580562818.122516,18360849903.334096,33161919737.964172,34568775277.753364,11487773674.40227,29732268396.339369,34581981966.409087,34581981920.640861,34581981219.315194,34581952755.928825,34577643574.461197,34535977250.783376,27535260706.536715,31862907862.892488,34052294335.198083,21625248503.603898,34580683735.58948,34570118890.377157,34421456009.430991,24946370015.437911,29950225833.373733,12709303534.229589,33272912648.586824,18699285687.403796,9303608198.475605,33286151946.249626,28937304755.409319,34581981968.623315,30870814377.63237,50080,0.57962962963,159921,18756155123.806187,6166781559.376766612540867290202,148845.31095909,48938.41583007487927466731014,538.5228165000001,177.0593467677568436334674488846,264.821536524335,0.02921254227778616,0.021548248833166892,0.3294,coinbase-ada-usd-spot
2023-11-05,38151,8198,1459432,3586572,793,407567,2649562,162,63371,4461897,4451561,4443304,4425797,2148362,24805,3112463,184811,4378013,891766,2764,1557781,9547,2708580,73878,211,3652502,460629,949,1699230597,4166,33772.36053768603,7724604454.359974917890359060548,0.762439623618,0.680395604829,11880955728.218427600702137027248,12001690088.0134727077730024708,10602478948.158490979761237238736,15582815163.5742787249036825430186,0.3463573,0.1189892743726724402036,0.229181,0.078733957361382140692,20160.419471,6926.008731165726184450972,0,0,0,0,0,0,0.530571334303,1.466774361443,2.614430912065717,1.308938829893,2.3330992338230145,0.000009786197434678802,0.343544872224932,-19.511853051125392,29.801549691470726,0.328787084488846,0.00000936953548017143,0.000176811992277457,0.306652289613753,0.328787084488846,0.049093888219,31238579336.648125,17230816249.728293,2208388796.622388,22484994185.278889,26169240030.333657,7374219434.45086,29582919061.505381,30626458857.861299,30817906158.257866,5131414437.437644,10915369695.924316,31238579336.648125,65.0166925209,24674094719.006193,34401695333.178409,34581998579.908021,18348969940.069969,33162787475.269582,34570210020.126063,11488788697.283032,29732743855.478345,34583417445.622136,34583417399.85391,34583416698.528243,34583388233.170416,34579079828.307473,34537414572.452206,27535086482.695304,31863537592.264474,34053633485.336052,21626347585.084396,34582204796.081931,34572078328.227981,34432718056.5069,25097810049.706447,30063289629.923548,13046248456.448238,33329860994.539539,18840775806.564295,9304623221.356367,33286881653.232899,28937002631.410958,34583417447.836364,30861991563.118548,58207,0.67369212963,183601,23577871523.339629,8100056859.821575654820317430228,159212.14945273,54696.51754039490510126146436,702.598561,241.374132864166091522852,265.388725904486,0.029397621325166,0.022484878989096582,0.3281,coinbase-ada-usd-spot
2023-11-06,46912,8192,1459432,3586593,795,407617,2649513,163,63386,4461959,4451623,4443366,4425859,2148407,24807,3112413,184833,4378066,891859,2763,1585940,9932,2727189,76948,217,3679309,475563,992,1699316677,4202,37055.036411232746,8174118193.852641384673746997832,0.802620341488,0.716492565967,12566444684.42948652094681723217,12693492499.5668381267064974818,11217961633.438663094830327875212,15656773239.9341057798677095346522,0.35365489,0.12849962514181539648658,0.228861,0.083156075431562712042,22346.745361,8119.634375840532499225042,0,0,0,0,0,0,0.530795457718,1.274988740698,2.7458646576381827,1.138171944045,2.4512107563857684,0.000010376105710803137,0.363347514131122,-10.078041837293243,40.450102375295685,0.343544872224932,0.00000978619743467879,0.000181142045775534,0.320523536342108,0.343544872224932,0.049096603005,31251525760.103419,17279613131.327643,2758907388.391557,22496694970.927556,26174954325.756055,7458045678.080618,29595250063.926982,30628346154.600628,30830350219.743391,5280253234.701263,10979507016.416656,31251525760.103419,65.0471823903,24673646222.533011,34403448701.790808,34583776235.372833,18357664491.27987,33164460340.982255,34571986267.890375,11513973322.33944,29733941613.215767,34585195150.365257,34585195104.597031,34585194403.271364,34585165929.236511,34580856979.066095,34539193712.629669,27535087076.001079,31865074792.636751,34055431972.175225,21627000457.402494,34584058210.915676,34574383190.940667,34442447662.600617,25207858991.030828,30151048048.131833,13211376209.264369,33373679313.903108,18965186430.719875,9294806846.412775,33288429067.927571,28937537928.167398,34585195152.579485,30873918761.393846,63188,0.731342592593,218305,27125882800.862037,9856122084.305378205540650015514,142452.71363678,51759.83938115659668240186716,724.6405745,263.296351383123114409589,265.989181457584,0.02966401277272991,0.023270486724616454,0.3421,coinbase-ada-usd-spot
2023-11-07,49979,8194,1459262,3585982,792,407577,2649026,164,63321,4461596,4451260,4443003,4425496,2148096,24788,3111859,184794,4377687,891811,2762,1568580,9692,2715746,75051,215,3659157,466438,970,1699402974,4271,37309.421446967923,7894644396.242631425514037526483,0.775122252284,0.691776918307,12140632216.509855645728399144237,12262889536.7363354787478115981,10835205822.421386364975983017896,15662861156.0705298842616788963093,0.34106046,0.11971959864200205362454,0.2274515,0.0798403963054566046735,23336.720611,8191.693710755732092556639,0,0,0,0,0,0,0.530556225368,1.652123309746,2.6440334395070657,1.47447808202,2.3597326735147255,0.000009910692411158988,0.351021630129749,-13.01424454396066,36.8702722647554,0.363347514131122,0.0000103761057108031,0.000191349840811823,0.339052487301101,0.363347514131122,0.049087124273,31245567956.803387,17270812061.148487,3018014352.880774,22490478416.741767,26147482560.767483,7562541143.478752,29586561315.763077,30622371754.709504,30823776450.734831,4911507300.582858,11004322557.210465,31245567956.803387,65.0266333372,24681568802.247946,34404850651.151346,34585145122.979063,18350117056.876191,33165906185.230951,34573356599.365222,11561008712.247018,29735102637.287042,34586564398.453285,34586564352.685059,34586563651.359392,34586535161.394356,34582226186.926582,34540571978.387719,27539104849.295145,31866529037.203888,34056874724.005701,21632646238.347598,34585372224.667774,34575446943.770317,34439036165.943722,25148207628.610454,30100891894.910526,13177450134.154067,33349700816.080884,18906799928.752043,9306750646.789585,33289891335.098448,28941565359.248739,34586564400.667513,30867630061.476104,68424,0.791944444444,227101,20934614381.773527,7348502466.427831019809743354723,117367.80520892,41198.63830918594429765216108,561.3504135000001,197.0461372207786949033745129749,266.4264330706,0.029697171184206433,0.02448215842260527,0.3625,coinbase-ada-usd-spot
2023-11-08,36462,8192,1459368,3586220,795,407621,2649159,164,63295,4461793,4451457,4443200,4425693,2148331,24762,3112079,184798,4377874,891935,2754,1579751,9837,2722435,76200,218,3674203,472351,988,1699489365,4198,29220.567174845164,8071824029.190312801139237249309,0.791133684001,0.706535032148,12410152987.476735877776844031422,12538251175.154554870807570351,11083092550.956206127711405701708,15686543549.3946241219735063489993,0.33894076,0.12161249678613613632644,0.22840500000000002,0.08195208604724149037103257785438,18218.06566,6536.67163408250783792954,0,0,0,0,0,0,0.531154476307,1.864108583883,2.695028686702747,1.66477302746,2.406839979519188,0.000010022981318083052,0.358801628892719,-3.6384829131351624,42.61589314817161,0.351021630129749,0.00000991069241115896,0.000186100798013604,0.328271250262846,0.351021630129749,0.049090571628,31257454051.625828,17282439110.043691,1894733785.248179,22496620358.442611,26157192721.565018,7655887937.478506,29597963549.677876,30633340951.539024,30835507314.030866,4847934714.545649,11031779777.578535,31257454051.625828,65.0420992983,24685453844.248816,34406039011.522898,34586364097.179717,18371455924.810569,33166957762.453647,34574573976.369301,11538009399.504604,29735290246.726177,34587783296.80571,34587783251.037484,34587782549.711817,34587754050.098627,34583445195.534757,34541796287.496858,27538517670.931239,31867386771.93162,34058047957.638781,21632593180.540736,34586632997.079964,34576849119.08874,34443343705.819347,25193516858.692756,30134190909.180568,13236560114.086088,33367280092.244766,18968759820.878337,9285070273.050344,33290870241.829263,28942941372.553247,34587783299.019938,30889192407.401332,53750,0.622106481481,170764,18554596871.702023,6657419581.014434148002402270537,144954.78055734,52010.01137976022609388800746,556.6010345,199.7093578219724849178055,266.774482180396,0.029667324432900013,0.023908626526419785,0.3512,coinbase-ada-usd-spot
2023-11-09,43735,8178,1459137,3585969,790,407595,2648865,166,63271,4461880,4451544,4443287,4425780,2148157,24757,3111721,184786,4377947,891999,2750,1590737,9975,2729353,77374,218,3681051,478280,999,1699575786,4273,35554.457758015446,8249162488.245290469192867259234,0.808865510901,0.721964736992,12691279986.629310255239692122376,12821663698.688161683326812694,11327787492.68188890351645613996,15690222683.0017179764802381338415,0.34799259,0.12768262956708834939474,0.228259,0.083750948094481033474,22832.837895,8377.64040582778589875497,0,0,0,0,0,0,0.531181181514,1.471435990944,2.7361893582355923,1.313351705428,2.4422258135101163,0.000010004325968616836,0.366911920644886,16.28080216857952,47.217488081562436,0.358801628892719,0.0000100229813180831,0.00018957580125219,0.335145996313184,0.358801628892719,0.049083227461,31238786277.716494,17277610223.405964,1602820141.714282,22482677787.482419,26128635050.215969,7607688037.003324,29578298609.764803,30612530987.924975,30816838344.358213,4680937218.137341,11001925325.954549,31238786277.716494,64.9986644132,24684624518.127483,34407696691.276983,34588026006.272018,18373262679.436583,33168703628.031918,34576236319.739649,11632407345.308321,29736899717.023298,34589445781.730488,34589445735.962262,34589445034.636595,34589416521.207233,34585106674.65974,34543466875.531898,27540671687.250344,31869170949.988197,34059858662.327089,21637063157.54768,34588314494.88795,34578710507.033412,34448093908.56883,25234847427.729855,30168868189.673178,13270347931.559325,33385429449.525135,19015196666.296332,9305520962.576827,33292720524.633947,28945573251.721031,34589445783.944716,30873315516.08386,65613,0.759409722222,198863,23507271805.789808,8625098247.383716055459926121888,147950.15584889,54284.67584222644397356727654,644.340267,236.416124913808657424562,267.101663743812,0.029698730189856432,0.023637414166086064,0.358,coinbase-ada-usd-spot
2023-11-10,37301,8171,1459177,3586263,795,407601,2649043,167,63246,4462437,4452101,4443844,4426337,2148318,24756,3111957,184771,4378502,892024,2739,1615583,10340,2744621,80308,225,3699996,492281,1021,1699662353,4184,29494.198852772467,8662479817.993303207740447994253,0.846537768336,0.755733102987,13334830808.06195061879218783204,13471356347.024392325591283301,11904457711.536753305488242284224,15752198315.1099207379242541752155,0.33924744,0.13078120776243983540136,0.227857,0.087839759843512020533,18545.979039,7149.547061747358443890491,0,0,0,0,0,0,0.532924609334,1.827641906403,2.858645791800833,1.631598188216,2.5520104777168475,0.000010316557114331692,0.385503889911269,4.836449505418714,55.64204474876184,0.366911920644886,0.0000100043259686168,0.000173414630265144,0.344143039045158,0.366911920644886,0.049085553599,31247158577.410864,17307679748.254367,2689828404.90184,22470538027.481737,26133567560.89113,7641857792.83923,29585880316.614052,30620725970.884723,30825144551.754041,4615753650.992377,10969439913.149698,31247158577.410864,64.9613027918,24685862697.66827,34408872315.225974,34589231608.93784,18434209575.836839,33169746963.840242,34577440186.643931,11670881937.979533,29737343178.64824,34590651757.826932,34590651712.058706,34590651010.733039,34590622495.240821,34586311951.581406,34544669545.657713,27542833507.834129,31870005266.183767,34061018314.053147,21638659206.629877,34589569759.812306,34580315823.426171,34455866985.127988,25335133929.696682,30247940513.470477,13468921354.535164,33423706123.242278,19109171559.186255,9307771872.873053,33293926163.594014,28947514940.924677,34590651760.04116,30880253151.989696,54668,0.632731481481,169100,18926383575.937795,7296194490.476773429446013511855,147226.77842384,56756.49578149480946127425296,594.2423934999999,229.0827542444329546319625088731,267.201739912622,0.029907383587068282,0.024261309924917446,0.3685,coinbase-ada-usd-spot
2023-11-11,40887,8179,1459274,3586482,793,407738,2649166,167,63290,4462711,4452375,4444118,4426611,2148428,24784,3112091,184859,4378776,892163,2742,1613199,10311,2742875,79963,225,3698713,490725,1017,1699748596,4313,32155.817296545328,8619777722.4553837224013768983,0.842065227119,0.752034258263,13272580770.08594170568661272061,13407835833.16540723371121551,11853518128.06698192914096687919,15761939031.1369783356957235384511,0.34846673,0.1337018584741814548287,0.226977,0.08708793155344926063,20514.236382,7871.02840334877366432258,0,0,0,0,0,0,0.532455102572,1.65226648483,2.8302068820725523,1.475611342631,2.527610052932434,0.000010375523652541418,0.38368615125519,8.906810919966441,56.144058046784096,0.385503889911269,0.0000103165571143317,0.000185272400112728,0.361011157851432,0.385503889911269,0.049089749023,31260059659.429027,17326489907.246209,2696073511.398478,22465699359.37657,26137779734.382483,7614645609.644485,29596911708.697929,30632876449.998378,30837977090.23988,3894870169.403812,10971423604.163301,31260059659.429027,64.9442476318,24679768074.673264,34410489870.729932,34590864812.793147,18418838762.37645,33171346867.234181,34579073572.278713,11676915367.353105,29737744909.162192,34592285194.074591,34592285148.306365,34592284446.980698,34592255931.480325,34587944779.929059,34546303385.253546,27541960193.648951,31871287586.159142,34062630189.174899,21632466252.21104,34591199128.156316,34581900347.906837,34456844110.901193,25319634451.37865,30238309879.927418,13475509886.131418,33420896175.473566,19089911106.211739,9313088287.327628,33295195613.972547,28945724053.031198,34592285196.288819,30893786729.829601,58870,0.681365740741,194079,20936262711.794478,8032954061.55597044829701084082,134470.32300326,51594.4006911630715794619194,634.4928875,243.446134003667252461125,267.520202712272,0.029904650783555406,0.024164375666165274,0.3864,coinbase-ada-usd-spot
2023-11-12,47974,8183,1459253,3586172,798,407790,2648761,167,63315,4463027,4452691,4444434,4426927,2148121,24798,3111856,184892,4379091,892341,2742,1611993,10302,2741973,79876,226,3697372,490188,1011,1699834420,4078,32767.989455615498,8594616769.026514084381309609431,0.840224330914,0.750323185233,13244368678.377106700113656015372,13378934705.983715228442586483,11827266275.837114363391842325117,15762895920.8685310047036904481377,0.33764924,0.12927208427303349180148,0.224481,0.085944593714159792787,19849.723682,7599.647351837464986419014,0,0,0,0,0,0,0.532906019563,1.942385132985,2.813870988753277,1.734556530093,2.5127963633458794,0.000010332647192500115,0.382859100387827,13.03142439093983,55.712144509178174,0.38368615125519,0.0000103755236525414,0.000187500096666247,0.35975048745778,0.38368615125519,0.049091431953,31257786839.75218,17321981989.091693,1573026596.592814,22448511111.059853,26134297324.368524,7517409236.402666,29592711567.268025,30630232830.653452,30835606605.217864,3918594828.727101,10952552599.018293,31257786839.75218,64.8926119299,24678734903.715784,34411595704.314486,34591901944.792054,18434990279.377407,33172365367.268595,34580106460.500218,11670636113.308327,29738224887.066821,34593323403.082608,34593323357.314382,34593322655.988715,34593294139.165595,34588982009.462553,34547341085.327784,27542001583.624444,31872207599.46476,34063848185.270144,21630452892.996682,34592233622.057936,34582920332.108201,34457635288.237841,25315559189.75964,30235976226.058535,13498597007.228766,33420390776.858999,19073224399.638236,9306274719.349091,33296156921.360359,28945133223.647963,34593323405.296836,30891955457.912271,58788,0.680416666667,195814,17809713850.172602,6818611022.841705139749089715854,117787.50372624,45096.01771355606699163648048,529.63865,202.77697706962316871355,267.65116918302,0.02990516108478609,0.02422588259014105,0.3845,coinbase-ada-usd-spot
2023-11-13,36783,8202,1458972,3585966,795,407835,2648497,166,63331,4462848,4452512,4444255,4426748,2147846,24803,3111619,184896,4378909,892279,2745,1578866,9853,2721500,76213,219,3673655,472311,963,1699921368,4255,27934.957226792009,8041829054.772020217036114689792,0.788026947109,0.70374756099,12400759309.089493964522573684224,12529446873.254116333487223584,11074499609.695489392945410289088,15736466061.9531584643377286429831,0.33893191,0.12148931412391346830528,0.227769,0.081643240934999737152,17738.679288,6358.386202595057236514304,0,0,0,0,0,0,0.532333060109,2.025511701039,2.628481003775244,1.808883471043,2.347365280210268,0.000009808853252555785,0.358447554035008,9.282872142761187,45.10832935567897,0.382859100387827,0.0000103326471925001,0.000187222093104674,0.358496916126198,0.382859100387827,0.049079409593,31263132843.835688,17363362309.188542,1908222587.392237,22435162311.043724,26135106598.802626,7554832725.337514,29594321380.104048,30634725441.857717,30840961669.975845,4058081128.162704,10915596189.999114,31263132843.835688,64.8494890863,24683413555.331647,34414005520.921261,34594321102.582784,18416457516.218217,33175057107.575926,34582525291.230221,11656503939.044065,29740687823.192238,34595742581.3113,34595742535.543074,34595741834.217407,34595713314.238182,34591401030.598618,34549758108.128838,27543080626.983584,31874556704.553825,34066348283.133149,21623416638.945284,34594589285.13087,34584792719.270677,34451180833.222258,25193544093.467243,30139138816.032458,13332054768.12309,33374696026.156843,18933579819.733413,9323816317.031719,33298663609.706226,28946670054.080726,34595742583.525528,30895732123.238011,52337,0.605752314815,162816,17080001347.695559,6122284705.996113347392812129472,141633.29387239,50768.10775847968198594462912,554.317791,198.693856342038771227328,267.724349541958,0.030269530542638364,0.02831808836936273,0.3836,coinbase-ada-usd-spot
2023-11-14,33419,8175,1459037,3585749,797,407856,2648446,167,63310,4462619,4452283,4444026,4426519,2147872,24794,3111472,184903,4378680,892413,2750,1578911,9829,2721440,76198,218,3673389,472332,969,1700007730,4323,27183.295396715244,8027827684.74604339308566203671,0.788301040496,0.703948948429,12400557482.30114860988842477731,12528914855.409030481286916507,11073636784.878012326604785177502,15730738442.8923763434094277524959,0.34151871,0.12241134827885540074914,0.233854,0.083820835000236007236,17738.481605,6358.04536064136848210607,0,0,0,0,0,0,0.532691522545,2.139687791256,2.626694600374538,1.910730664104,2.3456253471557877,0.000010070959530741531,0.358432333850334,8.099269002910253,45.09145857871091,0.358447554035008,0.00000980885325255578,0.000173789742211734,0.335075050614727,0.358447554035008,0.049084218463,31258012608.657575,17369458511.722939,1905708441.276277,22397052181.397565,26116722670.483887,7544895021.587054,29588253510.641918,30629042634.961584,30835809996.81318,3845549260.774704,10867727350.084903,31258012608.657575,64.7376353539,24681356438.621852,34414922116.03668,34595227214.691284,18429341389.761099,33175777806.55085,34583433940.401205,11720983492.964983,29740717320.590355,34596648545.344237,34596648499.576011,34596647798.250344,34596619278.376894,34592307738.839953,34550671399.043766,27543851293.310159,31875039357.500188,34067291947.406526,21642723464.393992,34595495250.059618,34585701191.6623,34452092354.022428,25192426825.835814,30139385006.001697,13330029807.133476,33375420641.379668,18959510873.487693,9353744641.442364,33299255556.966527,28947608528.637056,34596648547.558465,30894636836.814753,51940,0.601157407407,168867,16169017129.009976,5795498545.617072689333576931984,130948.1035801,46936.0343794905200829807534,445.37449200000003,159.63661860496692003329801551002,267.873104924052,0.030265463371929025,0.02831984289524413,0.3569,coinbase-ada-usd-spot
2023-11-15,33692,8177,1459252,3585897,793,407964,2648578,168,63343,4462693,4452357,4444100,4426593,2148157,24825,3111596,185000,4378756,892586,2748,1606625,10215,2738862,79342,224,3694137,487544,1008,1700094232,4267,36184.339817201781,8470109430.59437458046420362437,0.83151591746,0.742598561176,13101917034.86884396583997319488,13236398300.8911730433934337175,11700876116.06880108116855663066,15756664135.6520346919041339036695,0.34973253,0.13243402514760185456955,0.243293,0.092128322407513816355,22510.534509,8524.116110248209870212115,0,0,0,0,0,0,0.531985626642,2.145457148869,2.7679798292146454,1.916034748536,2.471988563751584,0.000010007049988790762,0.378672310372735,12.491678676036969,50.50753948777836,0.358432333850334,0.0000100709595307415,0.000180803223782364,0.329564935267458,0.358432333850334,0.04909489747,31260841929.230951,17413510916.348132,2431366247.704871,22367913360.913742,26114863435.861387,7586603723.77104,29590303510.78161,30632251047.509314,30839165233.354392,3830228521.210725,10874237990.910675,31260841929.230951,64.6478634237,24674858424.342694,34417871501.858347,34598196138.80217,18406499110.402319,33178460853.338905,34586402216.481883,11754534361.304718,29742000432.999343,34599617334.40158,34599617288.633354,34599616587.307687,34599588069.433613,34595276430.807723,34553647821.542066,27544991020.80731,31877555423.270783,34070202692.73851,21631100798.067979,34598520049.512422,34589139484.844145,34462510846.275498,25290632288.274094,30225158121.093846,13492480503.940777,33419121089.23591,19055775332.547562,9350334045.691249,33301645128.443744,28947132115.816279,34599617336.615808,30899740476.274556,64365,0.744965277778,224424,16126920714.709972,6106818326.23714386987274141342,96469.46842545,36530.31648909476160306010575,280.912879,106.373928904386551954065,268.042327994304,0.03053076702314846,0.0293536440324,0.3579,coinbase-ada-usd-spot
2023-11-16,41830,8190,1459034,3586078,794,407949,2648507,168,63317,4462897,4452561,4444304,4426797,2148152,24829,3111616,185048,4378959,892514,2755,1593046,10030,2730347,77714,219,3683391,480025,990,1700180996,4135,40715.53784764208,8242236149.416811971580575150506,0.810588232681,0.723876932514,12754078693.1785492365880983664,12884128338.3406593689249771215,11389732775.820226680111296006263,15734349672.2090060368533836550377,0.36212338,0.13347665969305340333054,0.233854,0.086197281092039156882,24388.647735,8989.519633055321311679505,0,0,0,0,0,0,0.532019454418,1.536873243759,2.6778040616962895,1.372468837446,2.3913505179358223,0.000010193315932929199,0.368594426830583,10.847959128144131,49.43470006728476,0.378672310372735,0.0000100070499887907,0.000184154425809897,0.349148996070078,0.378672310372735,0.049089414731,31257381419.294616,17463521725.583608,2648714554.202192,22361260912.946982,26091607945.838554,7652088491.336088,29586247939.129055,30631538407.552758,30838667250.711659,3996453584.659132,10893713070.360768,31257381419.294616,64.6243162497,24678738227.068527,34420115765.134612,34600509164.144987,18408900119.02498,33180811338.522427,34588711010.566899,11753210228.448054,29743568563.768521,34601930371.086572,34601930325.318346,34601929623.992679,34601901105.056883,34597588497.816456,34555958649.970866,27547532613.247598,31880211792.479268,34072506745.588321,21635543903.16545,34600803850.265936,34591222806.275115,34461187637.09084,25241297913.799964,30183849273.685857,13352025889.818899,33401379091.717182,19004225555.572999,9346597175.215782,33304102943.643701,28949602323.677015,34601930373.3008,30900447610.552961,67349,0.779502314815,233168,22514498520.814915,8298718677.657782371577804545445,120097.8565012,44267.4005806414202575361996,498.343019,183.686459453327333750077,268.258857088498,0.03059449378157799,0.029662171149772328,0.3789,coinbase-ada-usd-spot
2023-11-17,42808,8189,1459271,3586577,792,408049,2648799,167,63323,4463393,4453057,4444800,4427293,2148410,24808,3112097,185063,4379455,892743,2759,1590546,10013,2729191,77428,219,3681534,478614,987,1700266949,4145,36937.733655006031,8187435145.682979877551758518014,0.805630910647,0.719514039224,12681157785.007277365071131056365,12809785877.4653563095636426885,11325621868.949670144861156138093,15740654457.7952201620727651127655,0.34607947,0.12682691528047054390239,0.228421,0.083708897309858808177,22159.468144,8120.727268102247853463728,0,0,0,0,0,0,0.531531910604,1.696401977397,2.6467519018802523,1.515067287976,2.3638307897295765,0.000010021068984320556,0.366467607224637,12.944970600584035,50.71013201408141,0.368594426830583,0.0000101933159329292,0.000188093037911311,0.339894141855165,0.368594426830583,0.049097773688,31254888274.356099,17457934324.835454,3038899703.932957,22341497541.048022,26077601190.926686,7666930714.850449,29579008776.631651,30628939322.46872,30836060285.023159,4075173810.461498,10850480737.15884,31254888274.356099,64.5637826174,24679733929.98933,34421928515.811358,34602340752.055547,18393003619.564198,33182360268.984865,34590537202.826194,11700652382.140968,29744453532.34905,34603761790.117917,34603761744.349691,34603761043.024024,34603732524.185251,34599420093.934917,34557780994.926408,27546237508.672949,31881278421.443856,34074324080.204361,21639000044.56817,34602629006.990334,34593009989.753906,34462257406.936426,25238347868.714837,30176753847.064763,13333263329.87306,33398842524.410369,18988309474.015742,9330969823.957795,33305516058.521103,28950427210.535935,34603761792.332145,30904837550.914289,64030,0.741087962963,220391,20398326725.270663,7475325986.396305217498066924331,118422.41137355,43397.97773783650681857015135,498.04408950000004,182.51702577143797129171578898548,268.522004767921,0.03057652391387047,0.029428402491232814,0.3708,coinbase-ada-usd-spot
2023-11-18,66999,8197,1459366,3551716,795,408167,2644822,167,63343,4428462,4418126,4409869,4392362,2147966,24837,3077393,185106,4344516,892956,2756,1605027,10226,2734205,79093,223,3658472,486773,1004,1700353466,4358,29251.653051858651,8419296273.165284089533091293936,0.828649453198,0.740003377978,13052075240.60833375066987749028,13187992698.2905664682906285296,11655809015.973772909698001336102,15751021364.0155379699613008791205,0.35144311,0.13255721720499598278022,0.233854,0.088204988489480219308,18799.746475,7090.88329227860685520795,0,0,0,0,0,0,0.531816543026,2.205728575173,2.712577677542138,1.969767300552,2.4223954250627826,0.000010311817466925459,0.377179729615402,15.93098324311492,52.94520210248207,0.366467607224637,0.0000100210689843206,0.000187082836542673,0.33625642236269,0.366467607224637,0.049101685942,31254077877.272551,17456899361.703713,1714180213.908923,22321709286.313368,26073048717.711166,7667339027.398194,29577520856.555142,30627982066.03415,30835246073.228511,4020596859.005423,10850861414.19114,31254077877.272551,64.5054224555,24676676985.36608,34423474853.645664,34602971172.887746,18403188158.754609,33183771464.399325,34591665160.245818,11702007550.479432,29744984122.624346,34604392057.552912,34604392011.784686,34604391310.459019,34604362783.823246,34600051579.69837,34559244973.146843,27546812329.94004,31882266786.038632,34075939597.652564,21630456042.913536,34603291144.6954,34594379733.476265,34467674489.41367,25290458427.280175,30221512638.91024,13436447610.85777,33421881228.873015,19033093055.949949,9333475080.531862,33296001542.079031,28932216239.039924,34604392059.76714,30902532932.665351,53493,0.619131944444,177874,15688418080.657205,5917353289.75566858747005027141,121710.48730466,45906.72869293047654540237332,505.316225,190.59503711577564049745,268.755404861523,0.03061863738380804,0.029558054258093526,0.3674,coinbase-ada-usd-spot
2023-11-19,32310,8193,1459533,3551436,796,408272,2644728,167,63370,4428188,4417852,4409595,4392088,2147952,24843,3077258,185183,4344230,893108,2753,1614679,10362,2739162,80215,225,3664219,492046,1017,1700439911,4248,28911.844397363465,8571320205.245878601836708594474,0.843263998078,0.753042529161,13300337895.863366846151714586396,13438591596.5319744021692701136,11877324432.944006744270364900488,15772448398.3378889353088570468857,0.3458627,0.1329312627069197978714,0.232425,0.08933183235618016635,18265.008977,7020.099902839581799772414,0,0,0,0,0,0,0.531921133822,2.044873756301,2.749100387714057,1.826091127771,2.454972005919288,0.000010264928145367258,0.384346917741982,17.07967465759584,52.877364889089414,0.377179729615402,0.0000103118174669255,0.00019220387319632,0.346164076725163,0.377179729615402,0.04910936002,31254233474.408981,17454957812.929777,2130811164.937376,22300998940.233307,26069369827.724256,7675921545.267888,29575974939.956436,30629064007.069385,30835453855.156962,4012243969.705718,10862638551.447772,31254233474.408981,64.444379326,24674152274.403065,34424158291.291285,34603612419.461271,18407148560.859475,33184294938.717874,34592307806.342942,11696594022.23345,29744342503.752531,34605033320.29075,34605033274.522524,34605032573.196857,34605004034.8002,34600693589.910197,34559893752.862443,27544987010.857073,31882648628.174089,34076625945.479411,21627768973.546587,34603948233.435221,34595155047.534497,34470848837.904784,25324523693.882067,30249717848.087687,13487557286.81451,33435991133.129103,19067255813.6956,9328066322.999541,33296126835.913811,28930093636.381881,34605033322.504978,30902613978.857084,52810,0.611226851852,172373,16922821379.987626,6504234236.896358404415020714732,135162.79920498,51949.40526781247812636947036,423.58514049999997,162.80364315247937668806346774054,269.066245396818,0.03064624122981329,0.029555523664302873,0.3776,coinbase-ada-usd-spot
2023-11-20,38566,8165,1459496,3551043,792,408389,2644486,165,63368,4427803,4417467,4409210,4391703,2147814,24813,3077035,185259,4343849,893339,2742,1609030,10252,2736010,79576,225,3660302,489116,1006,1700526172,4223,30209.166706133081,8474948064.28947493193758100712,0.832558652919,0.743402417365,13154785285.68723069262586951954,13290646521.179290939031383688,11746078365.78170766832921130943,15800430683.8524739659207762276661,0.33815061,0.1285363400607622378791,0.226717,0.08617868058719702527,18890.107565,7180.42557947542164548015,0,0,0,0,0,0,0.532420818238,1.756409577971,2.699834755653816,1.568320888347,2.4107174633306157,0.000010132080792673315,0.38011565337931,21.949008428749558,47.07989601406479,0.384346917741982,0.0000102649281453673,0.000191238149602074,0.352613753278675,0.384346917741982,0.049111416105,31253181046.544693,17450269273.989164,2799741877.36246,22295709184.679352,26065748081.131235,7861942299.165326,29573948672.000719,30622739639.850416,30834238457.919265,4199747398.44171,10875144669.909877,31253181046.544693,64.4248300541,24671288365.317143,34426463013.838537,34605902257.332793,18425659357.315003,33186500184.471823,34594597726.444972,11610925732.590579,29744810830.581365,34607323239.379106,34607323193.61088,34607322492.285213,34607293957.765416,34602984369.671026,34562188608.960937,27543227567.510918,31884631276.417216,34079060846.653039,21634393346.140574,34606228853.830216,34597369112.710463,34471688607.366109,25300740363.042973,30233566557.145722,13475435609.375828,33430238935.88096,19069857716.199988,9315789394.441675,33297863814.359937,28930606563.706367,34607323241.593334,30901327691.602653,55863,0.6465625,185578,19703447120.557365,7489588676.05534704823295911815,135442.54701683,51483.8322546602499489437873,433.202723,164.66713609884124386113,269.482285703648,0.03063276262083411,0.029791138177847867,0.384204,kraken-ada-usd-spot
2023-11-21,44990,8177,1461261,3553615,790,408918,2646959,165,63469,4430457,4420121,4411864,4394357,2150027,24818,3079575,185558,4346505,894462,2746,1583480,9881,2722031,76605,221,3642671,474662,965,1700612576,4108,30213.625365141188,8017496948.869503234683322304953,0.790149521976,0.705513917077,12453002858.751977128273972120116,12581132099.1427394747139910824,11119119333.610361033948104005147,15760311830.1062043160085151861387,0.33645144,0.12106309167546583370472,0.227189,0.081747912075089966307,19013.879956,6841.638401724570631770828,0,0,0,0,0,0,0.531606830715,1.897992302342,2.5431879795714907,1.694691886237,2.2707784582884787,0.000009985376486261429,0.359823372060663,18.19768079483283,36.37056003150112,0.38011565337931,0.0000101320807926733,0.000187779095267251,0.347493475300403,0.38011565337931,0.049181146811,31251767170.102,17427061436.723266,3120183379.532974,22281757026.938831,26058516702.434014,7880223214.656848,29570528064.461147,30621415894.414257,30832816680.29683,4086956191.329362,10890155122.084277,31251767170.102,64.3820373271,24663206642.912658,34427694319.573629,34607233695.134749,18398197273.044402,33186216916.251889,34595926433.011069,11602250685.954579,29739961579.519594,34608654759.246104,34608654713.477878,34608654012.152211,34608625479.532883,34604315310.863575,34563499300.610442,27532363483.672765,31883075774.398123,34079881738.461073,21621918720.935625,34607505685.171039,34598253133.266106,34465533494.04956,25189078797.701666,30145724455.786413,13357085081.913567,33389454048.092403,18936456103.696466,9309288468.538121,33296779243.132224,28922421241.654426,34608654761.460332,30901603945.103869,56513,0.654085648148,188489,18234349380.003098,6561145081.244974429245583933974,124603.08316829,44835.10155476934810811797627,452.291934,162.745208847718833592242,269.783876495759,0.030882339381181782,0.032201740105647914,0.38040200449999995,binance-ada-btc-spot
2023-11-22,49913,8179,1463083,3556116,794,409387,2649337,165,63510,4433079,4422743,4414486,4396979,2152197,24828,3082046,185814,4349121,895633,2746,1612611,10268,2740954,79762,223,3665463,490338,1010,1700699083,4205,30901.733412604043,8461662752.380822912917255509808,0.832961162573,0.743740910262,13152524565.35959148095408469493,13286920232.3591702106563335536,11743729518.269971652355496981182,15790081406.3502112598399446987169,0.33996974,0.12919158834019594714668,0.227681,0.086520847487438598042,20124.508585,7647.49600556231633714097,0,0,0,0,0,0,0.531603537433,2.036844037566,2.6724815282166787,1.818673314709,2.386226313738224,0.000010159846213261098,0.380009080632282,21.89433292912025,36.16429621176521,0.359823372060663,0.00000998537648626142,0.00018494989459697,0.329741150586116,0.359823372060663,0.049254206748,31252620756.43733,17409980579.629155,2886116496.13985,22267001457.706744,26046647575.574016,7952811436.915262,29568334051.802127,30622430624.873039,30833674094.077661,4137713775.819554,10961968272.865203,31252620756.43733,64.3348941135,24654103934.649492,34430026185.354521,34609658340.012259,18399372387.319617,33186788481.299875,34598347693.935731,11595215521.377147,29735417045.792097,34611079668.502137,34611079622.733911,34611078921.408244,34611050382.87562,34606739484.775562,34565904261.522672,27526021615.504239,31882357235.719286,34081792788.766676,21610948345.594077,34609985216.333664,34601122499.697867,34475255588.223219,25284284335.323192,30225526904.320302,13396048886.146871,33431210456.763281,19047026557.518075,9299713954.367187,33296738667.769591,28917148066.15634,34611079670.716365,30903812873.971451,59195,0.685127314815,209922,16992503614.599974,6457305676.224864858210420760668,103647.69724354,39387.06613917074465173995828,459.478593,174.606037696144483739226,269.842531179507,0.0311367332311926,0.032128678653302,0.3568,coinbase-ada-usd-spot
2023-11-23,37911,8168,1463946,3557574,792,409649,2650618,166,63538,4434634,4424298,4416041,4398534,2153361,24816,3083404,185902,4350692,896209,2742,1618885,10346,2745126,80402,224,3670321,493629,1017,1700785444,4165,27034.735414165666,8543517559.251777148682617301086,0.84207394377,0.751590461285,13295557203.009277595935833198109,13434888500.8592291501248110235,11866907942.204702756177496901863,15789061401.7629528177870183621829,0.34694558,0.13327289503398734610058,0.227937,0.087557892725890826187,17536.017253,6736.145151851365630896503,0,0,0,0,0,0,0.531507046981,2.491018462531,2.6996701346361256,2.223350727301,2.409582123778549,0.000010295210059926507,0.384131987022251,20.75782699719832,37.6307041866622,0.380009080632282,0.0000101598462132611,0.000184077265492602,0.349116098087348,0.380009080632282,0.049285639365,31242991430.79957,17394876459.589776,1740690897.505231,22241099017.762586,26032947121.12853,7868979419.919336,29556574023.224596,30612544576.239219,30823992379.354928,4041504910.647131,10961771059.713899,31242991430.79957,64.2584393328,24650559649.939142,34430827708.531098,34610528649.597723,18396495438.259287,33186862387.738137,34599215884.604336,11638300195.00715,29733547616.286747,34611950192.496131,34611950146.727905,34611949445.402238,34611920922.194634,34607609014.350508,34566762726.582844,27522244724.416355,31881425716.478298,34082404035.15431,21609823530.675689,34610864449.527816,34602066512.084636,34477474612.61954,25304228605.017534,30239651255.799587,13430589198.852162,33439229986.76103,19069574249.557794,9307339847.096916,33296496012.691447,28914869023.477044,34611950194.710359,30892787747.762613,50544,0.585,170002,13894698379.533217,5337398097.604945712355172611467,119077.72852677,45741.56446908434132943915927,436.57273299999997,167.70155140702463935802338933247,269.925907134454,0.031136308803515693,0.03207076230771903,0.3803,coinbase-ada-usd-spot
2023-11-24,36141,8171,1464428,3558231,797,409793,2651226,166,63577,4435319,4424983,4416726,4399219,2153923,24825,3084073,185969,4351375,896564,2752,1622254,10389,2747590,80835,224,3672551,495462,1022,1700882228,4151,28458.020476993496,8577268893.581401819922548374148,0.845834078089,0.754876265476,13357949894.2981270133877117267,13497642855.201096220151027414,11921486248.712598042133332386052,15792636215.9374754159900299550603,0.33295176,0.12849482991182504953824,0.223219,0.086146075449751867156,18083.942022,6979.068241754287672354728,0,0,0,0,0,0,0.531473035675,1.775901427454,2.6866951116701028,1.584927673332,2.3977780334338816,0.000010231673046080219,0.385926267252124,22.179715274422083,37.62495354134393,0.384131987022251,0.0000102952100599265,0.000186180420701569,0.352404337420535,0.384131987022251,0.049304937086,31240809836.100468,17390690110.35085,1412822078.862551,22225149261.420727,26025638676.434847,7822210731.919223,29550072977.297606,30608821270.856348,30821539610.533767,3845211666.002503,10940173831.147793,31240809836.100468,64.2109677118,24647113481.599554,34431555369.877403,34611277859.953191,18395716444.134584,33187151345.524756,34599963524.111181,11634285961.912301,29733046718.748355,34612699437.524697,34612699391.756471,34612698690.430804,34612670164.459878,34608358265.424387,34567506736.159251,27519844334.904889,31881302982.418942,34083049514.390828,21609807603.242257,34611617748.318839,34602862596.980465,34478954167.411765,25311272991.908614,30249331040.778387,13427336680.282014,33443916558.852223,19068468371.092245,9303687981.064608,33296559349.86909,28912887399.809407,34612699439.738925,30890580041.612823,54314,0.628634259259,173932,19490214324.206151,7521785662.084758390144468614724,139256.14658242,53742.60484246797512708606008,454.39489649999996,175.36292626466020894811530991504,270.000848859002,0.030967518308180998,0.03207103029717203,0.3874,coinbase-ada-usd-spot
2023-11-25,31042,8159,1464704,3558887,797,409878,2651557,166,63575,4436256,4425920,4417663,4400156,2154301,24814,3084648,186038,4352313,896813,2740,1634031,10567,2754164,82195,224,3678397,501602,1040,1700957991,4102,25339.389809848854,8764753182.703381342519065832597,0.86370756735,0.770949334423,13648468002.881965225991388648369,13790574966.3301463599047671015,12182685112.969364378483839144026,15802186433.0194260748840150318889,0.34262716,0.13509851217291697181284,0.227681,0.089775032283027151319,15887.964236,6264.653186688747897159764,0,0,0,0,0,0,0.531868790355,2.028482644869,2.7254521386318995,1.810632908715,2.4327510742165535,0.000010431230236814464,0.394301818258999,25.226009709700996,37.12583169506319,0.385926267252124,0.0000102316730460802,0.000185603881838759,0.352858559125038,0.385926267252124,0.049317083484,31247506521.734179,17404014106.447602,1379559611.781022,22228538588.544403,26025957400.683996,7766916148.286449,29553458164.161477,30615304448.81703,30828099704.225363,3808026890.092768,10967004890.470213,31247506521.734179,64.2178534679,24646571623.386815,34433105333.577821,34612843928.743743,18410247761.318714,33188349753.216768,34601523974.320125,11652139871.018441,29732775256.818844,34614265950.566403,34614265904.798177,34614265203.47251,34614236678.368996,34609923696.271342,34569071611.025144,27518781358.447579,31882345179.414614,34084561008.043946,21608955722.350163,34613197137.833975,34604583471.085564,34483454675.729528,25359376001.887684,30284114624.469073,13449614508.629465,33460647389.431171,19128954087.645382,9321815611.552749,33297785088.848788,28913230443.228261,34614265952.780631,30896852484.121974,46371,0.536701388889,152980,17064117378.742422,6728412509.423120885300104555578,146010.44406523,57572.18357972405859059050477,474.109312,186.942163775123053698688,270.230673663847,0.030998811060896372,0.03202137113960192,0.3863,coinbase-ada-usd-spot
2023-11-26,35944,8154,1464980,3559473,796,409964,2651942,166,63606,4436782,4426446,4418189,4400682,2154721,24807,3085200,186070,4352831,897034,2742,1625835,10409,2750184,81221,224,3675397,497245,1024,1701044223,4226,27606.528159015618,8620523669.241413661028738352553,0.848738493256,0.757458381611,13431980672.695251577731913021728,13571315563.1475760791625985085,11987398265.807197822625265922821,15825817704.0764137435319557685739,0.34582291,0.13419060661655132340951,0.225957,0.087678710757642075777,17495.526992,6788.837038392648632400912,0,0,0,0,0,0,0.531754816326,2.260165486477,2.675005519244278,2.017089250888,2.3873140755479607,0.000010352313712360383,0.388032726393261,23.833263826607645,34.183651884625704,0.394301818258999,0.0000104312302368144,0.000189155615614008,0.36066213404801,0.394301818258999,0.049328506709,31243027605.10047,17413098240.283239,2138131746.287313,22215970671.774573,26016961664.979901,7510175509.826493,29547514822.329321,30610559581.01933,30823428382.661109,3829572895.855333,10983233642.115988,31243027605.10047,64.1790952452,24645358510.313763,34434391163.709797,34614165333.646835,18407005207.757216,33189363199.021355,34602841783.175112,11638240102.603567,29733608706.776995,34615587186.89902,34615587141.130794,34615586439.805127,34615557906.694669,34611244916.81176,34570394109.541224,27516860287.312156,31882972682.819649,34085816959.858188,21609947234.12225,34614509362.237179,34605789837.367442,34482580255.423801,25318907575.909263,30259324702.457427,13437074898.886023,33450322632.441448,19087629113.066831,9307853622.79608,33298702712.375931,28912774483.448724,34615587189.113248,30892750663.659961,50591,0.585543981481,175400,15315510035.096993,5942919115.022034660105196564173,123550.79859167,47941.75322559038159737873587,428.546973,166.290250320769209148953,270.255052430467,0.031021724996353413,0.03237779702868829,0.3944,coinbase-ada-usd-spot
2023-11-27,46102,8154,1465294,3561384,797,409991,2652825,165,63603,4438954,4428618,4420361,4402854,2155110,24782,3086736,186093,4355002,897283,2740,1611714,10188,2742987,79498,223,3668872,489300,1008,1701130973,4161,35302.583513578467,8381619231.497306254075612015602,0.826159080184,0.737143316781,13065553959.682472821424211782688,13200318677.517876406505292471,11657786027.451548393947649043708,15814816145.0615737758249734014332,0.31128775,0.1174878219196798500465,0.2012005,0.075938126425310811843,22928.210582,8653.683036980848401160452,0,0,0,0,0,0,0.531949369394,2.065698862663,2.5942521272029997,1.843127004977,2.314730496197696,0.00001013786703193804,0.377425137737286,20.682253803029052,29.724179768940832,0.388032726393261,0.0000103523137123604,0.000187875317395124,0.354900551006795,0.388032726393261,0.049343437457,31239194459.342004,16486081439.682263,2635886720.851514,22207368808.941107,26007554634.095248,7327154089.904729,29475830471.988063,30606026858.919393,30819459484.755261,3929331528.072325,10999715022.229257,31239194459.342004,64.1505079491,24651427489.266342,34436342860.440886,34616181442.087631,18414812620.346995,33190826894.891832,34604842050.513501,11607888700.559616,29734618448.44112,34617604002.68118,34617603956.912954,34617603255.587287,34617574721.561834,34613258768.971437,34572365230.009576,27517034205.56021,31884481313.380691,34087728484.417273,21617460115.203035,34616503521.786559,34607579933.172868,34480767248.542911,25267271596.247687,30215372920.56597,13415777650.899103,33430985367.524317,19052314332.206297,9312209459.683324,33300753618.832759,28915235409.797727,34617604004.895408,30887677745.423978,73656,0.8525,243703,16758301333.561966,6325004189.062568672555909664276,92983.99171433,35094.49588014366042830150838,234.9753615,88.685608179006069878889,270.587898084849,0.031081434962241444,0.03309186325058649,0.3876,coinbase-ada-usd-spot
2023-11-28,40820,8158,1465734,3562052,798,410203,2653113,167,63618,4440141,4429805,4421548,4404041,2155472,24807,3087136,186190,4356194,897647,2740,1622604,10365,2749322,80794,224,3676273,495606,1027,1701217369,4340,33553.78202764977,8547133060.791373838165489504468,0.842294133351,0.751435635713,13336477497.466585541848777251892,13477032196.2018048638070588432,11897868036.443390657812110203392,15833515834.1997536798829517016113,0.29854562,0.11500846089597927896152,0.201053,0.077451466507930419388,23486.285385,9047.60061223668980552046,0,0,0,0,0,0,0.531551296243,2.068597778782,2.63814750517762,1.845457572819,2.3535698150608546,0.000010183577242717138,0.385229101321196,25.776788223774613,30.284077448529665,0.377425137737286,0.000010137867031938,0.000186176742239889,0.344619966986611,0.377425137737286,0.049359747847,31237005459.391031,16442374834.92255,1968664259.956201,22187142745.648783,26001535459.033078,7259927564.891775,29471963611.010349,30602725324.01241,30816817772.706375,3777279806.521469,10997551497.371405,31237005459.391031,64.0883851258,24645850213.46386,34438358831.314471,34618176636.54459,18402093395.299796,33192402133.646185,34606834631.64352,11660663373.686083,29733915169.610752,34619600260.920899,34619600215.152673,34619599513.827006,34619570983.266072,34615252457.089345,34574363304.69281,27516906023.042134,31885265232.526052,34089688172.775021,21608469287.292537,34618516457.392543,34609730951.429958,34485527490.140828,25307284532.473641,30248217679.061295,13425634205.255677,33448587371.41259,19087102069.990677,9294987786.671597,33302063863.801424,28914210297.509921,34619600263.135127,30885174551.034752,78669,0.910520833333,256549,16735781415.908006,6447110034.758214297746593895176,90124.68847347,34718.65274748759988939467012,128.869285,49.64419884845508386486,270.93748725841,0.031058557703672197,0.03313476632394663,0.3777,coinbase-ada-usd-spot
2023-11-29,36012,8150,1466006,3562466,794,410335,2653507,167,63646,4440604,4430268,4422011,4404504,2155850,24821,3087574,186231,4356653,897856,2740,1618180,10273,2746770,80146,224,3673441,492837,1017,1701303907,4313,27374.129840018549,8469117631.494069945390961654955,0.834741562049,0.744853808047,13215620951.143481581859089812178,13354561232.8271142066832411164,11792518833.01929172600126371214,15831991064.0470239295911037380234,0.34636825,0.13221858979418714093525,0.228913,0.087382587883146798221,17340.233812,6619.259303715401115145604,0,0,0,0,0,0,0.5312339495,2.083605405519,2.601296543680947,1.859235829781,2.3211802604683003,0.00001008613253545793,0.381728376645917,23.368116652010812,26.095515847751944,0.385229101321196,0.0000101835772427171,0.000187940639625631,0.35018192581307,0.385229101321196,0.049371756506,31244398756.961181,16443099609.142119,1727455841.730269,22186240661.248615,26003638578.353515,7276792279.570619,29475833047.168821,30606889495.007076,30824070086.99603,3806411019.581918,11002610126.516418,31244398756.961181,64.0841445347,24643188676.913753,34439214147.198898,34619059696.613987,18391576163.816584,33193007219.487134,34607716604.520153,11657161907.902315,29733704571.374445,34620483461.088806,34620483415.32058,34620482713.994913,34620454179.542149,34616135695.576742,34575245244.897101,27516164003.677482,31885245236.125335,34090475908.499688,21611429964.8307,34619391060.842266,34610536375.683484,34485160538.179621,25282557890.870431,30230348908.613116,13420630664.570765,33441652307.666782,19062404465.602649,9291466563.560265,33302413485.279328,28912810579.090243,34620483463.303034,30892434397.03142,50063,0.57943287037,170973,16615662145.813967,6342669737.818579467265312122739,129441.7002382,49411.5701022154938559574294,715.972873,273.307162532803298209541,271.236676090557,0.0309504008624584,0.03317092112393551,0.3859,coinbase-ada-usd-spot
2023-11-30,35435,8144,1466132,3562488,795,410357,2653605,167,63652,4440728,4430392,4422135,4404628,2156098,24849,3087685,186297,4356795,897886,2739,1610287,10143,2742461,79244,222,3667526,488525,1003,1701390027,4133,29020.01064601984,8329879503.051402765053764051832,0.820655567648,0.73224697095,13004211006.801864150522507733864,13139919228.3619312368605974512,11603277300.138272637455148887704,15846125365.4469141338710344037636,0.35737424,0.13422727146572015116864,0.228121,0.085680656205191360756,18038.464606,6775.121467888526853968216,0,0,0,0,0,0,0.531530715833,2.412990850796,2.5514179023856487,2.153041191798,2.2765556029837555,0.000009959321649677273,0.375593023900436,17.60674815945335,28.39897086082213,0.381728376645917,0.0000100861325354579,0.000188150547437558,0.347967057659789,0.381728376645917,0.04937287162,31245822643.347294,16449770426.938482,1958214426.005297,22177939879.041862,26000675084.91881,7073252092.421573,29473672537.459907,30608241360.074651,30825458419.194717,4134247159.695913,10950817269.17241,31245822643.347294,64.055247171,24639921593.864306,34441851948.000697,34621719099.155891,18403264026.342974,33195555741.460796,34610375064.923288,11659093631.781288,29735438003.789403,34623143078.976446,34623143033.20822,34623142331.882553,34623113815.086514,34618795437.638425,34577911008.702325,27519928657.80254,31888070396.646718,34093050748.579582,21612417392.89655,34622034778.005095,34613078947.852782,34485684097.959402,25246672756.750562,30208149050.763474,13370117347.508029,33432755447.737762,19032344080.187862,9293568875.806118,33304928103.857329,28914407707.744659,34623143081.190674,30893218355.445614,50475,0.584201388889,170369,14348642503.047,5389250026.585743701954628492,128686.55669892,48333.77296588227200290872912,560.632336,210.569594374605266098496,271.453099812425,0.030970235124278676,0.03253851183690179,0.3817,coinbase-ada-usd-spot
2023-12-01,40258,8138,1466396,3562823,795,410376,2653791,165,63667,4441283,4430947,4422690,4405183,2156479,24843,3088065,186310,4357348,898081,2747,1621300,10308,2748639,80451,225,3675637,494293,1017,1701477366,4199,30279.34770183377,8494673160.943272689116415679735,0.838059502086,0.74706328112,13281151515.26232402566248198105,13419048762.795691674103836066,11839088517.40899019434774920858,15847504243.0847487823733479128442,0.34626577,0.13281774863824071563335,0.227069,0.087097241421052623995,18540.107919,7111.460637046503782750745,0,0,0,0,0,0,0.531394987516,2.242602553536,2.5932260362221604,1.999101516926,2.3116544189110857,0.00000991050328535274,0.383571695920855,22.096871864505992,24.876673218025527,0.375593023900436,0.00000995932164967728,0.000183122731740799,0.344961405066739,0.375593023900436,0.049385266878,31214717459.851309,16415189091.808925,3206205073.545605,22146246063.724257,25965926092.408865,6909449845.837636,29438507179.040512,30577033111.453986,30794176345.498603,4249264659.707968,10913299231.034712,31214717459.851309,63.960366322,24640007501.042797,34443624740.24311,34623527524.398278,18399525874.052508,33196976077.689818,34612176464.873829,11574824643.239541,29736689490.21908,34624951881.625282,34624951835.857056,34624951134.531389,34624922615.808934,34620604095.996952,34579725048.916638,27519944188.446942,31889347877.922721,34094777269.731845,21619410690.808357,34623863711.810953,34615039705.307549,34490294730.405216,25292195121.744463,30240803783.878803,13432830426.08437,33449344361.397731,19064223406.713533,9282136459.066873,33306473699.198679,28915016490.035999,34624951883.83951,30865386167.210396,53543,0.619710648148,193279,15439629206.363976,5922204759.07419481408561911948,113567.5223208,43561.287138118810522720284,732.113992,280.81820551882727010316,271.744050215305,0.031005728480389932,0.03173083516395588,0.376,coinbase-ada-usd-spot
2023-12-02,45363,8148,1466424,3562511,798,410412,2653693,164,63674,4441021,4430686,4422429,4404922,2156473,24846,3087960,186340,4357080,898239,2750,1639668,10636,2758914,82798,235,3684280,504640,1045,1701562978,4127,39696.972134722559,8791636684.63910523318991396396,0.866765828782,0.772601756164,13747785021.992893605847835055328,13889773487.6635695879927355296,12254247339.53754360264820851072,15861014088.7814951177962538539472,0.35115098,0.13941640180500514136624,0.229753,0.091218132336994606264,23290.088824,9246.792879692500559720512,0,0,0,0,0,0,0.531384723439,1.487173740668,2.65036131093848,1.32560953098,2.3624302381383204,0.000010060922697020193,0.397026947796088,24.422961716341177,22.73937041664307,0.383571695920855,0.00000991050328535276,0.000183869471939174,0.352621220568101,0.383571695920855,0.049393655339,31213983130.380852,16413474498.945175,3033758287.909812,22143677484.467545,25961447224.918552,6923444760.217535,29434182438.519289,30576467221.351213,30793568727.316611,4207943323.082835,10933372835.68155,31213983130.380852,63.9494774655,24642702045.582442,34445524421.352895,34625406539.257087,18400169012.120522,33198600273.026936,34614056070.530557,11526013950.647285,29737215633.147047,34626830993.282475,34626830947.514249,34626830246.188582,34626801720.583468,34622484248.714973,34581608767.979024,27520452991.577685,31890810106.908621,34096767388.847954,21618864570.834544,34625765706.875028,34617185506.590948,34496891689.823363,25376139627.056285,30301480426.391685,13675756825.69212,33477435466.16894,19128654519.254919,9268325766.474617,33307917367.462356,28915266802.166102,34626830995.496356,30865026687.88944,66325,0.767650462963,227002,23283648741.629714,9244235993.445470513329673758832,125657.08047223,49889.24712885688906078663624,791.781599,314.358631572076082584712,272.258456365436,0.03063777210449908,0.03104826216200864,0.38287003670340936,huobi-ada-usdt-spot
2023-12-03,38677,8155,1466612,3562751,792,410478,2653954,164,63680,4441327,4430992,4422735,4405228,2156764,24846,3088218,186392,4357379,898381,2751,1637067,10594,2757800,82492,235,3683327,503252,1039,1701650545,4314,32664.534306907742,8751262908.43306897537571149127,0.862127297552,0.768604208386,13681602832.286984792012674061225,13826381966.533653578693863044,12197430175.59061968386738912665,15869585467.4155283428716187883902,0.34499536,0.1363092987247809632936,0.229019,0.090486490266566516815,20378.185825,8051.517617770343353080125,0,0,0,0,0,0,0.530988593555,1.672805246512,2.6115374003978227,1.491340264866,2.328239277427646,0.000009882998909573635,0.395104730465885,23.774960757007854,20.40257157155864,0.397026947796088,0.0000100609226970202,0.000183405484842518,0.365046035348287,0.397026947796088,0.049399960408,31220312353.10643,16360553862.687453,1579389001.91064,22149223316.344702,25945878714.997524,6872601015.787407,29434861742.88529,30582254745.960104,30799866076.613226,4278720255.758769,10953300006.47883,31220312353.10643,63.9637257104,24643852462.653748,34446474878.153506,34626363380.009822,18386960431.799311,33199388557.807336,34615012738.918636,11528195588.064067,29737085788.779873,34627787967.204804,34627787921.436578,34627787220.110911,34627758687.580244,34623441260.700959,34582567131.048286,27519696692.338129,31891670814.212743,34097683216.541426,21617167041.734186,34626719545.733276,34618107578.077644,34497136592.960809,25364909399.389009,30293619673.777221,13680649294.008525,33474549355.50277,19117161046.275642,9270507403.891399,33308596199.981199,28914991020.242458,34627787969.418685,30871384812.85229,59068,0.683657407407,196065,20700430036.085577,8178837829.935502004840939040645,136455.14103034,53914.0717174768108871199509,592.729387,234.190184689844240462495,272.706207738938,0.030639071630502782,0.031085632681839854,0.3977796842830163,binance-ada-usdt-spot
2023-12-04,44837,8149,1466344,3562104,793,410605,2653419,165,63718,4440907,4430572,4422315,4404808,2156437,24853,3087639,186480,4356952,898393,2748,1658153,10993,2769031,85537,235,3692268,515495,1073,1701735418,4341,38634.977194194886,8999432465.230385217588972612867,0.883603394942,0.787872660617,14065704776.01447408569963530647,14214192673.9547793769506908856,12541808133.34364342038951639803,15918572581.9265857668499515526212,0.35113538,0.14262657969954192928062,0.230457,0.093608606679900311943,24302.430943,9871.328271689407729506657,0,0,0,0,0,0,0.531093299407,1.387410721583,2.646754481779624,1.237096850057,2.3600016789171705,0.000009691814934933316,0.406186866443199,25.923716109248332,23.541004378162775,0.395104730465885,0.00000988299890957362,0.000180120738754621,0.362916094519652,0.395104730465885,0.049389986667,31226151895.075485,16353408160.330812,2075805121.335719,22155892296.652733,25947636090.590974,6688747797.57388,29437047635.563142,30586983885.239545,30805681859.301858,4688123460.571965,10947492431.340593,31226151895.075485,63.9813831482,24638492580.409696,34447359898.480333,34627229858.880612,18391046523.477286,33200636306.885067,34615881132.083192,11573771035.584743,29737041751.600389,34628654782.175649,34628654736.407423,34628654035.081756,34628625495.761854,34624308182.684998,34583449119.71623,27518137489.109561,31892628008.582302,34098722126.775323,21611882828.60197,34627609965.109247,34619269335.535703,34503351224.692403,25461485033.284652,30368794972.455636,13697468063.885573,33506035354.447696,19203103590.193776,9281328182.7271,33309324807.607791,28913117290.959619,34628654784.38953,30876941549.50597,69211,0.801053240741,221555,24959195028.32866,10138097217.50148990073979378334,136859.19985776,55590.40953414704069791937424,856.092237,347.733423133378465346163,273.149427879033,0.029873086394975153,0.03131821055380362,0.39503574225331717,binance-ada-usdt-spot
2023-12-05,45483,8147,1466533,3562210,798,410648,2653575,165,63699,4440947,4430612,4422355,4404848,2156774,24859,3087822,186531,4356982,898569,2751,1681594,11344,2783495,88534,237,3706276,528598,1099,1701821809,4279,38862.257536807665,9418057696.142335272989024575575,0.920970575323,0.821179915533,14715390351.948972443697281540565,14869958240.380035108021221484,13120921916.53229840028290299236,15978133011.2320783923479932950284,0.3520315,0.1495873794109265541525,0.23091,0.09811969036798425885,23874.072257,10144.716892640955849566895,0,0,0,0,0,0,0.531568994064,1.425580886814,2.7317061436095487,1.271113783204,2.4357154076082876,0.000009642727373952882,0.424926119994735,33.07207499986702,23.688680678813785,0.406186866443199,0.00000969181493493332,0.000181493811609148,0.375194621767799,0.406186866443199,0.049399294788,31228916065.059417,16348375059.213341,2490506454.021207,22163988639.387545,25946575059.182611,6838374661.315759,29438662020.855364,30589671742.674463,30807756531.754237,4884656446.801941,11009476391.06336,31228916065.059417,64.0014126088,24639276311.444852,34449151708.52327,34629043141.399671,18408482977.573333,33202147049.307637,34617692737.324074,11578600851.052162,29736948487.286323,34630467882.724098,34630467836.955872,34630467135.630205,34630438586.562693,34626121867.61681,34585272313.326382,27518888046.002771,31894264583.269002,34100482259.246805,21614775547.765772,34629456601.079308,34621426011.331672,34510746806.715758,25546853735.335204,30441516025.284767,13741370130.027019,33539009378.098128,19267686038.525006,9286214263.435538,33310722502.434855,28913789999.803955,34630467884.937979,30878125159.015576,67818,0.784930555556,223019,24292180265.084437,10322381906.255002957698770439195,135865.90029285,57732.96985103228027695814475,800.0126755,339.9462821468219932634925,273.460926276545,0.030050817518942292,0.0313674164259918,0.40684437854688255,binance-ada-usdt-spot
2023-12-06,55598,8143,1465990,3561933,800,410546,2652702,167,63710,4441039,4430704,4422447,4404940,2155948,24850,3087097,186497,4357062,898357,2748,1702000,11714,2796110,91304,239,3720797,541293,1145,1701908214,4214,49883.540341718083,9836141330.52927073338465273408,0.953974024582,0.850681857499,15359168073.718598686635323602872,15519636678.2627714734336669416,13696144014.30658484473092655575,16100195265.2196955097268905418733,0.35621004,0.15797609890259362821756,0.227893,0.101068591742132730777,30499.416079,13526.229555369799119815931,0,0,0,0,0,0,0.531723175567,1.063427910177,2.7905720486862977,0.948284551397,2.488421018486365,0.00001013791217015622,0.443491426863189,39.39647435122886,22.05709675039783,0.424926119994735,0.00000964272737395289,0.000185435107901863,0.393929023070249,0.424926119994735,0.049377819071,31232600720.219662,16385980741.730545,3354143459.397038,22178875925.74272,25944102646.345775,6935098170.83396,29431041304.939591,30593291394.770027,30811220562.225168,4971195483.260779,11074838812.181674,31232600720.219662,64.0408470258,24641827046.525166,34451124375.419642,34630964615.156577,18414844408.563879,33204529891.043342,34619607789.570084,11644674505.834787,29740680420.106543,34632390035.974367,34632389990.206141,34632389288.880474,34632360728.240121,34628040592.324414,34587189326.926608,27521744713.760694,31897036506.185196,34102665360.68873,21616320682.564743,34631412298.577901,34623652256.096284,34517541170.948649,25635804842.61453,30508710029.444536,13781114557.470581,33570844419.746713,19375196451.622725,9279325932.343391,33313445506.940457,28917035502.993262,34632390038.188248,30882545151.27675,85622,0.99099537037,281274,32566749195.45581,14443074068.98830956816136517809,135605.714065,60139.971621488467408053285,965.5012340000001,428.1915199048297730243686863189,274.260376865009,0.02931570521951652,0.03074020101883628,0.42583822203182814,binance-ada-usdt-spot
2023-12-07,55643,8148,1465653,3561412,802,410393,2652314,167,63648,4440636,4430301,4422044,4404537,2155595,24851,3086729,186460,4356647,898273,2744,1716064,12012,2804325,93422,239,3728203,550645,1174,1701994585,4045,61025.66674907293,10112889305.45630518112091659094,0.978411164093,0.872463151797,15786633730.680648152957059937874,15950498147.2113036387746661936,14077165844.381774651419074419376,16134968927.2118232970132930765711,0.37385752,0.17040567369552946614288,0.232598,0.106019049423515040612,33634.091906,15330.546488350119921569964,0,0,0,0,0,0,0.531918249695,1.017087757128,2.805654730038464,0.906951619937,2.5018422299915337,0.000010530873741740486,0.455803787751894,46.83261639377151,29.850627034981887,0.443491426863189,0.0000101379121701562,0.000198730399925445,0.41218661619076,0.443491426863189,0.049364718879,31233723289.547707,16391803851.437653,3213822802.783669,22186935644.68801,25941570459.899465,6915409161.53893,29420295915.093045,30594591134.448234,30811808522.715603,5067039661.147074,11124665442.448632,31233723289.547707,64.0598209725,24646717394.202308,34453451159.202132,34633288194.506038,18422836334.952914,33207000566.953642,34621931445.934407,11650818858.096126,29742589245.697263,34634713782.29229,34634713736.524064,34634713035.198397,34634684463.058307,34630364846.646962,34589516434.195063,27526970726.038872,31900144402.529746,34105159878.347355,21616036491.515325,34633753526.175527,34626167323.734177,34523070598.230397,25706324678.498687,30559396302.432421,13786616244.50221,33594427928.517022,19443991023.169513,9285470284.60473,33316269475.668078,28921732970.001401,34634713784.506171,30884266920.669704,89965,1.041261574074,300045,34052827341.362532,15521407685.854300386515123635608,131574.62666129,59972.21320425732064409398326,1058.01265,482.2461733594189134591,275.112044775059,0.028991893812805158,0.029949659486369382,0.4427302466096119,binance-ada-usdt-spot
2023-12-08,72821,8150,1464254,3559192,801,410173,2650228,168,63659,4438711,4428376,4420119,4402612,2153715,24860,3084563,186383,4354711,897538,2741,1830207,14447,2870327,111725,290,3846396,627652,1448,1702081025,4306,66199.202508128193,12166529021.062940077935387309824,1.161788939549,1.036141835741,18981880232.533914760689740900992,19177282461.4000360038420255744,16928995930.692692972161080194816,16338492807.3954679611774291019113,0.35226159,0.19304387867915464243584,0.223219,0.122326880869646390144,40672.123495,22288.84640415202548581312,0,0,0,0,0,0,0.532043540521,0.702342648421,3.221393327935622,0.626384514675,2.8730006654616216,0.000012397063794299064,0.548012852264576,74.10679810129406,52.73421526980602,0.455803787751894,0.0000105308737417405,0.000193596802064252,0.422677903701994,0.455803787751894,0.049304751035,31241187370.606651,16386581219.276989,2273803816.671042,22201174608.928774,25940167858.986576,6914170505.049297,29410404179.233457,30602017030.865445,30819253876.523889,4965030423.581787,11140400238.79659,31241187370.606651,64.0954893405,24654974034.488388,34456499325.046382,34636229127.547419,18428740718.271114,33211402001.397081,34624873519.690454,11674019513.253379,29749889754.192459,34637655217.174336,34637655171.40611,34637654470.080443,34637625887.247403,34633306110.419985,34592471302.177599,27533630706.504344,31905398673.354056,34108648366.344807,21622655625.70043,34636933620.085142,34630471149.124958,34549278580.601816,26201249399.978335,30932810385.220423,14804066608.587958,33753576941.781299,20003904089.272545,9274153869.681525,33320757590.615005,28927297837.262955,34637655219.388217,30891603838.735366,115460,1.336342592593,348413,49317317262.788502,27026523699.217738985947234705152,155397.17610985,85159.6497138195270586396736,1130.4716005,619.512966194105280173888,276.38438668256,0.03196083001884063,0.04385325833522673,0.455570268010687,binance-ada-usdt-spot
2023-12-09,76973,8150,1461836,3555531,802,409428,2646658,168,63551,4435361,4425026,4416769,4399262,2150584,24825,3080991,185975,4351351,896213,2739,1852695,14938,2885888,115907,295,3868341,644518,1514,1702167435,4059,66599.783690564178,12852890452.438873767119268225864,1.216309440297,1.084999510311,20040420668.649520899649287896883,20244537845.2390755497051434392,17876903599.969274877084035696187,16476416284.1333721161569166931385,0.349677,0.202291955816085812511,0.221877,0.128358262855737357111,39525.040773,22865.666891676336243916839,0,0,0,0,0,0,0.532933722212,0.761513705696,3.2613282182582926,0.679302462352,2.9092428312579894,0.000013226127457290343,0.578510899533243,85.58446186457684,57.670238273111906,0.548012852264576,0.0000123970637942991,0.00023227799394181,0.50990476464618,0.548012852264576,0.049208075592,31248570723.319631,16517680431.640128,2357276939.670155,22217196707.631448,25947415667.760975,7135438961.220666,29416438883.199216,30609570909.820335,30826787088.542837,5192694165.243687,11375975726.295436,31248570723.319631,64.1348336193,24679886735.658448,34460387585.723876,34639961585.121304,18461563974.428385,33217106226.732551,34628605699.30538,11697290486.613577,29763162599.416435,34641388232.3356,34641388186.567374,34641387485.241707,34641358892.096142,34637039158.323947,34596233738.463546,27550613180.818216,31913037796.105807,34113300386.280916,21649912573.746195,34640711955.369791,34634544255.45491,34557572805.151237,26312037026.884412,31021291624.833066,14915640541.345254,33790420725.884363,20150513261.398476,9296721476.033025,33327723057.875158,28944070473.703636,34641388234.549481,30901584765.979009,113033,1.308252314815,341046,45490170400.652255,26316559398.401841161382255412965,151330.37609736,87546.27200278770886792453848,1086.957484,628.816751823230585640612,277.576491544025,0.032175101448134825,0.04443976681615021,0.5456699156460121,binance-ada-usdt-spot
2023-12-10,50035,8141,1461579,3555583,808,409343,2646408,168,63516,4435653,4425318,4417061,4399554,2150304,24815,3080979,185911,4351626,896028,2740,1864615,15225,2893533,118253,298,3881909,653497,1547,1702253660,4285,45969.734189031505,13199147764.64062221862773177615,1.236604449519,1.103114874731,20578037354.141068796228466450894,20792160800.0748453608512434666,18356669432.141406976711615846446,16640759591.4382603058127676712905,0.35573454,0.21130381056566259757692,0.227805,0.13531456508527613889,28284.808729,16800.977115010018053384642,0,0,0,0,0,0,0.533502944813,1.062721046476,3.257166800653818,0.948001921321,2.9055605846159884,0.000013582348921155552,0.593992954874898,90.14590625969203,54.082220807581656,0.578510899533243,0.0000132261274572903,0.000247019934792097,0.538342868741411,0.578510899533243,0.049190751673,31249777928.001124,16515595566.151322,2828688667.734643,22221051034.890675,25934571917.175563,7105334499.899723,29415187305.617213,30610885725.284286,30828080017.545431,5199709905.573022,11394988573.773397,31249777928.001124,64.1419176061,24684754529.449761,34462566418.307934,34642144524.681775,18482447370.462488,33219561419.988495,34630782954.869552,11703302965.479896,29766096172.294942,34643571416.028022,34643571370.259796,34643570668.934129,34643542059.430592,34639221689.57292,34598409033.216335,27554691090.531419,31915580671.848558,34115553534.188001,21659318315.635008,34642917964.865577,34636857693.756604,34561827781.933579,26366942239.397281,31064760500.953061,14973411533.329601,33808282670.808461,20212626738.832977,9299924544.0405,33330528818.997015,28948734260.669843,34643571418.241903,30903850426.992927,79511,0.920266203704,253487,32598932272.129251,19363536106.088726318318791441398,147487.02760434,87606.25533241756529734185732,890.705575,529.07283641779507615635,278.340355699357,0.0322131102308959,0.044024765845708705,0.5791278172010541,binance-ada-usdt-spot
2023-12-11,49591,8149,1460863,3554778,807,409084,2645573,168,63493,4435181,4424846,4416589,4399082,2149520,24825,3080155,185742,4351134,895584,2740,1829028,14464,2867338,111786,289,3846986,627855,1458,1702341535,4224,44210.419744318182,12245975742.85988310631785453965,1.139394721923,1.016520940811,19092423781.32793668569891319406,19289072976.3508634931190188762,17033472431.575037960374082607634,16756637023.1319529215814773995171,0.36015557,0.19846464914481890755402,0.227635,0.12543884968398753911,26874.808684,14809.432147069646459556824,0,0,0,0,0,0,0.533364779139,1.25328040371,2.96089014994647,1.118125045312,2.641583976957347,0.00001337185070792693,0.551052560827586,79.31577357329775,43.62065428342251,0.593992954874898,0.0000135823489211556,0.000252650393382773,0.552309649688432,0.593992954874898,0.049160210679,31256601387.578814,16342407923.104864,3280252991.241249,22222881469.725025,25929972913.63311,7613352629.238864,29420871942.870443,30617722106.334782,30834579284.191968,5666925011.930035,11495548255.509021,31256601387.578814,64.1404982579,24691053121.465056,34466190540.62651,34645764308.140635,18479591816.180579,33223705566.954887,34634402027.335349,11711413463.544656,29772675003.175675,34647191824.014829,34647191778.246603,34647191076.920936,34647162447.837855,34642841234.764994,34602030574.555666,27563182031.942897,31920045657.795005,34119350467.637286,21664150508.389141,34646478152.150576,34640032468.09697,34559360801.999313,26240202181.869137,30958608679.293766,14823938898.993957,33767989166.929482,20059624231.553612,9305928119.67286,33335324680.207763,28956065069.759976,34647191826.22871,30910794436.729769,74620,0.863657407407,258989,27645203518.443838,15233960193.438267545140142115068,127192.38228957,70089.68797842884468869607802,936.8761855,516.268021198155494853203,278.97566917105,0.032556763666548166,0.04685896684918497,0.594858679259028,binance-ada-usdt-spot
2023-12-12,54937,8138,1460965,3554708,806,409063,2645442,168,63548,4435188,4424853,4416596,4399089,2149508,24857,3080189,185767,4351137,895596,2742,1848515,14871,2883005,115357,295,3865542,641851,1512,1702427199,4142,49445.41332689522,12781742015.030124168059616343706,1.179305462702,1.052212892889,19907325138.052476784342564490075,20110722191.9565112965750115887,17761932625.333940133497635784672,16880550262.5641550711830561590578,0.36192931,0.20793763032066443273441,0.229213,0.131688721365756358943,29719.463741,17074.590794275403701564351,0,0,0,0,0,0,0.53305007589,1.158552183003,3.0139029775765325,1.03369617338,2.6890976691128077,0.000013854914614715468,0.574525534615211,87.35476150576656,50.061872378958896,0.551052560827586,0.0000133718507079269,0.000248013573650446,0.51261698338131,0.551052560827586,0.04916280711,31258451806.616399,16362058117.303913,3694909350.161665,22247474211.204046,25931285773.396048,7750446461.917825,29222650710.856986,30619532640.958124,30836192053.924499,5525865041.650571,11541336880.625521,31258451806.616399,64.2062252281,24684935314.016065,34469040237.942053,34648598940.116371,18470199384.113822,33226418437.800815,34637233637.57865,11695705491.134129,29776016077.039203,34650026739.217944,34650026693.449718,34650025992.124051,34649997358.227431,34645676248.791833,34604867604.647885,27566039814.806995,31923085971.958293,34122144041.182939,21662088224.182071,34649346171.613321,34643146118.488577,34565657475.668977,26310283934.531436,31024745730.21791,14931907096.706331,33795651917.827124,20149185745.750717,9290197915.537749,33338109664.091885,28957018269.064969,34650026741.431825,30915828027.086752,82114,0.950393518519,286308,29908041476.063175,17182933518.329099939140751954925,121639.17322574,69884.81102767053344454073114,1003.8215455,576.7211100866548538286005,279.635078386885,0.0326702769563075,0.04708378208197696,0.5503842913553791,binance-ada-usdt-spot
2023-12-13,52829,8134,1460344,3553931,805,408867,2644685,168,63456,4434637,4424302,4416045,4398538,2148900,24790,3079428,185616,4350579,895237,2749,1915923,16552,2923673,128514,316,3940786,693387,1699,1702513507,4234,50118.90292867265,14796515899.073541256985704330625,1.346886190825,1.202052810123,23018304651.1369025276350630056,23258571590.4447456498788832675,20543100061.94740146472445787075,17090014589.1584032358367958026172,0.35166214,0.2335969909675426820105,0.227289,0.150980217773860469175,30072.387689,19976.046541034456393499175,0,0,0,0,0,0,0.533430792543,1.15824114857,3.390838183036105,1.033693148629,3.0262145342029836,0.000015469956377043796,0.664265396802575,112.72181059893956,85.31731890063313,0.574525534615211,0.0000138549146147155,0.000261000831251702,0.532542542017031,0.574525534615211,0.049131150211,31270393185.997404,16403328710.98346,3202604873.163666,22275006300.638575,25941473402.845947,7797163333.274725,29232580094.635748,30631426180.179773,30848084286.951129,5497070749.672031,11550788950.715531,31270393185.997404,64.2815190924,24701213824.971334,34471287018.667994,34650842980.066285,18484588467.434595,33229167080.11948,34639477338.89943,11710054922.328424,29780391470.001087,34652271156.173927,34652271110.405701,34652270409.080034,34652241768.551963,34647920245.979072,34607120745.564435,27571220387.446276,31926465114.330186,34124569859.287499,21684649713.416567,34651712769.72701,34646063059.197124,34578920526.153644,26596471042.011427,31242863508.893863,15284350892.036124,33881918580.433487,20465143825.103739,9304208225.49276,33341287576.823813,28965413432.390886,34652271158.387808,30926042754.64461,85515,0.989756944444,269803,29918010771.049088,19873499296.3746352703335698016,131478.22760454,87336.4370306290330175536905,964.82515,640.89996110985394476125,280.338697797524,0.03431361804673367,0.050452892856628295,0.5782908652646908,binance-ada-usdt-spot
2023-12-14,58456,8134,1460293,3553805,800,408866,2644352,168,63500,4434612,4424277,4416020,4398513,2148819,24817,3079232,185666,4350544,895212,2741,1900689,16147,2915356,125343,312,3919645,681193,1642,1702599615,4257,54180.535823349777,14351317920.79475132341390510422,1.299209523059,1.159380856164,22307608233.12398421181893138514,22539641519.164164767884249746,19906730572.13138685135215490074,17170139101.65659066186344391299,0.35070918,0.2257629798632960182812,0.223109,0.14362256692088901506,32939.658211,21204.33629194949030447374,0,0,0,0,0,0,0.533245351643,1.134520420023,3.2030141382233377,1.012416575276,2.8582866796836486,0.000014959000858524476,0.64373273566234,108.95211641913428,79.59672576055463,0.664265396802575,0.0000154699563770438,0.00029380982124472,0.61131242402737,0.664265396802575,0.049135146751,31268643933.317834,16390892055.754206,2977606823.038806,22293907278.194583,25963919794.490714,7909258413.089308,29228649878.775265,30629627496.037837,30846232641.315885,5298760586.798761,11630414844.177297,31268643933.317834,64.3337365925,24695237655.441578,34472547765.22599,34652096360.957543,18478830945.818193,33230355008.845225,34640728159.58896,11704054508.75475,29781670346.032202,34653524663.06754,34653524617.299314,34653523915.973647,34653495265.926612,34649173417.430542,34608385616.237721,27571596115.823472,31927919476.360235,34125801914.428829,21674217752.028808,34652934146.847278,34647192173.096138,34577865986.626598,26531214752.475789,31195005276.56676,15229665000.200374,33864516156.667068,20379751425.176301,9298715919.070142,33342484329.786523,28964392100.802036,34653524665.281421,30923905946.229761,93923,1.087071759259,291456,30544646049.270075,19662588561.1345109976786664755,123491.1329019,79495.284812981690662744446,627.035724,403.64342196853598143416,281.097121772997,0.034414473632263236,0.05121353491295807,0.6677542692241929,binance-ada-usdt-spot
2023-12-15,48849,8138,1460327,3554690,806,408922,2644402,167,63507,4435317,4424982,4416725,4399218,2148858,24840,3079395,185697,4351232,895210,2750,1869873,15378,2897044,119334,300,3887374,657587,1561,1702686289,4246,70679,13413743745.984154029783215402604,1.217978100038,1.087092125889,20889637898.059102735741828227669,21106394142.9168947675357438091,18644802292.379851203721654447353,17151078412.1759018928314355112016,0.372065,0.224280467272165748535,0.229477,0.138328541486607930003,36868.665458,22224.400351071444016134462,0,0,0,0,0,0,0.533389041319,0.986564602284,2.912646437812334,0.880546711629,2.59964855521316,0.0000143598494668323,0.602799154105239,101.20842711995624,59.1875449017889,0.64373273566234,0.0000149590008585245,0.000277524181290786,0.585666398912504,0.64373273566234,0.049131857582,31264501708.363927,16386729536.633709,3015125539.853291,22252426292.626036,25958353327.415691,7930714079.780202,29224070866.251279,30625512111.608268,30840987786.775995,5227051292.485552,11615832019.636424,31264501708.363927,64.2124282453,24695177578.907963,34473410118.260192,34652963269.757892,18484272673.687897,33231302297.89844,34641590288.90044,11651857520.520224,29782100957.024217,34654391524.04249,34654391478.274264,34654390776.948597,34654362110.238319,34650036860.907891,34609245729.196615,27572523316.495119,31928540110.432546,34126660562.035283,21678344172.540948,34653747861.773329,34647759431.334144,34573771867.67385,26406361093.395047,31098829352.87939,15035268107.96954,33827476981.201935,20241116768.040158,9284649103.803417,33343474897.834221,28964694159.85679,34654391526.256371,30930372356.038127,99092,1.146898148148,299589,35126327709.330998,21174120630.008143102177976898522,127068.59077197,76596.83903068829433763135083,627.906733,378.501647509384158674187,281.93096232237,0.03475451629601408,0.05304027721461848,0.6433825390582779,binance-ada-usdt-spot
2023-12-16,50724,8141,1460588,3556727,806,409047,2644784,167,63580,4437825,4427490,4419233,4401726,2149153,24865,3080051,185842,4353726,895380,2743,1872802,15453,2899073,119953,301,3894918,659568,1565,1702772407,4298,69011.74872033504,13469744835.683841721682482309636,1.224055330844,1.092476089056,21007202781.234517231575910978688,21224250079.2945056409240085782,18749043575.20799831576378711397,17161971564.4320180993469158647724,0.3717781,0.2253589175846668299718,0.229917,0.139367666504062083126,37367.417068,22650.824950095997148249704,0,0,0,0,0,0,0.533297428525,0.939729058668,2.8437718492664885,0.83871333339,2.538081955750699,0.000014363008514055376,0.606165122648878,130.33612403354402,64.45314376049683,0.602799154105239,0.0000143598494668323,0.000271352250195745,0.553805068669994,0.602799154105239,0.049139121731,31264284989.447967,16398764404.597986,1701385160.88667,22221246872.176462,25953188140.646334,7889614726.796371,29204402235.458245,30625292536.432454,30840733281.51346,5054683270.704199,11633774328.803205,31264284989.447967,64.1196497028,24688097410.460702,34474897214.845008,34654479149.148384,18481906670.534777,33232711846.562617,34643093565.307793,11653309725.130872,29782334595.107172,34655908093.315015,34655908047.546789,34655907346.221122,34655878666.253952,34651546075.160244,34610742571.840639,27569562194.875092,31930014866.821558,34128104729.967068,21662296842.294945,34655272937.658197,34649291784.835737,34575706479.837438,26412077136.891248,31108332869.308343,15050314765.363395,33831934612.18508,20240682142.597287,9286679564.457468,33345265774.89818,28962590270.963538,34655908095.528896,30930587845.893615,100510,1.163310185185,334444,36878617060.820426,22354531433.793218227573008382028,126932.79228541,76942.23160385010786259226998,603.827641,366.019256065547674036798,282.822030815882,0.03475378778738285,0.05247144365612428,0.6003082370893865,binance-ada-usdt-spot
2023-12-17,54401,8134,1460460,3556814,804,409139,2644501,168,63562,4437731,4427396,4419139,4401632,2149008,24860,3079923,185908,4353624,895387,2746,1852030,14976,2884659,116038,298,3871153,644510,1513,1702858655,4240,58536.745990566038,12853162430.630740838139904170775,1.175617397413,1.04919370134,20087317942.302593736317065212602,20293497132.3156166803207957729,17927165341.594074415584426641593,17086611670.1756940324952337102485,0.36293298,0.21034971086824485604218,0.23091,0.13383146314392927231,32397.93819,18777.28756144941162371079,0,0,0,0,0,0,0.533194740074,1.116956547831,2.663192404683191,0.996841129805,2.37679767465065,0.000013989897666178673,0.579582794785541,116.96484631828913,58.1538950126822,0.606165122648878,0.0000143630085140554,0.000272470670982625,0.556255495313844,0.606165122648878,0.049131580663,31262262759.803409,16417287169.159474,2273157834.690994,22176576920.967275,25949012737.76931,7825107767.210119,29201230474.893213,30623234137.02078,30838593758.837454,4771082490.912868,11662166772.919837,31262262759.803409,63.9864538788,24686041543.888454,34477218802.341636,34656808285.44095,18479589741.779286,33235200573.537485,34645417543.919277,11683445369.222151,29783114996.398404,34658237134.958841,34658237089.190615,34658236387.864948,34658207700.144419,34653874039.111156,34613073320.003522,27570129298.224427,31932289667.888677,34130498444.487371,21668008406.625014,34657562045.605508,34651378709.526289,34574552393.116213,26332448802.083216,31043616970.888812,15000811426.637734,33808854313.905114,20156531855.490629,9281916757.249435,33347444113.865664,28963785500.479371,34658237137.172722,30931155139.323173,89267,1.03318287037,310384,31029172266.781242,17983974382.263072636769751621922,121508.57660067,70424.28041662930964344691247,593.913778,344.222207314879355083898,283.578124330232,0.03491202669406147,0.05351965092033779,0.6072144547450425,binance-ada-usdt-spot
2023-12-18,47073,8142,1460482,3556298,805,409206,2644225,168,63566,4437449,4427114,4418857,4401350,2148864,24862,3079602,185882,4353327,895568,2749,1868036,15369,2895464,119072,300,3886628,656378,1557,1702945032,4245,58344.088574793875,13303939152.326425004469668652051,1.211712284965,1.081144421628,20793270765.374241802971369683877,21005942714.2016817289714884861,18552695201.918432236082454584778,17160237643.3547479886519664705484,0.35782189,0.21466817905181288492541,0.225529,0.135301671324178373001,33320.732294,19990.115546664615443117286,0,0,0,0,0,0,0.532908837021,1.107536166752,2.6954429099834263,0.98819378436,2.4049958906113695,0.000014071067009786339,0.599930258743569,124.52408176829226,59.05686643216443,0.579582794785541,0.0000139898976661787,0.000263438587574148,0.532289030764269,0.579582794785541,0.049132375024,31254568610.890195,16417859229.78033,2605557846.028018,22175809535.242979,25942680694.645167,7842697123.524884,29194780826.016588,30618267701.555813,30831512074.786576,4933827678.842233,11618906281.035975,31254568610.890195,63.9819454209,24685751934.896812,34478494994.305151,34658050680.338373,18470343143.976344,33236370451.665949,34646662301.392094,11663340697.576966,29784268060.977553,34659479932.873052,34659479887.104826,34659479185.779159,34659450483.041946,34655117614.974093,34614325351.989452,27571277880.116143,31932953255.291686,34131865771.84106,21664162221.587001,34658831703.0356,34652810823.897334,34578537943.331525,26399181776.257983,31096110186.873215,15014354954.676708,33830059647.51937,20221741166.066308,9261665989.761517,33348328980.791276,28964801370.112178,34659479935.086933,30924753221.771562,93121,1.077789351852,297511,31294219525.789565,18774349217.284982902729591057485,122555.16013369,73524.54892936417405746773961,587.8315,352.6579038926202806235,284.423394084348,0.0346969629117739,0.05357934760985431,0.5800164768523721,binance-ada-usdt-spot
2023-12-19,46352,8142,1460539,3556546,802,409272,2644246,169,63598,4437852,4427517,4419260,4401753,2148846,24869,3079825,185894,4353722,895597,2742,1848651,14916,2882464,115471,297,3868493,642429,1507,1703031480,4198,62703.30824202001,12753402760.998899808795609624054,1.163448025626,1.03810832165,19939641962.577788384586031833796,20148751344.037784415502993196,17791519514.547499164061557457202,17138403713.2695313820534007967794,0.35968015,0.2069202375461062191767,0.226013,0.130022920776996186514,34865.595777,20057.813477789524493138106,0,0,0,0,0,0,0.532935465696,1.077945459389,2.5273303394028104,0.961817053301,2.255057896103767,0.000013609278731755963,0.575289566427578,127.54611166701373,49.67976582390047,0.599930258743569,0.0000140710670097863,0.000270739519370668,0.549213485969875,0.599930258743569,0.049133408641,31258277176.78457,16383700966.913107,2740450112.794226,22168666885.781943,25941127256.246147,7875596414.703547,29196934853.179692,30621983006.50052,30834912492.509763,4262503606.751586,11623384605.753974,31258277176.78457,63.9600389261,24685650620.910559,34479199373.992909,34658754041.575529,18471641057.448839,33237060645.428779,34647361415.860712,11692679974.929736,29785226996.546609,34660183540.482001,34660183494.713775,34660182793.388108,34660154082.297826,34655821066.252778,34615021891.909952,27570740650.104509,31933337148.949836,34132566783.01103,21659943271.397728,34659503760.921003,34653289723.691447,34575936018.041493,26320611587.426101,31035003593.250584,14975064072.457612,33806954054.194216,20143446167.708864,9254508296.841342,33348954235.65624,28964465048.109548,34660183542.695882,30926198827.190509,96935,1.12193287037,307933,32153930647.249201,18497820820.998405295426284865178,120809.89745645,69500.6735278812787353339781,638.123723,367.105919931821883232894,285.201441254179,0.034863456516889525,0.054587225215795676,0.6019900468613008,binance-ada-usdt-spot
2023-12-20,45044,8136,1460202,3556674,797,409091,2643952,168,63543,4437965,4427630,4419373,4401866,2148543,24867,3079785,185821,4353822,895298,2738,1858745,15192,2889229,117414,299,3881620,649797,1536,1703117808,4245,55709.482214369847,13045279745.757309902204187399741,1.188440494954,1.060665308616,20399271804.214839327385122262316,20612751597.703040621953938622,18206043984.205879543973694922096,17164739749.9689709192073432743766,0.36663809,0.21578035924949168754089,0.225177,0.132525166587909046017,31189.535528,18356.219292590751835133288,0,0,0,0,0,0,0.53274711657,1.123642858779,2.5320830957141007,1.002834390649,2.2598461677789015,0.000013496976443838526,0.588537757354921,127.17809945461012,54.83123415799733,0.575289566427578,0.000013609278731756,0.000264370082725975,0.524155062913947,0.575289566427578,0.049115270105,31263652904.635165,16108787849.952426,1795742495.596145,22165578304.418421,25943575117.28259,7912271863.883005,29200160336.633138,30627337269.19569,30840371175.174554,4037518308.059366,11638907948.914425,31263652904.635165,63.9497324756,24690903773.072139,34479937455.233585,34659510409.796703,18465515760.053389,33238087218.532323,34648111263.626753,11674201011.376779,29787768009.038108,34660939842.828115,34660939797.059889,34660939095.734222,34660910372.120235,34656576414.034921,34615769147.757757,27577118907.392856,31935102158.482405,34133320914.135761,21665952963.158785,34660282392.018783,34654162379.755591,34578468847.209772,26374208931.078098,31071498510.184636,15020796625.974296,33820847299.651812,20201645010.810584,9268010865.519331,33350565329.597993,28969658997.247331,34660939845.041996,30934368707.336176,85069,0.984594907407,274576,30846936439.139559,18154586793.160988591745014419839,135497.29881439,79745.27637187068671573211319,936.455265,551.139281526308244109065,286.037264810138,0.034873402060888785,0.054412535794200384,0.5759250277758132,binance-ada-usdt-spot
2023-12-21,48807,8121,1460145,3558384,798,409115,2644074,168,63502,4439801,4429466,4421209,4403702,2148662,24834,3081417,185780,4355657,895281,2740,1894660,16006,2913591,124126,311,3918824,676715,1617,1703204206,4251,57008.495883321571,14068263587.482511858802406805415,1.274030820382,1.136619802845,22016757595.182305744794075336989,22244715004.977611375923553442,19642132887.82249686429981006087,17281181305.0039500631813079527223,0.35999017,0.22864191470313235563327,0.224725,0.142730437005158831475,32629.869259,20724.331955760454687099629,0,0,0,0,0,0,0.533181500792,1.295763287623,2.6830601704664323,1.15600830761,2.3936778241069137,0.000014477554669810947,0.635133772411431,151.24055651056037,76.51265085258362,0.588537757354921,0.0000134969764438385,0.000268017613128001,0.53819436657079,0.588537757354921,0.049106024151,31253660076.212385,16121399780.47165,2710207584.948944,22150079555.790465,25932046613.432153,7952441339.51695,29186507616.030514,30617266790.622856,30830242680.401959,4034441860.475311,11626678487.835338,31253660076.212385,63.8979810113,24700001860.738296,34483661110.641713,34663326904.881657,18482606920.10696,33241873714.884244,34651880413.244468,11674705356.246296,29790933832.717624,34664756544.411938,34664756498.643712,34664755797.318045,34664727072.230666,34660391874.365739,34619534509.193678,27581305140.566167,31938439757.579584,34137048752.444008,21680823962.720234,34664156894.188424,34658349924.956592,34588089980.153793,26517014911.627929,31185160547.850624,15225512194.443593,33868585665.647696,20347371931.101897,9269257274.443573,33354836788.842258,28975728667.523887,34664756546.625819,30925977708.98977,90641,1.049085648148,298532,26752383616.460408,16991342327.320260165402898123848,108337.35123441,68808.71058257302425024454071,700.727319,445.055585548218209583489,286.610884428695,0.03523547601120558,0.05390433414467353,0.5894263191762014,binance-ada-usdt-spot
2023-12-22,60356,8113,1459753,3559602,802,408989,2643958,167,63468,4440171,4429836,4421579,4404072,2148335,24824,3082920,185687,4356034,895007,2744,1884929,15748,2908911,122170,307,3909147,669054,1594,1703290573,4203,63607.841541755889,13803409229.788480923141962076152,1.248968614642,1.113903419349,21611220362.122691174443671126596,21833549421.518880279065017912,19274153069.549177953251725097524,17303253347.4117008237547831701014,0.34733518,0.21652671003725230399288,0.231105,0.14406949887183669018,36736.946796,22901.596741658754721634736,0,0,0,0,0,0,0.533510358344,1.282791535519,2.586764743356537,1.144068682732,2.307028422409269,0.000014164989374635397,0.623394123328516,143.15272311913833,64.04716494965733,0.635133772411431,0.0000144775546698109,0.000283831010934576,0.577421294846889,0.635133772411431,0.049086528619,31246693546.300936,16090089481.319889,2872342765.734563,22142347374.221822,25911474931.823651,7961507609.863348,29178856163.245646,30610304086.930989,30822859543.499073,3837818347.666016,11645677900.032394,31246693546.300936,63.8714935968,24703287281.846832,34485865811.992967,34665597934.786783,18495217532.81572,33244462979.924689,34654101826.705585,11634603321.440378,29794321891.721929,34667026126.831,34667026081.062774,34667025379.737107,34666996661.754459,34662664712.593173,34621746627.143337,27585611051.864983,31941217780.541455,34139341879.149213,21690356061.193628,34666410394.659411,34660524285.748734,34588808318.600774,26481758752.501801,31157998405.137462,15161770494.693788,33859079912.484199,20313495833.076379,9264458072.499581,33357920661.159009,28980724225.861926,34667026129.044881,30918085923.938189,105768,1.224166666667,362105,27024676394.525656,16847024449.202161913543678406496,90800.13408461,56604.26998578715559596973876,479.38267099999996,298.84433992692738561047106685936,287.276850384554,0.035275865113892566,0.05389297243331594,0.6353957946094323,binance-ada-usdt-spot
2023-12-23,41040,8105,1459477,3559658,802,408920,2643822,167,63434,4440288,4429953,4421696,4404189,2148286,24806,3082898,185676,4356139,894807,2739,1878496,15606,2905258,120941,305,3904115,664209,1579,1703377192,4204,47906.762607040913,13616743543.738919039385440584528,1.231126009732,1.098030704871,21316695628.86559366227389030016,21535112736.046089513677616272,19012177585.287286639062922117656,17314795935.0721347038651538670353,0.35534159,0.21848999327084870713864,0.23168149999999998,0.14245472750876172522653753461008,28007.313798,17220.944509365110193305808,0,0,0,0,0,0,0.533752822915,1.533797404977,2.516150323168605,1.367980720417,2.244132843487303,0.000014048203935621603,0.614873123269496,137.08660635184683,60.06819115375549,0.623394123328516,0.0000141649893746354,0.000267976504201666,0.567044596790086,0.623394123328516,0.049073538613,31248691998.914284,16092193085.48273,1861562203.624463,22145615133.304118,25896663993.323619,7916798907.602416,29178724237.353458,30612311479.656926,30824797811.643896,3770750650.380042,11667477266.62854,31248691998.914284,63.8783035646,24706332080.229208,34487247527.994911,34667017696.522863,18504380882.072751,33246112928.159108,34655518857.266201,11641152380.62904,29795790350.521068,34668445929.391079,34668445883.622853,34668445182.297186,34668416452.613932,34664084148.274342,34623170832.429672,27587306198.610581,31943196464.394416,34140760383.204858,21697048328.705351,34667821941.653153,34661885240.66353,34589203122.124177,26463283157.396392,31140363856.349502,15144575651.223326,33852960000.771431,20299684313.366061,9269502205.377787,33359813580.199688,28983705753.43399,34668445931.60496,30920488903.780461,78818,0.91224537037,263052,22603015117.317388,13897986500.492575903819290796448,109891.67042347,67569.43461458109700925347112,501.094356,308.109451726436712564576,287.847859525517,0.035132461524831564,0.05416840141127224,0.6232329505108483,binance-ada-usdt-spot
2023-12-24,41714,8096,1459113,3559370,801,408887,2643470,167,63425,4440100,4429765,4421508,4404001,2147874,24795,3082667,185664,4355942,894676,2731,1862170,15227,2894334,118075,299,3886841,652585,1551,1703463524,4236,44790.958451369216,13146813778.394013279089544389969,1.193051478031,1.063747145758,20588617928.128289335615953078708,20799119270.485146526511369398,18357199131.340032959075228103464,17257107767.1390387663398386887651,0.35285868,0.20954828503176337181052,0.23091,0.13712797003232138199,26470.046705,15719.474129822819890197245,0,0,0,0,0,0,0.533791732784,1.389004015427,2.4040916297304,1.23846211506,2.143533331426527,0.000013779330290883925,0.593858949514189,129.04629033956252,53.87886233880617,0.614873123269496,0.0000140482039356216,0.000266060902761832,0.561188340256328,0.614873123269496,0.049060370511,31241142924.589116,16089019204.651753,2180149904.033036,22137939975.728021,25881490878.134814,7914736098.429602,29168113736.766871,30604531999.799532,30815976392.579779,3761560724.862909,11682829529.86174,31241142924.589116,63.8547658919,24706382590.734772,34488009023.005532,34667777062.387435,18506135250.601389,33247178372.295027,34656275784.477236,11647106196.831963,29796921400.913633,34669205446.270091,34669205400.501865,34669204699.176198,34669175960.66646,34664843974.900276,34623924177.451471,27588038531.344107,31944296390.265284,34141656795.004823,21695000822.954214,34668553267.279189,34662467795.220252,34587323224.247577,26402347904.581711,31094186241.75191,15050476948.679297,33834817319.327428,20261893200.838091,9273626141.813943,33360924984.592271,28985249425.962677,34669205448.483972,30911715898.795976,75016,0.868240740741,244869,24959758980.845055,14822576248.491989004748932985395,123954.32912095,73611.38767950341341792215955,546.1882805,324.3587984946912002620145,288.532673515442,0.03523042977510355,0.054918333757919546,0.6133394478303699,binance-ada-usdt-spot
2023-12-25,37812,8091,1459014,3559948,802,408868,2643612,168,63397,4440865,4430530,4422273,4404766,2147856,24788,3083027,185641,4356704,894657,2726,1886807,15806,2911034,122763,306,3914742,671176,1604,1703549934,4119,45332.09249817917,13856431928.471869792674434708693,1.254369598719,1.118381502651,21702132256.177351258334715007058,21923530378.966484610757157578,19349371435.807559182073072249142,17301226272.0177147595583570564429,0.35609831,0.22290446272012312503749,0.229257,0.143506461487636005003,25983.781559,16264.892882659112407915061,0,0,0,0,0,0,0.534118141363,1.422062744531,2.49910981681775,1.267894782141,2.22817756032776,0.000014349139279446465,0.625963270424179,141.5855895750062,58.752316483869734,0.593858949514189,0.0000137793302908839,0.000261817199645495,0.543607541427837,0.593858949514189,0.0490576331,31239979844.578296,16020789612.240013,2213200466.379591,22136174090.665367,25880717584.815702,7896471165.14792,29167833776.634584,30603166699.917377,30814499325.171206,3730822799.722493,11617999905.140726,31239979844.578296,63.8482512451,24709224648.961327,34488747358.632692,34668548362.137798,18517863734.138743,33247922078.148337,34657041762.034598,11689124529.883162,29797601368.178724,34669977105.981421,34669977060.213195,34669976358.887528,34669947617.246516,34665613750.783092,34624678745.490836,27589526440.150419,31944957420.671047,34142445235.861592,21696812819.760047,34669369404.475809,34663506155.909619,34592119446.945554,26500430499.864048,31172067244.515777,15172981138.61224,33866062803.348415,20356862241.754184,9279467243.48259,33361962031.081665,28987436616.424546,34669977108.195302,30911352710.352498,72968,0.844537037037,242361,24380061457.582625,15261023003.130896329199690289875,128372.25635371,80356.31741889940355956035409,571.7674925,357.9054495275322382011575,289.216613589537,0.034997015978240814,0.05535073848654297,0.5920848673173087,binance-ada-usdt-spot
2023-12-26,45587,8106,1459082,3560296,807,408874,2643779,167,63382,4441577,4431242,4422985,4405478,2147924,24781,3083326,185660,4357492,894704,2730,1872756,15475,2902572,119959,302,3900197,660327,1578,1703636212,4245,49742.168197879859,13503383758.91285312852873559916,1.21826384883,1.086454257814,21077717131.52783405903553841372,21296902216.9516377061858908074,18797221590.833055759369817579288,17301438560.9280609255927873369539,0.35616062,0.21651072775344865954556,0.230005,0.13982048306444423569,29212.294247,17758.210008635574341859086,0,0,0,0,0,0,0.534105191002,1.381918888507,2.393440880348245,1.232402703089,2.1344834600312983,0.000014306563039439489,0.607901928499138,129.5884672614246,56.66254085049657,0.625963270424179,0.0000143491392794465,0.000275238355128795,0.570214804771365,0.625963270424179,0.049055788466,31248478137.632833,16159852440.691606,2802548609.484211,22213095773.93782,25917873024.585521,8165376459.906847,29202082342.274451,30611739263.921553,30822826842.700263,4058939258.486824,11779674100.330542,31248478137.632833,64.0647356384,24714169955.566811,34491643849.678153,34671461114.766434,18518970917.245508,33250720959.404815,34659951968.514654,11630995867.883744,29800098628.565958,34672890711.535059,34672890665.766833,34672889964.441166,34672861286.344551,34668526216.095836,34627580480.197206,27591834510.055146,31947867646.260271,34145341036.256834,21694445267.367189,34672258344.412835,34666277193.215303,34592734769.535635,26449419625.725331,31129535889.09845,15087441178.448377,33851320013.161078,20304743037.379098,9256868546.105485,33364971073.00277,28990865274.044126,34672890713.74894,30921470568.849676,82020,0.949305555556,281449,25090394958.852525,15252499482.29150017413993162345,112135.28161025,68167.2539436648997543769645,474.876772,288.678505498245458222536,289.889455889957,0.0350326532688595,0.05566222193433693,0.6243986788179675,binance-ada-usdt-spot
2023-12-27,56172,8100,1458742,3559870,804,408689,2643279,169,63385,4441331,4430996,4422739,4405232,2147610,24750,3083011,185616,4357233,894587,2732,1892702,15961,2914441,123832,309,3920060,675622,1627,1703723190,4217,59899.034147498221,14085513822.639937716327136695432,1.258638557552,1.12231137675,21985387642.629765019279798281942,22209976308.1166160034151975018,19604079761.843204177984888441572,17467594259.4534873451930103621678,0.35176568,0.22300707672465591784688,0.226981,0.143897975726452691146,34229.262669,21700.149389940723042185754,0,0,0,0,0,0,0.534481351696,1.135910143176,2.4514073808490435,1.012876070737,2.1858875815203693,0.00001459505588886194,0.633964850478466,143.65688791519688,67.97101917460236,0.607901928499138,0.0000143065630394395,0.000272669525559647,0.551441248110378,0.607901928499138,0.049048892567,31248397910.256141,16152285739.506419,3362210974.138635,22218130566.717252,25917965391.82011,8497535125.350997,29190813249.263115,30612336090.774234,30823567240.875411,4483056684.980689,11465874280.986137,31248397910.256141,64.0676164169,24722781317.488359,34497937949.708246,34677760379.478939,18535380464.580519,33256835540.982038,34666246796.786609,11727585366.532697,29807933934.878933,34679190217.933106,34679190172.16488,34679189470.839213,34679160779.134223,34674826032.708362,34633886999.021452,27597640724.325379,31954894607.163933,34151719340.056699,21714616384.676049,34678590308.37268,34672773188.663069,34602301794.047896,26537318270.831138,31199479548.734585,15226795144.37707,33882482016.485359,20403650267.283334,9275401368.811354,33371598517.361095,28998711382.183109,34679190220.146987,30922975851.181042,97307,1.126238425926,318807,30529871071.663193,19354865149.073800692940451301938,108364.60588121,68699.35116463919498605902386,578.969411,367.046256076220528203526,290.595363094775,0.03503908938755423,0.055272497036109584,0.6087945076716822,binance-ada-usdt-spot
2023-12-28,55496,8106,1458724,3557827,809,408617,2641242,170,63377,4439654,4429319,4421062,4403555,2146187,24763,3081074,185633,4355551,894552,2746,1880852,15681,2905201,121517,300,3905931,666584,1604,1703809359,4187,62667.46524958204,13776374377.305776791539033238025,1.223149019208,1.09079246594,21490470569.25787991778655905697,21707443800.1169366184349646755,19164993813.783593582330188411395,17569789315.7579485923554601832604,0.35919638,0.2225654363363269573753,0.22624899999999998,0.1401885158354258284225902359413,36295.357081,22489.346874029073817232735,0,0,0,0,0,0,0.534021771708,1.141606099003,2.35445873653347,1.018073278324,2.0996835306631865,0.000014520989407664388,0.619620488202935,149.55263334449927,60.844672969373725,0.633964850478466,0.0000145950558888619,0.000266532284077715,0.571132042574311,0.633964850478466,0.049039186571,31257303274.813837,16163762267.70174,3655375661.150674,22233568191.492415,25914482291.486071,8545487667.2495,29200742435.130277,30624354316.647951,30834559365.929831,4870563734.380225,11420672872.346965,31257303274.813837,64.1045729218,24725031007.208584,34502278821.967458,34681848954.63263,18521626361.186112,33261044517.035784,34670334214.109826,11798574781.040656,29811842667.669178,34683279486.471181,34683279440.702955,34683278739.377288,34683250042.281339,34678915431.063071,34638028079.072567,27602105002.718734,31959459010.271291,34156034098.966649,21718680811.52503,34682659775.330865,34676746031.46664,34604753343.138938,26495011191.560642,31166877094.850882,15073748939.670351,33872423188.558216,20349967212.238291,9310707008.209713,33375529577.502011,29002009843.619272,34683279488.685062,30930213217.072917,101046,1.169513888889,324944,30381126659.160872,18824768532.70446311772234755932,114637.56334155,71031.78296408609559311744925,514.8275590000001,318.9977034479053846477138202935,291.414339707657,0.03508647294852667,0.0557511698054443,0.634044063509841,binance-ada-usdt-spot
2023-12-29,44819,8096,1459094,3558734,806,408623,2641968,170,63373,4440926,4430591,4422334,4404827,2146771,24761,3081887,185659,4356810,894714,2741,1871674,15454,2900510,119811,298,3898454,659640,1578,1703895986,4316,48552.71686746988,13473706475.014705722705067133316,1.194211592187,1.065114230095,21045620083.582175843902470534461,21263129645.4060670304577297828,18770534115.438532184317744284282,17623024446.6467903128662927259396,0.35509036,0.21545772833017911284428,0.228685,0.138758908023262052005,29131.968526,17676.367672719238143559198,0,0,0,0,0,0,0.534015529891,1.390660352514,2.2742199620718626,1.240326371292,2.028370901619699,0.000014447355056392488,0.606768734386873,148.73035300732334,58.95300729756816,0.619620488202935,0.0000145209894076644,0.000263507174878835,0.561068156286207,0.619620488202935,0.049055028962,31261621637.042469,16184296535.302995,3428605508.486862,22205670317.917092,25922802913.008573,8568381199.951199,29206125121.436353,30628612165.606311,30838052864.044246,5135816740.821961,11407180169.244766,31261621637.042469,64.0214278387,24724618477.037445,34503698089.260578,34683315781.448152,18522193586.959392,33261992079.338637,34671798186.832131,11809726418.242123,29812139348.995761,34684747070.076076,34684747024.30785,34684746322.982183,34684717613.037757,34680381598.584795,34639484108.9722,27602824919.797315,31960411651.486328,34157325617.428543,21721186261.461559,34684113160.20769,34678122599.086457,34604620015.671209,26459301873.276073,31139622050.412203,15051847990.353441,33862117660.121655,20318055958.82055,9321757445.207331,33376856688.817753,29003244378.168303,34684747072.289957,30935236197.372234,82041,0.949548611111,269401,24941206535.138498,15133544323.407592341990168136754,118351.62738374,71812.06716025870112598964502,461.146497,279.809276351629926733881,292.057342426131,0.035134765143037795,0.05597528292765382,0.6160526061607339,binance-ada-usdt-spot
2023-12-30,41504,8089,1459239,3559533,807,408692,2642411,170,63358,4441887,4431552,4423295,4405788,2147033,24764,3082536,185653,4357771,894766,2741,1868351,15364,2899060,119137,297,3893353,657117,1569,1703981887,4378,50872.548652352672,13368558061.35442493567105676903,1.185642064752,1.05738937261,20893768771.5738200071144778652,21109040016.411985489082291148,18633658259.63792601726570165447,17622324133.6756584812574961877461,0.35929501,0.2164291112178908194743,0.232513,0.14005922858935738659,31128.960612,18751.20191174347416940716,0,0,0,0,0,0,0.534262440341,1.42926855011,2.231630072837044,1.274662413238,1.9902312787031051,0.000014272689420887613,0.60237160326243,145.70750301851646,60.378804964734805,0.606768734386873,0.0000144473550563925,0.000264278575910125,0.551465231892606,0.606768734386873,0.049055226881,31259759980.622968,16195195809.314542,1887518904.700592,22193207629.560621,25918037990.229166,8570541784.611918,29202031957.09297,30626717658.766295,30833773333.918914,5028883937.165618,11422980194.605002,31259759980.622968,63.9834689831,24724757347.85957,34504748716.031852,34684414536.073039,18531344823.30231,33263017326.880968,34672891627.086205,11817342262.784956,29812313832.386828,34685846173.823759,34685846128.055533,34685845426.729866,34685816716.703434,34681479696.668208,34640564054.151323,27604562300.499812,31960851448.301909,34158313218.620238,21723756234.865615,34685202267.366521,34679186026.148935,34605108306.393525,26446219861.263937,31129018557.465249,15043100073.626788,33858843315.747366,20306845573.973387,9329197538.557842,33377966951.202417,29004632933.314377,34685846176.03764,30933825828.970829,86639,1.002766203704,286509,24268249779.484978,14618504528.04147950190997677654,108172.76064579,65160.1992595276150776446697,332.41481,200.2372420478760485883,292.683313276934,0.03513602697905704,0.05582470653925172,0.6082930590641823,binance-ada-usdt-spot
2023-12-31,42464,8107,1459440,3559611,806,408792,2642489,170,63412,4442111,4431776,4423519,4406012,2147256,24791,3082568,185729,4357978,894880,2740,1861002,15228,2893081,117854,297,3887521,651850,1553,1704068935,4198,53461.995235826584,13130785405.670602174571359698615,1.167449660613,1.041102321987,20540255418.84483253472990188221,20750781261.241260110617072722,18317284532.45695393831822457868,17594125136.0360061236754534436732,0.35446923,0.20989833879729260734335,0.228587,0.135357394972355499615,33796.869056,20012.75730309235241010912,0,0,0,0,0,0,0.533794476147,1.139326833324,2.168301319727699,1.016023090069,1.9336367253308409,0.000014026246196012855,0.592148262903645,140.85050483064666,54.37746559533085,0.60237160326243,0.0000142726894208876,0.00026261386046723,0.54778655081815,0.60237160326243,0.049065305916,31258271654.432237,16198992435.605594,2352185146.139551,22174827198.314787,25915536576.834595,8577118308.897095,29198745918.631943,30625112924.079097,30832138625.581705,5050594637.774651,11445244917.811367,31258271654.432237,63.9270794735,24721838450.422149,34506585086.309755,34686258156.81027,18516097349.428832,33264651877.681628,34674735066.686925,11807866763.870073,29813080236.141415,34687690067.371217,34687690021.602991,34687689320.277324,34687660593.630852,34683322824.609651,34642415759.658119,27603873994.619978,31962306557.520474,34160089092.699178,21711715866.959112,34687036085.153703,34680928324.606357,34605688753.704965,26417664425.99962,31107756737.185001,15037203753.265272,33851578342.21396,20269064878.036538,9319832837.730536,33379375351.074136,29002941392.749055,34687690069.585098,30933611867.130584,95345,1.103530092593,314004,30445776448.872121,18028413636.952331969544749781045,113744.40721628,67353.5531481250249643153406,658.407506,389.87486096062122275937,293.432548259258,0.03515763711561128,0.0561338348077199,0.6010105537954294,binance-ada-usdt-spot
2024-01-01,47931,8092,1459579,3560039,811,408785,2642745,171,63406,4442723,4432388,4424131,4406624,2147566,24786,3082994,185730,4358585,894989,2739,1884418,15740,2908326,122041,303,3910589,668771,1603,1704154941,4208,42657.442490494297,13801208244.2036768895808091292,1.224993663024,1.092274861934,21599374642.537686556189151692422,21819229925.4484091695112930316,19259245715.03855821410661324965,17632233777.6224777060233123173714,0.34617683,0.21554275157300399916873,0.228382,0.142199247389681739642,26765.00763,16664.90328206727914104353,0,0,0,0,0,0,0.534477623341,1.464544004045,2.2578776155522196,1.30587173477,2.0132536479443446,0.000014134963896515777,0.622637718338931,149.54370186474478,56.825052252804795,0.592148262903645,0.0000140262461960129,0.000259819477160848,0.53785731729593,0.592148262903645,0.049072799635,31256442749.796191,16189488485.16046,2582590883.395304,22165711838.0532,25908104011.903394,8580595395.273108,29196878700.316048,30623226878.710856,30829871508.025714,5046256919.368671,11438493938.771955,31256442749.796191,63.8963325217,24722222775.056025,34508964079.035915,34688683743.673639,18541090725.089339,33266733721.464559,34677156154.771735,11852311076.932008,29815201867.67072,34690115945.403881,34690115899.635655,34690115198.309988,34690086466.863104,34685748516.122047,34644841564.020367,27605575924.95243,31964407974.931896,34162447485.396505,21719091343.981601,34689498993.74223,34683598508.102717,34611918694.467634,26504831560.703793,31178793365.913583,15143317144.518221,33881596259.217844,20360654430.072777,9329415096.758062,33381670565.324971,29005523156.487192,34690115947.617762,30931704180.11015,77316,0.894861111111,263151,23686632734.69898,14748190961.06520644353189999038,110988.49288067,69105.62196909705599159836377,592.861197,369.137742991767484360407,294.006685023366,0.03523067805960411,0.05639996197766902,0.5940671552196359,binance-ada-usdt-spot
2024-01-02,52331,8074,1459547,3560426,809,408772,2643082,169,63350,4443206,4432871,4424614,4407107,2147770,24784,3083361,185698,4359054,894985,2735,1872254,15467,2901709,119760,300,3900292,659683,1581,1704277381,4265,46779.060961313013,13433257204.966203563497152639852,1.193877831071,1.064183111909,21034153686.76014260344040666734,21247475872.9700043166397222448,18749147144.03024567969128922216,17618346818.5250658442183620659916,0.34342321,0.20822505967111249452428,0.229257,0.139003570856554037676,29888.808399,18122.243142448710161468532,0,0,0,0,0,0,0.534168800971,1.326479408012,2.1732776173538055,1.182379760779,1.9371876063757225,0.000013491463697948003,0.606322035342668,138.89100677406137,53.45856138642724,0.622637718338931,0.0000141349638965158,0.000265241360600123,0.565180973423451,0.622637718338931,0.049072972701,31248107701.808653,16188602975.784475,2227748936.382581,22155317507.756889,25897085372.722011,8573744379.809229,29187343550.644003,30614908193.474891,30820980848.896126,5201094896.370709,11397601137.231712,31248107701.808653,63.8640251707,24722207956.925394,34510169674.716603,34689956879.036539,18531057753.740024,33267820782.076126,34678427769.186428,11775229535.748829,29815882288.361678,34691389161.751624,34691389115.983398,34691388414.657731,34691359669.798598,34687021532.653553,34646102318.23169,27610169572.068872,31965440083.077675,34163671022.020514,21723999755.972521,34690754705.532066,34684757703.632908,34611163392.177104,26465417844.391917,31143222091.348697,15084219710.3719,33867979497.86441,20331141272.887142,9326650365.544443,33382955176.348011,29009214309.599499,34691389163.965505,30922754000.57662,87032,1.007314814815,281649,26152979800.847855,15857127943.12575545138185777714,115072.4015941,69770.9327463035857029470588,449.30965249999997,272.42634300290685931320893971996,294.575562711613,0.035276477414241066,0.056801077315328685,0.6238594589578209,binance-ada-usdt-spot
2024-01-03,52624,8084,1459802,3560902,810,408953,2643395,169,63423,4444455,4434120,4425863,4408356,2148117,24836,3083785,185781,4360293,895131,2738,1832504,14601,2872934,112696,293,3861302,631294,1491,1704356503,4216,53378.527039848197,12319202330.682105999211308113387,1.100555845294,0.981046624256,19291241988.589294130722716116965,19491355756.8197374873845386411,17196408443.546615622562240776744,17528635253.7884130061222147257762,0.3581061,0.1991276634139297120671,0.230765,0.128318660999395123415,33050.686693,18378.089665054434106130623,0,0,0,0,0,0,0.533586452626,1.191249322392,1.967155340607533,1.061891708065,1.7535421891965461,0.000013000005969519883,0.556057725389011,120.19386408812953,36.89702236267894,0.606322035342668,0.000013491463697948,0.000257174275963116,0.554753542600995,0.606322035342668,0.04908551055,31251164829.964178,16192466406.149065,3021780961.493805,22154538581.518217,25898412574.024598,8529531704.62405,29189665218.080564,30617938247.455787,30822942393.832588,4929241990.735274,11407358577.565331,31251164829.964178,63.8590420356,24715472709.025159,34511632136.119643,34691442941.279004,18511648898.021192,33269051144.321234,34679910311.645021,11745119217.576419,29816737550.01002,34692876488.429934,34692876442.661708,34692875741.336041,34692846986.711713,34688507206.002676,34647587235.089518,27609149035.444808,31966198243.651829,34165058767.251143,21710921318.388771,34692173194.125331,34685739005.316018,34605740524.772929,26307881610.145505,31021114447.423805,14931466087.404443,33820100260.855641,20156209287.211744,9300096482.044796,33384026417.225992,29007039559.584295,34692876490.643815,30925581389.083704,92293,1.068206018519,305688,29123102811.907143,16194126305.859396195792484605573,117600.92700419,65392.90397358901108257695609,444.955545,247.420968251927726515995,295.371527572478,0.03591002151128479,0.05962935023579971,0.605283636175113,binance-ada-usdt-spot
2024-01-04,45562,8082,1460141,3561539,812,409022,2643712,167,63386,4445464,4435129,4426872,4409365,2148439,24800,3084351,185748,4361296,895368,2733,1844539,14803,2883736,114565,294,3872726,639509,1524,1704447238,4191,50244.100453352422,12633526682.344555522808956967592,1.128337021398,1.005824700985,19790223557.660823314184393617655,19995177012.0047770729609692253,17641445166.482981429214662718958,17539284081.2254396397915274748981,0.36106272,0.20596135161837039136416,0.228206,0.130175766158915086918,31527.997,17984.545388512906687841,0,0,0,0,0,0,0.533983360803,1.419146511179,1.9968922384324521,1.265058744143,1.780074127259908,0.00001289087788214549,0.570430953432053,113.13363054097047,34.24238393232236,0.556057725389011,0.0000130000059695199,0.000251912655745443,0.510782572543981,0.556057725389011,0.049101279833,31251362762.396406,16187410977.778797,2366674723.784913,22147337212.915464,25895594926.809707,8442652545.711612,29186620286.495248,30618659492.500298,30823051404.030037,4678680185.490739,11388950303.168104,31251362762.396406,63.8372105577,24720368616.079213,34512212034.328351,34692025902.460257,18525730454.805308,33269085567.647606,34680488706.669222,11679315467.353712,29816255280.900398,34693460159.074754,34693460113.306528,34693459411.980861,34693430651.613853,34689089767.334826,34648165066.261397,27608649248.290618,31965682922.086228,34165539864.718261,21711368328.990355,34692775509.831196,34686504189.28778,34608398940.248111,26348007774.542105,31054400989.30629,14937929369.302465,33834761429.473097,20220184581.687245,9307706308.681502,33384172988.68191,29008909716.774919,34693460161.288635,30926521536.640886,87320,1.010648148148,286210,24446707854.333814,13945158869.622496168733229340142,103671.06547696,59137.18472333908719539699888,426.485766,243.280682124579452657598,295.967454501816,0.03592542749929512,0.059343655749469516,0.5571238246880282,binance-ada-usdt-spot
2024-01-05,46659,8095,1460299,3562337,810,409085,2644274,167,63393,4446364,4436029,4427772,4410265,2148684,24811,3084972,185767,4362194,895388,2727,1818843,14285,2864960,110101,291,3839778,621510,1449,1704500089,4142,47156.92515692902,11953116150.31718965781992966724,1.07115977314,0.954806941446,18726523227.540595700381258403564,18919610157.7380756515159017052,16692387835.26630238261711322218,17482474320.9287970260887575314487,0.35257689,0.19030222085619263897628,0.232737,0.125619032987124329724,29947.528489,16164.080353113328068139228,0,0,0,0,0,0,0.53399977722,1.319642733153,1.8701605880238998,1.17629888037,1.6670177090648606,0.000012226312311314091,0.539746722640252,100.73404831163157,21.703981170025294,0.570430953432053,0.0000128908778821455,0.000251050062326043,0.522036732041234,0.570430953432053,0.049104083082,31250951003.990476,16190110002.568321,2412200556.559845,22145787364.57487,25890996941.391943,8316636247.966742,29182161903.921105,30615854929.08454,30822592770.549226,4062127345.272165,11353615690.67418,31250951003.990476,63.8298738376,24722018646.446925,34513729855.746753,34693585319.574813,18527132842.410805,33270511843.662481,34682045753.38516,11684455249.6905,29817457245.139711,34695019795.103276,34695019749.33505,34695019048.009383,34694990285.064585,34690648111.598285,34649701396.842772,27609963445.899552,31966708351.157697,34166964894.518022,21704216731.588092,34694273918.551846,34687713941.25708,34605261525.393983,26254158915.091001,30974830319.440885,14897090660.863694,33803655440.945074,20089568249.527812,9312430894.906553,33385690232.729089,29009969522.677799,34695019797.317157,30926334769.784215,84939,0.983090277778,291826,26291221802.45673,14190600802.08395890580558629596,111208.39998939,60024.36942433948778958692628,462.213094,249.478002647910725859688,296.636915565903,0.03614844947022519,0.06016112101067145,0.5705482371782893,binance-ada-usdt-spot
2024-01-06,51084,8092,1460282,3562708,808,409093,2644413,168,63386,4447447,4437112,4428855,4411348,2148801,24808,3085374,185750,4363276,895326,2726,1801986,13886,2852017,107229,287,3828780,609857,1409,1704586812,4263,45930.055125498475,11546616942.671333733727033919017,1.036943328134,0.924385517524,18086576082.288414576633359579736,18272065750.6484336389757043569,16123319894.585208014929629630748,17442203051.5669023373605638741232,0.36135144,0.18836285726657666506536,0.233217,0.121569794998296423273,29456.646349,15354.963223029396647004181,0,0,0,0,0,0,0.534008381441,1.505843188535,1.7906847312616279,1.342387377764,1.596310026901872,0.000011869245837536371,0.521273299108969,87.15843474097096,14.363529465163593,0.539746722640252,0.0000122263123113141,0.000238020989344134,0.49447515109433,0.539746722640252,0.049095678599,31253471482.373299,16196493047.991961,2509298524.198929,22150792995.552193,25889208708.30362,8171991978.061054,29181733690.780277,30618749758.039759,30825171844.333112,3974462451.469139,11368663015.626939,31253471482.373299,63.8408114954,24726855352.652927,34515590857.950776,34695480807.513572,18528444169.340686,33272494076.267128,34683935857.234904,11722728330.051315,29819668085.380977,34696916400.764063,34696916354.995837,34696915653.67017,34696886889.907458,34692543815.237186,34651591524.30272,27612663302.558791,31968689192.768877,34168794526.600937,21712707565.315674,34696148071.458558,34689358189.350154,34603949938.188997,26183362322.400524,30922939838.949276,14828536171.656964,33783588095.858886,20023206570.346574,9315466085.84565,33387979373.489976,29013191534.394051,34696916402.977944,30930646020.322492,81518,0.94349537037,293698,23041520303.799232,12010929305.247719324291066511808,97900.39926616,51032.86410955651086947418904,356.4349195,185.8000064054047872429955,297.140903842641,0.0362555821857029,0.060489385884772234,0.5419155828393186,binance-ada-usdt-spot
2024-01-07,48510,8089,1460190,3562474,808,409040,2644243,168,63406,4447578,4437243,4428986,4411479,2148699,24816,3084989,185736,4363390,895299,2727,1752490,12762,2824292,99344,252,3752148,576419,1278,1704673106,4179,45744.439578846614,10907163130.238922729475454544328,0.981867740196,0.875394734865,17086176705.809185316342587914868,17265842322.6422832743888803248,15233364449.129121766682202980948,17401709014.7011458872624952497047,0.35021162,0.17245507995017149101496,0.229785,0.11315327157434169678,28287.993096,13929.886481209787276182368,0,0,0,0,0,0,0.534049441171,1.747007469703,1.6809445807503238,1.557563282855,1.4986642043010254,0.000011231385393237251,0.492431061968108,77.8819864799971,-10.142424592194338,0.521273299108969,0.0000118692458375364,0.000232822098875876,0.478185401851084,0.521273299108969,0.049096039755,31257678909.484253,16197009621.766747,1523921645.921821,22149624531.494966,25891770219.604304,8093208826.695638,29180523224.382436,30618331544.975889,30829362714.242559,4014209663.905141,11379380379.523372,31257678909.484253,63.8361835889,24726564616.85687,34516275800.087554,34696165322.915207,18530234638.346573,33273124918.365877,34684623356.404891,11724807133.964346,29821296765.754684,34697601399.12859,34697601353.360364,34697600652.034697,34697571871.546004,34693226923.260943,34652283855.785336,27614051911.538748,31969511677.693768,34169511717.087743,21712989893.648326,34696680382.928879,34689499402.071221,34594842923.813323,25960711156.871417,30767277635.16539,14120080292.674687,33717954503.032324,19763440768.706716,9317273836.560367,33388816119.071473,29014081178.101858,34697601401.342471,30935019387.781231,80774,0.934884259259,278215,19861163734.599105,9780253949.75111118557567534334,98003.19881186,48259.81926719583997881216088,314.995157,155.113399676320908452956,297.682703161128,0.036517814864058695,0.05106657875280662,0.5229429725279725,binance-ada-usdt-spot
2024-01-08,53269,8080,1460469,3562883,808,409087,2644534,167,63383,4447782,4437447,4429190,4411683,2148956,24784,3085360,185716,4363587,895536,2723,1820315,14258,2865915,110293,292,3841521,622422,1451,1704760101,4157,47394.454895357229,11980531189.603342932098650523256,1.075675174544,0.958988477476,18768771330.706653159916605085672,18965475897.9037546077152938464,16732779437.960139683415376181256,17448363385.9699842687186971143969,0.35414638,0.19155973218626902608272,0.229389,0.124077776558032488216,28914.281159,15639.894314821245326209096,0,0,0,0,0,0,0.534402970212,1.289341648606,1.8253620389724328,1.14947691813,1.6273510851816075,0.000011513202939052264,0.540905521005944,83.9749287683877,-6.500375110933935,0.492431061968108,0.0000112313853932372,0.000221968905924648,0.451196474973746,0.492431061968108,0.049106987323,31256618871.954324,16196250409.98487,1538668211.28297,22149027370.478049,25888003536.912056,8073634294.203352,29172720726.70875,30617255249.074957,30828216182.716774,4045699171.010629,11380911164.911364,31256618871.954324,63.8322614651,24730547260.45797,34517467286.184618,34697362302.643071,18543140635.180503,33273961946.132918,34685818256.382461,11691527062.677219,29821036218.203333,34698797850.323482,34698797804.555256,34698797103.229589,34698768316.240303,34694423740.918924,34653474896.056758,27613063315.63887,31969890782.536074,34170707269.035508,21721712512.901801,34698053062.230065,34691500377.922922,34609252000.743422,26258975262.751785,30982145736.531322,14923560549.753558,33808816729.366,20115379606.504363,9319802754.17401,33389577610.585138,29014932173.086493,34698797852.537363,30934754385.278799,81645,0.944965277778,278968,26912027459.936287,14556864234.543109037762388289928,115086.96636282,62251.17550147470405728060208,501.359878,271.188326021066521114832,298.283495703567,0.03711857346500132,0.053090333059280355,0.4947992418671469,binance-ada-usdt-spot
2024-01-09,,,,,,,,,,,,,,,,,,,,,,,,,,,,,,,,,,,,,,,,,,,,,,,,,,,,,,,,,,,,0.540905521005944,0.0000115132029390523,0.000231919051537242,0.494299700081226,0.540905521005944,,,,,,,,,,,,,,,,,,,,,,,,,,,,,,,,,,,,,,,,,,,,,,,,,,,,,,,,,,0.5417078752675127,binance-ada-usdt-spot
